/*--------------------------------*- C++ -*----------------------------------*\
| =========                 |                                                 |
| \\      /  F ield         | OpenFOAM: The Open Source CFD Toolbox           |
|  \\    /   O peration     | Version:  5.x                                   |
|   \\  /    A nd           | Web:      www.OpenFOAM.org                      |
|    \\/     M anipulation  |                                                 |
\*---------------------------------------------------------------------------*/
/*   Windows 32 and 64 bit porting by blueCAPE: http://www.bluecape.com.pt   *\
|  Based on Windows porting (2.0.x v4) by Symscape: http://www.symscape.com   |
\*---------------------------------------------------------------------------*/
FoamFile
{
    version     2.0;
    format      ascii;
    class       volScalarField;
    location    "0.007";
    object      mag(U);
}
// * * * * * * * * * * * * * * * * * * * * * * * * * * * * * * * * * * * * * //

dimensions      [0 1 -1 0 0 0 0];

internalField   nonuniform List<scalar> 
10000
(
0.000175358
0.0010217
0.00463071
0.0196084
0.0750598
0.260906
0.795706
2.13384
5.04009
10.5307
19.4233
31.7979
46.8526
63.3154
80.2088
96.9508
113.333
129.264
144.706
159.569
173.887
187.506
200.47
212.788
224.314
234.925
244.669
253.593
261.633
268.576
274.293
278.97
282.799
285.793
288.069
289.735
290.763
291.276
291.538
291.796
292.211
292.873
293.811
294.997
296.391
297.977
299.782
301.792
303.903
305.993
308.125
310.404
312.839
315.404
318.025
320.584
322.986
325.144
326.994
328.475
0.000173527
0.00100726
0.00454626
0.0191959
0.0733121
0.254672
0.776727
2.08426
4.92847
10.3157
19.0683
31.2911
46.2153
62.588
79.4303
96.1504
112.532
128.479
143.95
158.865
173.245
186.932
199.994
212.424
224.054
234.784
244.686
253.795
262.018
269.148
275.033
279.882
283.923
287.142
289.619
291.478
292.694
293.34
293.669
293.924
294.23
294.667
295.273
296.008
296.822
297.693
298.669
299.78
300.944
302.051
303.12
304.219
305.354
306.501
307.582
308.462
309.014
309.189
308.956
308.238
0.00017324
0.00100534
0.00453664
0.0191564
0.0731705
0.254254
0.77574
2.08241
4.92573
10.3125
19.0665
31.2916
46.2153
62.5794
79.403
96.0924
112.431
128.327
143.728
158.594
172.842
186.489
199.476
211.743
223.276
233.975
243.788
252.73
260.793
267.829
273.698
278.519
282.471
285.578
287.95
289.725
290.876
291.466
291.763
291.935
292.105
292.397
292.8
293.267
293.755
294.251
294.803
295.452
296.14
296.748
297.292
297.89
298.608
299.476
300.438
301.377
302.206
302.857
303.238
303.245
0.000171746
0.000993764
0.00446899
0.0188245
0.0717496
0.249143
0.760003
2.04081
4.83088
10.1278
18.758
30.8464
45.6499
61.9291
78.7022
95.3685
111.704
127.612
143.03
157.964
172.228
185.985
199.063
211.359
222.988
233.883
243.879
252.915
261.032
268.217
274.306
279.375
283.582
286.867
289.336
291.217
292.503
293.203
293.602
293.847
293.992
294.141
294.303
294.429
294.474
294.425
294.343
294.317
294.318
294.216
293.997
293.773
293.643
293.671
293.826
294.021
294.19
294.298
294.281
294.069
0.000171129
0.000989738
0.00444895
0.0187404
0.0714389
0.248172
0.757495
2.03539
4.82088
10.1118
18.7373
30.8231
45.624
61.8945
78.6517
95.2912
111.588
127.452
142.813
157.682
171.864
185.536
198.548
210.76
222.281
233.072
242.981
251.938
259.974
267.046
273.053
278.041
282.149
285.376
287.795
289.602
290.817
291.447
291.767
291.929
292.011
292.147
292.325
292.498
292.615
292.657
292.665
292.701
292.737
292.652
292.413
292.116
291.871
291.766
291.808
291.927
292.059
292.115
292.041
291.815
0.000169848
0.000980096
0.00439331
0.0184682
0.0702688
0.243941
0.744364
2.00034
4.74008
9.95292
18.469
30.4311
45.1207
61.3114
78.019
94.6347
110.927
126.797
142.18
157.082
171.334
185.064
198.116
210.425
222.078
232.973
242.963
252.033
260.224
267.518
273.686
278.8
283.048
286.392
288.935
290.915
292.294
293.041
293.477
293.707
293.783
293.874
293.988
294.076
294.095
294.024
293.894
293.793
293.713
293.524
293.168
292.714
292.252
291.853
291.54
291.284
291.039
290.718
290.32
289.824
0.000169047
0.000974883
0.0043672
0.018357
0.0698517
0.242605
0.74081
1.99236
4.72469
9.92716
18.4334
30.389
45.0747
61.2569
77.9512
94.5434
110.801
126.633
141.966
156.809
170.979
184.636
197.64
209.865
221.407
232.21
242.135
251.142
259.257
266.434
272.526
277.568
281.744
285.062
287.56
289.448
290.756
291.446
291.8
291.974
292.047
292.187
292.41
292.674
292.934
293.159
293.36
293.589
293.832
293.96
293.916
293.749
293.535
293.354
293.236
293.131
292.972
292.683
292.232
291.589
0.000167897
0.00096654
0.00432002
0.0181284
0.0688712
0.239052
0.729743
1.96263
4.65554
9.79001
18.1995
30.0434
44.6256
60.7324
77.3783
93.9462
110.198
126.032
141.381
156.257
170.492
184.199
197.233
209.546
221.211
232.112
242.115
251.216
259.458
266.829
273.073
278.247
282.546
285.946
288.555
290.611
292.06
292.851
293.334
293.585
293.67
293.804
294.001
294.216
294.411
294.559
294.665
294.797
294.964
295.039
294.953
294.75
294.487
294.226
293.983
293.733
293.451
293.082
292.548
291.799
0.000167008
0.000960758
0.00429091
0.0180029
0.0683945
0.237499
0.725527
1.95293
4.63636
9.75713
18.1527
29.9866
44.5639
60.663
77.2978
93.8452
110.066
125.867
141.173
155.993
170.148
183.795
196.792
209.026
220.582
231.399
241.344
250.397
258.576
265.845
272.012
277.114
281.362
284.762
287.334
289.294
290.682
291.427
291.814
292.001
292.065
292.201
292.447
292.765
293.11
293.445
293.764
294.108
294.479
294.758
294.869
294.85
294.771
294.695
294.652
294.597
294.473
294.21
293.742
293.035
0.000165946
0.00095331
0.00424976
0.0178063
0.0675572
0.234468
0.716087
1.92749
4.57682
9.63821
17.9481
29.6814
44.1626
60.19
76.7773
93.3003
109.515
125.314
140.633
155.484
169.7
183.388
196.404
208.719
220.392
231.304
241.32
250.448
258.732
266.165
272.486
277.721
282.069
285.529
288.2
290.315
291.825
292.658
293.168
293.419
293.477
293.587
293.774
293.997
294.224
294.425
294.599
294.79
295.02
295.183
295.196
295.09
294.922
294.742
294.585
294.445
294.277
293.988
293.53
292.874
0.000165025
0.000947345
0.00421961
0.0176751
0.0670538
0.232805
0.711501
1.91674
4.55514
9.6004
17.8932
29.6135
44.0889
60.1095
76.6883
93.1933
109.379
125.151
140.431
155.23
169.368
183.008
196.001
208.236
219.803
230.639
240.613
249.702
257.925
265.269
271.513
276.683
281.009
284.487
287.126
289.157
290.623
291.424
291.851
292.06
292.112
292.225
292.457
292.771
293.123
293.472
293.805
294.152
294.526
294.82
294.945
294.928
294.836
294.729
294.653
294.591
294.468
294.206
293.799
293.197
0.000164027
0.000940549
0.0041829
0.0175024
0.0663257
0.230177
0.703344
1.89476
4.5035
9.49672
17.7136
29.3434
43.7297
59.682
76.2137
92.6943
108.873
124.641
139.931
154.759
168.957
182.627
195.628
207.942
219.62
230.543
240.576
249.727
258.042
265.525
271.923
277.222
281.617
285.139
287.87
290.037
291.61
292.503
293.048
293.318
293.377
293.482
293.674
293.913
294.171
294.42
294.652
294.894
295.166
295.381
295.443
295.36
295.179
294.95
294.727
294.518
294.273
293.93
293.506
292.912
0.000163111
0.000934632
0.00415295
0.0173712
0.065818
0.228481
0.698604
1.88346
4.48036
9.45579
17.6531
29.2674
43.647
59.5934
76.1194
92.5845
108.737
124.482
139.738
154.516
168.639
182.272
195.261
207.495
219.069
229.926
239.93
249.05
257.308
264.716
271.036
276.275
280.674
284.225
286.925
289.022
290.562
291.425
291.908
292.157
292.226
292.353
292.612
292.97
293.387
293.82
294.252
294.699
295.164
295.559
295.775
295.817
295.744
295.605
295.448
295.266
294.997
294.596
294.084
293.414
0.000162166
0.000928348
0.00411966
0.0172167
0.0651745
0.226168
0.691466
1.86427
4.43522
9.36484
17.4948
29.0275
43.3248
59.2064
75.6855
92.1261
108.272
124.009
139.274
154.079
168.259
181.913
194.898
207.211
218.893
229.827
239.877
249.047
257.39
264.915
271.387
276.751
281.191
284.77
287.559
289.774
291.409
292.369
292.96
293.271
293.368
293.509
293.754
294.071
294.438
294.826
295.222
295.639
296.087
296.494
296.75
296.833
296.781
296.626
296.412
296.149
295.822
295.365
294.77
294.019
0.000161272
0.000922608
0.00409061
0.017089
0.0646767
0.22449
0.686723
1.85282
4.41142
9.32221
17.4309
28.9461
43.2357
59.1122
75.5882
92.0157
108.138
123.857
139.089
153.847
167.957
181.584
194.566
206.801
218.383
229.258
239.285
248.435
256.728
264.195
270.587
275.89
280.352
283.967
286.729
288.892
290.503
291.438
291.99
292.293
292.407
292.586
292.918
293.374
293.916
294.506
295.118
295.761
296.428
297.04
297.477
297.723
297.831
297.831
297.75
297.573
297.271
296.802
296.139
295.292
0.000160376
0.000916754
0.00406009
0.0169491
0.0641004
0.222429
0.680401
1.83589
4.37164
9.2419
17.2906
28.7324
42.9461
58.7611
75.1905
91.5933
107.708
123.416
138.659
153.441
167.605
181.244
194.212
206.525
218.213
229.154
239.215
248.404
256.776
264.344
270.883
276.306
280.784
284.415
287.263
289.527
291.223
292.255
292.899
293.264
293.416
293.612
293.935
294.362
294.873
295.442
296.045
296.684
297.367
298.027
298.54
298.868
299.045
299.089
299.021
298.85
298.559
298.099
297.411
296.504
0.000159516
0.000911263
0.00403234
0.0168267
0.0636213
0.220801
0.675759
1.82455
4.34779
9.1987
17.225
28.6478
42.8529
58.6634
75.0921
91.484
107.577
123.271
138.483
153.22
167.32
180.941
193.912
206.15
217.743
228.632
238.677
247.852
256.183
263.705
270.165
275.529
280.04
283.711
286.535
288.763
290.439
291.448
292.069
292.421
292.585
292.826
293.238
293.797
294.473
295.226
296.021
296.852
297.719
298.557
299.226
299.696
300.024
300.223
300.306
300.253
300.029
299.603
298.936
297.996
0.000158667
0.00090579
0.00400415
0.0166989
0.0630997
0.218945
0.670101
1.80948
4.31244
9.12729
17.1
28.4566
42.5919
58.3441
74.7268
91.0939
107.179
122.86
138.084
152.843
166.991
180.616
193.568
205.881
217.575
228.522
238.591
247.797
256.197
263.807
270.407
275.885
280.399
284.074
286.98
289.292
291.042
292.142
292.837
293.249
293.448
293.692
294.079
294.592
295.219
295.93
296.694
297.499
298.358
299.218
299.936
300.472
300.863
301.115
301.243
301.247
301.095
300.731
300.117
299.192
0.000157847
0.000900582
0.00397789
0.0165829
0.0626441
0.217388
0.665626
1.79844
4.28897
9.08439
17.034
28.3706
42.4965
58.2447
74.6287
90.987
107.054
122.724
137.916
152.632
166.724
180.34
193.299
205.54
217.144
228.045
238.106
247.303
255.67
263.24
269.765
275.19
279.745
283.461
286.345
288.633
290.366
291.442
292.125
292.512
292.708
292.989
293.444
294.055
294.796
295.627
296.509
297.429
298.392
299.348
300.159
300.788
301.28
301.65
301.904
302.028
301.969
301.677
301.13
300.251
0.000157044
0.000895458
0.00395176
0.0164653
0.0621682
0.215702
0.660518
1.7849
4.25732
9.02045
16.9221
28.1988
42.2604
57.9536
74.2924
90.6259
106.683
122.338
137.545
152.281
166.415
180.028
192.962
205.277
216.977
227.928
238.003
247.224
255.652
263.303
269.958
275.488
280.036
283.747
286.709
289.069
290.865
292.024
292.759
293.2
293.418
293.669
294.061
294.581
295.219
295.946
296.729
297.558
298.447
299.36
300.175
300.835
301.367
301.789
302.109
302.327
302.383
302.205
301.747
300.943
0.000156266
0.000890545
0.00392704
0.0163562
0.0617385
0.214226
0.656251
1.77429
4.23456
8.97848
16.8569
28.113
42.1646
57.8542
74.1957
90.5222
106.565
122.211
137.387
152.083
166.167
179.778
192.722
204.968
216.584
227.496
237.568
246.786
255.187
262.803
269.387
274.872
279.465
283.219
286.159
288.503
290.284
291.418
292.149
292.543
292.731
292.992
293.406
293.96
294.633
295.388
296.189
297.027
297.916
298.83
299.673
300.366
300.943
301.456
301.901
302.263
302.459
302.427
302.082
301.387
0.000155508
0.000885748
0.00390276
0.0162475
0.0613017
0.212685
0.651604
1.76203
4.20599
8.92085
16.756
27.9578
41.9503
57.588
73.8855
90.1874
106.219
121.85
137.04
151.753
165.875
179.477
192.393
204.71
216.418
227.37
237.45
246.684
255.14
262.832
269.536
275.119
279.698
283.437
286.454
288.863
290.695
291.903
292.667
293.106
293.298
293.489
293.792
294.199
294.707
295.291
295.923
296.601
297.346
298.146
298.923
299.582
300.143
300.673
301.179
301.653
302.009
302.161
301.99
301.459
0.000154774
0.00088113
0.00387959
0.0161453
0.0608986
0.211295
0.647567
1.75193
4.18415
8.88028
16.6924
27.8735
41.8554
57.4897
73.7912
90.0877
106.107
121.731
136.892
151.567
165.648
179.251
192.179
204.435
216.067
226.984
237.06
246.297
254.738
262.402
269.043
274.586
279.209
282.995
285.99
288.39
290.215
291.406
292.176
292.558
292.705
292.889
293.184
293.591
294.091
294.654
295.251
295.877
296.558
297.288
298.009
298.611
299.114
299.618
300.145
300.689
301.167
301.463
301.468
301.142
0.000154061
0.000876642
0.00385699
0.0160447
0.060496
0.209878
0.643313
1.74075
4.1582
8.82799
16.6009
27.7325
41.6602
57.2457
73.5045
89.7765
105.783
121.392
136.568
151.249
165.388
178.939
191.863
204.212
215.889
226.818
236.934
246.22
254.7
262.397
269.128
274.77
279.405
283.19
286.27
288.727
290.586
291.839
292.645
293.088
293.262
293.398
293.603
293.882
294.232
294.634
295.064
295.521
296.037
296.617
297.205
297.7
298.107
298.525
298.999
299.541
300.087
300.495
300.663
300.525
0.00015337
0.000872313
0.00383533
0.0159491
0.0601191
0.208576
0.639517
1.7312
4.13743
8.78916
16.5396
27.6506
41.5673
57.1496
73.4132
89.6814
105.68
121.282
136.434
151.069
165.205
178.706
191.674
204.009
215.556
226.409
236.584
245.949
254.405
261.992
268.593
274.211
278.968
282.875
285.958
288.386
290.196
291.394
292.182
292.567
292.726
292.903
293.149
293.475
293.86
294.272
294.679
295.077
295.503
295.974
296.452
296.844
297.149
297.47
297.869
298.37
298.915
299.367
299.64
299.654
0.0001527
0.000868116
0.00381429
0.0158558
0.0597469
0.207268
0.635604
1.72095
4.1137
8.7414
16.4561
27.522
41.3887
56.9251
73.1475
89.3915
105.375
120.962
136.128
150.773
164.94
178.422
191.354
203.764
215.382
226.244
236.423
245.821
254.324
261.946
268.62
274.314
279.076
282.986
286.154
288.635
290.467
291.711
292.521
292.962
293.15
293.303
293.496
293.738
294.018
294.309
294.581
294.831
295.102
295.419
295.747
295.996
296.165
296.357
296.65
297.092
297.638
298.139
298.494
298.625
0.000152052
0.000864066
0.00379407
0.0157666
0.0593954
0.206052
0.632048
1.71197
4.09407
8.70453
16.3975
27.4431
41.2988
56.8322
73.0599
89.3014
105.279
120.861
136.002
150.617
164.752
178.242
191.19
203.548
215.101
225.933
236.117
245.531
254.027
261.62
268.226
273.881
278.694
282.663
285.821
288.3
290.122
291.347
292.164
292.558
292.73
292.912
293.135
293.412
293.719
294.015
294.26
294.446
294.617
294.812
295.009
295.126
295.16
295.222
295.406
295.766
296.255
296.753
297.167
297.401
0.000151424
0.000860144
0.00377447
0.0156799
0.0590503
0.204841
0.628433
1.70252
4.07225
8.66066
16.3209
27.3251
41.1346
56.6249
72.8132
89.0308
104.993
120.56
135.712
150.337
164.495
177.969
190.883
203.299
214.922
225.774
235.956
245.379
253.913
261.551
268.244
273.972
278.77
282.721
285.945
288.474
290.334
291.619
292.472
292.928
293.129
293.285
293.454
293.647
293.85
294.03
294.15
294.203
294.232
294.279
294.326
294.293
294.167
294.06
294.087
294.335
294.772
295.275
295.738
296.054
0.000150816
0.000856359
0.00375562
0.0155969
0.0587231
0.203707
0.625114
1.69412
4.05382
8.62589
16.2654
27.2499
41.0484
56.5358
72.7298
88.946
104.905
120.468
135.597
150.197
164.325
177.809
190.744
203.107
214.67
225.505
235.697
245.13
253.654
261.272
267.909
273.607
278.454
282.451
285.664
288.192
290.042
291.311
292.17
292.584
292.77
292.952
293.145
293.368
293.593
293.778
293.88
293.883
293.832
293.777
293.709
293.552
293.288
293.029
292.907
293.017
293.336
293.781
294.254
294.622
0.000150228
0.000852698
0.00373736
0.0155163
0.0584026
0.202584
0.621763
1.68537
4.03364
8.58537
16.1946
27.141
40.8968
56.3438
72.5001
88.6929
104.635
120.183
135.322
149.929
164.076
177.545
190.448
202.86
214.484
225.34
235.53
244.964
253.516
261.175
267.897
273.668
278.5
282.481
285.746
288.313
290.201
291.529
292.425
292.898
293.114
293.275
293.424
293.577
293.721
293.821
293.835
293.749
293.604
293.448
293.27
292.995
292.597
292.176
291.878
291.825
292.027
292.412
292.861
293.228
0.000149659
0.000849165
0.0037198
0.0154391
0.0580984
0.20153
0.618674
1.67754
4.01642
8.55277
16.1424
27.0699
40.8149
56.259
72.4212
88.6136
104.554
120.1
135.218
149.804
163.925
177.404
190.33
202.693
214.261
225.107
235.311
244.754
253.294
260.937
267.615
273.364
278.242
282.261
285.515
288.084
289.962
291.276
292.181
292.621
292.828
293.017
293.193
293.381
293.56
293.685
293.71
293.617
293.443
293.24
292.998
292.648
292.154
291.608
291.16
290.943
290.987
291.255
291.63
291.955
0.000149109
0.000845747
0.00370278
0.015364
0.0578001
0.200485
0.615556
1.6694
3.99767
8.51514
16.0767
26.9689
40.6743
56.0806
72.2069
88.3763
104.299
119.83
134.956
149.547
163.683
177.147
190.041
202.448
214.072
224.934
235.133
244.576
253.14
260.818
267.573
273.389
278.252
282.259
285.558
288.158
290.074
291.447
292.386
292.882
293.12
293.296
293.444
293.587
293.719
293.802
293.796
293.676
293.475
293.239
292.954
292.549
291.981
291.321
290.722
290.336
290.228
290.377
290.658
290.906
0.000148578
0.000842453
0.00368644
0.0152922
0.0575177
0.199506
0.61269
1.66213
3.98165
8.48475
16.0278
26.9021
40.597
56.0006
72.1327
88.3027
104.226
119.756
134.863
149.436
163.55
177.024
189.942
202.303
213.877
224.735
234.95
244.4
252.953
260.619
267.338
273.136
278.043
282.082
285.372
287.975
289.879
291.237
292.185
292.653
292.886
293.094
293.277
293.468
293.654
293.792
293.837
293.761
293.593
293.374
293.093
292.677
292.074
291.347
290.636
290.098
289.82
289.811
289.963
290.1
0.000148064
0.000839264
0.00367056
0.0152222
0.0572396
0.198531
0.609779
1.65453
3.96415
8.44962
15.9666
26.808
40.4661
55.8342
71.9323
88.0798
103.985
119.499
134.613
149.189
163.314
176.774
189.661
202.06
213.683
224.555
234.765
244.211
252.784
260.48
267.271
273.133
278.025
282.054
285.379
288.006
289.95
291.366
292.348
292.87
293.136
293.34
293.51
293.681
293.853
293.99
294.048
293.998
293.859
293.669
293.41
293.005
292.394
291.623
290.82
290.149
289.719
289.564
289.578
289.574
0.000147569
0.000836196
0.00365537
0.0151557
0.0569779
0.197625
0.607127
1.6478
3.94932
8.42145
15.9212
26.7457
40.3937
55.7592
71.863
88.0119
103.919
119.433
134.531
149.092
163.198
176.669
189.58
201.937
213.516
224.388
234.614
244.067
252.629
260.318
267.079
272.928
277.861
281.914
285.233
287.865
289.796
291.199
292.189
292.686
292.952
293.19
293.398
293.621
293.856
294.061
294.189
294.209
294.136
294.005
293.799
293.44
292.859
292.086
291.245
290.486
289.925
289.619
289.481
289.318
0.000147089
0.000833219
0.00364056
0.0150903
0.0567179
0.196712
0.6044
1.64068
3.9329
8.38849
15.8637
26.6575
40.2712
55.6034
71.675
87.802
103.691
119.189
134.292
148.854
162.969
176.425
189.306
201.696
213.319
224.201
234.42
243.869
252.448
260.163
266.988
272.896
277.814
281.858
285.206
287.858
289.831
291.288
292.312
292.858
293.151
293.388
293.589
293.801
294.033
294.248
294.402
294.46
294.434
294.354
294.202
293.898
293.364
292.618
291.772
290.966
290.322
289.91
289.645
289.323
0.000146627
0.000830365
0.00362646
0.0150286
0.0564759
0.195876
0.601955
1.63448
3.91925
8.36251
15.8218
26.5998
40.204
55.5337
71.6108
87.7398
103.632
119.132
134.22
148.771
162.869
176.336
189.24
201.595
213.179
224.062
234.297
243.753
252.325
260.035
266.836
272.732
277.686
281.751
285.095
287.753
289.712
291.156
292.183
292.705
292.996
293.258
293.488
293.739
294.018
294.285
294.494
294.608
294.638
294.616
294.523
294.283
293.812
293.121
292.314
291.513
290.831
290.349
289.987
289.525
0.000146179
0.000827583
0.0036126
0.0149674
0.056232
0.195019
0.599388
1.62776
3.90376
8.33143
15.7676
26.5168
40.0889
55.3874
71.4342
87.5417
103.415
118.899
133.991
148.54
162.645
176.098
188.972
201.356
212.978
223.868
234.095
243.547
252.134
259.867
266.723
272.67
277.612
281.67
285.041
287.717
289.714
291.204
292.261
292.826
293.135
293.389
293.606
293.841
294.11
294.375
294.594
294.728
294.788
294.801
294.751
294.563
294.151
293.518
292.762
291.992
291.319
290.827
290.42
289.858
0.000145749
0.000824933
0.00359955
0.0149105
0.0560092
0.19425
0.597146
1.62208
3.89126
8.30762
15.7291
26.4637
40.0268
55.323
71.3751
87.4854
103.363
118.849
133.929
148.469
162.56
176.025
188.921
201.274
212.863
223.756
233.999
243.458
252.04
259.771
266.606
272.544
277.517
281.597
284.965
287.645
289.626
291.103
292.159
292.697
293.002
293.272
293.506
293.761
294.055
294.347
294.592
294.753
294.839
294.88
294.864
294.72
294.359
293.785
293.09
292.373
291.735
291.264
290.853
290.239
0.000145331
0.000822329
0.00358655
0.014853
0.0557793
0.193441
0.594717
1.61572
3.87658
8.27816
15.6778
26.3852
39.9183
55.1851
71.2086
87.298
103.157
118.627
133.709
148.246
162.342
175.792
188.659
201.037
212.659
223.555
233.789
243.246
251.842
259.591
266.472
272.454
277.419
281.495
284.889
287.586
289.602
291.116
292.201
292.779
293.095
293.357
293.576
293.811
294.087
294.364
294.601
294.76
294.849
294.897
294.896
294.777
294.452
293.922
293.276
292.61
292.022
291.6
291.23
290.611
0.000144931
0.000819878
0.00357452
0.0148007
0.0555752
0.192739
0.592674
1.61055
3.86521
8.25649
15.6427
26.3368
39.8614
55.126
71.1546
87.2473
103.112
118.585
133.657
148.187
162.272
175.733
188.623
200.974
212.568
223.468
233.717
243.183
251.776
259.523
266.386
272.361
277.355
281.452
284.845
287.545
289.545
291.051
292.131
292.681
292.995
293.266
293.493
293.736
294.019
294.302
294.542
294.703
294.792
294.841
294.846
294.742
294.442
293.947
293.345
292.728
292.192
291.823
291.514
290.925
0.000144539
0.00081743
0.00356225
0.0147463
0.0553571
0.191971
0.59036
1.60448
3.85121
8.22842
15.5939
26.2622
39.7586
54.9958
70.9974
87.0696
102.916
118.373
133.444
147.97
162.058
175.505
188.366
200.738
212.36
223.262
233.502
242.964
251.568
259.332
266.235
272.25
277.238
281.331
284.747
287.464
289.499
291.036
292.146
292.735
293.056
293.318
293.529
293.749
294.008
294.269
294.488
294.632
294.704
294.739
294.737
294.636
294.348
293.875
293.304
292.727
292.24
291.931
291.7
291.161
0.000144171
0.000815176
0.00355126
0.0146987
0.055172
0.191335
0.588516
1.59983
3.84096
8.20886
15.5621
26.2182
39.7069
54.9419
70.9484
87.0245
102.876
118.337
133.402
147.923
162.002
175.46
188.343
200.693
212.29
223.199
233.454
242.923
251.525
259.29
266.18
272.19
277.203
281.314
284.73
287.449
289.469
291.003
292.106
292.668
292.985
293.251
293.459
293.674
293.926
294.176
294.382
294.51
294.566
294.583
294.569
294.462
294.178
293.719
293.172
292.632
292.189
291.938
291.788
291.312
0.000143801
0.000812856
0.00353957
0.0146467
0.0549629
0.190598
0.586292
1.59399
3.82752
8.18196
15.5155
26.1472
39.6093
54.8185
70.7995
86.8557
102.689
118.134
133.197
147.712
161.791
175.236
188.092
200.456
212.078
222.989
233.235
242.698
251.308
259.088
266.016
272.064
277.073
281.177
284.611
287.347
289.401
290.964
292.097
292.695
293.015
293.268
293.458
293.647
293.87
294.091
294.269
294.369
294.398
294.39
294.354
294.234
293.944
293.488
292.954
292.439
292.036
291.843
291.781
291.379
0.000143463
0.00081081
0.00352967
0.014604
0.0547975
0.190031
0.584651
1.58985
3.81839
8.16447
15.487
26.1076
39.5625
54.7699
70.7555
86.8161
102.656
118.106
133.163
147.676
161.748
175.205
188.083
200.428
212.03
222.948
233.209
242.678
251.287
259.07
265.99
272.035
277.063
281.183
284.616
287.353
289.395
290.956
292.081
292.65
292.961
293.21
293.387
293.558
293.762
293.962
294.116
294.192
294.195
294.159
294.099
293.959
293.656
293.194
292.666
292.17
291.799
291.656
291.683
291.362
0.000143112
0.00080858
0.00351837
0.0145536
0.0545945
0.189316
0.582492
1.5842
3.8054
8.13855
15.4422
26.0396
39.4695
54.6526
70.6143
86.6553
102.477
117.911
132.965
147.471
161.541
174.984
187.835
200.193
211.815
222.733
232.985
242.448
251.064
258.86
265.812
271.891
276.917
281.03
284.479
287.234
289.307
290.891
292.043
292.643
292.952
293.186
293.343
293.489
293.665
293.836
293.962
294.01
293.983
293.916
293.827
293.658
293.333
292.854
292.317
291.826
291.477
291.38
291.497
291.263
0.000142808
0.000806766
0.00350966
0.0145163
0.0544502
0.18882
0.581062
1.58057
3.79738
8.12311
15.4169
26.0043
39.4276
54.609
70.5752
86.6212
102.45
117.889
132.94
147.444
161.511
174.966
187.837
200.181
211.787
222.711
232.977
242.448
251.065
258.863
265.808
271.884
276.927
281.056
284.507
287.263
289.323
290.905
292.046
292.616
292.914
293.138
293.279
293.404
293.558
293.707
293.81
293.834
293.778
293.679
293.556
293.354
292.996
292.489
291.931
291.434
291.095
291.031
291.232
291.087
0.000142466
0.000804568
0.00349848
0.0144663
0.0542494
0.188116
0.578938
1.57504
3.78473
8.09798
15.3736
25.9389
39.3387
54.4972
70.4408
86.4676
102.278
117.701
132.747
147.244
161.307
174.747
187.593
199.947
211.569
222.49
232.746
242.214
250.839
258.647
265.617
271.723
276.77
280.898
284.366
287.14
289.227
290.828
291.994
292.593
292.891
293.105
293.233
293.341
293.476
293.606
293.688
293.688
293.604
293.474
293.314
293.074
292.674
292.124
291.527
290.999
290.651
290.608
290.888
290.836
0.000142204
0.000803038
0.00349121
0.0144352
0.0541287
0.187699
0.57773
1.57194
3.77782
8.08456
15.3515
25.9077
39.3012
54.4581
70.4057
86.4377
102.255
117.684
132.729
147.225
161.287
174.739
187.605
199.948
211.557
222.487
232.758
242.236
250.865
258.677
265.642
271.748
276.814
280.961
284.435
287.211
289.288
290.885
292.04
292.612
292.898
293.106
293.22
293.311
293.429
293.541
293.603
293.582
293.474
293.314
293.122
292.844
292.4
291.797
291.144
290.566
290.183
290.136
290.477
290.512
0.000141856
0.000800784
0.00347975
0.0143843
0.0539254
0.186991
0.575606
1.56644
3.76528
8.0596
15.3082
25.8418
39.2109
54.3438
70.2677
86.2793
102.078
117.489
132.526
147.015
161.068
174.507
187.35
199.699
211.323
222.25
232.515
241.992
250.628
258.449
265.435
271.57
276.645
280.795
284.285
287.078
289.176
290.792
291.973
292.577
292.874
293.086
293.203
293.291
293.402
293.501
293.549
293.51
293.382
293.2
292.984
292.679
292.199
291.545
290.82
290.155
289.701
289.614
289.994
290.113
0.000141214
0.00079717
0.00346297
0.0143127
0.0536457
0.186012
0.572736
1.55893
3.74825
8.02605
15.2524
25.762
39.1123
54.2349
70.1617
86.1775
101.986
117.405
132.439
146.916
160.97
174.441
187.325
199.647
211.24
222.186
232.486
241.989
250.633
258.455
265.423
271.56
276.685
280.876
284.382
287.185
289.273
290.9
292.077
292.646
292.948
293.17
293.277
293.34
293.419
293.489
293.511
293.453
293.309
293.112
292.883
292.569
292.076
291.399
290.615
289.816
289.148
288.8
289.012
290.482
0.000140757
0.000795829
0.00346343
0.0143374
0.0538233
0.186817
0.575717
1.56799
3.77126
8.07498
15.3403
25.8977
39.2935
54.448
70.3874
86.4075
102.219
117.632
132.682
147.187
161.252
174.671
187.5
199.878
211.519
222.435
232.685
242.163
250.805
258.621
265.603
271.73
276.78
280.912
284.4
287.182
289.241
290.826
291.988
292.535
292.77
292.927
292.978
292.994
293.041
293.089
293.098
293.034
292.893
292.708
292.495
292.201
291.736
291.103
290.38
289.649
289.05
288.745
288.989
290.468
0.000139939
0.000791536
0.00344476
0.0142599
0.0535208
0.185731
0.572377
1.55879
3.74906
8.02847
15.257
25.7683
39.1174
54.2359
70.1565
86.1695
101.974
117.392
132.435
146.901
160.967
174.449
187.316
199.649
211.254
222.195
232.488
241.99
250.641
258.455
265.424
271.58
276.695
280.865
284.377
287.178
289.258
290.887
292.063
292.609
292.88
293.081
293.15
293.157
293.184
293.208
293.192
293.106
292.945
292.74
292.514
292.213
291.751
291.126
290.402
289.663
289.04
288.713
288.984
290.513
0.000139269
0.000788711
0.00343719
0.0142474
0.053548
0.186022
0.573907
1.56434
3.76504
8.06551
15.329
25.8879
39.2893
54.4497
70.3962
86.4177
102.236
117.646
132.695
147.203
161.26
174.675
187.504
199.88
211.517
222.431
232.683
242.162
250.807
258.619
265.593
271.721
276.776
280.903
284.388
287.163
289.191
290.763
291.913
292.419
292.624
292.767
292.791
292.771
292.79
292.822
292.831
292.785
292.679
292.545
292.402
292.198
291.85
291.366
290.817
290.266
289.821
289.666
290.087
291.724
0.000138512
0.000785035
0.0034229
0.0141934
0.0533505
0.185325
0.571743
1.55816
3.74922
8.03026
15.2615
25.7759
39.1252
54.2398
70.1537
86.1625
101.962
117.378
132.43
146.884
160.962
174.458
187.309
199.649
211.264
222.203
232.487
241.985
250.638
258.446
265.42
271.589
276.694
280.843
284.353
287.156
289.233
290.869
292.052
292.582
292.832
293.026
293.076
293.06
293.071
293.094
293.093
293.04
292.933
292.798
292.656
292.463
292.142
291.694
291.193
290.694
290.313
290.251
290.791
292.58
0.000137756
0.000781547
0.00341129
0.0141601
0.0532838
0.18527
0.572192
1.56088
3.75904
8.05615
15.3173
25.8768
39.2829
54.449
70.4032
86.4274
102.254
117.661
132.712
147.221
161.269
174.679
187.506
199.88
211.514
222.428
232.681
242.161
250.808
258.617
265.586
271.716
276.776
280.897
284.381
287.148
289.15
290.712
291.852
292.325
292.508
292.645
292.657
292.621
292.629
292.661
292.681
292.658
292.59
292.501
292.404
292.256
291.981
291.583
291.138
290.728
290.471
290.538
291.224
293.177
0.000136978
0.000777872
0.00339805
0.0141147
0.0531361
0.184795
0.570802
1.55692
3.74848
8.03104
15.2655
25.7842
39.1355
54.2471
70.1539
86.1573
101.951
117.363
132.421
146.866
160.957
174.468
187.305
199.65
211.273
222.21
232.487
241.981
250.634
258.436
265.414
271.59
276.687
280.819
284.324
287.13
289.206
290.847
292.036
292.556
292.788
292.974
293.012
292.976
292.97
292.985
292.984
292.939
292.843
292.72
292.586
292.408
292.11
291.688
291.217
290.765
290.463
290.505
291.199
293.204
0.000136181
0.000774103
0.00338476
0.0140719
0.0530201
0.184539
0.570529
1.55756
3.75327
8.04704
15.3054
25.8647
39.2746
54.4458
70.408
86.4358
102.27
117.678
132.733
147.242
161.278
174.682
187.507
199.88
211.512
222.424
232.676
242.159
250.809
258.616
265.579
271.711
276.776
280.896
284.38
287.14
289.117
290.668
291.797
292.241
292.404
292.533
292.533
292.484
292.479
292.506
292.531
292.526
292.488
292.439
292.387
292.298
292.099
291.789
291.445
291.135
290.978
291.151
291.95
294.025
0.000135368
0.000770229
0.003371
0.0140263
0.0528838
0.184152
0.569546
1.55503
3.74663
8.03041
15.2683
25.7925
39.148
54.2581
70.158
86.1546
101.943
117.349
132.41
146.847
160.952
174.478
187.303
199.652
211.283
222.218
232.487
241.978
250.63
258.428
265.405
271.584
276.673
280.791
284.288
287.097
289.176
290.826
292.021
292.53
292.751
292.927
292.952
292.9
292.882
292.895
292.902
292.878
292.815
292.732
292.645
292.53
292.318
291.998
291.65
291.345
291.195
291.381
292.189
294.264
0.000134537
0.000766251
0.00335683
0.0139793
0.052746
0.183797
0.568864
1.55431
3.74768
8.03825
15.2938
25.8522
39.2646
54.44
70.41
86.4423
102.286
117.695
132.757
147.264
161.289
174.686
187.506
199.879
211.51
222.42
232.671
242.156
250.809
258.612
265.574
271.708
276.778
280.896
284.384
287.137
289.089
290.628
291.745
292.169
292.32
292.437
292.424
292.362
292.343
292.36
292.377
292.368
292.327
292.271
292.211
292.113
291.911
291.59
291.222
290.91
290.774
290.979
291.797
293.871
0.000133691
0.00076217
0.00334226
0.0139307
0.0526018
0.183413
0.567993
1.55248
3.74354
8.02803
15.2694
25.8
39.1622
54.2729
70.167
86.1556
101.936
117.334
132.397
146.829
160.946
174.487
187.305
199.656
211.293
222.226
232.49
241.978
250.629
258.421
265.396
271.574
276.655
280.759
284.247
287.057
289.141
290.805
292.007
292.507
292.72
292.882
292.89
292.82
292.786
292.787
292.785
292.754
292.687
292.595
292.492
292.354
292.122
291.779
291.382
291.03
290.85
291.007
291.781
293.8
0.000132829
0.00075799
0.00332729
0.0138803
0.052452
0.183016
0.567118
1.55102
3.74217
8.02977
15.2826
25.8397
39.2535
54.4318
70.4087
86.4463
102.3
117.713
132.782
147.287
161.299
174.691
187.506
199.875
211.506
222.416
232.666
242.15
250.804
258.604
265.567
271.71
276.782
280.896
284.385
287.134
289.065
290.594
291.696
292.106
292.248
292.345
292.323
292.254
292.225
292.24
292.261
292.265
292.244
292.209
292.167
292.09
291.918
291.636
291.297
291.001
290.872
291.067
291.855
293.856
0.000131954
0.000753712
0.00331193
0.0138283
0.0522965
0.182602
0.566187
1.54931
3.73914
8.02364
15.2681
25.8058
39.1772
54.2914
70.1815
86.1612
101.932
117.322
132.381
146.811
160.942
174.496
187.309
199.662
211.303
222.236
232.496
241.98
250.627
258.415
265.387
271.563
276.635
280.726
284.206
287.012
289.1
290.782
291.989
292.487
292.695
292.837
292.828
292.749
292.708
292.705
292.705
292.685
292.639
292.569
292.482
292.359
292.143
291.821
291.438
291.088
290.9
291.027
291.731
293.613
0.000131067
0.000749341
0.00329619
0.0137746
0.0521354
0.182171
0.565208
1.54752
3.73651
8.0215
15.2719
25.8277
39.2423
54.4219
70.404
86.4469
102.312
117.73
132.811
147.312
161.308
174.698
187.505
199.87
211.5
222.412
232.661
242.142
250.794
258.591
265.558
271.714
276.788
280.897
284.386
287.128
289.046
290.568
291.656
292.056
292.192
292.268
292.234
292.165
292.138
292.154
292.185
292.208
292.212
292.202
292.181
292.121
291.966
291.699
291.374
291.084
290.941
291.097
291.803
293.637
0.000130168
0.000744881
0.00328008
0.0137192
0.0519687
0.181722
0.564178
1.54561
3.73352
8.01709
15.2639
25.8086
39.1916
54.3128
70.2021
86.1728
101.934
117.312
132.365
146.795
160.938
174.504
187.317
199.669
211.314
222.247
232.504
241.985
250.628
258.411
265.378
271.549
276.616
280.696
284.167
286.969
289.06
290.76
291.975
292.475
292.683
292.809
292.789
292.708
292.665
292.665
292.681
292.689
292.679
292.65
292.606
292.533
292.373
292.105
291.772
291.453
291.266
291.366
291.978
293.655
0.000129261
0.000740337
0.00326362
0.0136621
0.0517963
0.181253
0.563098
1.54359
3.73034
8.01306
15.2617
25.8168
39.2319
54.4111
70.396
86.4436
102.32
117.745
132.84
147.338
161.318
174.706
187.505
199.864
211.493
222.406
232.653
242.132
250.782
258.578
265.546
271.713
276.794
280.901
284.389
287.131
289.04
290.551
291.632
292.025
292.156
292.225
292.184
292.115
292.094
292.118
292.163
292.208
292.241
292.259
292.266
292.239
292.12
291.883
291.581
291.31
291.167
291.276
291.816
293.323
0.000128346
0.000735717
0.00324683
0.0136033
0.0516184
0.180764
0.561968
1.54145
3.72692
8.00854
15.2563
25.8076
39.2039
54.3358
70.2286
86.1915
101.942
117.307
132.349
146.78
160.936
174.512
187.327
199.68
211.328
222.26
232.513
241.991
250.631
258.409
265.368
271.533
276.596
280.665
284.129
286.927
289.018
290.733
291.963
292.465
292.674
292.796
292.764
292.67
292.624
292.627
292.648
292.666
292.674
292.669
292.649
292.603
292.475
292.231
291.926
291.638
291.453
291.506
292.008
293.467
0.000127427
0.000731029
0.00322973
0.013543
0.0514349
0.180254
0.560786
1.53918
3.72327
8.00366
15.2515
25.8071
39.2234
54.4012
70.3856
86.4361
102.323
117.757
132.87
147.366
161.33
174.714
187.504
199.858
211.487
222.398
232.641
242.119
250.77
258.565
265.534
271.705
276.791
280.897
284.382
287.13
289.041
290.543
291.614
291.995
292.12
292.185
292.138
292.064
292.043
292.07
292.121
292.178
292.227
292.265
292.293
292.293
292.213
292.027
291.764
291.509
291.368
291.445
291.906
293.209
0.000126505
0.00072628
0.00321234
0.0134812
0.051246
0.179723
0.559552
1.53677
3.71937
7.99837
15.2459
25.8022
39.2122
54.3582
70.26
86.2182
101.959
117.31
132.335
146.764
160.934
174.521
187.338
199.694
211.345
222.274
232.523
241.999
250.637
258.409
265.361
271.517
276.576
280.636
284.09
286.881
288.965
290.689
291.934
292.441
292.65
292.772
292.73
292.627
292.574
292.575
292.6
292.632
292.662
292.685
292.698
292.693
292.608
292.413
292.159
291.903
291.729
291.761
292.156
293.353
0.000125583
0.000721482
0.00319471
0.0134179
0.0510517
0.179172
0.558263
1.53423
3.71521
7.99264
15.2399
25.7981
39.218
54.3941
70.3745
86.4246
102.318
117.762
132.897
147.394
161.345
174.725
187.503
199.853
211.482
222.389
232.628
242.105
250.755
258.549
265.518
271.692
276.783
280.887
284.37
287.123
289.038
290.536
291.6
291.976
292.092
292.15
292.103
292.031
292.013
292.048
292.108
292.177
292.244
292.305
292.363
292.399
292.357
292.208
291.993
291.784
291.664
291.709
292.027
293.029
0.000124665
0.000716645
0.00317688
0.0133534
0.0508522
0.1786
0.556922
1.53153
3.71078
7.98644
15.2333
25.7931
39.215
54.3774
70.2944
86.2526
101.988
117.323
132.328
146.753
160.93
174.527
187.35
199.709
211.361
222.289
232.536
242.011
250.646
258.414
265.357
271.505
276.558
280.606
284.05
286.835
288.913
290.636
291.893
292.407
292.614
292.746
292.709
292.596
292.547
292.558
292.595
292.648
292.702
292.754
292.799
292.826
292.781
292.637
292.425
292.198
292.037
292.039
292.321
293.259
0.000123754
0.000711783
0.00315889
0.0132877
0.0506479
0.17801
0.555528
1.52869
3.70605
7.97974
15.2261
25.7876
39.2147
54.3925
70.366
86.4108
102.307
117.76
132.916
147.419
161.365
174.74
187.506
199.85
211.477
222.381
232.615
242.089
250.736
258.528
265.497
271.675
276.775
280.877
284.354
287.113
289.039
290.537
291.6
291.971
292.073
292.123
292.075
292.01
292.001
292.054
292.131
292.211
292.293
292.376
292.461
292.527
292.526
292.422
292.247
292.072
291.959
291.978
292.241
293.089
0.000122852
0.000706911
0.0031408
0.0132211
0.0504389
0.177401
0.55408
1.5257
3.70101
7.97251
15.2182
25.7813
39.213
54.3907
70.328
86.2931
102.027
117.349
132.336
146.75
160.923
174.531
187.362
199.724
211.378
222.305
232.551
242.026
250.659
258.423
265.357
271.496
276.544
280.578
284.011
286.794
288.858
290.568
291.838
292.365
292.572
292.71
292.675
292.559
292.512
292.535
292.591
292.658
292.731
292.804
292.875
292.936
292.924
292.814
292.638
292.444
292.308
292.297
292.475
293.141
0.000121964
0.000702045
0.00312267
0.0131536
0.0502259
0.176776
0.552576
1.52257
3.69567
7.96473
15.2096
25.7743
39.2108
54.3962
70.3647
86.3983
102.288
117.748
132.923
147.439
161.391
174.761
187.514
199.851
211.476
222.375
232.602
242.071
250.716
258.505
265.471
271.649
276.758
280.858
284.331
287.101
289.04
290.54
291.6
291.974
292.066
292.101
292.055
291.998
291.993
292.045
292.13
292.228
292.324
292.419
292.521
292.61
292.632
292.564
292.42
292.258
292.151
292.134
292.299
292.916
0.000121094
0.000697203
0.00310457
0.0130854
0.0500095
0.176135
0.551018
1.5193
3.68999
7.95638
15.2002
25.7664
39.2079
54.3989
70.3561
86.3359
102.078
117.39
132.365
146.76
160.914
174.527
187.37
199.74
211.398
222.325
232.57
242.043
250.674
258.433
265.359
271.491
276.533
280.555
283.975
286.751
288.795
290.491
291.781
292.33
292.541
292.68
292.644
292.528
292.482
292.506
292.568
292.649
292.733
292.817
292.902
292.981
292.99
292.898
292.752
292.586
292.442
292.383
292.44
292.831
0.000120245
0.000692406
0.00308659
0.0130169
0.0497905
0.17548
0.549407
1.51588
3.68399
7.94744
15.19
25.7575
39.2042
54.4018
70.3726
86.3935
102.267
117.727
132.911
147.444
161.422
174.794
187.531
199.858
211.477
222.369
232.588
242.051
250.691
258.477
265.44
271.621
276.733
280.829
284.301
287.08
289.033
290.549
291.619
291.995
292.078
292.109
292.067
292.013
292.01
292.065
292.157
292.263
292.372
292.486
292.604
292.704
292.738
292.685
292.561
292.413
292.293
292.223
292.24
292.523
0.000119423
0.000687676
0.0030688
0.0129483
0.0495699
0.174813
0.547749
1.51233
3.67764
7.93789
15.1787
25.7475
39.1995
54.404
70.3779
86.3746
102.137
117.446
132.413
146.791
160.911
174.517
187.372
199.751
211.415
222.347
232.593
242.064
250.692
258.446
265.364
271.491
276.525
280.535
283.946
286.716
288.747
290.417
291.716
292.292
292.521
292.667
292.632
292.523
292.477
292.51
292.589
292.684
292.78
292.875
292.972
293.067
293.102
293.04
292.91
292.751
292.612
292.53
292.481
292.63
0.000118631
0.000683037
0.0030513
0.0128799
0.0493486
0.174136
0.54605
1.50866
3.67096
7.92769
15.1665
25.7365
39.1937
54.4054
70.3876
86.4017
102.251
117.699
132.882
147.434
161.451
174.837
187.561
199.873
211.48
222.364
232.576
242.032
250.666
258.447
265.407
271.59
276.7
280.791
284.261
287.045
289.017
290.558
291.653
292.035
292.111
292.143
292.102
292.05
292.052
292.113
292.212
292.326
292.446
292.572
292.703
292.817
292.857
292.807
292.705
292.573
292.446
292.359
292.307
292.415
0.000117874
0.000678516
0.00303419
0.0128121
0.0491278
0.173452
0.544317
1.50487
3.66396
7.91684
15.1532
25.7241
39.1867
54.4058
70.3957
86.4066
102.194
117.515
132.484
146.845
160.917
174.504
187.371
199.763
211.436
222.374
232.621
242.089
250.713
258.463
265.374
271.495
276.522
280.522
283.925
286.685
288.699
290.339
291.623
292.224
292.497
292.694
292.665
292.527
292.473
292.507
292.576
292.663
292.768
292.881
293
293.113
293.16
293.097
292.963
292.808
292.667
292.552
292.491
292.617
0.000117157
0.000674138
0.00301757
0.0127454
0.0489087
0.172765
0.542558
1.50096
3.65666
7.90534
15.1388
25.7104
39.1782
54.405
70.404
86.4222
102.25
117.674
132.843
147.407
161.474
174.885
187.598
199.895
211.49
222.365
232.569
242.019
250.648
258.423
265.375
271.551
276.653
280.735
284.203
286.994
288.988
290.552
291.674
292.073
292.157
292.202
292.161
292.101
292.097
292.158
292.254
292.366
292.49
292.616
292.747
292.865
292.905
292.848
292.742
292.621
292.508
292.42
292.372
292.464
0.000116482
0.000669932
0.00300156
0.0126801
0.0486927
0.172078
0.540783
1.49696
3.64908
7.89317
15.1234
25.695
39.168
54.403
70.4113
86.4344
102.242
117.587
132.572
146.922
160.942
174.495
187.37
199.779
211.462
222.403
232.649
242.114
250.735
258.479
265.385
271.502
276.523
280.515
283.911
286.665
288.67
290.297
291.566
292.163
292.437
292.64
292.634
292.516
292.471
292.504
292.568
292.653
292.756
292.869
292.998
293.132
293.192
293.12
292.975
292.836
292.728
292.641
292.565
292.608
0.000115855
0.000665926
0.00298626
0.0126167
0.0484814
0.171397
0.539002
1.49288
3.64126
7.88036
15.1067
25.678
39.156
54.3993
70.4176
86.4482
102.27
117.666
132.806
147.365
161.479
174.937
187.649
199.924
211.504
222.369
232.568
242.013
250.638
258.403
265.342
271.507
276.596
280.666
284.131
286.933
288.949
290.531
291.678
292.103
292.196
292.245
292.211
292.158
292.161
292.219
292.31
292.425
292.55
292.676
292.802
292.916
292.955
292.908
292.82
292.709
292.616
292.555
292.513
292.576
0.000115279
0.000662146
0.00297178
0.0125557
0.0482764
0.170727
0.537226
1.48876
3.63323
7.86695
15.089
25.6591
39.1419
54.3935
70.4223
86.4613
102.283
117.65
132.667
147.026
161
174.499
187.362
199.787
211.487
222.439
232.687
242.147
250.762
258.5
265.4
271.513
276.528
280.514
283.905
286.648
288.64
290.255
291.506
292.105
292.399
292.608
292.6
292.483
292.446
292.491
292.562
292.65
292.757
292.871
292.998
293.139
293.194
293.118
292.998
292.875
292.772
292.702
292.649
292.718
0.000114756
0.00065862
0.00295824
0.0124976
0.0480794
0.170074
0.535471
1.48462
3.62503
7.85302
15.07
25.6384
39.1254
54.3854
70.4252
86.4739
102.303
117.687
132.785
147.312
161.453
174.971
187.705
199.973
211.536
222.39
232.582
242.023
250.64
258.393
265.317
271.466
276.533
280.584
284.04
286.843
288.875
290.488
291.687
292.153
292.267
292.329
292.284
292.218
292.213
292.272
292.367
292.482
292.604
292.726
292.849
292.957
293.01
292.963
292.862
292.772
292.697
292.631
292.59
292.682
0.000114289
0.000655371
0.00294574
0.0124428
0.0478924
0.169443
0.533754
1.48051
3.61673
7.83865
15.0499
25.6158
39.1063
54.3745
70.4258
86.4852
102.321
117.702
132.751
147.147
161.113
174.554
187.377
199.804
211.511
222.466
232.714
242.172
250.784
258.518
265.413
271.523
276.532
280.515
283.905
286.643
288.63
290.24
291.467
292.052
292.35
292.559
292.552
292.44
292.418
292.476
292.558
292.641
292.733
292.84
292.964
293.107
293.174
293.109
292.995
292.906
292.852
292.814
292.781
292.87
0.000113878
0.000652422
0.00293436
0.012392
0.0477169
0.16884
0.53209
1.47645
3.60841
7.82396
15.0288
25.5912
39.0842
54.3604
70.4235
86.4943
102.34
117.728
132.802
147.282
161.399
174.96
187.748
200.027
211.587
222.436
232.624
242.059
250.668
258.408
265.315
271.444
276.484
280.508
283.947
286.738
288.769
290.409
291.643
292.153
292.335
292.451
292.398
292.288
292.259
292.31
292.402
292.512
292.627
292.744
292.861
292.977
293.047
293.013
292.918
292.821
292.753
292.75
292.764
292.899
0.000113523
0.000649786
0.00292416
0.0123454
0.0475547
0.168273
0.530499
1.4725
3.60014
7.80905
15.0068
25.5647
39.0591
54.3427
70.4175
86.5007
102.357
117.751
132.819
147.251
161.248
174.675
187.442
199.83
211.532
222.49
232.739
242.196
250.806
258.535
265.424
271.526
276.53
280.508
283.898
286.636
288.624
290.243
291.463
292.028
292.326
292.535
292.514
292.402
292.391
292.453
292.538
292.625
292.702
292.787
292.914
293.065
293.157
293.141
293.05
292.95
292.888
292.859
292.852
293
0.000113224
0.000647476
0.0029152
0.0123035
0.0474072
0.167746
0.528999
1.46869
3.59203
7.79409
14.9842
25.5364
39.031
54.3209
70.4073
86.5033
102.372
117.775
132.851
147.305
161.375
174.918
187.755
200.087
211.665
222.515
232.697
242.122
250.719
258.444
265.332
271.439
276.454
280.451
283.865
286.635
288.655
290.31
291.562
292.103
292.359
292.537
292.468
292.329
292.309
292.366
292.456
292.551
292.642
292.74
292.872
293.04
293.167
293.179
293.107
293.021
292.954
292.927
292.942
293.103
0.000112977
0.000645492
0.0029075
0.0122664
0.0472756
0.167266
0.527607
1.46509
3.58419
7.77927
14.9611
25.5064
38.9996
54.2947
70.3919
86.5011
102.383
117.798
132.88
147.331
161.366
174.821
187.57
199.905
211.564
222.508
232.762
242.23
250.845
258.572
265.453
271.541
276.53
280.497
283.879
286.615
288.605
290.245
291.471
292.023
292.323
292.522
292.48
292.371
292.371
292.446
292.552
292.628
292.672
292.744
292.87
293.054
293.239
293.315
293.236
293.128
293.112
293.147
293.188
293.404
0.000112779
0.000643831
0.00290103
0.0122345
0.0471608
0.166837
0.526341
1.46173
3.57673
7.76482
14.9379
25.4751
38.9652
54.2637
70.3707
86.4929
102.389
117.818
132.91
147.368
161.419
174.921
187.74
200.114
211.74
222.609
232.791
242.209
250.796
258.508
265.383
271.471
276.465
280.44
283.832
286.578
288.579
290.238
291.485
292.039
292.353
292.557
292.487
292.374
292.388
292.461
292.545
292.613
292.663
292.74
292.899
293.147
293.352
293.414
293.385
293.296
293.223
293.218
293.238
293.415
0.000112624
0.000642478
0.00289576
0.0122076
0.0470631
0.166463
0.525214
1.45867
3.56976
7.75098
14.915
25.443
38.928
54.2279
70.3433
86.4774
102.388
117.832
132.937
147.404
161.458
174.944
187.719
200.049
211.674
222.585
232.824
242.287
250.9
258.619
265.487
271.555
276.523
280.474
283.844
286.573
288.563
290.221
291.465
292.017
292.348
292.561
292.499
292.417
292.462
292.539
292.607
292.652
292.686
292.768
292.978
293.332
293.574
293.535
293.406
293.328
293.32
293.33
293.324
293.483
0.000112508
0.000641411
0.00289159
0.0121857
0.0469823
0.166145
0.524238
1.45594
3.56341
7.73798
14.8927
25.4106
38.8886
54.1875
70.3089
86.4538
102.378
117.839
132.959
147.438
161.502
174.998
187.794
200.153
211.799
222.702
232.908
242.338
250.928
258.634
265.495
271.561
276.524
280.47
283.836
286.56
288.547
290.208
291.459
292.016
292.366
292.584
292.518
292.453
292.51
292.59
292.643
292.678
292.733
292.84
293.074
293.475
293.882
293.882
293.551
293.356
293.316
293.329
293.371
293.582
0.000112425
0.000640601
0.00288841
0.0121684
0.0469178
0.165884
0.523416
1.45358
3.55777
7.72608
14.8717
25.3787
38.8478
54.143
70.2676
86.4215
102.359
117.836
132.972
147.468
161.545
175.051
187.85
200.199
211.828
222.726
232.949
242.404
251.012
258.728
265.591
271.651
276.598
280.527
283.88
286.591
288.57
290.229
291.483
292.042
292.398
292.622
292.572
292.533
292.604
292.681
292.727
292.753
292.781
292.892
293.201
293.677
293.975
293.857
293.579
293.409
293.332
293.291
293.255
293.306
0.000112366
0.00064001
0.00288609
0.0121554
0.0468683
0.165677
0.52275
1.45161
3.55292
7.71551
14.8524
25.3481
38.8068
54.0956
70.22
86.3798
102.329
117.82
132.973
147.487
161.583
175.105
187.918
200.28
211.922
222.828
233.047
242.49
251.091
258.805
265.662
271.719
276.656
280.572
283.92
286.629
288.606
290.269
291.544
292.115
292.489
292.735
292.691
292.653
292.72
292.78
292.791
292.785
292.805
292.935
293.285
293.752
293.982
293.868
293.639
293.445
293.311
293.235
293.199
293.293
0.000112328
0.000639601
0.00288446
0.0121459
0.0468318
0.16552
0.52223
1.45002
3.54891
7.70645
14.8352
25.3197
38.7669
54.0467
70.1673
86.3294
102.287
117.791
132.959
147.492
161.609
175.151
187.986
200.365
212.022
222.94
233.171
242.626
251.23
258.938
265.787
271.834
276.758
280.652
283.984
286.683
288.646
290.308
291.592
292.175
292.549
292.801
292.76
292.729
292.833
292.907
292.917
292.909
292.908
292.98
293.237
293.65
293.93
293.902
293.683
293.425
293.214
293.063
292.97
292.994
0.000112303
0.000639332
0.00288339
0.0121394
0.0468064
0.165406
0.521846
1.4488
3.54575
7.69904
14.8206
25.2945
38.7297
53.9987
70.112
86.2722
102.235
117.749
132.929
147.479
161.616
175.181
188.041
200.445
212.128
223.076
233.336
242.816
251.443
259.171
266.028
272.065
276.969
280.841
284.155
286.828
288.752
290.375
291.624
292.2
292.574
292.859
292.85
292.813
292.907
292.945
292.911
292.876
292.86
292.958
293.225
293.544
293.696
293.605
293.404
293.175
292.991
292.867
292.749
292.678
0.000112289
0.000639166
0.00288272
0.0121352
0.0467897
0.165329
0.521576
1.44791
3.54338
7.69329
14.8089
25.2733
38.6969
53.9543
70.0576
86.2123
102.175
117.696
132.886
147.451
161.604
175.188
188.074
200.504
212.214
223.198
233.495
243.011
251.678
259.456
266.371
272.454
277.386
281.254
284.527
287.127
288.979
290.507
291.64
292.181
292.561
292.873
292.913
292.874
292.92
292.923
292.845
292.72
292.621
292.628
292.791
293.099
293.313
293.263
292.999
292.561
292.207
292.088
292.094
292.162
0.000112281
0.000639071
0.00288233
0.0121327
0.0467794
0.16528
0.5214
1.44732
3.54174
7.68916
14.8002
25.2569
38.6704
53.9164
70.0089
86.1558
102.116
117.637
132.835
147.411
161.578
175.179
188.085
200.536
212.27
223.286
233.62
243.175
251.885
259.721
266.709
272.874
277.901
281.859
285.175
287.743
289.53
290.868
291.737
292.179
292.527
292.764
292.868
292.939
292.95
292.85
292.631
292.357
292.172
292.141
292.25
292.464
292.562
292.416
292.11
291.75
291.468
291.381
291.441
291.603
0.000112277
0.000639022
0.00288213
0.0121313
0.0467737
0.165252
0.521297
1.44696
3.54073
7.68651
14.7945
25.2455
38.6514
53.8883
69.9711
86.1101
102.065
117.584
132.784
147.368
161.545
175.157
188.08
200.546
212.298
223.338
233.699
243.28
252.021
259.902
266.953
273.195
278.314
282.373
285.776
288.415
290.268
291.408
292.077
292.574
292.905
293.075
293.078
292.908
292.692
292.492
292.183
291.667
291.143
290.838
291.022
291.531
291.801
291.722
291.436
291.136
290.968
290.983
291.149
291.549
0.000112275
0.000639001
0.00288204
0.0121307
0.0467712
0.16524
0.52125
1.44679
3.54024
7.68521
14.7916
25.2397
38.6415
53.8731
69.9501
86.0842
102.035
117.552
132.752
147.339
161.52
175.139
188.07
200.544
212.305
223.357
233.732
243.326
252.084
259.989
267.076
273.362
278.535
282.659
286.121
288.824
290.698
291.835
292.524
293.005
293.273
293.329
293.197
292.92
292.601
292.308
291.933
291.333
290.559
290.005
290.084
290.648
290.969
290.718
290.302
290.186
290.426
290.918
291.521
292.253
291.879
295.306
300.498
305.521
309.313
312.002
313.85
315.132
315.934
316.329
316.517
316.64
316.664
316.365
315.299
312.686
308.161
302.916
298.777
294.781
291.79
295.002
299.971
304.918
308.692
311.354
313.198
314.489
315.318
315.744
315.945
316.076
316.112
315.84
314.833
312.333
307.874
302.59
298.153
294.651
291.807
294.904
299.675
304.485
308.232
310.901
312.77
314.08
314.936
315.393
315.612
315.754
315.801
315.55
314.6
312.219
307.841
302.528
297.976
294.5
293.029
296.095
300.733
305.321
308.89
311.499
313.386
314.73
315.63
316.135
316.383
316.54
316.601
316.386
315.518
313.314
309.074
303.769
299.152
295.694
293.944
297.072
301.588
305.84
309.205
311.836
313.815
315.265
316.267
316.863
317.183
317.391
317.504
317.369
316.634
314.651
310.646
305.451
300.81
297.298
294.612
297.818
302.091
305.987
309.296
311.974
314.019
315.552
316.646
317.334
317.733
318
318.168
318.114
317.521
315.81
312.15
307.155
302.503
298.893
294.709
297.878
301.928
305.658
308.906
311.563
313.646
315.25
316.437
317.222
317.704
318.034
318.258
318.291
317.868
316.481
313.266
308.528
303.845
300.112
295.53
298.718
302.727
306.311
309.433
312.046
314.152
315.816
317.085
317.946
318.487
318.861
319.12
319.22
318.947
317.861
315.169
310.744
305.944
302.034
295.745
298.926
302.965
306.47
309.441
312.01
314.152
315.886
317.245
318.206
318.818
319.233
319.544
319.734
319.629
318.854
316.768
312.777
307.919
303.781
295.339
298.44
302.529
306.081
308.918
311.417
313.554
315.314
316.722
317.784
318.498
318.988
319.372
319.642
319.69
319.226
317.678
314.255
309.626
305.295
295.235
298.254
302.305
305.845
308.584
310.99
313.093
314.875
316.359
317.551
318.398
318.976
319.423
319.762
319.933
319.718
318.671
316.019
311.865
307.323
295.29
298.25
302.352
305.925
308.491
310.778
312.852
314.66
316.221
317.543
318.536
319.225
319.736
320.122
320.381
320.374
319.776
318.019
314.516
309.928
294.993
297.907
301.867
305.283
307.823
310.094
312.163
314.011
315.667
317.118
318.277
319.093
319.677
320.135
320.48
320.661
320.454
319.385
316.734
312.663
294.971
297.791
301.669
305.052
307.581
309.834
311.868
313.708
315.417
316.97
318.28
319.229
319.912
320.476
320.895
321.172
321.203
320.704
319.121
315.871
294.925
297.617
301.414
304.771
307.257
309.493
311.501
313.327
315.056
316.676
318.106
319.269
320.128
320.765
321.254
321.624
321.864
321.773
320.923
318.775
294.546
297.196
300.828
304.048
306.634
308.996
311.017
312.784
314.443
316.049
317.578
318.942
320.048
320.852
321.422
321.862
322.209
322.387
322.128
320.935
294.606
297.085
300.557
303.64
306
308.129
310.064
311.853
313.576
315.286
316.976
318.563
319.935
320.996
321.685
322.154
322.577
322.913
323.001
322.56
294.221
296.416
299.849
303.239
305.707
307.699
309.481
311.148
312.788
314.458
316.18
317.885
319.451
320.764
321.708
322.303
322.754
323.184
323.496
323.497
294.308
296.368
299.661
302.828
304.958
306.763
308.529
310.225
311.874
313.534
315.254
316.996
318.661
320.161
321.401
322.323
322.938
323.406
323.825
324.091
293.86
295.782
298.91
302.095
304.302
305.978
307.668
309.34
310.935
312.495
314.095
315.754
317.42
319.026
320.491
321.73
322.664
323.289
323.763
324.188
294.052
295.864
298.756
301.607
303.559
305.112
306.696
308.274
309.799
311.303
312.85
314.456
316.111
317.758
319.316
320.755
322.025
323.023
323.703
324.21
293.797
295.418
298.027
300.748
302.846
304.461
305.855
307.202
308.56
309.947
311.398
312.906
314.471
316.06
317.596
319.076
320.497
321.819
322.942
323.739
293.773
295.283
297.747
300.313
302.121
303.445
304.756
306.094
307.446
308.806
310.184
311.57
312.998
314.46
315.904
317.342
318.768
320.162
321.486
322.618
293.469
294.79
296.976
299.406
301.308
302.655
303.822
304.979
306.154
307.345
308.567
309.819
311.126
312.496
313.888
315.283
316.672
318.045
319.382
320.579
293.27
294.408
296.245
298.653
300.768
302.002
303.012
304.084
305.176
306.259
307.336
308.437
309.602
310.842
312.143
313.475
314.812
316.122
317.381
318.516
292.888
293.845
295.476
297.565
299.433
300.759
301.91
303.008
304.025
304.968
305.889
306.841
307.872
308.985
310.165
311.402
312.656
313.877
315.047
316.101
292.905
293.665
295.125
296.836
298.462
300.113
301.455
302.335
303.017
303.711
304.512
305.456
306.503
307.594
308.702
309.797
310.882
311.962
313.014
313.969
292.64
293.275
294.452
296.207
297.875
299.101
300.203
301.085
301.75
302.359
303.042
303.868
304.818
305.807
306.798
307.787
308.765
309.731
310.684
311.566
292.834
293.438
294.542
295.965
297.549
298.793
299.446
299.96
300.532
301.212
301.937
302.664
303.462
304.347
305.269
306.192
307.117
308.033
308.907
309.717
292.642
293.134
294.068
295.442
296.649
297.585
298.5
299.127
299.575
300.048
300.6
301.239
301.963
302.739
303.541
304.36
305.208
306.083
306.951
307.734
292.79
293.309
294.252
295.354
296.258
297.178
298.137
298.785
299.199
299.603
300.057
300.552
301.083
301.65
302.248
302.867
303.52
304.182
305.029
305.803
292.723
293.159
294.028
295.042
295.97
296.883
297.488
297.698
297.873
298.202
298.652
299.169
299.7
300.223
300.746
301.287
301.847
302.405
302.979
303.522
292.892
293.357
294.093
294.963
295.871
296.779
297.484
297.783
297.953
298.26
298.63
298.995
299.33
299.647
299.972
300.335
300.756
301.232
301.767
302.294
292.838
293.271
294.091
295.037
295.801
296.451
296.95
297.137
297.167
297.322
297.605
297.91
298.189
298.457
298.747
299.071
299.418
299.771
300.118
300.446
293.026
293.452
294.191
295.127
296.018
296.721
297.16
297.216
297.152
297.249
297.438
297.644
297.871
298.136
298.381
298.597
298.847
299.162
299.51
299.819
293.091
293.615
294.495
295.535
296.313
296.583
296.655
296.768
296.859
296.927
297.013
297.129
297.264
297.407
297.564
297.756
298.005
298.316
298.6
298.81
293.198
293.72
294.596
295.638
296.379
296.669
296.845
297.006
297.088
297.153
297.234
297.207
297.121
297.134
297.217
297.334
297.473
297.66
297.898
298.106
293.289
293.756
294.461
295.22
295.929
296.411
296.688
296.89
296.997
297.044
297.084
297.081
297.009
296.964
296.981
297.026
297.114
297.227
297.311
297.347
293.649
294.212
294.95
295.584
296.023
296.292
296.434
296.493
296.521
296.546
296.577
296.615
296.659
296.703
296.743
296.784
296.837
296.893
296.931
296.963
293.631
294.176
294.979
295.797
296.304
296.353
296.28
296.308
296.367
296.431
296.484
296.522
296.547
296.567
296.582
296.587
296.578
296.577
296.605
296.606
293.653
294.08
294.76
295.477
296.017
296.198
296.162
296.209
296.303
296.375
296.423
296.458
296.484
296.481
296.473
296.51
296.492
296.383
296.316
296.314
293.8
294.266
294.807
295.233
295.54
295.724
295.817
295.86
295.886
295.918
295.959
296
296.036
296.069
296.101
296.135
296.158
296.165
296.173
296.188
293.402
293.688
294.221
294.849
295.387
295.709
295.771
295.793
295.888
295.97
296.013
296.039
296.058
296.063
296.089
296.117
296.083
296.044
296.053
296.068
293.399
293.675
294.172
294.773
295.108
295.206
295.343
295.485
295.594
295.685
295.744
295.748
295.738
295.744
295.761
295.771
295.776
295.816
295.859
295.835
293.051
293.245
293.644
294.207
294.782
295.199
295.337
295.324
295.339
295.376
295.407
295.423
295.441
295.467
295.499
295.533
295.57
295.615
295.674
295.729
292.702
292.823
293.091
293.467
293.874
294.171
294.323
294.427
294.514
294.629
294.771
294.906
295.013
295.098
295.166
295.218
295.272
295.333
295.376
295.389
292.181
292.264
292.487
292.875
293.342
293.703
293.985
294.267
294.462
294.546
294.576
294.616
294.691
294.796
294.92
295.045
295.166
295.281
295.381
295.465
291.712
291.905
292.251
292.846
293.456
293.841
294.077
294.232
294.343
294.446
294.555
294.668
294.781
294.892
295.002
295.111
295.206
295.281
295.34
295.393
291.829
292.413
293.152
293.821
294.303
294.401
294.219
294.121
294.181
294.282
294.359
294.408
294.454
294.528
294.62
294.692
294.746
294.806
294.872
294.902
292.629
292.979
293.299
293.614
293.828
293.944
294.036
294.154
294.266
294.337
294.341
294.312
294.305
294.314
294.33
294.354
294.382
294.409
294.437
294.462
110.95
106.18
99.0338
94.9041
93.9506
93.0438
93.0014
96.1227
103.378
116.429
136.667
161.408
186.996
211.857
235.84
258.814
280.387
300.23
316.139
324.233
316.211
262.114
123.363
13.9867
1.27797
0.101466
0.00682434
0.000584126
2.74091e-005
2.43863e-006
110.95
108.283
101.541
94.9166
91.9822
90.5115
90.7865
93.7612
100.854
113.57
131.575
154.036
178.946
203.278
226.022
246.953
266.129
283.789
298.521
306.234
299.392
251.603
125.37
16.9836
1.58691
0.128912
0.00905679
0.000693953
3.57215e-005
2.69993e-006
111.174
108.799
102.935
96.5416
92.8224
91.0702
91.2206
94.5039
102.256
114.838
131.722
153.106
177.021
200.262
221.913
241.735
260.072
277.683
293.7
303.602
298.904
253.595
128.797
18.2727
1.72935
0.140006
0.0100889
0.000750873
4.09735e-005
2.9514e-006
113.361
111.753
107.165
101.123
96.9537
95.0989
95.1759
97.4606
103.37
114.743
131.721
153.313
176.679
199.258
220.211
238.938
255.692
271.945
287.571
298.754
296.667
256.197
136.544
20.8999
1.98957
0.160669
0.0120956
0.000858777
4.97836e-005
3.35142e-006
115.662
114.208
110.148
105.024
101.338
99.3339
99.3193
102.214
108.619
119.553
135.799
156.777
179.165
200.515
220.347
238.062
253.527
268.475
283.725
295.732
294.856
256.082
139.331
22.4022
2.16603
0.176687
0.0135939
0.000954328
5.80115e-005
3.79857e-006
119.07
117.972
114.729
110.382
107.001
105.311
105.832
109.057
115.384
125.964
141.575
161.87
183.293
203.526
222.083
238.518
252.487
265.554
279.502
291.869
293.366
258.856
144.886
24.591
2.39805
0.197154
0.0155491
0.00107739
6.79035e-005
4.34828e-006
123.457
122.503
119.76
116.139
113.3
112.052
113.267
117.586
125.126
135.815
150.269
169.189
189.187
207.801
224.813
239.779
252.328
263.741
276.401
288.876
291.718
259.569
148.746
26.5308
2.6007
0.216534
0.0173673
0.00120258
7.84e-005
4.96584e-006
129.206
128.458
126.263
123.291
120.955
120.22
122.275
127.803
136.583
147.567
160.847
177.973
196.463
213.282
228.51
241.875
252.931
262.575
273.431
285.238
289.698
261.659
154.916
29.0243
2.84169
0.238651
0.0193782
0.00134651
9.01536e-005
5.67179e-006
136.491
135.876
134.053
131.668
129.897
129.67
132.482
139.347
149.837
161.361
173.251
188.098
204.693
219.666
232.925
244.561
254.159
262.225
271.369
282.319
287.396
261.709
159.057
31.3388
3.07451
0.260409
0.0214306
0.00149808
0.000102932
6.46101e-006
145.484
144.986
143.503
141.632
140.376
140.61
144.036
152.025
163.754
175.698
186.372
198.999
213.508
226.649
238.002
247.874
256.005
262.537
269.818
279.44
285.164
262.618
163.894
33.8752
3.32245
0.28375
0.0236171
0.00166509
0.000117003
7.34285e-006
156.174
155.75
154.504
153.055
152.269
152.904
156.776
165.473
177.997
190.197
199.715
210.076
222.448
233.84
243.449
251.641
258.348
263.51
269.125
277.378
283.068
262.441
167.339
36.1527
3.56415
0.307239
0.025891
0.00184399
0.000132288
8.32238e-006
168.509
168.132
167.073
165.953
165.577
166.55
170.655
179.558
192.21
204.395
212.895
220.939
231.188
240.954
249.044
255.733
261.082
264.964
268.978
275.647
281.085
262.559
170.99
38.4496
3.81042
0.33196
0.028295
0.00203768
0.00014894
9.4054e-006
182.138
181.787
180.867
180.002
179.926
181.124
185.191
193.766
206.003
217.921
225.568
231.398
239.549
247.777
254.563
259.949
264.055
266.786
269.407
274.565
279.439
262.319
173.898
40.5697
4.05388
0.357507
0.0307983
0.00224628
0.000166929
1.05979e-005
196.481
196.123
195.295
194.674
194.868
196.185
200.029
207.933
219.288
230.602
237.492
241.333
247.48
254.242
259.867
264.157
267.15
268.827
270.185
273.837
278.025
262.285
176.833
42.6912
4.30239
0.384277
0.0334303
0.00247069
0.00018634
1.19039e-005
211.059
210.731
210.018
209.6
209.941
211.238
214.691
221.702
231.885
242.314
248.542
250.666
254.923
260.324
264.875
268.245
270.269
270.997
271.257
273.505
276.862
262.168
179.372
44.7337
4.55264
0.412132
0.0361713
0.00271171
0.00020717
1.33273e-005
225.425
225.155
224.573
224.278
224.597
225.751
228.753
234.727
243.531
252.91
258.604
259.397
261.826
265.988
269.568
272.156
273.349
273.217
272.507
273.43
275.875
262.116
181.871
46.7966
4.80839
0.441162
0.0390403
0.00296971
0.000229469
1.48703e-005
239.166
238.954
238.484
238.228
238.452
239.412
241.947
246.851
254.304
262.481
267.643
267.489
268.197
271.211
273.94
275.858
276.359
275.46
273.906
273.625
275.117
262.039
184.12
48.8311
5.06717
0.471326
0.04203
0.00324528
0.00025324
1.65343e-005
251.988
251.812
251.435
251.199
251.315
252.057
254.092
257.984
264.219
271.252
275.814
274.975
274.095
276.009
277.998
279.343
279.273
277.708
275.41
274.033
274.565
262.013
186.295
50.8758
5.32999
0.502622
0.0451495
0.00353842
0.000278502
1.8319e-005
263.74
263.575
263.268
263.064
263.091
263.625
265.189
268.211
273.296
279.248
283.157
281.849
279.585
280.413
281.75
282.608
282.074
279.941
276.985
274.642
274.221
262.007
188.3
52.9084
5.59547
0.535057
0.0483941
0.00384935
0.000305247
2.02236e-005
274.462
274.301
274.052
273.893
273.858
274.22
275.379
277.614
281.596
286.504
289.734
288.11
284.73
284.466
285.217
285.653
284.748
282.135
278.602
275.412
274.064
262.055
190.198
54.9281
5.86363
0.568603
0.0517683
0.00417788
0.000333472
2.22458e-005
284.246
284.092
283.904
283.784
283.694
283.921
284.754
286.268
289.202
293.1
295.635
293.769
289.558
288.232
288.421
288.484
287.281
284.271
280.245
276.339
274.111
262.175
191.977
56.9147
6.13477
0.603321
0.0552728
0.0045239
0.000363155
2.43826e-005
293.171
293.033
292.906
292.813
292.678
292.807
293.348
294.185
296.161
299.094
300.935
298.853
294.05
291.755
291.383
291.11
289.666
286.336
281.901
277.416
274.369
262.399
193.711
58.859
6.4086
0.639161
0.0589097
0.00488699
0.000394267
2.66299e-005
301.297
301.187
301.105
301.02
300.864
300.928
301.173
301.388
302.533
304.595
305.725
303.421
298.209
295.067
294.13
293.539
291.9
288.315
283.556
278.619
274.815
262.708
195.406
60.7718
6.68684
0.676174
0.0626806
0.00526672
0.000426768
2.89831e-005
308.656
308.584
308.52
308.436
308.297
308.317
308.256
307.913
308.35
309.658
310.094
307.548
302.057
298.184
296.682
295.784
293.984
290.2
285.19
279.907
275.402
263.08
197.054
62.6501
6.9692
0.714178
0.0665838
0.00566242
0.000460608
3.14365e-005
315.302
315.263
315.212
315.136
315.035
315.025
314.652
313.829
313.665
314.246
314.07
311.292
305.625
301.119
299.055
297.852
295.915
291.983
286.785
281.236
276.081
263.482
198.631
64.5043
7.25637
0.753167
0.0706172
0.00607344
0.000495728
3.39841e-005
321.298
321.276
321.241
321.195
321.144
321.086
320.421
319.212
318.536
318.44
317.697
314.7
308.935
303.891
301.266
299.755
297.698
293.658
288.324
282.572
276.814
263.876
200.11
66.3134
7.54779
0.79325
0.0747823
0.00649898
0.000532067
3.66193e-005
326.698
326.688
326.672
326.662
326.67
326.557
325.643
324.132
323.009
322.293
321.024
317.816
312.009
306.513
303.335
301.511
299.339
295.219
289.795
283.901
277.599
264.275
201.486
68.0821
7.8443
0.834477
0.0790763
0.00693809
0.000569548
3.93351e-005
331.566
331.563
331.57
331.604
331.681
331.516
330.391
328.644
327.124
325.839
324.08
320.671
314.852
308.997
305.28
303.139
300.852
296.667
291.187
285.214
278.444
264.724
202.812
69.8034
8.14614
0.876672
0.0834967
0.00738984
0.000608098
4.21245e-005
335.969
335.971
336.004
336.088
336.244
336.032
334.736
332.798
330.917
329.121
326.918
323.309
317.474
311.343
307.114
304.653
302.249
298.005
292.488
286.501
279.36
265.251
204.105
71.4958
8.45294
0.919341
0.0880288
0.00785318
0.000647633
4.49799e-005
339.97
339.979
340.039
340.179
340.424
340.177
338.735
336.633
334.425
332.167
329.556
325.743
319.887
313.543
308.843
306.065
303.542
299.233
293.69
287.749
280.346
265.876
205.403
73.1548
8.76537
0.962374
0.0926694
0.00832746
0.000688077
4.78939e-005
343.627
343.644
343.734
343.935
344.279
344.005
342.426
340.183
337.68
335.009
332.037
327.995
322.124
315.606
310.473
307.384
304.737
300.355
294.785
288.944
281.39
266.6
206.717
74.7958
9.08227
1.00547
0.0974037
0.00881165
0.000729343
5.08589e-005
346.984
347.011
347.133
347.402
347.852
347.546
345.841
343.479
340.708
337.663
334.348
330.1
324.219
317.55
312.014
308.618
305.845
301.379
295.776
290.069
282.465
267.404
208.026
76.4043
9.40604
1.04898
0.102238
0.00930527
0.000771354
5.38674e-005
350.078
350.115
350.272
350.621
351.17
350.821
349.011
346.547
343.534
340.141
336.506
332.075
326.173
319.376
313.471
309.776
306.876
302.317
296.666
291.104
283.526
268.25
209.309
77.976
9.73321
1.0927
0.107155
0.00980706
0.000814016
5.69117e-005
352.939
352.986
353.18
353.621
354.249
353.849
351.969
349.413
346.178
342.466
338.526
333.925
328.008
321.095
314.853
310.864
307.836
303.176
297.457
292.024
284.52
269.089
210.559
79.5097
10.0683
1.13705
0.112166
0.0103166
0.000857257
5.99847e-005
355.593
355.651
355.884
356.425
357.112
356.66
354.737
352.098
348.656
344.654
340.429
335.671
329.738
322.716
316.161
311.887
308.728
303.962
298.152
292.808
285.407
269.879
211.751
81.0038
10.4052
1.18156
0.117243
0.0108324
0.000900972
6.30787e-005
358.064
358.133
358.409
359.052
359.785
359.283
357.338
354.621
350.991
346.723
342.231
337.32
331.366
324.244
317.398
312.847
309.558
304.683
298.752
293.442
286.161
270.602
212.889
82.4545
10.749
1.22673
0.122408
0.0113544
0.000945103
6.61875e-005
360.369
360.449
360.767
361.516
362.289
361.737
359.783
356.995
353.196
348.679
343.94
338.888
332.896
325.679
318.563
313.752
310.335
305.347
299.268
293.924
286.778
271.251
213.967
83.8637
11.0958
1.27194
0.127618
0.0118805
0.000989531
6.93035e-005
362.522
362.613
362.974
363.833
364.641
364.041
362.086
359.235
355.285
350.533
345.562
340.371
334.328
327.023
319.659
314.608
311.068
305.968
299.711
294.266
287.26
271.828
214.989
85.2363
11.4445
1.31788
0.132907
0.0124114
0.00103422
7.24214e-005
364.541
364.642
365.047
366.021
366.863
366.212
364.259
361.353
357.269
352.298
347.109
341.779
335.673
328.283
320.691
315.422
311.764
306.552
300.094
294.49
287.618
272.334
215.949
86.5734
11.8005
1.36352
0.138214
0.0129443
0.00107903
7.55334e-005
366.44
366.552
367.006
368.099
368.969
368.263
366.315
363.364
359.161
353.982
348.584
343.126
336.94
329.467
321.672
316.199
312.423
307.095
300.425
294.62
287.864
272.778
216.857
87.8702
12.1551
1.4102
0.143599
0.0134807
0.00112397
7.86365e-005
368.233
368.358
368.863
370.075
370.969
370.209
368.263
365.277
360.969
355.591
349.996
344.423
338.133
330.583
322.609
316.936
313.038
307.59
300.71
294.688
288.017
273.178
217.723
89.1243
12.5027
1.45612
0.148967
0.0140169
0.00116884
8.17212e-005
369.931
370.072
370.632
371.96
372.873
372.057
370.115
367.103
362.699
357.13
351.338
345.647
339.272
331.641
323.5
317.625
313.596
308.03
300.957
294.725
288.105
273.557
218.563
90.3407
12.857
1.50338
0.154422
0.014556
0.00121374
8.47884e-005
371.544
371.703
372.325
373.761
374.685
373.817
371.879
368.847
364.356
358.601
352.624
346.811
340.347
332.631
324.329
318.248
314.084
308.41
301.18
294.766
288.16
273.932
219.395
91.5285
13.1976
1.54927
0.159817
0.0150923
0.00125839
8.78247e-005
373.08
373.262
373.953
375.484
376.403
375.497
373.563
370.514
365.942
360.01
353.854
347.917
341.361
333.558
325.092
318.799
314.499
308.741
301.401
294.844
288.22
274.311
220.234
92.6729
13.5508
1.59704
0.165316
0.015631
0.00130299
9.08383e-005
374.55
374.756
375.526
377.131
378.032
377.107
375.171
372.107
367.46
361.357
355.033
348.966
342.312
334.419
325.79
319.291
314.866
309.055
301.653
294.988
288.315
274.684
221.105
93.8076
13.8825
1.64251
0.170705
0.0161647
0.00134716
9.38076e-005
375.96
376.196
377.05
378.707
379.579
378.648
376.709
373.63
368.912
362.648
356.165
349.968
343.214
335.222
326.44
319.757
315.233
309.407
301.98
295.22
288.466
275.028
222.016
94.8983
14.2344
1.69071
0.176227
0.0166999
0.00139117
9.67528e-005
377.312
377.581
378.524
380.212
381.046
380.12
378.179
375.087
370.297
363.885
357.247
350.916
344.058
335.976
327.071
320.246
315.663
309.854
302.413
295.543
288.674
275.313
222.972
96.021
14.5536
1.73538
0.181587
0.0172295
0.00143473
9.96404e-005
378.642
378.95
379.977
381.674
382.457
381.539
379.59
376.481
371.619
365.069
358.283
351.82
344.856
336.692
327.703
320.785
316.188
310.415
302.94
295.933
288.927
275.533
223.948
97.0942
14.9088
1.78405
0.187099
0.0177569
0.00147779
0.000102501
379.919
380.264
381.366
383.053
383.79
382.891
380.937
377.808
372.877
366.2
359.274
352.676
345.618
337.388
328.342
321.362
316.772
311.026
303.489
296.334
289.197
275.67
224.863
98.3293
15.2144
1.8276
0.192433
0.0182841
0.00152087
0.000105306
381.302
381.685
382.83
384.472
385.15
384.243
382.261
379.097
374.088
367.29
360.229
353.501
346.344
338.008
328.925
321.902
317.306
311.567
303.962
296.693
289.49
275.811
225.611
99.6155
15.6181
1.87758
0.197888
0.0187955
0.00156221
0.000108049
301.494
313.681
328.119
343.579
356.779
366.392
372.457
374.785
372.924
367.595
361.102
354.41
346.979
338.391
329.298
322.263
317.663
311.951
304.31
296.985
289.814
276.141
226.693
101.75
16.3406
2.00125
0.213349
0.0203211
0.00168582
0.000115896
292.023
294.325
301.172
312.86
327.182
341.1
353.274
361.626
364.458
362.378
357.993
352.448
345.954
338.331
329.885
323.134
318.491
312.63
304.84
297.389
290.328
275.987
225.805
101.489
16.0053
1.96926
0.21316
0.0207009
0.00174816
0.000122391
291.331
290.843
292.391
298.061
307.754
320.109
333.391
344.752
351.207
352.631
351.217
347.913
343.071
336.705
329.246
323.131
318.865
313.192
305.449
297.909
290.902
276.1
225.526
102.307
16.5389
2.07752
0.227582
0.0222253
0.00188293
0.00013206
292.548
291.495
291.188
293.096
298.153
306.545
317.624
328.667
336.509
340.613
342.189
341.491
338.907
334.646
328.644
323.372
319.46
313.776
305.987
298.343
291.327
276.287
225.152
102.41
16.7778
2.13879
0.238309
0.0235198
0.00201017
0.000141847
294.054
292.893
292.17
292.461
294.641
299.42
307.086
316.004
323.538
329.195
333.283
335.288
335.105
332.614
327.758
323.363
319.955
314.344
306.579
298.821
291.65
276.562
224.817
102.739
17.2645
2.23405
0.252446
0.0250673
0.00215505
0.000152576
295.454
294.258
293.59
293.372
294.145
296.662
301.479
307.876
314.409
320.688
326.383
330.36
331.932
330.892
327.096
323.537
320.551
314.839
307.077
299.223
291.828
276.933
224.429
103.018
17.8225
2.33971
0.268256
0.0267735
0.00231462
0.000164239
296.422
295.16
294.669
294.456
294.819
296.278
299.315
303.867
309.398
315.654
321.983
326.999
329.648
329.558
326.585
323.649
320.932
315.243
307.561
299.604
291.91
277.47
224.168
103.475
18.5207
2.46459
0.286286
0.0286725
0.00249079
0.00017693
298.033
296.577
296.098
295.912
296.15
297.138
299.293
302.828
307.546
313.349
319.612
324.904
327.964
328.46
326.291
323.894
321.235
315.533
307.947
299.902
291.855
278.089
224.195
104.159
19.3613
2.61195
0.306772
0.0307886
0.00268514
0.000190749
299.432
297.804
297.287
297.171
297.449
298.335
300.183
303.189
307.314
312.579
318.415
323.518
326.735
327.545
325.908
324.062
321.447
315.754
308.301
300.161
291.699
278.633
224.818
105.106
20.3544
2.78634
0.329983
0.033152
0.00289931
0.000205804
300.478
298.604
298.082
298.078
298.475
299.422
301.203
303.932
307.662
312.414
317.729
322.58
325.762
326.702
325.566
324.146
321.531
315.844
308.531
300.307
291.365
278.697
226.186
106.67
21.5181
2.99187
0.356135
0.0357959
0.00313486
0.000222217
301.791
299.382
298.728
298.781
299.295
300.321
302.077
304.619
308.044
312.421
317.42
321.94
324.808
325.752
325.099
324.15
321.551
315.861
308.712
300.398
290.855
278.033
228.241
109.297
22.8701
3.23141
0.385355
0.038753
0.00339316
0.000240122
303.804
300.658
299.675
299.654
300.23
301.272
302.951
305.319
308.525
312.677
317.284
321.219
323.695
324.76
324.661
324.078
321.456
315.79
308.812
300.423
290.126
276.558
230.736
113.139
24.4227
3.50692
0.4177
0.0420503
0.00367523
0.00025965
306.217
302.147
300.623
300.484
301.072
302.115
303.736
305.98
308.975
312.815
316.901
320.259
322.551
323.853
324.187
323.882
321.248
315.629
308.805
300.387
289.219
274.324
233.244
118.074
26.1828
3.81951
0.453204
0.0457081
0.0039817
0.000280914
309.483
304.474
302.088
301.719
302.194
303.118
304.586
306.608
309.321
312.775
316.298
319.303
321.646
323.034
323.602
323.594
320.975
315.401
308.681
300.23
288.22
271.728
235.417
124.196
28.1961
4.17046
0.491939
0.0497372
0.0043128
0.000303987
313.342
307.627
304.001
302.95
303.225
304.017
305.33
307.129
309.561
312.575
315.737
318.662
320.982
322.161
322.881
323.244
320.651
315.104
308.394
299.853
286.926
269.078
236.748
131.214
30.5179
4.56102
0.534057
0.0541344
0.00466837
0.000328877
317.138
311.576
306.658
304.427
304.24
304.893
306.026
307.626
309.792
312.524
315.529
318.239
320.275
321.266
322.207
322.823
320.288
314.733
307.894
299.04
285.087
266.463
236.749
138.64
33.2613
4.99496
0.580101
0.0588843
0.00504825
0.000355527
320.467
316.391
310.708
306.47
305.349
305.75
306.811
308.235
310.153
312.737
315.458
317.756
319.568
320.549
321.583
322.266
319.877
314.294
307.158
297.715
282.624
263.824
236.005
146.669
36.6863
5.48228
0.631539
0.0639763
0.00545319
0.000383834
322.757
320.542
315.996
310.279
307.073
306.909
307.747
308.899
310.595
312.985
315.31
317.337
319.112
320.034
320.847
321.502
319.412
313.799
306.226
296.01
279.715
261.169
234.922
154.569
41.1617
6.02736
0.690632
0.0694074
0.00588561
0.000413695
324.168
323.451
321.128
316.407
310.834
308.224
308.542
309.486
311.054
313.198
315.184
317.175
318.925
319.638
320.079
320.727
319.067
313.581
305.646
293.914
276.135
258.688
234.363
161.579
46.4307
6.61454
0.757533
0.0751536
0.00634694
0.000445011
324.749
324.951
324.288
322.067
317.621
312.207
309.629
309.867
311.26
313.402
315.388
317.496
319.259
319.821
320.125
320.821
319.323
313.847
304.686
289.129
272.134
257.541
234.591
166.407
51.5339
7.213
0.827982
0.0811414
0.00683255
0.000477633
324.992
325.638
325.927
325.452
323.693
319.981
315.108
311.825
311.715
313.647
315.99
318.801
321.037
321.537
321.298
321.177
319.353
312.518
298.715
282.884
270.289
257.543
235.323
170.466
56.4711
7.82889
0.900859
0.0873504
0.00733819
0.000511387
324.669
325.408
326.054
326.49
326.452
325.429
323.081
319.25
315.817
315.243
317.273
320.718
322.877
322.019
320.015
318.745
315.312
304.796
291.793
280.885
270.226
258.02
236.368
174.348
61.2
8.46381
0.975439
0.0937598
0.00785936
0.000546042
323.952
324.862
325.598
326.275
326.884
327.172
326.796
325.443
323.19
320.878
320.138
321.25
321.033
318.175
314.77
311.958
307.822
300.168
290.603
280.942
270.777
258.755
237.676
178.29
65.9292
9.12407
1.05137
0.100347
0.00839186
0.000581288
322.131
323.384
324.419
325.276
326.055
326.697
327.089
327.041
326.318
324.857
323.338
322.083
319.881
316.388
312.664
309.341
305.657
299.454
290.869
281.577
271.578
259.626
239.16
182.202
70.9066
9.83033
1.12851
0.107077
0.0089315
0.000616721
320.021
321.329
322.584
323.738
324.721
325.485
326.052
326.344
326.183
325.485
324.355
322.765
320.126
316.529
312.763
309.101
305.026
299.265
291.413
282.419
272.52
260.618
240.804
186.063
75.9562
10.5977
1.20688
0.1139
0.00947293
0.000651817
317.51
318.779
320.061
321.337
322.571
323.617
324.33
324.708
324.713
324.288
323.422
322.072
319.517
315.94
312.292
308.641
304.545
299.154
291.962
283.346
273.592
261.807
242.632
189.887
80.5478
11.3777
1.28608
0.120738
0.0100082
0.000685921
315.23
316.369
317.569
318.814
320.058
321.191
322.095
322.708
322.866
322.532
321.781
320.582
318.207
314.79
311.347
307.855
303.978
299.036
292.436
284.257
274.768
263.223
244.576
193.487
84.8508
12.1755
1.36559
0.127487
0.0105271
0.000718256
312.703
313.694
314.777
315.97
317.199
318.344
319.314
320.046
320.41
320.319
319.78
318.777
316.601
313.378
310.152
306.893
303.291
298.843
292.866
285.138
275.956
264.795
246.728
197.004
88.9764
12.9959
1.44445
0.134014
0.0110177
0.000747947
310.746
311.551
312.383
313.307
314.309
315.342
316.321
317.154
317.705
317.862
317.561
316.772
314.845
311.857
308.877
305.886
302.628
298.667
293.279
286.009
277.115
266.304
248.822
200.423
92.9628
13.8155
1.52083
0.140139
0.0114661
0.000774044
308.683
309.399
310.09
310.776
311.481
312.265
313.093
313.873
314.497
314.852
314.861
314.503
313.047
310.323
307.527
304.753
301.773
298.352
293.65
286.921
278.31
267.832
250.966
203.824
96.8097
14.6193
1.59276
0.145675
0.0118575
0.000795684
306.508
307.113
307.868
308.774
309.515
310.006
310.594
311.249
311.778
312.105
312.195
312.041
310.964
308.674
306.136
303.611
300.944
297.983
293.941
287.834
279.565
269.378
253.061
207.019
100.444
15.4014
1.65756
0.150415
0.0121747
0.000812045
304.211
304.804
305.437
306.147
306.892
307.682
308.488
309.136
309.537
309.684
309.684
309.547
308.733
306.926
304.678
302.454
300.191
297.592
294.132
288.73
280.873
270.923
255.152
210.103
103.805
16.1331
1.71288
0.154177
0.0124057
0.000822787
302.827
303.114
303.473
303.953
304.54
305.215
305.947
306.672
307.199
307.218
307.018
306.925
306.55
305.514
303.576
301.33
299.308
297.148
294.335
289.716
282.386
272.537
257.119
213.002
106.749
16.7431
1.75621
0.156766
0.0125416
0.000827506
300.907
301.348
301.824
302.306
302.762
303.166
303.589
304.012
304.372
304.672
304.905
305.071
304.777
303.763
302.035
300.084
298.403
296.615
294.341
290.518
283.91
274.245
258.987
215.697
109.328
17.2252
1.78624
0.158053
0.0125847
0.000826847
300.071
300.177
300.391
300.684
301.028
301.426
301.714
301.733
301.737
301.877
302.048
302.194
302.24
301.891
300.852
299.293
297.748
296.246
294.367
291.272
285.546
276.205
260.846
218.022
111.498
17.5702
1.79908
0.158013
0.0125424
0.000822433
298.953
298.922
298.945
299.033
299.158
299.391
299.798
300.201
300.266
300.064
299.917
299.795
299.586
299.292
298.687
297.92
297.056
295.837
294.274
291.776
286.98
278.321
262.849
219.794
112.702
17.6329
1.78978
0.156829
0.0124417
0.000816903
298.141
298.027
298.005
298.068
298.096
298.11
298.27
298.568
298.686
298.452
298.171
297.982
297.789
297.33
296.763
296.434
296.047
295.264
294.083
292.178
288.364
280.743
265.469
221.276
112.64
17.4083
1.76837
0.155474
0.0123578
0.000813389
297.285
297.201
297.203
297.28
297.393
297.435
297.472
297.557
297.489
297.242
296.908
296.505
296.075
295.69
295.438
295.352
295.163
294.645
293.761
292.213
289.072
282.513
267.914
222.51
111.646
17.0478
1.74661
0.154528
0.0122995
0.000811534
296.961
296.918
296.903
296.888
296.89
296.877
296.778
296.672
296.591
296.416
296.152
295.864
295.499
295.108
294.758
294.544
294.346
293.899
293.241
292.055
289.453
283.761
269.823
223.634
110.971
16.8417
1.74005
0.154405
0.0122907
0.000810988
296.575
296.551
296.491
296.438
296.419
296.392
296.361
296.3
296.174
295.999
295.779
295.472
295.075
294.666
294.272
293.968
293.747
293.448
292.945
291.894
289.496
284.101
270.55
224.381
110.771
16.728
1.73821
0.154233
0.0122709
0.000808927
296.302
296.256
296.203
296.158
296.117
296.071
296.034
296.004
295.935
295.799
295.607
295.337
294.964
294.518
294.052
293.625
293.29
293.005
292.579
291.598
289.242
283.947
270.707
225.049
111.409
16.8274
1.74695
0.154523
0.0122715
0.000807426
296.166
296.094
296.008
295.937
295.895
295.855
295.825
295.816
295.78
295.691
295.536
295.295
294.949
294.499
293.977
293.454
293.007
292.621
292.143
291.195
289.03
284.024
270.901
224.967
110.98
16.7152
1.7379
0.154011
0.0122313
0.000805163
296.049
295.986
295.899
295.822
295.766
295.722
295.688
295.664
295.629
295.563
295.452
295.256
294.923
294.462
293.925
293.348
292.79
292.299
291.744
290.725
288.593
283.86
271.019
224.912
110.627
16.6653
1.73909
0.154269
0.0122417
0.000805287
295.798
295.789
295.772
295.719
295.645
295.595
295.587
295.602
295.597
295.532
295.405
295.226
294.955
294.571
294.07
293.446
292.743
292.017
291.295
290.303
288.22
283.396
270.573
224.698
110.417
16.594
1.7319
0.15329
0.0121581
0.000799275
295.734
295.698
295.691
295.683
295.641
295.597
295.567
295.531
295.476
295.393
295.273
295.105
294.889
294.615
294.234
293.723
293.022
292.085
291.061
290.053
288.365
283.79
270.502
223.754
109.156
16.2936
1.70774
0.151667
0.0120689
0.000795483
295.433
295.499
295.555
295.603
295.615
295.582
295.543
295.508
295.46
295.385
295.267
295.077
294.803
294.464
294.067
293.642
293.11
292.261
291.103
289.93
288.553
284.638
271.083
222.176
106.008
15.6873
1.67216
0.149814
0.0119601
0.000790112
295.594
295.67
295.705
295.737
295.69
295.58
295.519
295.516
295.491
295.411
295.282
295.096
294.837
294.538
294.234
293.936
293.566
292.901
291.791
290.356
288.594
284.701
271.218
221.044
103.716
15.2943
1.6418
0.147398
0.0117637
0.000777546
295.495
295.6
295.679
295.713
295.702
295.676
295.668
295.665
295.621
295.541
295.401
295.167
294.84
294.487
294.149
293.88
293.706
293.34
292.577
291.227
288.869
284.113
270.654
220.847
102.444
14.8448
1.58603
0.142215
0.011349
0.000753626
294.901
294.887
294.9
294.974
295.053
295.121
295.191
295.239
295.211
295.117
294.988
294.796
294.541
294.239
294.013
294.055
294.29
294.353
294.085
293.202
290.565
284.462
269.828
219.599
100.04
14.0785
1.50293
0.135177
0.0108759
0.000730424
294.43
294.365
294.346
294.414
294.559
294.779
295.029
295.21
295.292
295.246
295.074
294.825
294.494
294.151
293.963
294.035
294.298
294.53
294.613
294.191
291.774
285.209
269.85
218.817
98.15
13.5143
1.43169
0.12972
0.0105218
0.000714318
)
;

boundaryField
{
    inlet
    {
        type            calculated;
        value           nonuniform List<scalar> 
100
(
0.000141214
0.000140757
0.000139939
0.000139269
0.000138512
0.000137756
0.000136978
0.000136181
0.000135368
0.000134537
0.000133691
0.000132829
0.000131954
0.000131067
0.000130168
0.000129261
0.000128346
0.000127427
0.000126505
0.000125583
0.000124665
0.000123754
0.000122852
0.000121964
0.000121094
0.000120245
0.000119423
0.000118631
0.000117874
0.000117157
0.000116482
0.000115855
0.000115279
0.000114756
0.000114289
0.000113878
0.000113523
0.000113224
0.000112977
0.000112779
0.000112624
0.000112508
0.000112425
0.000112366
0.000112328
0.000112303
0.000112289
0.000112281
0.000112277
0.000112275
0.000175358
0.000173527
0.00017324
0.000171746
0.000171129
0.000169848
0.000169047
0.000167897
0.000167008
0.000165946
0.000165025
0.000164027
0.000163111
0.000162166
0.000161272
0.000160376
0.000159516
0.000158667
0.000157847
0.000157044
0.000156266
0.000155508
0.000154774
0.000154061
0.00015337
0.0001527
0.000152052
0.000151424
0.000150816
0.000150228
0.000149659
0.000149109
0.000148578
0.000148064
0.000147569
0.000147089
0.000146627
0.000146179
0.000145749
0.000145331
0.000144931
0.000144539
0.000144171
0.000143801
0.000143463
0.000143112
0.000142808
0.000142466
0.000142204
0.000141856
)
;
    }
    outlet
    {
        type            calculated;
        value           nonuniform List<scalar> 
100
(
0.000115896
0.000122391
0.00013206
0.000141847
0.000152576
0.000164239
0.00017693
0.000190749
0.000205804
0.000222217
0.000240122
0.00025965
0.000280914
0.000303987
0.000328877
0.000355527
0.000383834
0.000413695
0.000445011
0.000477633
0.000511387
0.000546042
0.000581288
0.000616721
0.000651817
0.000685921
0.000718256
0.000747947
0.000774044
0.000795684
0.000812045
0.000822787
0.000827506
0.000826847
0.000822433
0.000816903
0.000813389
0.000811534
0.000810988
0.000808927
0.000807426
0.000805163
0.000805287
0.000799275
0.000795483
0.000790112
0.000777546
0.000753626
0.000730424
0.000714318
2.43863e-006
2.69993e-006
2.9514e-006
3.35142e-006
3.79857e-006
4.34828e-006
4.96584e-006
5.67179e-006
6.46101e-006
7.34285e-006
8.32238e-006
9.4054e-006
1.05979e-005
1.19039e-005
1.33273e-005
1.48703e-005
1.65343e-005
1.8319e-005
2.02236e-005
2.22458e-005
2.43826e-005
2.66299e-005
2.89831e-005
3.14365e-005
3.39841e-005
3.66193e-005
3.93351e-005
4.21245e-005
4.49799e-005
4.78939e-005
5.08589e-005
5.38674e-005
5.69117e-005
5.99847e-005
6.30787e-005
6.61875e-005
6.93035e-005
7.24214e-005
7.55334e-005
7.86365e-005
8.17212e-005
8.47884e-005
8.78247e-005
9.08383e-005
9.38076e-005
9.67528e-005
9.96404e-005
0.000102501
0.000105306
0.000108049
)
;
    }
    bottom
    {
        type            symmetryPlane;
    }
    top
    {
        type            symmetryPlane;
    }
    obstacle
    {
        type            calculated;
        value           nonuniform List<scalar> 
120
(
328.475
308.238
303.245
294.069
291.815
289.824
291.589
291.799
293.035
292.874
293.197
292.912
293.414
294.019
295.292
296.504
297.996
299.192
300.251
300.943
301.387
301.459
301.142
300.525
299.654
298.625
297.401
296.054
294.622
293.228
291.955
290.906
290.1
289.574
289.318
289.323
289.525
289.858
290.239
290.611
290.925
291.161
291.312
291.379
291.362
291.263
291.087
290.836
290.512
290.113
110.95
110.95
111.174
113.361
115.662
119.07
123.457
129.206
136.491
145.484
156.174
168.509
182.138
196.481
211.059
225.425
239.166
251.988
263.74
274.462
284.246
293.171
301.297
308.656
315.302
321.298
326.698
331.566
335.969
339.97
343.627
346.984
350.078
352.939
355.593
358.064
360.369
362.522
364.541
366.44
368.233
369.931
371.544
373.08
374.55
375.96
377.312
378.642
379.919
381.302
291.879
295.306
300.498
305.521
309.313
312.002
313.85
315.132
315.934
316.329
316.517
316.64
316.664
316.365
315.299
312.686
308.161
302.916
298.777
294.781
)
;
    }
    defaultFaces
    {
        type            empty;
    }
}


// ************************************************************************* //
