/*--------------------------------*- C++ -*----------------------------------*\
| =========                 |                                                 |
| \\      /  F ield         | OpenFOAM: The Open Source CFD Toolbox           |
|  \\    /   O peration     | Version:  5.x                                   |
|   \\  /    A nd           | Web:      www.OpenFOAM.org                      |
|    \\/     M anipulation  |                                                 |
\*---------------------------------------------------------------------------*/
/*   Windows 32 and 64 bit porting by blueCAPE: http://www.bluecape.com.pt   *\
|  Based on Windows porting (2.0.x v4) by Symscape: http://www.symscape.com   |
\*---------------------------------------------------------------------------*/
FoamFile
{
    version     2.0;
    format      ascii;
    class       volScalarField;
    location    "0.007";
    object      p;
}
// * * * * * * * * * * * * * * * * * * * * * * * * * * * * * * * * * * * * * //

dimensions      [1 -1 -2 0 0 0 0];

internalField   nonuniform List<scalar> 
10000
(
99999.9
99999.6
99998.3
99993
99972.8
99904.9
99704.2
99202.2
98115
96079.8
92852
88523.7
83522.9
78340.3
73344.2
68660.2
64334.8
60347.7
56698.2
53354.4
50299.9
47533.5
45017.1
42747.5
40710.6
38898.1
37299.5
35899.7
34695.2
33668.9
32821.1
32155.3
31642.5
31235
30950.4
30750.7
30608.8
30520.4
30488.3
30476.9
30474.7
30473.1
30473.5
30474.5
30477.2
30483.8
30483.8
30483.3
30480.2
30464.9
30465.4
30464.3
30460
30449.8
30436.2
30428.9
30421.2
30410.8
30418.7
30436.8
99999.9
99999.6
99998.4
99993.1
99973.4
99906.9
99710.6
99219.1
98153.2
96152.7
92969.4
88685.3
83717.9
78554.7
73567.1
68886
64560.3
60570.4
56918
53569.5
50509.2
47734.9
45212
42934.1
40887.8
39063.6
37452.6
36041.7
34823.7
33782.5
32920.2
32242.5
31710.2
31292.1
30990.6
30779.3
30629
30532
30493.3
30484.8
30472.8
30472.7
30472.8
30473.5
30475.5
30480.5
30486.7
30485.9
30482.9
30471.1
30472
30470.9
30466.1
30454.1
30441.3
30438.1
30433.8
30428.1
30429.7
30441
99999.9
99999.6
99998.4
99993.1
99973.4
99907.2
99711.2
99220.6
98156
96157.6
92976.2
88692.9
83725.7
78561.6
73573.2
68890.8
64564.3
60575.2
56920.5
53573.1
50510.9
47738.9
45213.9
42934.5
40887.4
39064.1
37453.4
36039.9
34822.1
33779.6
32913.9
32229
31702.6
31281.1
30984.7
30775.7
30626.6
30531.4
30493.7
30475.8
30469.9
30470.7
30470.8
30471
30473.1
30477.7
30482.2
30484.2
30484.1
30476.9
30472.6
30470.7
30466
30460.9
30455.4
30448.7
30444
30434.2
30425.8
30419.1
99999.9
99999.6
99998.4
99993.2
99973.9
99908.9
99716.6
99234.9
98188.7
96220.6
93078.9
88836.3
83900.7
78756
73776.6
69098.2
64772.3
60779.8
57124.2
53772.3
50705.3
47924.9
45395.7
43109.7
41054.3
39219.4
37597.4
36175.2
34942.9
33888.7
33012.2
32318.4
31773.3
31343.4
31028
30810.5
30651.8
30546.7
30504.8
30485.5
30474.1
30471.6
30472
30472.7
30474.5
30478.2
30483.2
30486.3
30485.7
30476.7
30475.4
30475.5
30474.8
30472.2
30461.9
30453.6
30442
30427.7
30414.7
30398.1
99999.9
99999.6
99998.4
99993.3
99974
99909.3
99717.7
99237.5
98193.7
96229.3
93091
88849.9
83914.4
78768.5
73787.6
69107
64779.6
60788.7
57129.2
53778.1
50709.9
47931.5
45399.1
43110.8
41054.2
39220.4
37598.8
36173.5
34943.1
33889
33007
32301
31766.5
31331.3
31020.2
30801.2
30645.7
30539.2
30500.1
30475.4
30469.5
30469.2
30469.7
30470.6
30472.5
30476.3
30481.8
30482.2
30481.8
30472.3
30472
30474.9
30474.9
30473.4
30465.5
30450.8
30433.6
30404
30393.6
30386.2
99999.9
99999.7
99998.4
99993.4
99974.4
99910.7
99722.2
99249.6
98221.7
96283.7
93180.9
88977.2
84071.9
78944.8
73973.3
69297.6
64971.6
60976.5
57318.3
53962.9
50890
48103.5
45568.9
43275.2
41211.2
39366.6
37734.1
36300.9
35056.5
33991.6
33098
32390.1
31830.9
31390
31062.4
30839
30671.2
30559.8
30515.1
30487.3
30474
30473.9
30473.6
30473.6
30474.3
30477.1
30479.3
30480.6
30483.6
30479.3
30479.4
30479.8
30479.1
30474.7
30467.6
30454.3
30438.1
30404.7
30394.1
30376.4
99999.9
99999.7
99998.4
99993.4
99974.5
99911.3
99723.6
99252.9
98228.3
96295.3
93197.2
88995.7
84090.2
78961.6
73988.3
69309.5
64981.6
60989.2
57325.4
53970.9
50897.3
48112.7
45573.6
43277.2
41212.1
39369.3
37737
36301.1
35058.4
33990.9
33098.4
32373.6
31828.3
31381.7
31057
30828.4
30668.2
30549.7
30506.2
30477.8
30468
30468.2
30468.7
30469.6
30471.9
30474.7
30477.3
30479.2
30479.8
30476.3
30476.2
30476.6
30475.1
30468.3
30456.9
30440.1
30429.1
30417.8
30386.3
30370.3
99999.9
99999.7
99998.4
99993.5
99974.9
99912.5
99727.4
99263.2
98252.3
96342.6
93276
89108.9
84232.1
79122
74158.1
69485
65158.8
61161.3
57500.8
54141.9
51064.1
48271.1
45732
43431.3
41359.1
39505.3
37862.8
36419.6
35163.7
34092.1
33181.9
32456.6
31884.9
31434.1
31094.2
30863.1
30688.2
30573.2
30522.6
30490.3
30475
30474.9
30474.8
30474.4
30474.7
30476.8
30479.9
30482.5
30485
30481.3
30481.3
30481.3
30478.9
30471.1
30458.1
30442.3
30430.8
30432.6
30396.3
30381.4
99999.9
99999.7
99998.4
99993.5
99975
99913.1
99729
99267.1
98260.1
96356.2
93295.4
89131.1
84254.2
79141.8
74176
69499.2
65170.8
61177.2
57509.6
54151.8
51073.6
48282.4
45737.6
43434
41361.4
39509.8
37868.4
36422.9
35166.9
34088.7
33183.4
32444.2
31887.4
31431.8
31092.4
30857.8
30690.5
30558.1
30511.7
30482
30466.9
30467.3
30468.1
30469
30471.6
30476.2
30478.5
30481
30482.2
30482.2
30474.4
30475.4
30473.1
30466.7
30453.5
30433.8
30427.8
30427.7
30390.2
30371
99999.9
99999.7
99998.5
99993.6
99975.3
99914.1
99732.3
99276
98280.9
96397.4
93364.7
89231.8
84381.9
79288.2
74331.7
69661
65334.7
61335.3
57672.4
54309.7
51228.2
48429
45885.3
43578
41498.6
39636.4
37985
36532.3
35265.7
34185.1
33262.4
32520.1
31938.3
31477.1
31124.9
30885.8
30708.1
30585.3
30530.2
30494.2
30476.6
30476.8
30476.7
30476.5
30477.1
30479.1
30482.3
30484.9
30486.6
30486.5
30479.9
30481.6
30480.2
30473.9
30461.8
30449.3
30440.6
30427
30392.2
30370
99999.9
99999.7
99998.5
99993.6
99975.5
99914.7
99734
99280.1
98289.4
96412.4
93386.3
89257
84407
79310.3
74351.6
69676.9
65348.2
61353.1
57682.5
54321.3
51239.2
48441.9
45891.8
43581.2
41501.5
39642.1
37992
36538.3
35269
34182.9
33262
32513.8
31942.4
31478.5
31125.1
30882.9
30709.4
30568.1
30516.7
30487.4
30468.6
30469.1
30470.1
30471.2
30473.3
30477
30480.8
30483.7
30486
30484.9
30474.3
30475.7
30475.2
30470
30460.6
30446.7
30422.5
30415.2
30403.1
30370
99999.9
99999.7
99998.5
99993.7
99975.7
99915.6
99736.8
99287.8
98307.4
96448.6
93447.4
89346.7
84522.1
79444
74494.7
69826.4
65500
61498.7
57833.7
54466.8
51382.7
48577.3
46029.1
43716.2
41629.8
39760
38100.4
36639.2
35362.6
34272.5
33339.1
32581
31991.1
31519.6
31157.4
30911.5
30729.6
30595.2
30538.6
30499.2
30478.7
30478.7
30478.5
30478
30478.3
30480.5
30484.9
30487.8
30490.7
30490.2
30479.8
30481
30480.5
30475.8
30470.3
30456.9
30426.4
30422.8
30417.2
30394.2
99999.9
99999.7
99998.5
99993.7
99975.9
99916.3
99738.6
99292.1
98316.3
96464.4
93470.5
89373.9
84549.5
79467.9
74516.1
69843.3
65514.5
61517.7
57844.8
54480.7
51395.1
48591.6
46036.7
43719.7
41633.4
39766.6
38107.9
36645.5
35365.6
34273
33336.7
32579.9
31994.9
31521.7
31156.5
30907.7
30727.6
30579.8
30525
30492.1
30470.9
30471.5
30472
30472.8
30474.4
30478.2
30483.7
30486.7
30486.4
30484.9
30472.7
30473.8
30473.6
30470.2
30466.4
30449.9
30420.7
30419.7
30414
30401.6
99999.9
99999.7
99998.5
99993.8
99976.1
99917.1
99741.1
99298.9
98332.1
96496.3
93524.6
89454
84653.3
79590
74647.5
69981.7
65655.3
61652.2
57985.4
54614
51528.1
48716.6
46164.3
43846.5
41753.4
39876.5
38209.2
36740
35454.6
34355.4
33411.6
32640.5
32042
31560.3
31189.2
30935
30749.2
30605.4
30544.6
30504.2
30481.4
30481.2
30480.7
30479.7
30479.9
30480.9
30485.8
30487.8
30487.9
30487.4
30477.3
30478.2
30478.1
30476.3
30471.1
30454
30427.4
30426.5
30412.2
30401.6
99999.9
99999.7
99998.5
99993.8
99976.3
99917.7
99742.9
99303.2
98341.1
96512.4
93548.5
89482.6
84682.3
79615.2
74670
69999.2
65670.4
61672.1
57997.2
54629.7
51541.6
48732
46172.5
43850.3
41757.4
39883.6
38216.9
36746.6
35456.8
34356.2
33407.3
32641.1
32044.9
31562
31186.4
30931.3
30744.5
30590.8
30532.5
30495.7
30474.4
30474.9
30475.2
30475.6
30476.6
30478.7
30484.2
30485
30484.7
30483.1
30471
30470.4
30471.4
30470.4
30465.2
30449.4
30425.8
30421
30404.4
30384.9
99999.9
99999.7
99998.5
99993.9
99976.5
99918.4
99745.1
99309.2
98355.1
96540.7
93596.8
89554.3
84776.1
79726.7
74791
70127.6
65801.1
61796.4
58127.9
54752.5
51664.8
48847.8
46292.5
43969.3
41870.1
39986.3
38311.6
36835.2
35541.3
34434.3
33481.6
32697.8
32090.3
31599.6
31220.1
30956.9
30767.6
30614.4
30550.5
30509.3
30484.2
30483.8
30483
30481.6
30481.8
30483.3
30484.2
30486.4
30487
30486.4
30477.2
30475.5
30476.5
30475.9
30471.3
30460.7
30435.8
30422.9
30395.8
30381.7
99999.9
99999.7
99998.5
99993.9
99976.6
99919
99746.8
99313.4
98364
96556.9
93620.9
89583.7
84806.2
79752.9
74814.2
70145.3
65816.7
61816.9
58140.3
54769.6
51679.3
48863.8
46300.5
43973.2
41874.3
39993.8
38319.7
36842
35543.1
34434.8
33475.7
32698.1
32092.4
31600.7
31215.8
30954.1
30759.7
30603.8
30539.1
30498.7
30477.8
30478.3
30478.6
30478.8
30480.4
30482.9
30481.2
30484.2
30484.7
30483.2
30471.7
30470.1
30471.8
30471
30465.7
30452.5
30433.2
30419.7
30386.5
30371
99999.9
99999.7
99998.5
99993.9
99976.8
99919.6
99748.7
99318.8
98376.5
96582.1
93664.1
89648.1
84891.1
79854.9
74925.5
70264.5
65938
61932.3
58261.9
54881.6
51793.4
48971
46412.5
44084.6
41979.7
40089.4
38408
36924.7
35623.6
34509.1
33548
32753
32135.8
31636.5
31253.1
30979.5
30785.4
30623.6
30556.6
30513.1
30486.7
30486.2
30485.3
30484
30484.4
30485.7
30483.8
30485.6
30487.1
30486.3
30476.6
30475.8
30477.5
30476.5
30472.8
30457.2
30439.2
30422.5
30396.7
30360.7
99999.9
99999.7
99998.5
99994
99977
99920.2
99750.4
99322.9
98385.2
96598.1
93688.2
89677.7
84921.7
79881.6
74949.1
70282.1
65953.6
61952.5
58274.9
54900.4
51808.9
48987.3
46420.7
44088.4
41983.9
40097.3
38416.4
36931.8
35625.1
34509.2
33541.3
32752.9
32137.5
31637.7
31243.7
30976.3
30773.7
30616.3
30544.7
30499.6
30481.2
30481.6
30481.7
30482
30482.4
30484.5
30483.2
30484.5
30485.4
30484.2
30474.6
30469.6
30471.8
30470.9
30468.4
30449.5
30431.7
30410.8
30394.5
30351.4
99999.9
99999.7
99998.5
99994
99977.1
99920.8
99752.2
99327.7
98396.4
96620.8
93727
89735.8
84998.7
79975
75051.7
70392.9
66066.6
62059.7
58387.5
55003.4
51914.6
49086.6
46525
44192.9
42082.6
40186.6
38498.8
37009
35701.2
34579.5
33610.4
32806.4
32178.1
31671.7
31287.4
31001.1
30800.8
30634.7
30564.8
30517.5
30489
30488.1
30486.8
30485.9
30485.8
30486.9
30485.3
30486.4
30487.7
30487.3
30483.4
30470.8
30474.5
30474.5
30472
30455.5
30432.2
30407.2
30394.1
30347.2
99999.9
99999.7
99998.6
99994.1
99977.3
99921.3
99753.7
99331.7
98404.8
96636.3
93750.6
89765.2
85029.5
80001.9
75075.3
70410.4
66081.9
62079.5
58401.1
55022.9
51930.5
49103.1
46534.1
44196.8
42087.2
40195
38507.7
37016.6
35703
34580.5
33603.7
32805.9
32179.6
31673.3
31271
30997.3
30787.5
30630.5
30549.9
30500.6
30484.3
30484.2
30484.2
30484.3
30484.5
30486.1
30484.8
30486.5
30487.3
30486.1
30480.8
30465.3
30467.9
30467.7
30464.1
30451.1
30427
30399.5
30383.4
30342.6
99999.9
99999.7
99998.6
99994.1
99977.4
99921.8
99755.4
99336.1
98415
96656.8
93785.7
89817.8
85099.5
80087.5
75170.1
70513.3
66187.2
62178.4
58505.5
55118.4
52028.6
49195.4
46629.9
44294.5
42179.9
40278.3
38584.5
37088.5
35774.3
34646.2
33669.4
32858.2
32217.4
31705.5
31318
31020.5
30813.8
30646.7
30574.9
30521.6
30491
30488.9
30487.3
30487.1
30487.1
30488.1
30486.8
30488.3
30488.7
30488.2
30483.7
30467.7
30470.4
30469.7
30465.4
30453.6
30432.1
30400.5
30380.2
30343.4
99999.9
99999.7
99998.6
99994.1
99977.6
99922.3
99756.8
99339.8
98423
96671.7
93808.6
89846.6
85130
80114.3
75193.5
70530.7
66202.4
62198.3
58519.5
55137.7
52044.6
49211.7
46640.6
44299.1
42185.2
40287.1
38593.7
37096.5
35776.8
34647.6
33663
32857.7
32219
31707.4
31300.1
31017.7
30801.3
30645.7
30556.3
30501
30487.7
30485.3
30485.8
30485.9
30486.2
30487.4
30487.3
30488.6
30488.1
30486.3
30480.5
30464.1
30465.9
30465.9
30461.9
30449.4
30428.5
30394.8
30379.9
30343
99999.9
99999.7
99998.6
99994.2
99977.7
99922.8
99758.3
99343.8
98432.3
96690.4
93840.5
89894.4
85193.8
80192.9
75281
70626.2
66300.3
62290
58616.4
55226.1
52135.7
49297.5
46728.7
44390.4
42271
40364.6
38665.2
37163.3
35843.1
34709
33725.2
32908.4
32254.6
31737.1
31345.1
31039.2
30826.9
30660.1
30584
30525.1
30493.5
30489
30488.4
30487.6
30487.7
30488
30488.4
30489.3
30487.6
30484.9
30481
30471.9
30466.9
30468.7
30465.4
30450.6
30430.2
30394.3
30383.5
30348.6
99999.9
99999.7
99998.6
99994.2
99977.8
99923.3
99759.7
99347.3
98439.9
96704.6
93862.5
89922.5
85223.7
80219.4
75304.2
70643.3
66315.4
62309.8
58630.5
55244.9
52151.7
49313.7
46739.8
44395.1
42276.9
40373.6
38674.8
37171.7
35846.5
34711
33719
32907.9
32256.2
31739.3
31328.6
31038.2
30813.9
30660.2
30565.1
30502
30490.3
30487.1
30486.4
30486.6
30487.2
30487.4
30488.8
30489.1
30486.9
30482.9
30480.3
30475
30466.1
30467
30463
30448
30424.7
30389
30382.1
30359.9
99999.9
99999.7
99998.6
99994.2
99977.9
99923.8
99761.1
99351
98448.4
96721.7
93891.7
89966.1
85282.2
80291.7
75385
70732
66406.4
62395.2
58720.5
55326.2
52236.4
49393.4
46822.5
44480.5
42356.6
40445.8
38741.3
37233.9
35908.5
34767.6
33778.2
32955.8
32289.7
31767.1
31370.9
31059.3
30841
30673.2
30590.1
30527.1
30495.2
30490
30488.4
30488.1
30488
30487.8
30488.9
30488.7
30487.2
30482.3
30480.3
30475.9
30471.1
30469.8
30464.4
30449.6
30425.6
30387.4
30383.2
30372.2
99999.9
99999.7
99998.6
99994.3
99978.1
99924.2
99762.4
99354.3
98455.6
96735.2
93912.7
89993.1
85311.2
80317.7
75407.7
70748.9
66421.5
62414.8
58734.7
55345.2
52252.2
49409.5
46833.3
44485.1
42362.9
40455
38751
37242.4
35911.9
34770.5
33772
32956.2
32292.1
31768.4
31357
31058.8
30827.8
30673.3
30573.7
30503.8
30492.7
30488.2
30486.8
30486.8
30487.3
30487.8
30488.7
30488.2
30487.2
30482.2
30480.8
30476.5
30470.7
30468
30462.4
30450.2
30421.4
30384.2
30380.5
30377.1
99999.9
99999.7
99998.6
99994.3
99978.2
99924.6
99763.7
99357.7
98463.4
96750.9
93939.5
90033.2
85364.9
80384.2
75482.5
70831.3
66505.9
62494.7
58818.3
55420.4
52330.9
49483.4
46909.6
44564.6
42436.9
40522.1
38813
37300.3
35969.9
34822.9
33827.1
33000.5
32323.3
31795.6
31394.9
31078.9
30853.6
30685.2
30596.6
30528.8
30497
30490.5
30488.4
30487.9
30488
30488.4
30488.3
30487.8
30486.8
30483.3
30482.4
30477.9
30470
30467.3
30463.7
30455.4
30424.2
30385.2
30376.7
30375.1
99999.9
99999.7
99998.6
99994.3
99978.3
99925
99764.9
99360.8
98470.1
96763.6
93959.4
90059
85392.8
80409.5
75504.6
70847.7
66520.9
62513.7
58832.4
55439.4
52346.3
49499.3
46920.7
44569.6
42443.7
40531.5
38822.8
37308.7
35973.3
34826.5
33822.1
33001.5
32326.3
31796.3
31383.1
31077.6
30841.5
30685.2
30581.9
30506.9
30495.2
30489.1
30487
30487
30487.3
30488.1
30487.8
30487.4
30486.1
30484.4
30483.5
30477.9
30469.5
30467.1
30464.5
30456.4
30418.3
30386.8
30372.2
30367.2
99999.9
99999.7
99998.6
99994.3
99978.4
99925.4
99766.1
99364
98477.3
96778.1
93984.2
90096
85442.4
80471
75574
70924.3
66599.2
62588.5
58910.1
55509.8
52419.6
49568
46991.3
44643.6
42512.3
40593.9
38880.5
37362.9
36027.7
34874.9
33873.3
33042.3
32355.6
31822.7
31417.3
31095.9
30864.2
30696.3
30599.8
30530.5
30499
30491.5
30488.3
30487.7
30487.8
30488.1
30487.5
30487.2
30485.8
30485.3
30484.5
30477.8
30470.4
30468.3
30467.5
30459.7
30419.2
30391.4
30371.2
30356.5
99999.9
99999.7
99998.6
99994.4
99978.5
99925.8
99767.2
99366.8
98483.6
96790
94002.9
90120.3
85469
80495.3
75595.3
70940.4
66613.9
62605.7
58923.8
55528
52434.5
49583.6
47002.5
44649.1
42519.6
40603.2
38890.1
37371
36031.2
34878.7
33869.6
33043.6
32359
31822.9
31408.4
31094.5
30854.4
30696.4
30590.5
30510.9
30497.6
30490.8
30487.1
30486.9
30487.1
30487.6
30487.1
30486.9
30485.6
30485.6
30484.8
30477.1
30471.1
30468.9
30468.7
30457.7
30416.1
30394.3
30371.2
30344.7
99999.9
99999.7
99998.6
99994.4
99978.6
99926.2
99768.3
99369.8
98490.3
96803.5
94025.9
90154.6
85514.9
80552.3
75659.7
71011.5
66686.7
62675
58996.1
55593.9
52502.9
49647.5
47068.6
44717.9
42583.4
40661.4
38944
37421.7
36082.1
34923.8
33917.3
33081.5
32386.4
31848.4
31437.8
31111.9
30874.6
30706.9
30602.9
30532.3
30501.2
30493.4
30488.1
30487.3
30487.3
30487.3
30487
30486.7
30485.6
30485.8
30485.1
30477.3
30472.9
30470.2
30470.7
30458.6
30418.9
30397.6
30370.5
30333.5
99999.9
99999.7
99998.6
99994.4
99978.7
99926.5
99769.3
99372.4
98496.2
96814.6
94043.5
90177.6
85540.1
80575.5
75680.2
71027.1
66701
62691.6
59009.5
55611.1
52517.1
49662.7
47079.7
44723.6
42590.8
40670.5
38953.3
37429.5
36085.8
34927.6
33914.4
33082.9
32390.1
31848.4
31432
31111
30866.4
30707.1
30597.8
30515.6
30500.2
30493.1
30487.1
30486.6
30486.7
30486.7
30486.5
30486.3
30485.6
30485.8
30485
30478.7
30473.4
30470.8
30468.4
30455.3
30420.3
30398.1
30364.6
30320
99999.9
99999.7
99998.6
99994.4
99978.8
99926.9
99770.4
99375.2
98502.5
96827.2
94064.9
90209.5
85582.8
80628.5
75740
71093.3
66768.8
62754.8
59076.8
55672.5
52581
49722.2
47141.5
44788.1
42650.4
40724.9
39003.7
37477.1
36133.4
34969.9
33958.9
33118.2
32415.8
31872.5
31456.9
31127.6
30884.9
30716.7
30607.5
30534.4
30503.6
30495.5
30487.9
30486.9
30486.8
30486.5
30486.3
30486
30485.5
30485.8
30485.3
30482.2
30472.1
30469.7
30465.4
30454.5
30426
30398.8
30356
30307
99999.9
99999.7
99998.6
99994.5
99978.9
99927.2
99771.3
99377.7
98507.9
96837.6
94081.2
90231
85606.6
80650.6
75759.6
71108.4
66782.6
62771.9
59089.7
55688.8
52594.5
49736.9
47152.1
44793.6
42657.7
40733.7
39012.7
37484.5
36137.1
34973.7
33956.8
33119.6
32419.7
31872.5
31453.8
31127
30877.7
30716.9
30605.3
30521.9
30503
30495.4
30487.1
30486.5
30486.5
30486.1
30486
30485.7
30485.4
30485.6
30485.7
30483.8
30471.1
30465.9
30460.3
30450.6
30430.5
30397.1
30346.5
30295.8
99999.9
99999.7
99998.6
99994.5
99979
99927.5
99772.3
99380.2
98513.8
96849.4
94101.4
90260.9
85646.4
80699.8
75815.3
71170
66845.7
62830.2
59152.5
55745.9
52654.2
49792.4
47209.9
44854
42713.2
40784.6
39059.8
37529.1
36181.7
35013.2
33997.6
33152.7
32443.6
31895.5
31474.9
31142.7
30895.1
30726
30615.2
30536.8
30506.2
30497.5
30487.8
30487.1
30486.7
30486
30485.8
30485.4
30485.1
30485.4
30485.8
30483.5
30471.1
30462.2
30455.8
30447.4
30434.1
30398.1
30340.4
30289.3
99999.9
99999.7
99998.7
99994.5
99979.1
99927.8
99773.2
99382.5
98518.8
96858.9
94116.5
90280.8
85668.6
80720.7
75834
71184.5
66859
62846.6
59165
55761.4
52667
49806.5
47219.9
44859.4
42720.4
40793
39068.4
37536.1
36185.3
35017
33996.5
33154
32447.6
31895.6
31473.4
31142.4
30888.7
30726.5
30613.7
30528.3
30505.8
30497.4
30487.2
30486.9
30486.5
30485.9
30485.6
30485.1
30484.8
30485.1
30485
30482.7
30470.9
30458.5
30450.8
30442.5
30431.5
30401
30335.6
30285.9
99999.9
99999.7
99998.7
99994.5
99979.1
99928.1
99774.1
99384.9
98524.3
96870
94135.4
90308.9
85705.9
80766.6
75885.9
71241.8
66917.8
62901.2
59223.5
55814.5
52722.8
49858.2
47273.9
44915.6
42772.2
40840.5
39112.5
37577.9
36227.1
35054
34033.9
33185.2
32470
31917.5
31492
31157.1
30905.2
30734.9
30625.3
30539.7
30508.6
30499.3
30487.9
30487.4
30486.8
30486.1
30485.5
30485
30484.6
30484.7
30484.1
30482
30470.9
30455.8
30446.8
30438.7
30428.4
30403.6
30335.2
30284.2
99999.9
99999.7
99998.7
99994.5
99979.2
99928.4
99774.9
99387
98529
96878.8
94149.3
90327.3
85726.6
80786.3
75903.6
71255.8
66930.8
62917.4
59235.6
55829.3
52735
49871.8
47283.5
44920.8
42779.1
40848.6
39120.7
37584.7
36230.7
35057.6
34033.3
33186.4
32473.9
31917.7
31491.3
31157.1
30899.4
30735.5
30619.4
30533.2
30508.1
30499.3
30487.4
30487.3
30486.8
30486.2
30485.3
30484.8
30484.3
30484.1
30483.1
30481.2
30470.9
30453.8
30443.1
30434.5
30423.4
30401.1
30338.4
30282.3
99999.9
99999.7
99998.7
99994.6
99979.3
99928.6
99775.8
99389.3
98534.2
96889.3
94167.2
90353.8
85761.6
80829.2
75952
71309.1
66985.4
62968.7
59290.1
55878.9
52787.1
49920.1
47333.6
44973.3
42827.5
40893
39162
37623.9
36269.7
35092.3
34068.4
33215.8
32494.9
31938.7
31508.1
31170.8
30915.4
30743.2
30631.4
30542.1
30510.5
30501
30488.1
30487.8
30487.1
30486.5
30485.2
30484.6
30484.1
30483.5
30482.4
30480.8
30471
30452.8
30440.6
30431.5
30419.8
30398.1
30343.6
30279.8
99999.9
99999.7
99998.7
99994.6
99979.4
99928.9
99776.5
99391.2
98538.4
96897.3
94179.9
90370.7
85780.8
80847.7
75968.8
71322.6
66998
62984.7
59301.8
55893
52798.7
49932.9
47342.8
44978.4
42834.2
40900.8
39169.8
37630.2
36273.3
35095.9
34068.1
33217
32498.7
31939.1
31507.6
31170.8
30909.7
30743.5
30624.6
30536.8
30509.9
30501
30487.7
30487.6
30487.2
30486.6
30485
30484.4
30483.8
30482.8
30481.8
30480.6
30471.2
30452.1
30438.7
30428.7
30416.4
30395.1
30348.1
30276.4
99999.9
99999.7
99998.7
99994.6
99979.4
99929.2
99777.3
99393.4
98543.4
96907.3
94196.9
90395.8
85813.8
80887.9
76013.9
71372.2
67048.9
63032.4
59352.6
55939.5
52847.3
49978
47389.5
45027.3
42879.3
40942.3
39208.5
37667
36309.7
35128.4
34100.9
33244.7
32518.3
31959
31523.1
31183.6
30925.5
30750.8
30633.4
30544.1
30511.9
30502.5
30488.4
30488.1
30487.5
30486.7
30484.9
30484.2
30483.4
30482.3
30481.7
30480.8
30471.5
30452
30437.8
30427
30414.9
30394.2
30352.5
30272.2
99999.9
99999.7
99998.7
99994.6
99979.5
99929.4
99778
99395.1
98547.2
96914.5
94208.5
90411.3
85831.4
80905.1
76029.8
71385.1
67060.9
63047.6
59363.8
55952.8
52858.4
49990.3
47398.5
45032.3
42885.9
40949.7
39215.9
37673.1
36313.3
35132
34100.9
33245.9
32521.9
31959.7
31522.8
31183.7
30919.6
30751
30628.3
30539.9
30511.4
30502.6
30488.1
30488
30487.6
30486.7
30484.8
30484
30482.9
30482.1
30481.7
30480.9
30471.6
30451.8
30437.5
30426
30413.5
30393.9
30356.2
30266.7
99999.9
99999.7
99998.7
99994.6
99979.6
99929.6
99778.8
99397.2
98551.9
96924.1
94224.7
90435.1
85862.6
80942.7
76071.9
71431.3
67108.3
63091.9
59411.1
55996.6
52903.8
50032.4
47442.1
45078.2
42927.9
40988.6
39252.2
37707.5
36347.4
35162.4
34131.5
33271.8
32540.3
31978.4
31537.2
31195.6
30934.6
30757.7
30636.8
30546.6
30513.1
30503.9
30488.8
30488.5
30487.9
30486.8
30484.9
30483.9
30482.5
30482.1
30481.9
30481
30471.4
30451.8
30437.7
30425.8
30413.5
30395.1
30359.4
30260.7
99999.9
99999.7
99998.7
99994.6
99979.6
99929.9
99779.4
99398.8
98555.4
96930.6
94235.2
90449.2
85878.8
80958.8
76086.9
71443.7
67119.9
63106.5
59421.9
56009.1
52914.4
50044
47450.6
45083.1
42934.3
40995.6
39259.2
37713.3
36350.9
35165.9
34131.6
33273.2
32543.8
31979.4
31537.1
31195.9
30928.7
30757.7
30632.2
30542.9
30512.6
30503.9
30488.6
30488.5
30488
30486.9
30484.9
30483.8
30482.2
30482.3
30482
30481
30470.6
30451.8
30438
30426
30413.7
30396.4
30361.1
30254
99999.9
99999.7
99998.7
99994.7
99979.7
99930.1
99780.2
99400.7
98560
96939.8
94250.7
90471.9
85908.3
80994.1
76126.3
71486.7
67164
63147.5
59466
56050.2
52956.7
50083.5
47491.4
45125.7
42973.5
41032
39293.2
37745.6
36382.7
35194.3
34160.1
33297.3
32561.1
31997
31550.4
31206.9
30942.4
30764
30640.2
30548.7
30514
30505
30489.2
30488.9
30488.2
30487.1
30484.9
30483.8
30482.1
30482.5
30482.1
30481.2
30469.1
30451.8
30438.4
30426.7
30414.8
30398.4
30362.3
30247.7
99999.9
99999.7
99998.7
99994.7
99979.8
99930.3
99780.7
99402.1
98563
96945.6
94260.1
90484.6
85923.1
81009.1
76140.4
71498.6
67175.1
63161.3
59476.3
56061.9
52966.9
50094.4
47499.5
45130.4
42979.7
41038.7
39299.8
37751.1
36386.2
35197.8
34160.3
33298.8
32564.4
31998.3
31550.6
31207.4
30937.5
30763.9
30635.9
30545.4
30513.6
30505.1
30489.1
30488.9
30488.4
30487.2
30485
30483.8
30482.1
30482.6
30482.2
30481.2
30467.6
30451.8
30438.7
30427.6
30415.9
30400.1
30362
30240.8
99999.9
99999.7
99998.7
99994.7
99979.8
99930.5
99781.5
99404.1
98567.5
96954.4
94275
90506.2
85951
81042.2
76177.2
71538.6
67216.2
63199.3
59517.5
56100.6
53006.3
50131.4
47537.8
45170.5
43016.4
41072.8
39331.6
37781.4
36415.9
35224.5
34186.6
33321.3
32580.7
32014.3
31563.3
31217.6
30949.1
30769.8
30644.7
30550.8
30514.9
30506.1
30489.7
30489.4
30488.7
30487.5
30485.2
30484
30482.3
30482.6
30482.3
30481.1
30466.6
30452
30439.1
30428.6
30417.6
30402.7
30362.1
30234.3
99999.9
99999.7
99998.7
99994.7
99979.9
99930.7
99781.9
99405.3
98570.2
96959.6
94283.4
90517.7
85964.5
81056.2
76190.4
71549.9
67226.9
63212.5
59527.3
56111.5
53016.1
50141.6
47545.4
45175.2
43022.3
41079.1
39337.9
37786.5
36419.4
35227.9
34187.2
33322.9
32583.8
32015.7
31563.8
31218.1
30945.1
30769.6
30640.2
30547.6
30514.6
30506.1
30489.7
30489.4
30488.7
30487.6
30485.3
30484.1
30482.4
30482.5
30482.3
30480.9
30465.9
30452.5
30439.5
30429.4
30419.1
30405
30360.7
30226.5
99999.9
99999.7
99998.7
99994.7
99979.9
99930.9
99782.6
99407.2
98574.5
96968.1
94297.7
90538.4
85991
81087.2
76224.8
71587.2
67265.1
63247.7
59565.7
56147.8
53052.8
50176.4
47581.4
45212.1
43056.7
41111.1
39367.8
37814.9
36447
35252.9
34211.7
33343.9
32599.3
32030.2
31576.1
31227.7
30954.1
30775
30647.9
30552.3
30515.7
30507
30490.4
30489.8
30489.1
30488
30485.7
30484.4
30482.6
30482.5
30482.4
30480.8
30465.9
30453.4
30440
30430.4
30420.8
30408.7
30360.9
30220.1
99999.9
99999.7
99998.7
99994.7
99980
99931.3
99783.8
99410.1
98580.9
96980.6
94318.1
90566.6
86024.8
81122.8
76259.2
71617.1
67293.2
63282.6
59591.4
56175.8
53078.7
50202.5
47601.1
45224.9
43072.3
41127.5
39383.9
37828.3
36456.6
35261.9
34214.1
33349.1
32606.9
32033.8
31578.4
31229.2
30942.6
30774.9
30639.1
30545.9
30515
30506.9
30490
30489.1
30488.3
30487.5
30485.4
30484
30482.4
30482
30482.2
30480.5
30466.2
30455.4
30441.4
30432.6
30424.5
30415.1
30354.6
30198.4
99999.9
99999.7
99998.7
99994.7
99980
99931
99782.7
99406.7
98572.6
96963.4
94288.2
90522.5
85969.3
81062.1
76199.7
71563.5
67243.6
63218.2
59547
56127.7
53033.6
50158.2
47568.6
45203.3
43046.2
41099.8
39356.7
37804.9
36439
35245.6
34207.3
33338.8
32592.1
32025.7
31574.5
31225.2
30951.1
30774.7
30648.3
30547
30515.1
30507.3
30490.7
30489
30489.2
30488.8
30487.4
30485.9
30485.5
30485.5
30485.6
30484.4
30470.3
30460.7
30447
30439.3
30434.9
30410
30315.7
30166.9
99999.9
99999.7
99998.7
99994.8
99980.1
99931.4
99783.9
99410
98580.4
96979.4
94316
90564
86023.2
81123.4
76261.7
71621.4
67297.3
63287.6
59595.7
56174.6
53084.3
50203
47602.3
45227.4
43074
41129.1
39385.3
37829.7
36460.6
35263.8
34218.8
33355.2
32606.6
32033.9
31581.9
31230.1
30950.9
30776.6
30648.9
30544.9
30515.5
30507.4
30490.1
30487.4
30487.4
30487.1
30486.3
30485.2
30485.3
30485.9
30488
30487.5
30474.9
30466.4
30452.8
30444.1
30436
30385.9
30300.5
30148.1
99999.9
99999.7
99998.7
99994.8
99980.1
99931.3
99783.4
99408
98574.7
96966.2
94291.2
90524
85968.5
81058.7
76195.2
71557.5
67238.4
63212.8
59543
56124.6
53029.3
50155.5
47566.5
45201.1
43044.6
41098.2
39355.2
37802.8
36437.3
35243
34204.8
33338.4
32590.4
32022.7
31574.7
31224.6
30942.1
30773.5
30646.5
30539.7
30512.8
30504.8
30487.7
30485.9
30486.1
30485.9
30485.6
30485.9
30486
30486.8
30490.4
30489.7
30480.5
30471.7
30459.8
30446.9
30414
30369
30286.3
30132.3
99999.9
99999.7
99998.7
99994.8
99980.2
99931.5
99784.2
99410.2
98580.2
96978.4
94313.9
90560.9
86020.5
81122.8
76263.6
71625.4
67301.6
63291.7
59600.7
56175.9
53090.1
50203.3
47603.2
45229.5
43075.7
41130.8
39386.5
37831.2
36464.3
35266
34225.8
33362.3
32609.6
32034.4
31587.1
31231.7
30954.3
30780.3
30649.8
30541.4
30516.1
30507.2
30488.9
30485.5
30485.6
30485.4
30484.7
30485.5
30486.3
30487.2
30489.3
30489.4
30484
30473.2
30460.8
30437.5
30410.3
30366.4
30279.9
30125.2
99999.9
99999.7
99998.7
99994.8
99980.2
99931.5
99784.1
99409.2
98576.7
96969
94294.5
90526.2
85968.5
81056
76191.1
71551.5
67232.8
63203.4
59537.6
56120.1
53025.5
50153.1
47564.9
45199.4
43043.1
41096.8
39353.6
37800.5
36435.7
35240.3
34203
33338.2
32588.7
32018.3
31574.1
31222.9
30936.8
30772.7
30648.8
30537.2
30513.2
30504.6
30486.8
30483.7
30484.1
30484
30483.9
30484.6
30485.9
30486.9
30487.9
30488
30483
30471.6
30456.6
30439.8
30416.3
30373.1
30291.2
30132
99999.9
99999.7
99998.7
99994.8
99980.2
99931.7
99784.6
99410.5
98580.3
96977.7
94312
90557.2
86016.5
81120.7
76264.3
71628.7
67305.8
63297.8
59606.5
56176.8
53095.6
50203.9
47603.9
45231.1
43076.9
41132.3
39387.8
37832.9
36467.3
35268.5
34231.2
33368
32613.4
32035.4
31593.5
31236.6
30956.4
30783.7
30654.6
30542.6
30520.2
30511
30493.4
30487.2
30487.4
30487.1
30486.4
30486.5
30486.6
30486.9
30486.8
30487.4
30481.9
30471.5
30459.3
30439.3
30415.5
30371
30287.5
30137.5
99999.9
99999.7
99998.7
99994.8
99980.3
99931.8
99784.7
99410.3
98578.7
96971.7
94297.9
90528.7
85969.4
81054.2
76187.5
71545.8
67227
63196.4
59531.7
56114.8
53021.6
50150.4
47562.9
45197.2
43041.3
41095.3
39352.1
37798.5
36434.1
35237.4
34200.2
33336.4
32585.9
32011.6
31572.3
31220.1
30935.4
30773
30648.4
30534.5
30514
30506
30492.2
30486.1
30486.3
30486.2
30486
30485.9
30485.9
30485.6
30485.2
30484.9
30478.6
30468.9
30458.1
30441
30417.4
30371.5
30281.4
30122.6
99999.9
99999.7
99998.7
99994.9
99980.3
99931.9
99785.1
99411.1
98580.9
96977.3
94310.4
90553.3
86011.3
81116.8
76263.5
71631.2
67309.8
63301.1
59612.5
56178.3
53100.1
50205.2
47605.2
45233.5
43079.1
41134.8
39389.8
37835.1
36470
35271.2
34235.8
33372.7
32617.9
32037.9
31600.6
31239.6
30957.8
30785.4
30658.4
30544.4
30523.1
30514.2
30501.8
30492.2
30492.3
30492
30491.4
30490.4
30490
30489.4
30488.8
30489.2
30483.6
30473.1
30462.5
30443.5
30418.4
30370.9
30277
30117.2
99999.9
99999.7
99998.7
99994.9
99980.4
99932
99785.4
99411.4
98580.6
96974.3
94301.3
90531.6
85970.9
81053.4
76184.8
71540.6
67221.3
63190.6
59525.3
56109.6
53018.2
50147.5
47560.9
45195.6
43040
41094.4
39350.6
37796.4
36431.8
35234.1
34196.9
33332.7
32583.4
32005.3
31568.6
31215.7
30931.5
30771.6
30645.1
30530.4
30509
30501.5
30495.6
30486
30486.1
30486
30486.1
30486
30486.3
30486.3
30486.1
30487.2
30481.1
30468.9
30452.8
30439.3
30414.9
30367.4
30273
30114.6
99999.9
99999.7
99998.8
99994.9
99980.4
99932.2
99785.7
99412
98582
96977.6
94309.5
90549.3
86005.1
81110.9
76260.9
71632.5
67313.3
63303.7
59618.8
56180.2
53103.2
50206.2
47606.6
45236
43081.6
41137.6
39392.4
37838.4
36473.6
35274.8
34240.2
33376.6
32621.7
32041.4
31605.6
31245.6
30963.1
30790.2
30660.3
30543.2
30518.2
30508.9
30502.5
30490.4
30490.3
30489.7
30488.5
30488.9
30489.1
30489
30488.9
30490.8
30484.7
30475.8
30454.4
30439.4
30413.9
30365.5
30278.2
30123
100000
99999.7
99998.8
99994.9
99980.5
99932.3
99786
99412.5
98582.5
96976.8
94304.7
90534.5
85972.8
81053.7
76183.1
71536
67215.9
63185.1
59518.3
56103.8
53015.3
50144.3
47558.5
45193.7
43038.5
41093.5
39349.1
37794.8
36430.2
35231.5
34193.7
33328.6
32580.7
32001.6
31566.2
31211.4
30925.4
30769.1
30641.5
30526.8
30501.6
30491.9
30489.5
30482.5
30480
30479
30478.4
30478.8
30478.8
30478.7
30479.2
30479.6
30473
30462.6
30441.7
30429.8
30406.5
30361
30276.7
30128.1
100000
99999.7
99998.8
99994.9
99980.6
99932.5
99786.4
99413.1
98583.5
96978.6
94309.3
90545.6
85998
81103.1
76255.9
71631.8
67315.7
63306.1
59625.4
56182.9
53106.2
50207.9
47608.2
45238.2
43083.3
41139.2
39394
37841.1
36477
35278.7
34244.5
33380.6
32625.1
32044.2
31607.6
31249.8
30968
30796.2
30663.3
30545.6
30517.7
30505.9
30501.3
30490.4
30489.6
30486.9
30483.5
30483.1
30483.2
30483.7
30485.5
30486.3
30478.4
30469.5
30446.5
30433.3
30410.5
30367.1
30283.1
30139
100000
99999.7
99998.8
99994.9
99980.6
99932.6
99786.8
99413.7
98584.4
96979.2
94307.8
90537.1
85974.8
81054.9
76182.8
71532.5
67211
63178.5
59510.4
56095.9
53011.9
50140.8
47556.5
45192.4
43037.3
41092.4
39347.1
37792.8
36428
35229.1
34191.6
33325.7
32577
31998.1
31563.5
31208.3
30921.7
30766.5
30637.6
30522.8
30495
30484.8
30482.9
30481.8
30476.4
30471.6
30470.5
30470.6
30470.9
30471.8
30473.2
30472.8
30464.9
30456.3
30437.1
30425.1
30402.8
30359
30276.3
30139.8
100000
99999.7
99998.8
99995
99980.7
99932.8
99787.2
99414.4
98585.4
96980.4
94309.9
90542.6
85990.7
81093.6
76248.3
71628.5
67316.5
63308.7
59632.2
56186.9
53108.7
50209.2
47608.1
45238.4
43083.5
41139.4
39394.7
37843.1
36480.2
35283.1
34249.4
33385.8
32630
32047.9
31610.4
31250.7
30970
30800.7
30665.4
30547.6
30516.5
30503.8
30501.3
30494.4
30488.3
30484.5
30482
30482
30481.6
30481.4
30481.3
30480.4
30470.5
30462.3
30451.8
30429.8
30406.5
30363.2
30285.8
30149.6
100000
99999.7
99998.8
99995
99980.7
99933
99787.5
99415.1
98586.4
96981.6
94310.5
90539.2
85976.4
81056.5
76183.8
71530.7
67207
63171.1
59501.7
56088.2
53008.6
50137
47553.5
45190.3
43035.8
41091.1
39345.4
37791.3
36426.5
35227.7
34191.4
33325.7
32574.2
31994.6
31560.4
31204.8
30917.5
30762.2
30631
30515.6
30486.7
30476.3
30474.9
30474.5
30474.2
30464.9
30463.9
30463.9
30464.1
30465
30467.3
30467.5
30461.3
30453.8
30436.8
30425.8
30404.7
30364.7
30280.6
30162.5
100000
99999.7
99998.8
99995
99980.8
99933.2
99788
99415.9
98587.5
96983
94311.5
90540.9
85983.8
81082.6
76238
71622.1
67315
63310.8
59638.7
56192.2
53111.5
50211.1
47609.2
45239.8
43084.8
41140.3
39395.4
37844.4
36482.6
35287.1
34254.4
33391.6
32636.6
32052.8
31617.4
31257.6
30975.1
30806.3
30669.6
30549
30515
30500.4
30497.7
30490.2
30483.7
30478
30477.2
30477.2
30477
30477.2
30477.6
30478.4
30472.2
30460.1
30446
30433.2
30411.3
30368.3
30286.1
30166.8
100000
99999.7
99998.8
99995
99980.9
99933.4
99788.4
99416.7
98588.7
96984.5
94312.7
90540.6
85976.9
81057.6
76185.7
71530.9
67204.4
63164.1
59493.1
56075.7
53002.8
50132.5
47549.6
45188.2
43035.1
41090.9
39344.7
37790.5
36425.1
35225.7
34189.6
33324.5
32571
31988.7
31554.6
31197.1
30910.3
30755.3
30626.9
30512.1
30483.7
30472.1
30470.5
30469.9
30471.1
30460.1
30456.6
30456.8
30457.3
30457.8
30458.9
30462.2
30456.5
30446.3
30425
30415.3
30396.3
30359
30287.5
30176.6
100000
99999.7
99998.8
99995.1
99981
99933.6
99788.8
99417.6
98590
96986.2
94313.9
90541
85978.1
81070.9
76224.9
71612.1
67310.5
63311
59644.1
56198.9
53115.3
50214.4
47612.1
45242.8
43088
41143.7
39398.7
37847.6
36485.9
35291.3
34259.5
33397.7
32644.3
32059.9
31626.7
31268.1
30983.1
30814.3
30676.6
30552.5
30518.2
30502.9
30500
30491.9
30482.7
30478
30477.4
30476.3
30475.6
30474.7
30476.5
30476.8
30468.4
30460.5
30443.2
30430.9
30410.5
30372.6
30303.2
30195.1
100000
99999.7
99998.8
99995.1
99981
99933.8
99789.3
99418.6
98591.4
96988
94315.2
90541.4
85975.8
81057.3
76187.6
71532.8
67204
63158.9
59485.1
56061.3
52993.6
50125.3
47544
45185.1
43034.1
41091.2
39345
37790.8
36424.8
35224.9
34187.8
33322
32568.8
31984.2
31549.8
31191.1
30906.4
30751.2
30624.5
30508.4
30480
30468.3
30466.2
30464.4
30466.2
30457.7
30450.9
30450.6
30450.8
30451.7
30453.7
30455.3
30449.9
30443.5
30427.6
30417.8
30399.8
30365.3
30295.1
30203.1
100000
99999.7
99998.8
99995.1
99981.1
99934
99789.8
99419.5
98592.8
96990
94316.8
90542.1
85974.5
81059.9
76210
71597.8
67301.9
63307.7
59647.2
56212.2
53125.6
50219.6
47614.5
45244.3
43089.1
41145
39400.7
37850.1
36488.7
35294.4
34262.7
33401.8
32650.3
32064.8
31632.6
31274.1
30990.3
30823
30686.1
30559.2
30524
30505.3
30496.4
30480.9
30478.3
30471.2
30470.1
30469.6
30469.3
30469.1
30470.2
30469.7
30460.5
30453.4
30439.4
30421
30402.1
30368.5
30302.9
30220.9
100000
99999.7
99998.8
99995.1
99981.2
99934.2
99790.3
99420.6
98594.4
96992.1
94318.5
90542.8
85973
81054.2
76188.1
71536
67205.9
63156.7
59478.7
56044
52980.4
50116.5
47537.9
45181.1
43031.8
41089.8
39344.3
37790.7
36425.5
35226.6
34188.9
33321
32566.7
31978.1
31544.8
31185.9
30900.6
30740.2
30615.5
30498.6
30471.6
30461.5
30461.2
30460
30458.7
30460.3
30459
30446.6
30446.4
30447.4
30447.4
30448
30442
30433.4
30417.2
30408.9
30393.5
30364.9
30307.4
30231
100000
99999.7
99998.8
99995.1
99981.3
99934.4
99790.9
99421.7
98596.1
96994.3
94320.5
90543.7
85971.6
81051.2
76195.2
71580
67288.5
63299.5
59646.9
56225.6
53136.4
50226
47616.9
45244.8
43088.1
41143.2
39399.1
37849.5
36489.5
35296.4
34265.3
33405.4
32656.1
32070
31641.5
31284.2
30999.3
30831.9
30696.4
30567.6
30533.4
30514
30503
30486.5
30483.8
30475.9
30472.2
30471
30471
30471.3
30470.8
30469.4
30462
30454.6
30439.3
30423.7
30406.6
30380.1
30326.9
30259.6
100000
99999.7
99998.8
99995.2
99981.3
99934.6
99791.5
99422.8
98598
96996.8
94322.8
90544.6
85970.3
81047.4
76185.4
71539.1
67209.8
63157.9
59474.8
56025.6
52964
50105.4
47532.4
45178.9
43031.4
41089.5
39343.6
37790.1
36425.3
35227.2
34190
33321.9
32567.1
31973.4
31540.8
31179.5
30894.5
30735.4
30615.2
30500
30471.4
30461.8
30460
30456.4
30457.3
30457.6
30456.8
30462.5
30454
30451.8
30451
30453.6
30449.1
30440.4
30420.5
30413.9
30401.5
30378.7
30339.8
30277.9
100000
99999.7
99998.8
99995.2
99981.4
99934.9
99792
99423.9
98600
96999.4
94325.4
90545.6
85969.2
81043.8
76182.2
71560.1
67270.1
63284.9
59641.1
56231.3
53149.4
50234.6
47620.6
45246.2
43088.8
41144
39400.3
37851.5
36492.7
35301
34270.9
33412.1
32664.1
32077
31650.7
31293
31007.7
30838.5
30701.8
30566.6
30530.4
30512
30503
30487.1
30483.9
30475.2
30474.4
30472.8
30469.7
30469.8
30470
30469.6
30462.2
30455.5
30449.6
30430.8
30413.8
30391.5
30347.7
30298.3
100000
99999.7
99998.9
99995.2
99981.5
99935.1
99792.7
99425.2
98602.1
97002.2
94328.4
90546.9
85968.4
81039.9
76176.4
71539
67214.7
63163.2
59475.5
56013.8
52945.7
50091.3
47523.8
45175.1
43030.5
41090
39344.7
37791.5
36426.8
35228.6
34190.8
33323.2
32568.6
31973
31540.2
31177.8
30892
30729.5
30604.6
30487.1
30459.5
30451.9
30449.8
30449.4
30450.6
30449.6
30452.2
30452.1
30444.6
30444.8
30444.8
30445.8
30441.1
30435.3
30424
30416.9
30409
30393.5
30367.6
30321.4
100000
99999.7
99998.9
99995.2
99981.6
99935.4
99793.3
99426.4
98604.3
97005.3
94331.6
90548.4
85967.9
81036
76170.9
71540.9
67248
63263.5
59628
56227.3
53156.7
50239.6
47621.5
45245.2
43088.2
41144.6
39401.7
37853.2
36494.5
35303.1
34273.4
33416
32668.9
32082.7
31657.3
31300.3
31015.3
30841.3
30708.4
30568.6
30531.5
30516.3
30511.2
30499
30494.7
30487.9
30481.6
30473.6
30469.8
30467.6
30467.4
30467.2
30461.5
30456.8
30448.1
30439.9
30430.5
30412.9
30379.8
30333.1
100000
99999.8
99998.9
99995.3
99981.7
99935.6
99793.9
99427.8
98606.7
97008.6
94335.1
90550.4
85967.5
81032.1
76164.8
71531.4
67217.3
63172.2
59481.6
56013.1
52935.7
50083
47519.8
45173.4
43029.5
41089.5
39345.2
37793.3
36430
35232.9
34195.4
33328.7
32572.5
31975.7
31540.3
31175.8
30887.2
30722
30599.7
30482.4
30454.5
30453.2
30452.4
30451.7
30452.3
30450.6
30454.2
30454.4
30446
30445.7
30445.9
30448
30444
30436.2
30430.7
30420.6
30409.8
30398.1
30382.2
30350.4
100000
99999.8
99998.9
99995.3
99981.8
99935.9
99794.6
99429.2
98609.1
97012.2
94339
90552.8
85967.3
81028.3
76158.5
71525.2
67225.1
63236
59606.1
56213
53152.7
50243.1
47624
45244.6
43085.5
41141.2
39398.6
37850.6
36492.7
35301.9
34272.6
33416.3
32670.2
32085.5
31662.8
31308.6
31026.4
30854.5
30723.5
30578.6
30531.6
30513.3
30504.3
30487.4
30486.8
30485
30479.9
30476.1
30474.3
30474.1
30474.3
30473.8
30467
30458.6
30443.6
30433.9
30425.5
30410
30398.3
30377.5
100000
99999.8
99998.9
99995.3
99981.8
99936.1
99795.3
99430.6
98611.7
97016.1
94343.2
90555.9
85967.2
81024.8
76152
71516.9
67211.6
63179.8
59491.8
56023.3
52933.7
50073.1
47512.7
45170.1
43028
41088.7
39345.2
37794.9
36434.1
35239.2
34203.4
33338.1
32581.1
31983.2
31545.8
31179.5
30889.8
30721.4
30597.9
30476
30448.7
30444.7
30444.7
30445.7
30447.2
30452.3
30450.8
30443
30442.8
30443.2
30446
30446.8
30440.1
30439.7
30434.5
30428.8
30423.7
30414.8
30407
30383.6
100000
99999.8
99998.9
99995.3
99981.9
99936.4
99795.9
99432.1
98614.4
97020.3
94347.8
90559.5
85967.5
81021.7
76145.4
71508.5
67205.8
63205.8
59576
56186.1
53139.1
50236
47618
45240
43082.7
41140.6
39399.8
37853.3
36496.5
35306.4
34277.5
33421.9
32675.9
32091.1
31668.6
31312.8
31028.7
30855.6
30727.7
30587.2
30539
30516.9
30505.3
30486.1
30483.7
30479.4
30471.5
30469
30467.3
30467.8
30469.3
30468.9
30460.8
30451.8
30433.5
30429.9
30424.5
30414.5
30398.5
30395.7
100000
99999.8
99998.9
99995.4
99982
99936.6
99796.6
99433.6
98617.3
97024.7
94352.9
90563.5
85968.4
81018.9
76138.5
71499.3
67195.8
63179.7
59503.5
56038.7
52936.2
50066.4
47505.2
45165.1
43026.2
41089.7
39348.3
37799.8
36440.7
35247.1
34212.5
33348.4
32591.6
31993.3
31555.2
31187.2
30895.7
30722.8
30599.4
30477.8
30452.3
30442.2
30438
30437.3
30437
30437.4
30428.6
30428.1
30428.4
30430.1
30431.2
30433.8
30428.5
30424.5
30416.8
30405.1
30399.9
30389.9
30381.5
30372.3
100000
99999.8
99998.9
99995.4
99982.1
99936.9
99797.3
99435.2
98620.2
97029.4
94358.6
90568.2
85970.1
81016.3
76131.7
71489.8
67186
63179
59540.1
56148.2
53117.3
50241
47626.7
45243.7
43082.5
41138.3
39396.1
37848.6
36491.6
35301.3
34272.7
33418.2
32673.2
32090.6
31670.4
31316.8
31035.4
30865.3
30735.3
30594
30541.7
30519.5
30510.7
30490.3
30487
30481
30468.9
30467.3
30466.3
30466.4
30463.3
30459
30446.1
30430.5
30431.9
30421.6
30405
30396.4
30381.8
30381.3
100000
99999.8
99998.9
99995.4
99982.2
99937.1
99798
99436.8
98623.2
97034.3
94364.7
90573.6
85972.7
81014.2
76125.4
71480
67174.8
63165.3
59506.6
56053.5
52947.9
50050.3
47481.2
45143.3
43008.5
41077
39341.4
37798.4
36443.9
35253.9
34222.6
33362.1
32607.3
32011.2
31573.5
31204
30907.9
30727.7
30598.4
30467.3
30439.7
30432.6
30433.5
30433.1
30435.3
30433.5
30422.9
30421.3
30419.4
30419.7
30419.8
30419.5
30413.3
30401.5
30391.5
30387
30379.1
30363.3
30353.2
30347.4
100000
99999.8
99998.9
99995.4
99982.2
99937.3
99798.7
99438.3
98626.3
97039.4
94371.4
90579.8
85976.2
81012.6
76119.6
71469.8
67162.8
63154.3
59507.8
56104.3
53076.1
50220.5
47634.9
45260.6
43098.4
41150.9
39405.1
37855
36496.4
35305.4
34276.3
33421.4
32675
32091.6
31670.3
31316.4
31036
30869.5
30739.7
30606.3
30555.3
30528.6
30512.3
30494.6
30490.1
30478.7
30469.6
30462
30460.9
30458.5
30454.6
30452.7
30437.6
30419.8
30399
30394.8
30393.1
30383
30357.6
30336.2
100000
99999.8
99998.9
99995.4
99982.3
99937.6
99799.3
99439.9
98629.5
97044.7
94378.6
90586.8
85980.7
81012.3
76114.3
71459.7
67149.9
63140.6
59491.1
56060.1
52970.9
50059.4
47467.1
45123.9
42993.3
41068.7
39339.4
37801.3
36450.8
35264.3
34236.7
33380.1
32628.7
32036.4
31602.5
31234.9
30938.5
30758.3
30620.7
30482.1
30448.7
30437.6
30435.2
30423.7
30423
30422.3
30418.7
30415.2
30414.7
30414.2
30413.6
30412.8
30405.9
30393.3
30376.2
30358.2
30349.8
30338.2
30316
30307
100000
99999.8
99998.9
99995.5
99982.4
99937.8
99800
99441.4
98632.6
97050.2
94386.2
90594.8
85986.3
81013.3
76109.8
71450.1
67136.6
63125.9
59478.1
56063.3
53020.8
50175.7
47611.3
45251.5
43090.2
41139.2
39391.3
37842
36485.9
35297.6
34271.3
33418.4
32672.8
32088.8
31666.3
31310.4
31027.1
30861
30726.9
30594.2
30546.1
30521.4
30501.6
30485.3
30477
30463.4
30450.7
30442.8
30435.6
30424.9
30422.3
30418.7
30406.1
30383.8
30370.9
30339.3
30316
30294.7
30274.3
30268.6
100000
99999.8
99998.9
99995.5
99982.4
99938
99800.6
99442.9
98635.8
97055.9
94394.3
90603.7
85993.2
81015.8
76106.5
71441.1
67123
63109.7
59461.4
56042.8
52976.8
50082.3
47474.4
45116
42982.7
41062
39337.8
37804.1
36457.2
35273.9
34250.1
33397.6
32650.9
32063.1
31634.5
31270.4
30975.5
30798.1
30652.5
30507.2
30466.6
30446.7
30418.9
30408
30404.8
30398.7
30392.1
30389
30386
30384.4
30381.8
30378.7
30369.9
30336.1
30300.4
30275.6
30256.9
30242.7
30225.9
30197.4
100000
99999.8
99998.9
99995.5
99982.5
99938.2
99801.2
99444.4
98638.9
97061.5
94402.7
90613.5
86001.7
81020
76104.7
71433.2
67109.6
63092.7
59443.2
56026.2
52973.3
50115
47558.7
45220.9
43076.7
41132
39384.8
37835.1
36479.4
35292.1
34267.6
33416.1
32672.3
32088.8
31665.1
31307.1
31019.4
30851.7
30709.9
30574.5
30529.4
30506.6
30480
30465.2
30454.4
30446
30434.1
30412.9
30398.8
30394.1
30390.1
30381.6
30359.6
30339.8
30293.7
30271.8
30258.5
30244.3
30221
30164.7
100000
99999.8
99998.9
99995.5
99982.5
99938.3
99801.7
99445.7
98641.9
97067.2
94411.4
90624.2
86011.8
81026.2
76105.1
71427
67097
63075.3
59423.1
56005.3
52950.5
50077.6
47488.5
45120.4
42974.5
41048.2
39324.1
37793.1
36449.9
35270.1
34249.9
33401.2
32659.5
32076.4
31652.9
31293.9
31002.8
30831.2
30682
30536
30490.3
30467.4
30418.1
30412.2
30406.7
30399.8
30388.7
30379.9
30360.6
30348.2
30337.2
30317.1
30270.9
30237.8
30219.3
30212.1
30171.4
30152.6
30137.3
30125.9
100000
99999.8
99998.9
99995.5
99982.6
99938.5
99802.2
99447
98644.8
97072.7
94420.3
90635.6
86023.4
81034.7
76108.2
71423
67085.9
63058.4
59401.8
55982
52927.5
50061.7
47494
45158.6
43029.3
41102
39368.1
37827
36476.9
35293.2
34271.4
33421.6
32678.4
32094.5
31670.1
31311.2
31019.5
30848.9
30697.5
30551.5
30506.5
30478.7
30422.3
30416.4
30405.5
30392.7
30382.2
30358.5
30334.8
30321.7
30305.2
30280
30224.9
30171.7
30158.2
30152
30162.4
30130
30089.9
30081.1
100000
99999.8
99998.9
99995.5
99982.6
99938.6
99802.6
99448.1
98647.4
97078
94429.2
90647.6
86036.5
81045.7
76114.1
71421.7
67077.8
63042.5
59380
55956.1
52899.8
50033.2
47461.1
45111.8
42967.7
41034.2
39305.3
37773.1
36432.2
35257.6
34244.8
33403.9
32667.5
32090.3
31669.9
31313.7
31022
30850.9
30696.2
30546.3
30500.8
30462.7
30404.6
30396.8
30384
30372
30348.1
30330.9
30320.5
30305.1
30291.3
30272.6
30232.8
30160.2
30114.8
30111.2
30104.6
30092.5
30080.7
30066.4
100000
99999.8
99998.9
99995.5
99982.7
99938.7
99802.9
99449.1
98649.9
97083
94437.8
90660
86050.9
81059.2
76123.5
71424.3
67072.7
63029.4
59358.8
55928.7
52868.4
50000
47429.4
45088.6
42959.2
41037.9
39311.5
37775.5
36428.5
35248.3
34229.9
33385.5
32647.1
32070.4
31648.8
31292.8
31000.1
30828.1
30670.8
30520.2
30473.5
30426.6
30366.9
30354.2
30340
30324.9
30301.8
30284.1
30265.6
30252.7
30240.1
30226
30181.3
30155.4
30091.8
30088.2
30084.9
30082.8
30074.9
30070.1
100000
99999.8
99998.9
99995.5
99982.7
99938.8
99803.2
99450
98652
97087.6
94446.1
90672.4
86066.4
81075.1
76136.5
71431.3
67071.5
63020.8
59339.9
55901.1
52833.7
49960.5
47386.7
45044.3
42913.9
40991.1
39267.2
37738.4
36398.9
35223
34206.7
33362.8
32622.7
32043.2
31617.3
31257.3
30958.2
30780.4
30614.4
30458.8
30407.1
30350.1
30289.9
30280
30268
30259.5
30239
30220.3
30201.1
30191.7
30184.8
30177.6
30162.7
30156.3
30107.5
30101.4
30100.1
30103.2
30093.1
30088.9
100000
99999.8
99998.9
99995.5
99982.7
99938.8
99803.5
99450.7
98653.9
97091.6
94453.7
90684.4
86082.3
81092.9
76152.9
71442.9
67075.8
63015.7
59325.9
55875.9
52798
49915.8
47334.4
44986.8
42854.1
40933.9
39216.1
37693.6
36361.1
35194.6
34187.7
33351.3
32615.5
32037.4
31616.7
31255.3
30950
30765.7
30589.9
30425.9
30358.2
30298.9
30230.3
30219.6
30210.8
30195.4
30181
30168.2
30161.7
30149.1
30147.5
30147.3
30142.4
30144.4
30148.8
30159.3
30161.2
30161.2
30170.4
30151.5
100000
99999.8
99998.9
99995.5
99982.7
99938.9
99803.7
99451.2
98655.4
97095
94460.5
90695.6
86098.1
81111.9
76172.3
71459.2
67085.9
63016.5
59316.4
55855.7
52764.7
49869.7
47275.5
44916.3
42773.9
40845.2
39121.1
37595.6
36264
35103.7
34109.7
33291.4
32576.8
32017.7
31614
31259.2
30958.4
30776.2
30599.5
30431
30354.8
30290.3
30213.5
30202.4
30189.5
30174.7
30167.5
30168.8
30169.4
30172.6
30186
30196.6
30194.4
30198.3
30208.7
30234.8
30266.8
30284.6
30291.9
30291.7
100000
99999.8
99998.9
99995.5
99982.7
99938.9
99803.8
99451.6
98656.5
97097.7
94466.2
90705.5
86112.7
81130.8
76193.2
71479.1
67101.4
63023.8
59312.2
55840.5
52736.3
49827.1
47217
44841.6
42683.3
40739
38999.4
37459.7
36115.2
34943.3
33940.4
33120
32417.1
31883.9
31518.3
31197.6
30930.7
30775.4
30613.9
30461.8
30382.9
30316.1
30241.4
30228.1
30221.4
30221.6
30224.1
30232.8
30243.7
30258.8
30286.3
30323.7
30332
30358.1
30376.1
30403.8
30459.4
30467
30470.4
30454.8
100000
99999.8
99998.9
99995.5
99982.7
99938.9
99803.9
99451.9
98657.3
97099.7
94470.6
90713.5
86125.4
81148
76213.4
71500.1
67120
63036.3
59315.2
55831.3
52713.7
49790.4
47164.3
44772
42596.6
40634.2
38874.9
37314.3
35948.1
34754.7
33730.1
32886.3
32162.9
31614.7
31243.7
30943.9
30731.9
30639.2
30546.2
30464.1
30418.6
30373
30355.5
30355.9
30358.6
30365.3
30379.7
30407.2
30453.8
30483.8
30525
30576.3
30575.3
30579
30591
30619.8
30624.8
30633.2
30608.5
30610
100000
99999.8
99998.9
99995.5
99982.7
99939
99803.9
99452.1
98657.9
97101
94473.6
90719.2
86134.8
81161.6
76230.1
71518.7
67137.9
63050.5
59322.8
55829.6
52699.4
49763.6
47123.5
44716.1
42525.2
40546.4
38769.2
37189.8
35803.8
34588.7
33540.1
32668.6
31916.7
31341.3
30936.9
30614
30398.9
30318.1
30318.4
30319.2
30322.3
30329.8
30346.4
30383.5
30439.1
30514.4
30586.5
30660
30729.4
30779.9
30817.5
30817.6
30812.7
30800.9
30790.4
30784.6
30763.9
30739.4
30732.3
30716.1
100000
99999.8
99998.9
99995.5
99982.7
99939
99804
99452.1
98658.1
97101.7
94475.2
90722.2
86140
81169.2
76239.8
71529.9
67149.2
63060.2
59329.3
55831.4
52694.4
49751
47102.6
44686.6
42487
40498.8
38711.3
37120.6
35722.7
34494.2
33430.1
32540.3
31768.4
31171.7
30740.7
30398.2
30167.8
30108.9
30110.2
30115
30128.1
30155.5
30209.4
30307.5
30422.5
30535.2
30657.1
30778.5
30907.3
31011.5
31041.7
31036.3
31025.4
31020.5
31010.4
30987.9
30910
30783.7
30696.1
30582.2
29984.5
29782.9
29372.8
28886.2
28529.9
28286.2
28132.8
28041.7
27993.7
27993.3
27995.9
28004.1
28023.9
28067.8
28159.4
28345.1
28713.6
29209
29651
29920.4
29967.7
29775.7
29381.7
28914.2
28561.5
28312.3
28150.2
28052
28001.1
27998.4
28000.8
28008.7
28027.6
28069.6
28157.5
28335.9
28691.6
29192.6
29647.8
29956.6
29945.7
29757
29372.3
28941.7
28596.4
28338.4
28160.6
28050.5
27995.2
27991.2
27993.6
28001.2
28019.7
28060.4
28145.2
28316.2
28655.3
29162.6
29635
29963.7
29930
29747.1
29378.9
28979.8
28633.3
28365.1
28174.9
28055.4
27995.9
27991.3
27993.6
28001.2
28019.3
28058.4
28139.7
28303.7
28614.6
29123.2
29609.1
29957.2
29925.2
29748
29402.9
28989.6
28644.7
28377.7
28183.8
28058.6
27992.5
27983.4
27985.6
27992.8
28011.3
28052.3
28126.9
28272.3
28561.8
29064.2
29560
29930.8
29922.4
29731.9
29353.4
28955.7
28640.9
28386.7
28195.5
28065.5
27993.1
27978.3
27980.4
27987.7
28008.8
28044.1
28110.7
28244.3
28516.2
28995.8
29493.3
29885.2
29930.1
29726.5
29295.3
28938.3
28641.8
28399.1
28210.7
28076
27995.3
27970.5
27972.2
27980.5
27999.6
28029.1
28087.6
28208
28456.2
28905.3
29402.4
29812.6
29914.2
29721.3
29307.2
28939.5
28649.5
28413.7
28227.7
28090.6
28001.8
27963.3
27965
27974.1
27987.3
28011.3
28061.7
28168.7
28386.8
28795.2
29294.7
29725.6
29907.7
29718.9
29352.9
28957.8
28663.9
28432.1
28250.3
28109.6
28013
27958.4
27957.4
27960
27968.2
27988
28031.6
28122.9
28307.4
28651.7
29153.2
29613.7
29907.1
29720.2
29399.7
28994.2
28689.6
28459.1
28274.8
28125.7
28015.7
27948.1
27932.3
27934.1
27940.6
27956.8
27995.3
28075.3
28221.8
28501.4
28984.6
29469
29920.3
29738.2
29428.2
29037.6
28726.5
28488.7
28294.4
28134.4
28012.5
27933.9
27903.7
27905
27911.5
27929.2
27957.4
28012.6
28126.1
28359.8
28785.2
29276.6
29933.9
29757.8
29496.7
29075.1
28742
28501.6
28304.6
28140.1
28010.3
27922.2
27872.9
27875.7
27880
27888.9
27909.8
27955
28046.4
28238.3
28559.3
29038.2
29950.5
29779.6
29496.1
29091.2
28766.7
28525
28325.2
28157.5
28023
27922.8
27856.4
27839.5
27841.4
27848
27863.3
27902
27970.1
28098.6
28346.7
28775
29961.2
29799.2
29535.1
29129
28811.1
28567.8
28361.1
28186.2
28044.6
27931.4
27847.1
27796.9
27798.5
27804.1
27814.3
27836
27883.8
27981.2
28173
28488.4
29972.3
29812.5
29564.1
29149.8
28840.5
28607.8
28404.6
28228.2
28079.1
27951.2
27846.5
27771.8
27747.1
27748.8
27755.1
27771.5
27811.2
27874.1
27994.4
28230.2
30001.7
29853.3
29596.7
29135.3
28844.6
28638.3
28452.2
28277
28116.8
27973.4
27852.2
27759.2
27700.6
27692.1
27694.6
27702.9
27723.3
27767.4
27840.3
27980.1
30010.4
29868
29625.9
29242.4
28946.6
28716.4
28512.5
28328.2
28161.1
28012.7
27883.6
27774.8
27693
27642.2
27631.2
27633.7
27641.7
27661
27703.4
27794.6
30032.4
29905.3
29679.3
29342.8
29046.3
28810.4
28604.7
28416.4
28242.7
28083.1
27941.9
27817.4
27712.1
27627.7
27570.5
27555.9
27558.5
27567.5
27589.6
27637.6
30055.7
29935.3
29741.7
29412.3
29104
28878
28688.3
28514.5
28348.6
28187.4
28038.9
27895.8
27763.6
27644.4
27551.1
27491.2
27476.6
27479.6
27489.9
27515.6
30083.9
29978.1
29763.3
29491.9
29165.5
28932.8
28764.6
28614
28461.2
28302.5
28147.7
27993.6
27846.3
27706.8
27580.8
27479.4
27416.8
27394.1
27396.9
27407.6
30115
30022.6
29832.3
29581.1
29274.8
29055.2
28885.6
28730.9
28574.4
28417.6
28263.2
28110.1
27965.7
27819.3
27674.6
27539.1
27423.3
27343.9
27311.9
27314
30132.1
30043.3
29859.1
29595.5
29361.5
29166.1
28992.7
28834.3
28680
28528.4
28380.8
28232.4
28091
27943.9
27793.9
27645.7
27507.8
27386.9
27291.2
27239.4
30172.3
30092.6
29926.2
29714.7
29427.4
29217.8
29056.4
28914.3
28780.2
28647.5
28514.1
28373.9
28237.3
28092.2
27945.9
27799.8
27657.7
27522.5
27397.5
27288
30195.5
30117.6
29956.9
29758.3
29545.6
29355.4
29194
29048.7
28911.9
28777.1
28641.9
28506.4
28372.6
28237
28102
27964.8
27828.2
27693.1
27560.3
27431.8
30232.4
30169.3
30038.1
29902.8
29691.6
29476.3
29319.8
29186.7
29060.7
28933.2
28799.7
28665.3
28533
28403.9
28277.7
28153.4
28029.2
27901.9
27771.7
27640.2
30259.2
30199.3
30075.3
29908.3
29701.2
29522
29396.1
29293.6
29190
29075.8
28952.2
28824.2
28698
28575.8
28455.9
28339.5
28222.7
28102.2
27977.6
27850.1
30271.9
30216.2
30102.4
29936.9
29763.9
29655.9
29547.2
29428.8
29307.9
29187.5
29073.3
28967.8
28865.2
28760.2
28652.2
28539.4
28425.3
28309.2
28189.9
28067.7
30308.3
30269
30187.4
30081.5
29894.4
29741
29639.5
29540.7
29434.6
29324.8
29218.6
29121.2
29027.8
28930.2
28827.4
28718.3
28605.3
28490
28372.7
28253.3
30346.7
30311.2
30232.7
30107
30032.8
29896.7
29756.4
29645.6
29549.3
29466.4
29377.7
29281.3
29189.1
29099.3
29006.5
28907.2
28803.1
28691.4
28575.8
28462.6
30346.9
30309.3
30245.7
30165
30025.9
29924.4
29849
29758.7
29673.7
29593.6
29514.1
29436.3
29358.6
29277.3
29190.3
29094.3
28993.8
28887.8
28784
28680.4
30385.1
30365.5
30310
30196
30032.1
29950.5
29898.4
29834
29769.9
29707
29640.5
29568.3
29490.3
29406.6
29317.1
29220.7
29119.9
29014.9
28898.7
28772.5
30356.3
30334.9
30284.8
30176.9
30086.2
30044
29991.6
29884.4
29822.9
29775.1
29731.3
29684.5
29629.6
29566.3
29496.4
29422.8
29344.1
29260.5
29175.3
29083.6
30373.2
30354.1
30311.2
30190.4
30095.7
30044.1
30016.8
29935.7
29886
29860.7
29832
29791.6
29737.7
29673.6
29604.4
29533.4
29461.1
29382.2
29302.9
29214
30335.8
30317.2
30273.1
30190.9
30081.5
30036.2
30019
29975.8
29899.2
29872.5
29853.1
29826.8
29791
29748.4
29702.9
29655.5
29605
29549.3
29488.3
29426.1
30307.8
30280.5
30224.4
30166.2
30090.4
30049.3
30035.3
29959.2
29891.5
29871.3
29857.2
29840.2
29822.1
29805.4
29766.1
29710.1
29663.4
29610.6
29548
29483.5
30292.3
30276.1
30244.4
30176.1
30113.6
29977.4
29924
29898.3
29880.1
29865.1
29853
29842.3
29829.6
29812.8
29792.6
29772.2
29751.7
29733.7
29684.6
29622.4
30258.2
30241.2
30201.7
30143.8
30011.8
29940.3
29933.8
29933.6
29931.2
29929.5
29953.5
29903.5
29838
29818.9
29801.7
29783.7
29760.5
29735.6
29705.6
29677.1
30160.7
30128.5
30064.2
29981.7
29920.7
29874.1
29870.5
29871.2
29875.4
29872.6
29886.3
29885.9
29838
29824.3
29816.8
29811.1
29810.1
29810.7
29769.8
29739.5
30107.9
30062.1
29992.1
29928.4
29879.7
29852
29836.6
29826.4
29818.6
29811.6
29806.2
29802.9
29801.3
29799.9
29797.4
29793.2
29786.7
29773.5
29756.7
29747.7
30110.4
30094.6
30063.7
30014.7
29986.6
29868.2
29836.3
29828.4
29825.7
29825
29824.9
29824.8
29824.5
29824
29822.6
29820
29813
29809.2
29804.3
29799
30068.3
30053.9
30030.6
29982.7
29959.2
29911.2
29862.1
29856.3
29856.2
29856.4
29857.9
29859.5
29863.3
29855.8
29846.2
29869.9
29864
29803.1
29789.3
29783
30044.8
30019.4
29945
29888.4
29857.4
29839
29829
29821.9
29815.8
29812.3
29811.1
29811
29810.9
29810.5
29810.3
29809.1
29803.4
29797.9
29798.1
29803.3
30063.5
30055.5
30036.5
29995
29954.7
29937.5
29888.6
29874.4
29873
29873.9
29873.1
29876
29880.8
29875.5
29885.2
29899.4
29874.3
29859
29856.4
29852.1
30089.5
30087.6
30080.9
30056.9
30000.9
29976.1
29974.5
29975
29972.9
29982.3
29988
29973.5
29967.2
29965.9
29969.8
29970.1
29961.4
29971
29977.7
29943.7
30139.5
30140.2
30143.1
30138.5
30122.2
30090.5
30050.3
30038.4
30036.8
30036.8
30036.8
30037
30037.5
30037.5
30036.9
30036.3
30034.2
30033.3
30033
30031.2
30290.3
30285.9
30273.8
30248.8
30226.6
30182.7
30155.8
30139.6
30127.8
30122.3
30121.7
30121.8
30122.6
30125.4
30127
30121.9
30122.4
30136.6
30134.8
30119.7
30439.8
30434.5
30440.6
30441.8
30435.3
30408.7
30368.6
30348.2
30329.8
30310.8
30293.3
30280.2
30272.7
30270.9
30270.9
30270.9
30271.7
30274.5
30279.2
30281.9
30639.9
30641.5
30634.3
30611.2
30555.1
30508.8
30486.9
30475.3
30468.1
30463
30458.2
30452.5
30445.8
30439
30432.8
30427.6
30423.5
30423.5
30423.7
30424.8
30688.1
30655
30587.2
30534.2
30515.1
30485.2
30397.4
30378.3
30374.7
30374.6
30375.3
30377.9
30383.5
30395.4
30400.7
30400.6
30400.1
30398.3
30393.1
30380.4
30440
30303.5
30231.4
30178.3
30142.9
30124.9
30120.7
30120.8
30121.6
30124.1
30130.3
30143.3
30158.8
30171.9
30185.7
30194.9
30200.8
30204.8
30212.4
30220.1
28142.8
28211.8
28181.9
28015.3
27729.7
27545.3
27786.5
28220
29241.5
30569.7
31179.5
31647.5
32329.8
32869.6
33200.8
33350.3
33339.5
33286.4
33121.2
32672.7
31460.8
27909.3
14535.8
10559.5
10046
10004.1
10000.3
10000
10000
10000
27907.8
27919
28014.9
28075.5
28092.9
28114.3
28255.3
28401.3
28694.7
29257.7
30146.1
31322.4
32158.9
32752.2
33111.4
33294.7
33294
33263.7
33130.2
32734.9
31669.7
28365.9
15372.7
10657.5
10060.1
10005.2
10000.4
10000
10000
10000
27703.3
27744.7
27889.5
28122.4
28300.6
28407.8
28465.7
28448.2
28533.5
29012.3
30059.8
31264.4
32026.7
32638.3
33067.8
33291.4
33293
33249.8
33101.7
32700.7
31597.6
28296.8
15672.6
10698.9
10065.6
10005.7
10000.4
10000
10000
10000
27641.3
27674.7
27790.5
28056.3
28259.1
28305.5
28301
28344.2
28522.3
29080.9
30033
30963.9
31768.2
32488.9
33009.4
33288
33324.1
33316.6
33248.7
32987.4
32177.3
29146.1
16535.1
10785.7
10075.8
10006.6
10000.5
10000
10000
10000
27686.4
27727.7
27856
28134.2
28203.1
28210.9
28241.2
28347
28633.8
29256.7
29996.3
30775.5
31590
32351.4
32903
33232.1
33291.9
33277.6
33201.6
32965.3
32212
29247
16998
10841.5
10083
10007.4
10000.6
10000
10000
10000
27811.7
27844.3
27935.6
28125.2
28122.3
28128.8
28157.4
28245.5
28514.1
29132.6
29796
30567.1
31438.2
32240.8
32835.1
33183.4
33278.7
33281.6
33254.1
33086.8
32475.8
29706.7
17627.5
10912.9
10092
10008.4
10000.6
10000
10000
10000
27963.1
27986.1
28047.6
28152
28147.2
28138.6
28156.4
28237.4
28461.2
28967.8
29578.2
30396.2
31324.1
32148.9
32765.4
33145.8
33263.1
33259.9
33215.6
33022.4
32378.5
29582.7
17945.7
10969
10100.7
10009.2
10000.7
10000.1
10000
10000
28066.6
28081.9
28124.1
28200.7
28196.4
28173.8
28177.1
28213.4
28353.1
28737.3
29386.6
30263.5
31234.3
32076.2
32728.7
33131.9
33269.5
33268.5
33237.4
33069.7
32428.5
29622.5
18330.1
11039.8
10110.8
10010.2
10000.8
10000.1
10000
10000
28144.8
28155.8
28186.8
28250.5
28234.5
28210.2
28204.3
28220.6
28324.9
28627.9
29309.3
30174.4
31144.5
31982.4
32673.9
33109.2
33270.6
33267.8
33228.9
33038.6
32341.6
29570.9
18737.5
11109
10120.9
10011.2
10000.8
10000.1
10000
10000
28191.8
28197.3
28213
28245.9
28229.3
28209.9
28207.3
28226.2
28326.1
28613.1
29284.4
30112
31027
31856.2
32587.3
33065.4
33270.2
33271.2
33240.7
33080.9
32443.5
29793.5
19280.8
11186.8
10131.6
10012.2
10000.9
10000.1
10000
10000
28201
28203.9
28213.8
28233.1
28229.6
28226.6
28230.9
28263.8
28376.9
28658.5
29281.2
30019.6
30868.6
31690.8
32457.4
32983.7
33240.6
33252.4
33226.7
33083
32481.8
29991.2
19803.2
11261.5
10142.1
10013.2
10001
10000.1
10000
10000
28206.4
28211.2
28226.6
28258.6
28269.5
28275.1
28285.5
28319.4
28420.9
28684.9
29258.5
29886.2
30698.3
31512.4
32311.4
32881.3
33187.8
33224
33207.5
33101.7
32614.9
30328.7
20357.4
11334.9
10153.1
10014.3
10001.1
10000.1
10000
10000
28229.1
28238.7
28267.5
28326.7
28359.1
28369.2
28369.7
28384.4
28451.1
28670.2
29186.3
29741.5
30542.9
31352
32171.5
32774.1
33122
33180.7
33169.7
33087.2
32661.4
30521.8
20804.6
11403.2
10164
10015.4
10001.2
10000.1
10000
10000
28282.6
28298.5
28344.1
28423.5
28450.6
28443
28425.3
28422.4
28449.8
28613.7
29042
29618.3
30438.6
31229.1
32051.3
32675.1
33059.5
33136.1
33130
33068.1
32702.5
30695.4
21211.2
11469.4
10175.3
10016.5
10001.3
10000.1
10000
10000
28355.1
28368.3
28404.1
28455.9
28454.6
28446.5
28420.3
28406.4
28429.5
28550.9
28882.4
29525.6
30382.2
31142
31948.8
32588.9
33005.9
33095.8
33091.3
33035.9
32690.5
30755.2
21544.2
11534.3
10186.8
10017.7
10001.4
10000.1
10000
10000
28392.5
28400.3
28421.1
28449.1
28448.3
28441.4
28424.1
28410.4
28425.8
28525.7
28814.7
29442.7
30323.5
31068.4
31861.9
32518.6
32966.3
33065.5
33061.7
33009.4
32681.7
30816.5
21903.6
11600.2
10198.5
10018.9
10001.6
10000.1
10000
10000
28421.5
28429.1
28449.3
28483.3
28483.2
28480.3
28472.7
28462.1
28479.5
28557.3
28799.3
29370.6
30246.2
30996.3
31790.8
32464.5
32936.2
33048.4
33044
32993.8
32672.7
30859.5
22248.1
11666.8
10210.5
10020.1
10001.7
10000.1
10000
10000
28486.2
28497.7
28526.4
28566.2
28569.3
28569.3
28566.2
28563.7
28575
28635.8
28833.6
29309.1
30149.9
30929.7
31735.9
32423.3
32917.3
33042.4
33037.8
32989.1
32681
30942.6
22625.4
11734.6
10222.8
10021.4
10001.8
10000.2
10000
10000
28602.5
28618.7
28659.8
28714.7
28718.9
28716.3
28705.4
28685.6
28691.1
28729.6
28880.7
29268.4
30054.6
30876.9
31693.6
32390.5
32908.1
33043.7
33039.3
32994.5
32702.7
31042.2
23011.4
11803.2
10235.3
10022.7
10002
10000.2
10000
10000
28757.5
28776.5
28824.1
28878.4
28878.2
28870
28840.7
28781.6
28785.2
28809.1
28926.9
29255.7
29970.7
30840.6
31658.1
32361.4
32903.3
33051
33047.6
33008.2
32737.8
31160.1
23381.2
11871.6
10248
10024
10002.1
10000.2
10000
10000
28919.7
28937.5
28981.4
29021.8
29017.7
28997.8
28942.2
28840.1
28842.2
28862.2
28964
29257.5
29913.7
30814.6
31623.2
32331.3
32898.8
33059.5
33057.1
33023.6
32775.4
31274.7
23717.9
11939.8
10260.9
10025.4
10002.3
10000.2
10000
10000
29055.1
29068.9
29102.3
29121.1
29113.7
29082.8
29004.1
28877.4
28880.8
28903.1
28996.7
29264.6
29879.5
30793.8
31584.3
32297.8
32891.2
33065.6
33064.8
33037.1
32811.5
31389.5
24043.7
12008.3
10273.9
10026.7
10002.4
10000.2
10000
10000
29154.7
29164.8
29188.3
29189.3
29179.5
29139.9
29041.6
28920.4
28924.3
28943.7
29030.7
29277.3
29851.2
30775.5
31541.2
32261.5
32878.7
33068.5
33068.3
33045.4
32841.3
31497.4
24369.1
12077
10286.9
10028.2
10002.6
10000.2
10000
10000
29234.1
29241.5
29255.6
29252.5
29235.5
29183.7
29066.2
28969
28972.8
28993
29073.6
29298.9
29826.2
30757.5
31495.3
32224.9
32861.9
33068.6
33069.3
33048.5
32863.6
31593.5
24684.5
12146
10300.1
10029.6
10002.8
10000.2
10000
10000
29300.7
29306.7
29310.7
29304.9
29279.9
29211.6
29088.1
29015.7
29018.9
29037.7
29113.5
29323.3
29818.9
30736.7
31449.2
32190.8
32843.6
33063.9
33065.7
33047.3
32877.1
31670.9
24971.3
12214.8
10313.2
10031.1
10002.9
10000.3
10000
10000
29354.7
29359.1
29358.3
29348.7
29315.4
29231.2
29111.8
29059.3
29061.4
29078.3
29150.3
29348.3
29818.7
30709.6
31405.5
32161.5
32825.9
33056.8
33059.4
33041.9
32882.6
31731
25226.3
12283.6
10326.1
10032.6
10003.1
10000.3
10000
10000
29400.5
29404
29401.7
29388.4
29347.9
29251.5
29139.3
29102.4
29103.8
29119.4
29187.5
29373.5
29823.6
30679.1
31366.3
32136.9
32809.9
33048.9
33051.8
33034.3
32883.6
31778.8
25457.5
12352.6
10339
10034.2
10003.3
10000.3
10000
10000
29446.2
29449.9
29446.8
29431.1
29385.3
29278.3
29173.9
29147.7
29148.4
29162.7
29225.6
29398
29827.8
30651.5
31331.9
32115.9
32795.4
33041.3
33044.3
33026.6
32881.9
31818.5
25672.7
12422.8
10352.6
10035.8
10003.5
10000.3
10000
10000
29497.7
29502
29498.3
29480.4
29429.8
29313.3
29215.2
29194.8
29195.7
29209.2
29265.2
29422
29827.8
30630.9
31301.4
32097.4
32782
33034.7
33037.7
33019.9
32879.5
31852.4
25871.2
12494.3
10366.8
10037.5
10003.7
10000.3
10000
10000
29553.6
29558.3
29553.8
29533.3
29477.1
29349.5
29256.8
29240.7
29242.6
29256.8
29304
29448.2
29827.8
30616.8
31273.4
32080.8
32769.8
33029.1
33032.3
33014.4
32877.7
31882.8
26052.3
12568.3
10381.5
10039.2
10003.9
10000.3
10000
10000
29607.7
29612.1
29606.5
29582.8
29519.6
29378.7
29294.7
29282.7
29285.7
29301.7
29349.6
29480.8
29829.5
30606.6
31247.9
32065.3
32758.6
33024.6
33028
33010
32876.5
31911.2
26218.6
12644.5
10395.9
10040.9
10004.1
10000.4
10000
10000
29655.7
29659.2
29652.5
29625
29553.7
29399.7
29328.1
29319.5
29323.2
29340.6
29388.2
29513.8
29840.4
30597.1
31226.4
32050
32748.1
33021.1
33024.8
33007.1
32876.4
31939
26372.7
12723.9
10409.6
10042.7
10004.3
10000.4
10000
10000
29697.3
29699.8
29691.5
29659.2
29576.8
29415.3
29356
29350.1
29354.3
29373.3
29422.9
29547.5
29857.9
30588.9
31209.3
32033.8
32737.8
33018.6
33023
33005.6
32877.8
31967.1
26516.4
12805
10422.8
10044.5
10004.5
10000.4
10000
10000
29733.7
29735.1
29725.2
29687.4
29592.2
29423.8
29377.1
29374.5
29379.5
29400.6
29455.1
29583.4
29882.1
30581.7
31197.2
32016.3
32727.3
33016.7
33022.3
33005.1
32880.4
31996.1
26652.4
12888.8
10436
10046.3
10004.7
10000.4
10000
10000
29766.7
29766.9
29754.9
29710.8
29601.5
29428.5
29393.3
29393.1
29399.2
29422.9
29483.3
29616.9
29909.9
30575.1
31190.2
31997.5
32717.1
33015.3
33022.7
33005.4
32884.1
32026.3
26782.2
12975.3
10449.1
10048.1
10004.9
10000.4
10000
10000
29798.3
29797.6
29782.6
29730.9
29605.6
29434.2
29408.3
29409.1
29416.6
29442.2
29508.6
29644.1
29941
30567.3
31186.3
31978.5
32708.1
33014.1
33024
33006.4
32888.6
32057.3
26906
13058.6
10462.1
10049.9
10005.1
10000.5
10000
10000
29827.9
29826.4
29808.2
29748.8
29607.5
29441.5
29423.5
29424.7
29433.5
29461.2
29532.6
29667.7
29972.1
30559.1
31182.2
31961.6
32701.1
33013.7
33026.1
33008.1
32893.5
32088.5
27023.3
13147.5
10475.1
10051.8
10005.3
10000.5
10000
10000
29854.8
29852.6
29831.3
29764
29606.2
29450.2
29440
29441.5
29451.3
29481.1
29557.9
29692.4
30000.6
30551.7
31175.6
31948.5
32696.3
33014
33028.1
33010
32898.5
32119.2
27133.8
13235.3
10488.3
10053.6
10005.5
10000.5
10000
10000
29878.7
29876
29851.9
29777.2
29603.7
29461.8
29457.8
29459.6
29470.5
29504.3
29587.2
29721.2
30025.6
30545.1
31166.5
31939
32693.1
33014.7
33030.1
33012
32903.4
32148.7
27237.4
13327
10501.2
10055.5
10005.7
10000.5
10000
10000
29899.9
29896.9
29870.3
29788.8
29601.8
29477.4
29476.5
29478.9
29492.2
29531.7
29621.3
29751.9
30047
30538.7
31156.4
31931.3
32690.5
33015.1
33032.1
33013.9
32907.8
32176.2
27333.9
13412.1
10514.6
10057.4
10005.9
10000.5
10000
10000
29919.7
29916.5
29887.6
29799.7
29599.9
29496.2
29496.2
29500.2
29516.6
29562.5
29659.3
29786.3
30068.3
30531.6
31146.6
31924
32687.7
33015.5
33033.7
33015.6
32911.6
32201.3
27423.8
13499.5
10527.3
10059.3
10006.1
10000.6
10000
10000
29939.9
29936.4
29905.4
29811.8
29601.1
29517.6
29518.3
29523.8
29543.3
29594.9
29700.8
29825
30089.5
30523.9
31137.3
31915.8
32684.6
33015.6
33035
33017
32914.6
32223.6
27506.8
13587.5
10540.8
10061.2
10006.4
10000.6
10000
10000
29962.4
29958.8
29925.5
29826.8
29608.7
29541.9
29543.1
29549.6
29571.6
29627.8
29744.9
29864.4
30112.1
30516.4
31128.4
31906.4
32681.4
33015.4
33036.1
33018
32916.5
32243.1
27583.4
13670.4
10553.3
10063.1
10006.6
10000.6
10000
10000
29989
29985.1
29949.2
29844.8
29622.7
29569
29570.3
29577.6
29601.4
29660.9
29789.5
29903.9
30136.1
30509.9
31119.9
31896.1
32678.2
33015
33036.9
33018.7
32917.3
32260
27653.2
13758.2
10567.1
10065
10006.8
10000.6
10000.1
10000
30020.7
30016.4
29977.4
29865.8
29644.5
29598.4
29599.8
29607.5
29632.4
29694.2
29831.9
29939.7
30160.4
30505
31112.5
31885.7
32675.1
33014.5
33037.1
33018.8
32917.3
32274
27716.8
13838.7
10579.2
10066.8
10007
10000.6
10000.1
10000
30058.7
30053.6
30010.5
29890.4
29673.5
29629.7
29631.2
29639.1
29664.4
29727.7
29870.7
29972.9
30183.4
30502.7
31106.4
31876.3
32672.6
33014.1
33037.1
33018.6
32916.4
32285.3
27773.8
13927.5
10593.4
10068.8
10007.2
10000.7
10000.1
10000
30100.3
30094.3
30046.8
29917.5
29708.3
29662.6
29663.9
29671.5
29696.7
29760.7
29905.9
30003.5
30205.4
30502.6
31101.7
31867.6
32670.1
33013.7
33036.8
33018.1
32914.7
32294.2
27825.6
14002.3
10604.9
10070.5
10007.4
10000.7
10000.1
10000
30150.1
30141.6
30086.8
29947.8
29748.1
29696.4
29697.2
29704
29729
29792.8
29938.3
30031.8
30224.9
30505.8
31099
31860.3
32668.6
33013.4
33036.4
33017.4
32912.3
32300.1
27870.2
14089.2
10619.6
10072.6
10007.6
10000.7
10000.1
10000
30192.7
30183
30124.6
29977.2
29789.9
29729.1
29729.2
29735.3
29760.1
29823.6
29967.9
30057.8
30244.4
30511.6
31095.4
31852.1
32666.2
33012.6
33036.1
33016.9
32910.1
32307.1
27916.7
14150.2
10629.8
10074.2
10007.8
10000.7
10000.1
10000
30258.9
30239.9
30169.2
30012.4
29835
29763.4
29761.1
29766.2
29790.4
29853.9
29996.2
30082.5
30260.8
30521.2
31095.6
31847.2
32666.1
33013.3
33036
33016.3
32905.7
32306.6
27954.9
14234.7
10645.3
10076.3
10008
10000.7
10000.1
10000
30348.5
30324.8
30241.8
30071.3
29913.9
29827.3
29826
29831.9
29856.7
29922.4
30059.6
30143.3
30313.1
30568
31135.2
31868.8
32688.2
33019.8
33035.6
33011.6
32882.1
32244.7
27933.2
14313.5
10667.2
10080.1
10008.5
10000.8
10000.1
10000
30282.6
30277.5
30248.3
30167.8
29994.5
29891.6
29894.5
29909.7
29950.3
30044.3
30186
30269.8
30410.7
30677.6
31243.1
31922.5
32742
33033.9
33036.9
33005.8
32841.5
32127.6
27812.8
14207.3
10653.7
10079.8
10008.7
10000.8
10000.1
10000
30280.2
30289.2
30275.2
30223
30097.4
29957.4
29958.1
29973.4
30024.7
30149.1
30286.7
30375.1
30512.9
30807.5
31331.3
31962.1
32788.9
33046.7
33045.8
33002.7
32797.2
32006.9
27750.5
14240.8
10671.5
10083.4
10009.2
10000.9
10000.1
10000
30264.6
30288.9
30280.2
30243.9
30152.2
30024.3
30027.2
30046.8
30107.2
30243.9
30384.6
30486.6
30666.4
30958.5
31420.6
31990.5
32827.7
33058.5
33055.1
32999.3
32751
31884.1
27676.3
14226.5
10678.1
10086.1
10009.6
10000.9
10000.1
10000
30254.8
30304.6
30299.5
30278.7
30225.1
30113.4
30117.3
30141
30203.4
30345.2
30510.5
30624.4
30794.5
31051.3
31481.8
32041.4
32872.2
33070.4
33065.4
32996.7
32703.5
31757.2
27622.1
14251.5
10692.8
10089.9
10010.1
10001
10000.1
10000
30245.8
30325.6
30322.7
30308.7
30275.9
30222.5
30226.7
30253.8
30327.2
30477.7
30662.8
30782.6
30920.2
31094.4
31464.9
32232.7
32944.9
33084.6
33076.9
32993.8
32650.4
31616.1
27556.9
14293.2
10710.4
10094.2
10010.7
10001.1
10000.1
10000
30220.3
30360.6
30367.6
30365.3
30355.5
30352.7
30358.8
30394.3
30483.6
30646.6
30784.3
30881.3
30998.9
31164.2
31507.4
32412
33025.9
33105.9
33093.8
32992.2
32595.1
31452.9
27436.1
14343.6
10733.4
10099.2
10011.4
10001.1
10000.1
10000
30160.6
30369.9
30414.4
30421.6
30429.8
30449.3
30485.1
30541.2
30616.8
30744.4
30851.5
30938.3
31041.2
31236.4
31714
32588.7
33098.6
33139.4
33122.8
33001.7
32544
31267
27253.2
14382.6
10762.3
10105.1
10012.2
10001.2
10000.1
10000
30087.3
30347.5
30420.4
30443.2
30459.3
30495.5
30547
30613.6
30678.7
30791.3
30889.1
30966.6
31128.8
31457.8
31866.2
32698.8
33163.1
33185
33163.2
33018.5
32488
31038.8
26947.9
14384
10797.4
10111.9
10013.1
10001.3
10000.1
10000
30005.7
30309.6
30407.3
30443.1
30467.6
30520.5
30582.6
30652.3
30722.7
30825.3
30916.1
31106.3
31369.1
31682.8
32050
32790.3
33221.4
33232.6
33205.7
33033.2
32414.6
30743.1
26400.1
14366.9
10839.6
10119.7
10014.1
10001.4
10000.1
10000
29886.6
30286.5
30412.7
30453.9
30485.8
30549
30622.7
30695.5
30778.5
30893.3
31119.9
31389.5
31626.6
31875.3
32200.6
32949.6
33277.9
33279.7
33244.3
33038.4
32323.9
30414.4
25665.5
14395.9
10889.8
10128.5
10015.3
10001.6
10000.1
10000
29703.9
30234.6
30457.3
30554.3
30609.3
30694.6
30778.5
30865.5
31000.2
31195.6
31439.8
31652.1
31821.8
32048.2
32390.7
33098.8
33331.1
33328.6
33279.2
33041
32251.9
30131.5
24934.3
14487.2
10949.4
10138.4
10016.6
10001.7
10000.1
10000
29438.8
30127.6
30455.5
30632.6
30744.1
30875.7
31006
31127.9
31280.9
31474
31671.8
31811
31984.2
32271.2
32607.6
33237
33401.1
33393.3
33328.7
33061
32221.7
29943.1
24391.2
14630
11018.9
10149.5
10018.1
10001.8
10000.2
10000
29115.4
29895.6
30408.9
30649.1
30806.7
30973
31138.1
31286.1
31453
31648.3
31789.1
31947.3
32212.9
32539.3
32818.9
33381.1
33507
33495.1
33415.4
33101.4
32143
29634.1
23878
14844.2
11098.4
10161.8
10019.7
10002
10000.2
10000
28734.3
29569.6
30257.6
30634.3
30836
31017.2
31205.1
31364.6
31552.2
31729.1
31903.9
32166.3
32491.2
32780.5
33034
33553.9
33646.9
33631.2
33528.7
33138.1
31946.1
28742.8
23532.5
15172.6
11188.8
10175.7
10021.5
10002.2
10000.2
10000
28342.7
29122.6
29988.7
30546.8
30827.8
31029.2
31228.7
31420.6
31616.7
31836.6
32119.6
32424.7
32710.9
32948.9
33267.2
33758.8
33814.2
33788.7
33637.2
33101.1
31578.9
27703.5
23364.9
15665.1
11292.9
10191.7
10023.5
10002.3
10000.2
10000
28021.3
28574.2
29489.1
30331.6
30792.4
31062.5
31296.7
31533.4
31765.8
32045.1
32340.1
32583.8
32865.7
33141.9
33521.3
33954.3
33970
33931.7
33707.3
32965.7
31160
26913.9
23314.5
16309.9
11411.2
10210.9
10025.6
10002.5
10000.2
10000
27770.2
28116.2
28786.3
29896.8
30705.8
31109.7
31357.8
31602.8
31856.6
32174.7
32436.6
32705.1
33053.3
33383.7
33744.5
34096.1
34098.1
34054
33794.2
32955
30854.4
26509.3
23315.4
16984
11536.3
10234
10028
10002.7
10000.2
10000
27591.1
27786.4
28196.3
28966.1
30277.1
31077.8
31444.7
31648.8
31911.8
32226.3
32481
32811.8
33213.5
33579.7
33933.7
34331.5
34398.4
34372.3
34203.6
33393.9
29582.7
26028.1
23403.9
17584.5
11662.3
10260.2
10030.4
10003
10000.3
10000
27443.9
27543.4
27772
28219.7
29069.2
30470.8
31494.8
31904.6
32162
32356.7
32585.1
32985.8
33461.6
33921.4
34435.3
35087
35293
35292.7
34878.9
32257.3
27460.8
25625.4
23450.6
18399.4
11796.8
10287.6
10033
10003.2
10000.3
10000
27327.6
27372.2
27466.6
27674.1
28133.8
28935.7
30404.3
31908.9
32721.7
33110.1
33447.4
33977.7
34618.6
35201.2
35726.3
36024.7
36048.4
35760.2
33142.6
28573.3
26473.4
25416
23557.1
19280.6
11938
10315.6
10035.7
10003.5
10000.3
10000
27230.1
27237.4
27264.5
27335.3
27517.8
27868.3
28590.3
29782.7
31557.7
33114.8
34057.6
34969.7
35675
36052.9
36157
36098.3
35202.4
31782.2
28790.8
27034.4
26032.7
25281.6
23743.3
20050.3
12086
10343.8
10038.5
10003.7
10000.3
10000
27183.4
27139.3
27127.6
27136.5
27175.2
27284.5
27516.3
27964.5
28813.6
29985.2
31399.4
32546.4
32877.6
32888.5
32710.7
31927.7
30446.6
28206
27062.9
26343.2
25853.6
25237.6
23938.3
20752
12265.4
10372.3
10041.3
10004
10000.3
10000
27286.6
27155.2
27057
27011.2
26986.5
26997.3
27047.7
27165.6
27373.3
27768.2
28319.9
28792.7
28897.5
28877.9
28769.5
28442
27730.2
26849.1
26344.6
26035.9
25766.4
25259.3
24169.6
21336.5
12527
10401.1
10044.2
10004.3
10000.4
10000
27481.9
27317.4
27156.6
27009.2
26907.6
26863.2
26817.8
26830
26848
26922.4
27039.5
27146.9
27164.3
27153.3
27119.7
26982.5
26648.7
26297
26086.4
25927.6
25734
25325.2
24433.8
21814.2
12856
10430.2
10047.2
10004.6
10000.4
10000
27692.9
27521.9
27344.8
27165.4
26998.8
26850.6
26749.6
26694.6
26655.3
26611.8
26593.4
26576.3
26517.2
26471.7
26438.3
26377.5
26247.7
26075.6
25997
25904.1
25730.2
25415.2
24720
22284.1
13146.5
10459.4
10050.2
10004.8
10000.4
10000
27912
27740.5
27566.7
27387.5
27208.4
27029.7
26861.4
26710.6
26592.5
26529.3
26478.6
26412.1
26279.6
26214.5
26190.9
26148.3
26107.7
26022.3
25956
25911.6
25822.6
25588.7
24997.8
22653.7
13417.9
10488.6
10053.3
10005.1
10000.4
10000
28098.2
27922.7
27755.7
27593.8
27429.3
27258.8
27087.1
26917.1
26752.8
26608
26476.7
26359.9
26217
26152.1
26133.6
26090.7
26057.5
26022.4
26016.2
25997.3
25947.6
25806.4
25281.2
22950.1
13680.7
10517.9
10056.3
10005.4
10000.4
10000
28317
28141.6
27973
27799.5
27630.8
27467.9
27312.8
27161
27010.7
26861.6
26705
26533.1
26337.6
26224.5
26189.3
26164.5
26160.1
26153.7
26149.4
26146.1
26127.9
26007.8
25496.7
23235.2
13944.4
10546.7
10059.2
10005.7
10000.5
10000
28558.4
28424.9
28269.3
28074.2
27857
27658.6
27475.5
27310.7
27166.4
27041.8
26932.7
26846.5
26770.1
26444.4
26372.6
26332.2
26330.3
26324.5
26326.1
26327.8
26298.6
26171.3
25728
23543
14203.9
10574.5
10062
10005.9
10000.5
10000
28636.2
28564.9
28500.6
28463.8
28347.2
27942.9
27747.2
27576.5
27421
27285.3
27172.5
27078.3
26992.1
26675.3
26578.5
26528.2
26522.9
26513.5
26496.8
26495.6
26484.9
26398.4
25977.5
23835.6
14462.9
10600.8
10064.6
10006.1
10000.5
10000
28968.8
28847.2
28715.9
28581.6
28436.7
28307.8
28165
27999.2
27798.8
27605.9
27436.8
27255.5
27084.2
26917.5
26798.1
26728.9
26719
26707
26700.8
26701.6
26694.8
26622.1
26238.4
24135
14712.8
10624.7
10066.8
10006.2
10000.5
10000
29105.6
28990.1
28868.5
28742.4
28619.9
28502.2
28392.4
28295.9
28233.8
27896.5
27639.8
27447.5
27304
27225.4
27122.2
26984.3
26937.7
26905.1
26906.8
26912.5
26909.7
26855.3
26504.6
24433.8
14929.7
10644.9
10068.5
10006.4
10000.5
10000
29345.3
29258.3
29166.6
29053.6
28926.3
28772.3
28613.8
28442.3
28271.1
28112.5
27966.6
27825.6
27675
27524.9
27352.1
27239.9
27168.5
27140.1
27143.1
27146.4
27146.8
27109
26785.8
24720.1
15108.6
10661
10069.7
10006.4
10000.5
10000
29397.3
29329.6
29263.3
29197.6
29141.4
29112
29058.1
28711
28521.9
28365.8
28222.4
28096.2
28012.8
27873.4
27718
27505.7
27444.7
27418.7
27419
27421.8
27433.2
27405.1
27113.9
25045.1
15266
10672.2
10070.3
10006.4
10000.5
10000
29557.6
29498.7
29440.7
29375.1
29298.9
29228.4
29174.5
29148.2
29046.6
28753.8
28596.5
28433.1
28264.4
28146.9
27967.7
27807.8
27782.1
27795.3
27768
27759
27757.7
27743
27520.5
25463.9
15369.5
10674.6
10070.1
10006.4
10000.5
10000
29622.4
29580.6
29545.9
29517.2
29456.3
29386
29350.6
29316.6
29288.3
29072.8
28950.9
28853.8
28780.8
28574.4
28356.4
28262.3
28201.9
28198
28131.2
28129.7
28139.2
28140.3
27942.5
25829.7
15356.8
10668.5
10069.3
10006.3
10000.5
10000
29704
29680.3
29659.5
29649.6
29651.6
29611.4
29599.2
29574.9
29425.1
29339.5
29248.2
29141.4
29028
28923.2
28842.7
28795.4
28728.8
28651.2
28571.8
28570.5
28566.3
28531.6
28236.8
25972.5
15228.7
10658.5
10068.5
10006.3
10000.5
10000
29737.6
29721.3
29718.4
29695.4
29686.1
29691.6
29611.3
29569.1
29550.3
29498.6
29457.6
29454.6
29407.8
29348.2
29257.5
29212.8
29194.5
29091.9
29037.8
29019.6
28978.5
28864.5
28418
25940.5
15096
10653.5
10068.2
10006.3
10000.5
10000
29784
29798.6
29751.8
29722.9
29705.1
29685.8
29676
29654
29635.1
29620.1
29616.8
29612.3
29563.6
29561.4
29525.9
29501.3
29494.9
29411
29398.4
29390.6
29313.1
29078.1
28495.8
25911.6
15008.3
10651.6
10068.1
10006.2
10000.5
10000
29774.4
29766.1
29758.8
29754.4
29745.9
29736
29732.9
29733
29731.7
29706.7
29704.3
29705.7
29696.9
29702.7
29683.3
29654.6
29638.9
29620
29611.4
29588.4
29487.6
29241.1
28584.7
25913.7
15016.9
10655.7
10068.4
10006.3
10000.5
10000
29804.1
29805.4
29803.7
29796.8
29803.3
29785.9
29772.4
29771.6
29774.7
29766.8
29769.6
29758.7
29766.2
29756.7
29733.8
29719.5
29714.8
29711.5
29708.6
29656.8
29566.8
29355.6
28676.2
25950.7
14982.2
10652
10068
10006.2
10000.5
10000
29851.5
29852.6
29849.6
29848.1
29849.3
29840.4
29836.9
29836.1
29836.1
29822.3
29820.9
29830.7
29809.8
29797.2
29800.2
29805.5
29785.3
29775.2
29764.3
29720.8
29623.2
29383.4
28635.8
25865.1
14934.1
10650.8
10068.1
10006.2
10000.5
10000
29927.3
29924.4
29923.8
29928.3
29913.4
29901.7
29899.6
29896.5
29903.9
29893.2
29877.4
29879.8
29879.1
29873.8
29880.2
29848.6
29845.2
29843.6
29804.9
29764.1
29675.6
29401.2
28589.2
25790
14897.7
10648.8
10067.7
10006.2
10000.5
10000
30023.4
30017
30021
30019
29994.1
29985.9
29984.5
29981.2
29982.4
29981.5
29977.2
29962.4
29963.9
29965.4
29933.4
29914.7
29906.9
29908.7
29861.2
29808.4
29712.7
29430
28597.4
25765
14808.1
10639
10066.8
10006.1
10000.5
10000
30115.6
30122.2
30117.8
30129.3
30128
30112.3
30108.5
30109.1
30110.3
30109.9
30105.5
30095.8
30090
30097.7
30087.1
30079.5
30082.2
30055.4
30003.8
29932.6
29788.7
29451.3
28517.5
25538.4
14537.1
10620
10065.4
10006.1
10000.5
10000
30294.6
30297.5
30291.4
30332.7
30324.8
30312.8
30304.6
30322.4
30333
30333.6
30334
30332.6
30332.7
30328.6
30326
30320.4
30301.4
30264.2
30213.4
30093.7
29901.6
29477.2
28325
25126.5
14334.8
10606.4
10064.2
10006
10000.5
10000
30427
30428.8
30434.3
30437.9
30442.4
30443.4
30449.8
30453.3
30445.5
30449.8
30466.1
30423.2
30385.8
30374.6
30353.7
30332.9
30304.8
30236.5
30196.9
30115.4
29945.6
29547.4
28447.1
25259.6
14249.8
10590.1
10062.1
10005.7
10000.5
10000
30380.8
30379
30366.7
30378.2
30355.5
30337.3
30335.4
30348.6
30338.8
30318
30322.2
30307.8
30310.1
30288
30247.5
30242.3
30241.8
30193.6
30164.8
30098.4
29987.6
29728.7
28948.5
25723.2
14086.9
10564.1
10059
10005.5
10000.4
10000
30223.8
30223.2
30221.8
30216.2
30205
30205.3
30203.5
30187.8
30194.4
30197.5
30168.2
30199.3
30206.2
30207
30194.8
30174.3
30137.1
30131.9
30086.5
30058.8
30021.2
29893.3
29296
26066.7
14030.8
10541.8
10056.4
10005.2
10000.4
10000
)
;

boundaryField
{
    inlet
    {
        type            zeroGradient;
    }
    outlet
    {
        type            zeroGradient;
    }
    bottom
    {
        type            symmetryPlane;
    }
    top
    {
        type            symmetryPlane;
    }
    obstacle
    {
        type            zeroGradient;
    }
    defaultFaces
    {
        type            empty;
    }
}


// ************************************************************************* //
