/*--------------------------------*- C++ -*----------------------------------*\
| =========                 |                                                 |
| \\      /  F ield         | OpenFOAM: The Open Source CFD Toolbox           |
|  \\    /   O peration     | Version:  5.x                                   |
|   \\  /    A nd           | Web:      www.OpenFOAM.org                      |
|    \\/     M anipulation  |                                                 |
\*---------------------------------------------------------------------------*/
/*   Windows 32 and 64 bit porting by blueCAPE: http://www.bluecape.com.pt   *\
|  Based on Windows porting (2.0.x v4) by Symscape: http://www.symscape.com   |
\*---------------------------------------------------------------------------*/
FoamFile
{
    version     2.0;
    format      ascii;
    class       volScalarField;
    location    "0.007";
    object      T;
}
// * * * * * * * * * * * * * * * * * * * * * * * * * * * * * * * * * * * * * //

dimensions      [0 0 0 1 0 0 0];

internalField   nonuniform List<scalar> 
10000
(
348.432
348.432
348.43
348.425
348.405
348.337
348.137
347.634
346.543
344.482
341.151
336.553
331.034
325.061
319.04
313.123
307.439
301.833
296.985
290.89
287.931
282.084
277.171
274.844
271.84
267.095
262.797
260.578
259.91
259.259
257.291
253.946
251.823
251.19
251.264
252.155
253.76
254.464
254.48
253.483
250.83
248.793
247.646
247.13
246.956
246.928
247.013
247.759
251.121
262.34
282.39
303.343
324.772
345.065
365.004
381.632
397.277
409.8
418.183
429.059
348.432
348.432
348.43
348.425
348.405
348.339
348.143
347.651
346.582
344.555
341.272
336.721
331.241
325.29
319.276
313.358
307.659
302.054
297.123
291.114
288.059
281.977
277.342
275.055
271.6
266.583
262.551
260.702
260.03
258.967
256.163
252.778
250.922
250.506
250.671
251.817
253.17
253.531
253.225
251.411
249.168
247.86
247.249
247.049
247.021
247.06
247.316
248.438
252.932
266.786
288.445
311.466
334.369
355.074
373.087
387.418
398.851
406.18
411.643
413.102
348.432
348.432
348.43
348.425
348.406
348.339
348.144
347.653
346.585
344.561
341.281
336.735
331.262
325.32
319.32
313.418
307.735
302.202
297.08
291.825
287.269
283.083
278.003
274.263
271.687
268.177
263.89
260.602
259.223
258.704
257.697
255.141
252.539
251.297
251.155
251.423
252.612
253.874
254.431
254.431
253.694
251.969
250.727
250.054
249.762
249.648
249.65
250.083
252.841
263.816
284.604
305.674
326.519
345.842
363.102
377.039
389.105
397.559
404.588
409.777
348.432
348.432
348.43
348.425
348.406
348.341
348.149
347.667
346.617
344.625
341.386
336.884
331.447
325.528
319.535
313.635
307.934
302.439
297.056
292.518
286.486
283.688
278.711
273.44
270.755
268.716
265.049
260.681
257.702
256.657
256.413
255.872
253.885
251.384
250.328
250.219
250.447
251.386
252.544
253.071
253.127
252.858
251.938
251.145
250.733
250.6
250.608
251.275
255.474
270.666
294.129
316.491
337.21
355.016
369.914
381.35
390.82
397.167
402.253
405.821
348.432
348.432
348.43
348.425
348.406
348.342
348.15
347.67
346.623
344.634
341.4
336.904
331.473
325.562
319.581
313.694
308.013
302.542
297.188
292.66
286.705
283.886
278.969
273.778
271.087
269.064
265.486
261.208
258.255
257.176
256.927
256.454
254.637
252.176
251.136
251.017
251.228
252.143
253.35
253.891
253.966
253.714
252.737
251.846
251.359
251.158
251.159
251.784
255.858
270.71
294.169
316.387
336.682
354.122
368.609
379.515
388.638
394.989
400.253
404.644
348.432
348.432
348.43
348.425
348.406
348.343
348.155
347.682
346.651
344.689
341.492
337.036
331.639
325.75
319.778
313.893
308.207
302.711
297.382
292.718
286.916
284.005
278.76
273.838
271.401
268.994
264.904
260.644
258.145
257.411
257.075
256.027
253.3
251.053
250.267
250.261
250.751
252.045
253.036
253.327
253.184
252.338
251.232
250.515
250.169
250.07
250.082
250.72
254.731
269.356
293.235
316.36
337.546
355.553
370.205
381.085
389.853
395.627
400.189
403.463
348.432
348.432
348.43
348.425
348.407
348.343
348.156
347.685
346.657
344.701
341.511
337.06
331.669
325.787
319.826
313.951
308.281
302.813
297.49
292.885
287.072
284.182
279.092
274.106
271.58
269.322
265.439
261.203
258.57
257.722
257.426
256.595
254.158
251.862
251.018
250.97
251.348
252.555
253.649
254.012
253.926
253.128
251.765
250.881
250.43
250.243
250.22
250.607
253.453
265.029
287.807
310.488
331.545
349.9
365.317
376.967
386.653
393.387
398.709
402.962
348.432
348.432
348.43
348.425
348.407
348.345
348.16
347.696
346.681
344.749
341.591
337.178
331.819
325.958
320.006
314.135
308.461
302.973
297.659
292.98
287.227
284.288
278.993
274.157
271.766
269.245
265.051
260.837
258.454
257.778
257.383
256.127
253.255
251.061
250.303
250.31
250.888
252.27
253.239
253.483
253.207
252.005
250.699
249.917
249.539
249.398
249.395
249.824
252.816
264.763
287.731
310.736
332.297
351.068
366.68
378.406
387.917
394.388
399.393
403.075
348.432
348.432
348.43
348.426
348.407
348.345
348.161
347.699
346.689
344.763
341.613
337.206
331.852
325.997
320.054
314.192
308.531
303.069
297.761
293.126
287.377
284.45
279.281
274.398
271.942
269.545
265.512
261.317
258.838
258.08
257.731
256.648
253.96
251.742
250.948
250.925
251.39
252.706
253.791
254.102
253.889
252.655
251.033
250.016
249.501
249.3
249.267
249.582
252.029
262.348
284.404
307.153
328.463
347.192
363.082
375.152
385.259
392.34
397.906
402.539
348.432
348.432
348.43
348.426
348.407
348.346
348.165
347.708
346.71
344.805
341.683
337.31
331.987
326.154
320.22
314.363
308.699
303.221
297.912
293.247
287.484
284.57
279.253
274.422
272.044
269.508
265.292
261.064
258.667
257.985
257.581
256.303
253.39
251.138
250.332
250.328
250.908
252.345
253.376
253.635
253.315
251.909
250.369
249.437
248.985
248.819
248.808
249.169
251.787
262.57
285.003
308.015
329.646
348.666
364.691
376.803
386.659
393.342
398.569
402.786
348.432
348.432
348.43
348.426
348.408
348.347
348.166
347.713
346.719
344.82
341.707
337.34
332.022
326.193
320.267
314.416
308.764
303.312
298
293.397
287.594
284.726
279.545
274.613
272.152
269.792
265.769
261.521
258.959
258.177
257.832
256.779
254.089
251.776
250.892
250.847
251.298
252.619
253.753
254.086
253.846
252.493
250.739
249.636
249.079
248.862
248.832
249.124
251.445
261.357
283.162
305.895
327.153
345.839
361.841
374.081
384.254
391.487
397.206
402.221
348.432
348.432
348.43
348.426
348.408
348.348
348.169
347.72
346.737
344.857
341.769
337.434
332.144
326.336
320.421
314.576
308.922
303.455
298.143
293.515
287.697
284.84
279.545
274.638
272.239
269.779
265.612
261.317
258.799
258.063
257.687
256.532
253.664
251.273
250.365
250.337
250.85
252.273
253.397
253.701
253.413
251.98
250.227
249.124
248.57
248.358
248.335
248.642
251.008
261.017
283.077
306.115
327.576
346.396
362.477
374.633
384.513
391.504
396.947
402.029
348.432
348.432
348.43
348.426
348.408
348.348
348.171
347.725
346.746
344.873
341.794
337.466
332.181
326.375
320.466
314.627
308.983
303.54
298.22
293.659
287.788
284.973
279.837
274.802
272.294
270.025
266.079
261.755
259.036
258.185
257.857
256.934
254.352
251.874
250.847
250.762
251.15
252.414
253.65
254.05
253.864
252.575
250.589
249.274
248.581
248.299
248.24
248.422
250.093
257.904
278.097
301.245
323.007
342.108
358.697
371.388
381.795
389.274
394.793
400.708
348.432
348.432
348.43
348.426
348.408
348.349
348.174
347.731
346.762
344.905
341.85
337.549
332.291
326.508
320.608
314.776
309.131
303.674
298.359
293.764
287.9
285.083
279.831
274.842
272.404
270.028
265.932
261.571
258.914
258.105
257.757
256.752
253.99
251.432
250.397
250.329
250.758
252.124
253.357
253.739
253.524
252.188
250.211
248.906
248.228
247.959
247.907
248.071
249.56
256.609
275.908
299.265
321.53
341.189
358.244
371.223
381.749
389.25
394.636
400.421
348.432
348.432
348.431
348.426
348.408
348.35
348.175
347.736
346.771
344.922
341.875
337.582
332.328
326.546
320.652
314.823
309.187
303.752
298.431
293.891
287.991
285.2
280.083
274.997
272.465
270.234
266.321
261.954
259.144
258.245
257.919
257.059
254.539
251.941
250.808
250.695
251.045
252.258
253.552
253.994
253.836
252.59
250.475
249.036
248.268
247.947
247.865
247.952
248.976
254.297
270.99
294.074
316.547
336.705
354.464
368.288
379.636
387.786
393.489
399.718
348.432
348.432
348.431
348.426
348.409
348.351
348.177
347.742
346.785
344.95
341.925
337.657
332.429
326.667
320.784
314.964
309.328
303.878
298.568
293.983
288.11
285.312
280.063
275.053
272.609
270.25
266.163
261.777
259.071
258.233
257.886
256.918
254.176
251.534
250.433
250.343
250.736
252.069
253.343
253.75
253.544
252.19
250.101
248.702
247.966
247.67
247.59
247.672
248.571
253.257
268.712
291.827
314.749
335.545
353.85
368.017
379.535
387.759
393.546
399.791
348.432
348.432
348.431
348.426
348.409
348.351
348.179
347.746
346.794
344.967
341.95
337.69
332.466
326.706
320.826
315.007
309.379
303.949
298.635
294.095
288.197
285.418
280.276
275.194
272.677
270.43
266.482
262.099
259.288
258.39
258.051
257.161
254.587
251.943
250.778
250.66
251.004
252.224
253.514
253.946
253.764
252.416
250.222
248.736
247.941
247.607
247.498
247.541
248.167
251.743
264.781
287.406
310.424
331.548
350.468
365.429
377.727
386.544
392.65
399.372
348.432
348.432
348.431
348.426
348.409
348.352
348.181
347.751
346.806
344.993
341.995
337.757
332.557
326.817
320.949
315.14
309.511
304.069
298.766
294.18
288.316
285.526
280.261
275.259
272.829
270.455
266.343
261.949
259.245
258.401
258.044
257.058
254.279
251.596
250.477
250.372
250.749
252.07
253.358
253.763
253.543
252.098
249.911
248.445
247.669
247.353
247.253
247.291
247.866
251.154
263.374
285.853
309.074
330.555
349.826
365.012
377.494
386.404
392.588
399.322
348.432
348.432
348.431
348.426
348.409
348.352
348.183
347.755
346.815
345.009
342.02
337.79
332.594
326.855
320.989
315.18
309.559
304.133
298.828
294.281
288.397
285.623
280.447
275.382
272.89
270.613
266.617
262.226
259.436
258.549
258.192
257.258
254.609
251.935
250.754
250.638
250.976
252.214
253.499
253.913
253.709
252.255
249.98
248.459
247.649
247.317
247.21
247.235
247.71
250.51
261.343
283.324
306.526
328.039
347.521
363.054
375.961
385.234
391.598
398.798
348.432
348.432
348.431
348.426
348.409
348.353
348.185
347.76
346.826
345.032
342.06
337.851
332.677
326.957
321.103
315.304
309.684
304.247
298.954
294.361
288.517
285.727
280.431
275.459
273.054
270.643
266.488
262.098
259.425
258.59
258.215
257.184
254.333
251.634
250.527
250.41
250.778
252.111
253.406
253.794
253.545
251.989
249.749
248.272
247.495
247.183
247.088
247.115
247.562
250.148
260.254
282.038
305.695
327.715
347.572
363.247
376.105
385.348
391.49
398.603
348.432
348.432
348.431
348.426
348.409
348.353
348.186
347.764
346.835
345.048
342.085
337.884
332.714
326.994
321.141
315.341
309.727
304.305
299.012
294.449
288.594
285.816
280.59
275.569
273.115
270.782
266.717
262.331
259.596
258.737
258.354
257.347
254.586
251.911
250.739
250.632
250.975
252.248
253.521
253.915
253.691
252.168
249.884
248.352
247.51
247.139
247.005
247.003
247.295
249.217
257.361
277.838
301.822
324.347
344.931
361.443
374.944
384.724
390.983
398.282
348.432
348.432
348.431
348.426
348.409
348.354
348.188
347.768
346.845
345.068
342.121
337.939
332.789
327.088
321.247
315.458
309.846
304.412
299.133
294.52
288.722
285.913
280.565
275.667
273.294
270.809
266.592
262.228
259.615
258.803
258.404
257.306
254.363
251.66
250.568
250.443
250.798
252.142
253.493
253.907
253.703
252.264
249.945
248.295
247.302
246.803
246.584
246.524
246.63
247.707
253.182
270.773
296.004
320.002
342.017
359.75
374.122
384.473
391.095
398.477
348.432
348.432
348.431
348.426
348.41
348.355
348.189
347.772
346.853
345.084
342.145
337.971
332.825
327.124
321.284
315.492
309.885
304.463
299.195
294.575
288.831
285.983
280.651
275.813
273.418
270.912
266.714
262.398
259.814
259.019
258.593
257.458
254.536
251.866
250.707
250.599
250.915
252.18
253.607
254.139
254.095
253.128
250.662
248.621
247.319
246.636
246.331
246.23
246.267
246.856
250.126
262.434
286.449
310.964
334.305
353.878
370.134
382.152
389.885
398.228
348.432
348.432
348.431
348.426
348.41
348.355
348.191
347.776
346.862
345.103
342.177
338.021
332.894
327.211
321.382
315.602
309.999
304.552
299.377
294.4
289.547
285.261
281.041
276.491
273.083
270.41
266.935
263.032
260.022
258.738
258.204
257.185
254.715
252.09
250.811
250.582
250.752
251.594
253.183
254.019
254.204
254.005
252.575
250.117
248.454
247.6
247.261
247.157
247.178
247.623
250.233
260.417
282.064
305.277
328.368
348.542
365.8
379.151
387.838
397.608
348.432
348.432
348.431
348.426
348.41
348.355
348.192
347.78
346.87
345.117
342.2
338.052
332.929
327.245
321.417
315.633
310.037
304.582
299.522
294.124
290.423
284.246
281.448
277.581
272.511
269.32
267.387
264.559
260.987
258.042
256.595
256.164
255.599
253.995
252.04
251.093
250.918
250.99
251.586
252.77
253.552
253.777
253.623
252.544
251.044
250.218
249.881
249.77
249.775
250.127
252.375
261.483
281.661
303.408
325.112
344.409
361.413
375.448
384.589
396.155
348.432
348.432
348.431
348.426
348.41
348.356
348.194
347.783
346.879
345.134
342.231
338.098
332.992
327.326
321.509
315.736
310.143
304.679
299.638
294.164
290.594
284.313
281.27
277.966
272.679
268.955
267.204
264.922
261.368
257.985
256.085
255.576
255.346
254.53
252.586
251.233
250.827
250.789
251.099
252.095
252.974
253.342
253.33
252.819
251.848
251.31
251.092
251.006
251.014
251.391
253.892
263.92
284.171
304.947
325.594
344
360.219
374.132
382.704
394.962
348.432
348.432
348.431
348.426
348.41
348.356
348.195
347.787
346.886
345.148
342.252
338.127
333.026
327.358
321.541
315.766
310.177
304.721
299.688
294.209
290.673
284.382
281.29
278.104
272.819
268.915
267.187
265.168
261.698
258.164
255.993
255.373
255.242
254.784
253.122
251.544
250.932
250.877
251.078
251.863
252.704
253.065
253.1
252.876
252.262
251.854
251.658
251.559
251.555
251.919
254.501
264.956
285.778
306.349
326.332
344.068
359.513
373.258
381.065
393.712
348.432
348.432
348.431
348.426
348.41
348.357
348.196
347.79
346.894
345.164
342.28
338.169
333.084
327.433
321.628
315.863
310.276
304.816
299.787
294.289
290.772
284.476
281.302
278.225
272.958
268.909
267.134
265.213
261.799
258.192
255.95
255.282
255.133
254.689
253.091
251.505
250.91
250.818
251.039
251.786
252.548
252.934
252.994
252.838
252.36
252.019
251.837
251.747
251.742
252.116
254.791
265.547
286.804
307.79
327.664
344.996
359.839
373.416
380.47
392.98
348.432
348.432
348.431
348.426
348.41
348.357
348.197
347.793
346.9
345.177
342.301
338.197
333.116
327.464
321.658
315.89
310.306
304.855
299.827
294.342
290.821
284.531
281.384
278.284
273.02
268.964
267.196
265.343
261.976
258.328
255.951
255.219
255.11
254.816
253.44
251.698
250.938
250.844
250.988
251.613
252.439
252.855
252.953
252.889
252.551
252.176
251.954
251.855
251.85
252.23
254.979
265.873
287.145
308.245
328.063
345.179
359.448
373.148
379.729
392.102
348.432
348.432
348.431
348.426
348.41
348.358
348.198
347.796
346.908
345.192
342.326
338.236
333.17
327.534
321.738
315.981
310.4
304.947
299.918
294.433
290.899
284.619
281.461
278.355
273.09
269.045
267.257
265.355
261.963
258.31
255.985
255.269
255.133
254.789
253.339
251.592
250.866
250.742
250.919
251.592
252.399
252.853
252.971
252.929
252.629
252.2
251.993
251.905
251.889
252.268
255.057
266.086
287.505
308.908
328.816
345.873
359.467
373.126
379.319
391.425
348.432
348.432
348.431
348.426
348.411
348.358
348.2
347.799
346.914
345.204
342.346
338.263
333.2
327.563
321.767
316.006
310.428
304.981
299.952
294.484
290.935
284.663
281.556
278.385
273.107
269.124
267.367
265.449
262.031
258.374
256.021
255.309
255.197
254.902
253.504
251.667
250.853
250.751
250.898
251.519
252.391
252.86
252.996
252.976
252.711
252.238
252.004
251.912
251.894
252.272
255.063
266.149
287.593
309.142
329.214
346.443
359.692
373.237
379.131
390.863
348.432
348.432
348.431
348.426
348.411
348.358
348.201
347.802
346.921
345.217
342.369
338.299
333.251
327.628
321.842
316.092
310.517
305.069
300.039
294.573
291.013
284.749
281.633
278.458
273.181
269.205
267.433
265.471
262.027
258.368
256.07
255.379
255.243
254.892
253.401
251.567
250.79
250.665
250.838
251.53
252.396
252.896
253.037
253.006
252.682
252.146
251.9
251.791
251.771
252.143
254.916
266.026
287.53
309.199
329.427
346.885
360.152
373.566
379.33
390.72
348.432
348.432
348.431
348.426
348.411
348.359
348.202
347.805
346.927
345.229
342.388
338.324
333.279
327.655
321.869
316.114
310.541
305.098
300.066
294.622
291.034
284.787
281.739
278.458
273.17
269.295
267.559
265.536
262.037
258.391
256.109
255.447
255.331
254.996
253.495
251.587
250.747
250.647
250.811
251.485
252.419
252.913
253.04
253.001
252.662
252.126
251.852
251.763
251.748
252.099
254.713
265.36
286.645
308.303
328.676
346.434
359.958
373.518
379.295
390.6
348.432
348.432
348.431
348.426
348.411
348.359
348.203
347.808
346.933
345.241
342.41
338.358
333.326
327.716
321.94
316.196
310.625
305.181
300.149
294.712
291.106
284.871
281.836
278.515
273.231
269.406
267.662
265.551
261.991
258.372
256.204
255.599
255.449
255.001
253.305
251.453
250.696
250.597
250.81
251.611
252.502
252.969
253.057
252.97
252.554
252.086
251.839
251.76
251.75
252.075
254.515
264.648
285.641
307.201
327.522
345.404
359.11
372.976
378.905
390.329
348.432
348.432
348.431
348.426
348.411
348.359
348.204
347.81
346.938
345.252
342.427
338.38
333.352
327.742
321.964
316.216
310.647
305.208
300.173
294.755
291.121
284.904
281.927
278.504
273.213
269.489
267.778
265.592
261.969
258.375
256.253
255.688
255.547
255.068
253.295
251.429
250.662
250.594
250.836
251.656
252.548
252.952
252.999
252.868
252.432
252.057
251.83
251.736
251.735
252.038
254.35
264.152
285.074
306.623
326.787
344.586
358.109
372.003
377.969
389.707
348.432
348.432
348.431
348.426
348.411
348.36
348.205
347.813
346.944
345.264
342.448
338.412
333.396
327.799
322.031
316.293
310.727
305.287
300.254
294.84
291.194
284.988
282.022
278.564
273.279
269.605
267.886
265.61
261.926
258.37
256.374
255.869
255.682
255.046
253.068
251.308
250.649
250.602
250.923
251.84
252.636
252.975
252.974
252.723
252.242
251.94
251.756
251.656
251.647
251.913
254.048
263.399
284.27
306.066
326.384
344.232
357.559
371.343
377.11
388.903
348.432
348.432
348.431
348.427
348.411
348.36
348.206
347.815
346.949
345.274
342.463
338.433
333.42
327.822
322.053
316.311
310.746
305.311
300.274
294.875
291.206
285.015
282.092
278.554
273.263
269.668
267.976
265.637
261.899
258.371
256.419
255.942
255.754
255.065
253.022
251.283
250.629
250.606
250.971
251.89
252.659
252.947
252.92
252.597
252.053
251.709
251.508
251.381
251.348
251.575
253.556
262.506
283.282
305.317
325.847
344.005
357.225
371.013
376.565
388.039
348.432
348.432
348.431
348.427
348.411
348.36
348.206
347.817
346.955
345.285
342.483
338.463
333.462
327.876
322.116
316.384
310.823
305.386
300.353
294.957
291.281
285.1
282.18
278.623
273.339
269.777
268.073
265.666
261.888
258.392
256.536
256.098
255.865
255.038
252.876
251.215
250.634
250.622
251.04
252.005
252.745
253.022
252.972
252.541
251.85
251.41
251.179
251.053
251.018
251.215
253.061
261.612
282.173
304.443
325.215
343.697
357.002
370.896
376.354
387.445
348.432
348.432
348.431
348.427
348.411
348.361
348.207
347.819
346.959
345.294
342.497
338.483
333.484
327.898
322.137
316.4
310.839
305.407
300.369
294.986
291.289
285.122
282.238
278.606
273.323
269.829
268.139
265.679
261.868
258.395
256.556
256.129
255.905
255.067
252.885
251.201
250.588
250.581
250.995
251.985
252.78
253.067
253.01
252.537
251.787
251.315
251.083
250.965
250.931
251.107
252.797
260.827
280.907
303.239
324.154
343.017
356.568
370.713
376.238
387.112
348.432
348.432
348.431
348.427
348.411
348.361
348.208
347.822
346.965
345.304
342.516
338.511
333.524
327.948
322.196
316.469
310.912
305.48
300.446
295.063
291.368
285.205
282.312
278.692
273.415
269.917
268.212
265.734
261.918
258.444
256.634
256.218
255.975
255.095
252.867
251.184
250.589
250.575
250.998
252.02
252.832
253.14
253.083
252.588
251.801
251.312
251.074
250.959
250.926
251.09
252.672
260.306
279.977
302.293
323.206
342.267
355.971
370.342
376.018
386.861
348.432
348.432
348.431
348.427
348.411
348.361
348.209
347.824
346.969
345.312
342.529
338.529
333.544
327.968
322.215
316.484
310.927
305.499
300.46
295.086
291.372
285.222
282.355
278.674
273.4
269.947
268.251
265.743
261.908
258.442
256.627
256.213
255.985
255.123
252.893
251.176
250.543
250.532
250.947
251.979
252.827
253.143
253.087
252.595
251.812
251.328
251.097
250.99
250.959
251.112
252.611
259.925
279.244
301.577
322.537
341.708
355.545
370.022
375.846
386.695
348.432
348.432
348.431
348.427
348.411
348.361
348.21
347.826
346.974
345.323
342.546
338.556
333.581
328.016
322.271
316.549
310.996
305.569
300.534
295.164
291.446
285.305
282.439
278.751
273.487
270.048
268.337
265.799
261.954
258.494
256.716
256.315
256.064
255.151
252.872
251.166
250.56
250.544
250.972
252.033
252.872
253.189
253.125
252.61
251.842
251.378
251.158
251.054
251.022
251.166
252.613
259.718
278.74
301.021
322.029
341.277
355.231
369.74
375.735
386.557
348.432
348.432
348.431
348.427
348.412
348.362
348.21
347.828
346.978
345.33
342.558
338.572
333.6
328.034
322.288
316.562
311.008
305.584
300.543
295.185
291.44
285.319
282.484
278.713
273.459
270.087
268.38
265.781
261.903
258.475
256.729
256.34
256.09
255.137
252.826
251.127
250.511
250.508
250.963
252.038
252.878
253.176
253.092
252.543
251.808
251.373
251.162
251.059
251.026
251.171
252.621
259.716
278.694
300.888
321.849
341.113
355.174
369.68
375.756
386.525
348.432
348.432
348.431
348.427
348.412
348.362
348.211
347.83
346.983
345.34
342.575
338.598
333.635
328.079
322.341
316.624
311.075
305.652
300.614
295.265
291.508
285.404
282.581
278.773
273.539
270.215
268.49
265.821
261.916
258.529
256.864
256.499
256.208
255.134
252.754
251.105
250.545
250.549
251.054
252.155
252.947
253.217
253.107
252.505
251.779
251.35
251.128
251.01
250.971
251.12
252.592
259.772
278.846
301
321.886
341.064
355.187
369.692
375.828
386.565
348.432
348.432
348.431
348.427
348.412
348.362
348.212
347.831
346.986
345.346
342.586
338.612
333.652
328.096
322.356
316.635
311.085
305.665
300.62
295.281
291.498
285.414
282.619
278.725
273.504
270.258
268.53
265.777
261.834
258.504
256.897
256.548
256.236
255.055
252.644
251.043
250.5
250.527
251.095
252.198
252.962
253.201
253.059
252.392
251.647
251.195
250.931
250.784
250.74
250.894
252.416
259.82
279.203
301.409
322.253
341.284
355.362
369.803
375.995
386.695
348.432
348.432
348.431
348.427
348.412
348.362
348.213
347.833
346.991
345.356
342.602
338.637
333.686
328.139
322.407
316.694
311.149
305.73
300.69
295.356
291.574
285.495
282.702
278.806
273.592
270.371
268.631
265.832
261.871
258.576
257.035
256.7
256.344
255.044
252.609
251.049
250.556
250.587
251.188
252.307
253.054
253.285
253.127
252.383
251.528
250.976
250.626
250.44
250.392
250.551
252.155
259.845
279.571
301.866
322.745
341.709
355.677
369.975
376.099
386.797
348.432
348.432
348.431
348.427
348.412
348.362
348.213
347.835
346.994
345.361
342.611
338.65
333.701
328.153
322.42
316.703
311.156
305.739
300.695
295.361
291.57
285.495
282.714
278.777
273.563
270.378
268.638
265.799
261.82
258.549
257.023
256.691
256.33
254.986
252.547
251.002
250.501
250.542
251.156
252.306
253.097
253.346
253.186
252.377
251.413
250.784
250.402
250.23
250.194
250.37
252.056
260.014
279.978
302.218
323.054
341.976
355.989
370.221
376.267
386.941
348.432
348.432
348.431
348.427
348.412
348.363
348.214
347.837
346.998
345.37
342.627
338.674
333.733
328.194
322.468
316.76
311.218
305.801
300.766
295.43
291.654
285.574
282.783
278.882
273.668
270.46
268.715
265.892
261.923
258.64
257.112
256.78
256.411
255.065
252.616
251.059
250.563
250.593
251.191
252.379
253.205
253.476
253.314
252.459
251.43
250.761
250.365
250.206
250.171
250.349
252.066
260.153
280.299
302.552
323.305
342.17
356.068
370.311
376.288
386.97
348.432
348.432
348.431
348.427
348.412
348.363
348.214
347.838
347.001
345.376
342.635
338.685
333.747
328.208
322.48
316.768
311.225
305.809
300.771
295.435
291.646
285.578
282.798
278.85
273.644
270.466
268.723
265.885
261.907
258.621
257.08
256.751
256.407
255.109
252.651
251.068
250.539
250.569
251.155
252.354
253.208
253.489
253.33
252.481
251.457
250.77
250.371
250.226
250.187
250.361
252.066
260.145
280.421
302.828
323.578
342.355
356.105
370.33
376.254
386.96
348.432
348.432
348.431
348.427
348.412
348.363
348.215
347.84
347.005
345.385
342.651
338.71
333.781
328.252
322.534
316.831
311.295
305.883
300.849
295.535
291.725
285.686
282.91
278.963
273.764
270.576
268.836
266.026
262.055
258.73
257.159
256.828
256.502
255.284
252.805
251.15
250.574
250.585
251.12
252.306
253.185
253.498
253.372
252.602
251.567
250.84
250.422
250.271
250.224
250.382
251.999
259.804
280.072
302.861
323.772
342.568
356.002
370.262
375.869
386.725
348.432
348.432
348.431
348.427
348.412
348.363
348.216
347.843
347.012
345.397
342.671
338.736
333.811
328.281
322.558
316.847
311.303
305.901
300.837
295.541
291.696
285.657
282.891
278.909
273.674
270.473
268.756
265.976
261.982
258.586
256.924
256.577
256.296
255.186
252.714
250.971
250.306
250.322
250.806
251.998
252.991
253.381
253.32
252.736
251.701
250.915
250.468
250.298
250.236
250.366
251.821
259.048
278.733
301.688
323.626
341.955
357.773
368.238
378.645
382.148
348.432
348.432
348.431
348.427
348.412
348.363
348.215
347.839
347.003
345.38
342.641
338.691
333.753
328.217
322.495
316.789
311.252
305.822
300.806
295.463
291.693
285.613
282.786
278.988
273.744
270.403
268.674
266.027
262.125
258.677
256.963
256.597
256.322
255.323
252.942
251.181
250.526
250.505
250.952
252.132
253.214
253.685
253.677
253.232
252.097
251.146
250.604
250.373
250.294
250.432
251.96
259.454
279.276
301.907
323.651
341.675
358.104
368.329
378.973
382.37
348.432
348.432
348.431
348.427
348.412
348.364
348.216
347.843
347.011
345.396
342.669
338.733
333.81
328.282
322.562
316.853
311.309
305.907
300.852
295.517
291.745
285.648
282.829
278.987
273.728
270.397
268.684
266.044
262.116
258.615
256.843
256.478
256.231
255.294
252.91
251.044
250.318
250.295
250.706
251.849
253.001
253.529
253.552
253.191
252.064
251.043
250.487
250.229
250.143
250.273
251.759
259.124
278.834
301.667
323.456
341.613
357.87
367.991
378.6
382.034
348.432
348.432
348.431
348.427
348.412
348.363
348.216
347.84
347.005
345.382
342.644
338.693
333.752
328.213
322.489
316.781
311.245
305.812
300.803
295.452
291.691
285.606
282.767
279.004
273.749
270.367
268.642
266.043
262.166
258.674
256.907
256.532
256.273
255.348
253.023
251.192
250.463
250.444
250.855
252.013
253.181
253.717
253.744
253.376
252.223
251.174
250.56
250.287
250.192
250.299
251.617
258.334
277.275
300.161
322.197
340.904
357.535
368.384
379.169
382.69
348.432
348.432
348.431
348.427
348.412
348.364
348.217
347.843
347.011
345.395
342.667
338.73
333.807
328.282
322.564
316.858
311.315
305.912
300.865
295.506
291.774
285.65
282.797
279.023
273.76
270.375
268.659
266.07
262.169
258.636
256.844
256.478
256.232
255.327
252.979
251.082
250.347
250.32
250.709
251.833
253.048
253.625
253.671
253.349
252.23
251.141
250.505
250.208
250.102
250.192
251.391
257.695
276.106
299.029
321.034
339.836
356.455
367.511
378.536
382.247
348.432
348.432
348.431
348.427
348.412
348.364
348.216
347.842
347.007
345.385
342.647
338.695
333.752
328.209
322.484
316.773
311.238
305.797
300.798
295.439
291.691
285.6
282.744
279.022
273.755
270.332
268.613
266.056
262.198
258.671
256.865
256.483
256.229
255.349
253.08
251.206
250.431
250.413
250.809
251.939
253.156
253.729
253.778
253.46
252.336
251.244
250.572
250.255
250.144
250.225
251.368
257.485
275.615
298.34
320.19
338.857
355.459
366.528
377.68
381.501
348.432
348.432
348.431
348.427
348.412
348.364
348.217
347.843
347.011
345.394
342.665
338.727
333.803
328.28
322.566
316.863
311.321
305.921
300.878
295.496
291.8
285.654
282.766
279.054
273.793
270.353
268.632
266.097
262.225
258.662
256.837
256.462
256.224
255.367
253.068
251.133
250.373
250.344
250.714
251.809
253.06
253.666
253.734
253.454
252.383
251.253
250.575
250.247
250.122
250.184
251.199
256.836
274.359
297.259
319.33
337.976
354.624
365.521
376.454
380.262
348.432
348.432
348.431
348.427
348.412
348.364
348.217
347.843
347.009
345.388
342.651
338.697
333.753
328.207
322.479
316.765
311.23
305.785
300.794
295.42
291.698
285.593
282.706
279.054
273.776
270.277
268.561
266.084
262.266
258.681
256.795
256.389
256.154
255.366
253.2
251.261
250.433
250.402
250.767
251.845
253.092
253.692
253.772
253.499
252.432
251.327
250.632
250.285
250.156
250.196
251.04
255.959
272.256
295.147
317.601
336.833
354.296
365.808
377.122
381.013
348.432
348.432
348.431
348.427
348.412
348.364
348.217
347.844
347.012
345.394
342.663
338.723
333.797
328.276
322.565
316.867
311.327
305.925
300.893
295.487
291.825
285.66
282.733
279.094
273.832
270.321
268.596
266.132
262.298
258.695
256.816
256.422
256.198
255.402
253.169
251.186
250.4
250.368
250.727
251.791
253.048
253.664
253.754
253.488
252.44
251.306
250.598
250.247
250.111
250.144
250.932
255.617
271.511
294.447
316.965
336.214
353.723
365.223
376.641
380.607
348.432
348.432
348.431
348.427
348.412
348.364
348.218
347.844
347.011
345.391
342.654
338.7
333.754
328.206
322.475
316.758
311.223
305.774
300.788
295.403
291.703
285.588
282.673
279.079
273.796
270.234
268.518
266.107
262.32
258.689
256.735
256.304
256.091
255.371
253.292
251.309
250.44
250.4
250.749
251.794
253.031
253.633
253.739
253.471
252.425
251.308
250.603
250.248
250.117
250.157
251.006
255.975
272.45
295.432
317.869
336.805
354.144
365.325
376.338
380.164
348.432
348.432
348.431
348.427
348.412
348.364
348.218
347.844
347.013
345.394
342.662
338.719
333.791
328.269
322.563
316.869
311.333
305.928
300.906
295.481
291.842
285.666
282.709
279.127
273.862
270.295
268.573
266.167
262.359
258.724
256.804
256.395
256.177
255.41
253.217
251.23
250.439
250.406
250.769
251.825
253.039
253.621
253.714
253.411
252.328
251.222
250.535
250.197
250.07
250.109
250.927
255.74
271.949
295.062
317.673
336.786
354.186
365.487
376.494
380.302
348.432
348.432
348.431
348.427
348.413
348.364
348.218
347.845
347.013
345.393
342.658
338.703
333.756
328.206
322.473
316.751
311.216
305.765
300.781
295.39
291.703
285.584
282.653
279.088
273.804
270.213
268.499
266.117
262.336
258.683
256.706
256.268
256.068
255.361
253.3
251.32
250.449
250.416
250.779
251.835
253.016
253.563
253.657
253.344
252.22
251.153
250.483
250.141
250.026
250.071
250.918
255.817
272.132
295.104
317.625
336.715
354.221
365.686
376.797
380.662
348.432
348.432
348.431
348.427
348.413
348.365
348.219
347.846
347.014
345.395
342.662
338.715
333.783
328.261
322.557
316.869
311.337
305.932
300.918
295.484
291.847
285.674
282.708
279.137
273.87
270.293
268.58
266.187
262.374
258.729
256.818
256.412
256.187
255.391
253.184
251.242
250.483
250.461
250.858
251.952
253.087
253.587
253.641
253.21
252.032
251.037
250.415
250.118
250.019
250.073
250.933
255.828
272.146
295.209
317.816
336.912
354.289
365.731
376.666
380.444
348.432
348.432
348.431
348.427
348.413
348.365
348.219
347.846
347.015
345.396
342.661
338.706
333.758
328.207
322.472
316.747
311.209
305.755
300.769
295.38
291.691
285.582
282.655
279.077
273.79
270.217
268.512
266.114
262.304
258.656
256.711
256.289
256.084
255.328
253.218
251.299
250.474
250.452
250.851
251.953
253.055
253.522
253.561
253.111
251.889
250.923
250.345
250.051
249.955
250.016
250.905
255.908
272.395
295.393
317.959
337.093
354.507
366.157
377.215
381.151
348.432
348.432
348.431
348.427
348.413
348.365
348.22
347.847
347.016
345.397
342.663
338.712
333.775
328.25
322.549
316.865
311.339
305.936
300.928
295.495
291.842
285.685
282.72
279.13
273.866
270.294
268.592
266.209
262.39
258.732
256.815
256.409
256.185
255.392
253.204
251.269
250.521
250.509
250.92
252.031
253.12
253.577
253.605
253.089
251.852
250.905
250.322
250.03
249.942
249.996
250.818
255.534
271.487
294.489
317.181
336.542
354.113
366.01
377.234
381.208
348.432
348.432
348.431
348.427
348.413
348.365
348.22
347.848
347.017
345.398
342.663
338.708
333.76
328.208
322.473
316.744
311.204
305.744
300.756
295.372
291.678
285.581
282.658
279.063
273.783
270.217
268.514
266.122
262.306
258.645
256.691
256.269
256.069
255.332
253.241
251.319
250.488
250.46
250.85
251.953
253.058
253.526
253.566
253.107
251.854
250.831
250.223
249.914
249.815
249.869
250.697
255.437
271.422
294.341
316.879
336.232
353.782
365.774
377.177
381.353
348.432
348.432
348.431
348.427
348.413
348.365
348.22
347.848
347.018
345.399
342.665
338.71
333.768
328.238
322.537
316.858
311.338
305.939
300.939
295.503
291.843
285.695
282.717
279.141
273.883
270.277
268.572
266.237
262.446
258.756
256.787
256.363
256.153
255.418
253.309
251.34
250.559
250.543
250.936
252.032
253.131
253.598
253.642
253.152
251.87
250.842
250.219
249.902
249.795
249.835
250.563
254.872
270.049
293.087
315.867
335.607
353.422
365.674
377.271
381.609
348.432
348.432
348.431
348.427
348.413
348.366
348.221
347.849
347.019
345.401
342.666
338.71
333.761
328.21
322.475
316.744
311.2
305.734
300.745
295.347
291.679
285.574
282.628
279.082
273.8
270.185
268.483
266.145
262.351
258.658
256.664
256.227
256.027
255.308
253.243
251.322
250.496
250.467
250.861
251.968
253.078
253.547
253.586
253.117
251.839
250.773
250.132
249.809
249.703
249.745
250.474
254.79
269.942
292.915
315.497
335.248
353.005
365.397
377.3
381.915
348.432
348.432
348.431
348.427
348.413
348.366
348.221
347.85
347.021
345.403
342.667
338.71
333.762
328.225
322.521
316.846
311.333
305.939
300.95
295.51
291.856
285.704
282.697
279.175
273.914
270.251
268.542
266.262
262.502
258.787
256.779
256.34
256.139
255.428
253.368
251.4
250.601
250.583
250.976
252.065
253.159
253.613
253.65
253.127
251.834
250.816
250.193
249.877
249.773
249.807
250.48
254.514
269.046
291.975
314.618
334.591
352.514
365.178
377.259
382.09
348.432
348.432
348.431
348.427
348.413
348.366
348.222
347.851
347.022
345.405
342.668
338.711
333.759
328.209
322.477
316.746
311.199
305.726
300.735
295.319
291.673
285.564
282.594
279.105
273.817
270.147
268.45
266.178
262.413
258.68
256.633
256.172
255.976
255.273
253.234
251.324
250.513
250.483
250.879
251.987
253.105
253.569
253.6
253.109
251.801
250.719
250.06
249.73
249.619
249.654
250.319
254.311
268.72
291.58
314.079
334.1
351.981
364.862
377.059
382.226
348.432
348.432
348.431
348.427
348.413
348.366
348.222
347.852
347.024
345.407
342.67
338.711
333.758
328.212
322.504
316.828
311.323
305.934
300.957
295.529
291.874
285.715
282.686
279.202
273.926
270.236
268.528
266.272
262.525
258.806
256.786
256.345
256.151
255.449
253.415
251.445
250.625
250.603
250.98
252.052
253.2
253.68
253.733
253.234
251.874
250.709
249.992
249.625
249.503
249.533
250.156
253.965
267.97
290.842
313.376
333.502
351.475
364.598
376.939
382.547
348.432
348.432
348.431
348.427
348.413
348.366
348.223
347.853
347.025
345.409
342.672
338.712
333.756
328.206
322.478
316.75
311.201
305.723
300.726
295.291
291.656
285.55
282.575
279.107
273.824
270.129
268.43
266.195
262.453
258.699
256.613
256.131
255.942
255.273
253.274
251.33
250.503
250.455
250.829
251.914
253.087
253.6
253.653
253.202
251.815
250.614
249.879
249.473
249.343
249.375
250.026
253.968
268.228
291.01
313.365
333.385
351.242
364.502
376.805
382.842
348.432
348.432
348.431
348.427
348.413
348.367
348.223
347.854
347.027
345.411
342.674
338.713
333.755
328.202
322.486
316.806
311.307
305.923
300.958
295.551
291.89
285.728
282.679
279.223
273.935
270.212
268.505
266.284
262.562
258.828
256.772
256.319
256.143
255.491
253.518
251.514
250.644
250.604
250.965
252.01
253.198
253.699
253.753
253.244
251.85
250.642
249.897
249.516
249.394
249.421
250.01
253.633
267.148
289.785
312.195
332.345
350.36
363.917
376.335
382.875
348.432
348.432
348.431
348.427
348.413
348.367
348.224
347.855
347.029
345.413
342.676
338.714
333.753
328.198
322.475
316.754
311.206
305.725
300.72
295.262
291.633
285.532
282.564
279.104
273.832
270.128
268.415
266.2
262.477
258.707
256.587
256.092
255.918
255.294
253.347
251.341
250.478
250.429
250.798
251.875
253.048
253.562
253.603
253.128
251.741
250.566
249.85
249.497
249.352
249.374
249.984
253.722
267.427
289.92
312.143
332.216
350.068
363.822
376.157
383.044
348.432
348.432
348.431
348.427
348.413
348.367
348.224
347.856
347.031
345.416
342.679
338.715
333.752
328.194
322.471
316.781
311.284
305.903
300.952
295.561
291.912
285.743
282.675
279.238
273.945
270.202
268.496
266.302
262.597
258.848
256.766
256.304
256.143
255.529
253.598
251.572
250.672
250.61
250.954
251.969
253.164
253.677
253.732
253.213
251.808
250.598
249.859
249.476
249.341
249.365
249.926
253.411
266.547
289.045
311.401
331.66
349.512
363.601
375.768
383.232
348.432
348.432
348.431
348.427
348.414
348.367
348.225
347.858
347.033
345.419
342.682
338.717
333.751
328.19
322.464
316.754
311.212
305.733
300.72
295.243
291.607
285.511
282.542
279.11
273.839
270.122
268.407
266.203
262.481
258.704
256.58
256.089
255.923
255.309
253.369
251.341
250.467
250.41
250.769
251.842
253.018
253.547
253.589
253.11
251.691
250.485
249.755
249.373
249.219
249.24
249.805
253.325
266.539
289.013
311.269
331.502
349.241
363.454
375.47
383.317
348.432
348.432
348.431
348.427
348.414
348.368
348.226
347.859
347.035
345.422
342.685
338.718
333.751
328.185
322.458
316.757
311.256
305.874
300.935
295.557
291.926
285.751
282.676
279.227
273.948
270.214
268.506
266.31
262.599
258.848
256.773
256.32
256.164
255.547
253.612
251.597
250.701
250.622
250.96
251.966
253.177
253.74
253.801
253.288
251.819
250.546
249.751
249.337
249.194
249.213
249.761
253.204
266.236
288.675
310.887
331.087
348.814
363.01
375.035
383.044
348.432
348.432
348.431
348.427
348.414
348.368
348.226
347.86
347.037
345.425
342.689
338.72
333.751
328.181
322.45
316.745
311.216
305.746
300.728
295.24
291.594
285.497
282.537
279.114
273.838
270.122
268.409
266.196
262.468
258.703
256.605
256.13
255.961
255.323
253.35
251.32
250.443
250.387
250.75
251.833
253.019
253.579
253.631
253.163
251.699
250.42
249.644
249.244
249.085
249.107
249.699
253.355
266.86
289.255
311.312
331.305
348.852
362.969
374.906
383.148
348.432
348.432
348.431
348.427
348.414
348.368
348.227
347.862
347.04
345.429
342.693
338.723
333.75
328.176
322.443
316.737
311.226
305.836
300.905
295.538
291.921
285.757
282.686
279.207
273.944
270.23
268.511
266.305
262.59
258.841
256.774
256.329
256.179
255.567
253.631
251.62
250.729
250.652
250.978
251.96
253.171
253.752
253.839
253.323
251.829
250.493
249.647
249.217
249.073
249.096
249.671
253.23
266.545
288.975
311.063
331.082
348.681
362.782
374.808
383.055
348.432
348.432
348.431
348.427
348.414
348.368
348.228
347.863
347.042
345.433
342.697
338.726
333.75
328.172
322.435
316.727
311.208
305.757
300.742
295.255
291.593
285.475
282.538
279.103
273.833
270.129
268.41
266.194
262.472
258.714
256.626
256.158
255.989
255.348
253.37
251.325
250.438
250.379
250.729
251.781
252.998
253.57
253.642
253.2
251.714
250.379
249.552
249.113
248.972
248.993
249.588
253.234
266.769
289.28
311.396
331.326
348.809
362.85
374.729
383.093
348.432
348.432
348.431
348.427
348.414
348.369
348.228
347.865
347.045
345.437
342.702
338.73
333.751
328.169
322.427
316.717
311.201
305.795
300.863
295.5
291.902
285.747
282.677
279.195
273.942
270.234
268.515
266.317
262.602
258.851
256.783
256.341
256.196
255.59
253.653
251.637
250.74
250.66
250.987
251.967
253.179
253.766
253.846
253.33
251.806
250.435
249.564
249.128
248.982
249.006
249.578
253.099
266.325
288.78
310.885
330.864
348.37
362.398
374.306
382.784
348.432
348.432
348.431
348.427
348.414
348.369
348.229
347.866
347.048
345.442
342.708
338.735
333.752
328.166
322.419
316.705
311.188
305.758
300.759
295.277
291.598
285.462
282.534
279.085
273.832
270.136
268.417
266.209
262.491
258.73
256.64
256.175
256.007
255.371
253.399
251.35
250.448
250.388
250.731
251.763
253.005
253.569
253.63
253.184
251.674
250.302
249.447
249.023
248.885
248.914
249.503
253.079
266.371
288.833
311.056
331.05
348.544
362.489
374.278
382.693
348.432
348.432
348.431
348.427
348.414
348.369
348.23
347.868
347.051
345.447
342.713
338.74
333.754
328.163
322.411
316.694
311.175
305.759
300.812
295.444
291.872
285.753
282.696
279.208
273.933
270.233
268.513
266.313
262.593
258.838
256.775
256.34
256.197
255.59
253.647
251.644
250.77
250.698
251.022
251.994
253.181
253.767
253.856
253.329
251.779
250.392
249.51
249.078
248.941
248.972
249.564
253.153
266.431
288.698
310.859
330.895
348.439
362.405
374.225
382.573
348.432
348.432
348.431
348.427
348.414
348.369
348.23
347.869
347.054
345.452
342.72
338.745
333.757
328.161
322.403
316.681
311.161
305.74
300.764
295.3
291.612
285.443
282.48
279.049
273.792
270.121
268.417
266.214
262.493
258.738
256.667
256.215
256.05
255.407
253.42
251.383
250.48
250.41
250.746
251.749
252.972
253.547
253.615
253.149
251.63
250.253
249.393
248.978
248.84
248.873
249.496
253.186
266.671
288.92
311.002
331.026
348.609
362.467
374.316
382.47
348.432
348.432
348.431
348.427
348.414
348.369
348.231
347.871
347.057
345.457
342.727
338.752
333.761
328.159
322.397
316.669
311.145
305.725
300.766
295.379
291.812
285.716
282.724
279.245
273.945
270.261
268.541
266.327
262.604
258.846
256.788
256.357
256.21
255.591
253.627
251.632
250.782
250.727
251.065
252.063
253.227
253.77
253.83
253.272
251.714
250.365
249.518
249.083
248.948
248.977
249.582
253.226
266.598
288.797
310.804
330.778
348.417
362.317
374.211
382.273
348.432
348.432
348.431
348.427
348.414
348.37
348.232
347.872
347.06
345.462
342.734
338.76
333.766
328.159
322.39
316.656
311.128
305.707
300.742
295.312
291.646
285.459
282.449
279.021
273.747
270.121
268.424
266.22
262.506
258.759
256.701
256.26
256.102
255.464
253.473
251.447
250.552
250.486
250.824
251.814
252.996
253.538
253.597
253.033
251.5
250.222
249.436
249.045
248.924
248.957
249.557
253.106
266.26
288.573
310.751
330.767
348.394
362.331
374.204
382.353
348.432
348.432
348.431
348.427
348.414
348.37
348.232
347.874
347.063
345.468
342.742
338.768
333.772
328.16
322.385
316.644
311.111
305.687
300.724
295.318
291.727
285.644
282.694
279.233
273.916
270.248
268.52
266.306
262.583
258.832
256.782
256.354
256.206
255.584
253.615
251.614
250.761
250.715
251.067
252.084
253.217
253.719
253.744
253.116
251.577
250.33
249.555
249.167
249.034
249.044
249.62
253.067
265.906
288.113
310.419
330.536
348.22
362.149
374.065
382.206
348.432
348.432
348.431
348.427
348.414
348.37
348.233
347.875
347.067
345.473
342.75
338.778
333.779
328.163
322.381
316.633
311.093
305.665
300.7
295.288
291.657
285.494
282.464
279.004
273.729
270.102
268.431
266.234
262.514
258.778
256.74
256.309
256.154
255.526
253.551
251.528
250.634
250.569
250.91
251.899
253.041
253.525
253.52
252.859
251.359
250.188
249.467
249.113
248.994
249.022
249.588
252.962
265.564
287.627
309.921
330.187
348.034
361.957
373.957
381.846
348.432
348.432
348.431
348.428
348.415
348.37
348.234
347.877
347.07
345.479
342.759
338.788
333.789
328.168
322.379
316.623
311.075
305.641
300.674
295.264
291.652
285.546
282.61
279.183
273.895
270.216
268.534
266.293
262.561
258.819
256.784
256.358
256.208
255.586
253.626
251.609
250.729
250.68
251.041
252.074
253.19
253.647
253.623
252.896
251.427
250.333
249.659
249.276
249.132
249.151
249.68
252.917
265.188
287.115
309.401
329.814
347.91
361.925
373.827
381.743
348.432
348.432
348.431
348.428
348.415
348.37
348.234
347.878
347.073
345.485
342.768
338.799
333.8
328.175
322.379
316.615
311.059
305.617
300.645
295.233
291.616
285.484
282.494
279.008
273.717
270.057
268.432
266.205
262.497
258.769
256.747
256.325
256.173
255.556
253.613
251.586
250.684
250.624
250.978
251.994
253.102
253.54
253.448
252.685
251.293
250.269
249.625
249.281
249.118
249.112
249.588
252.681
264.584
286.303
308.637
329.148
347.371
361.433
373.587
381.383
348.432
348.432
348.431
348.428
348.415
348.371
348.235
347.879
347.076
345.491
342.777
338.812
333.813
328.185
322.383
316.61
311.044
305.594
300.614
295.198
291.581
285.457
282.508
279.075
273.813
270.152
268.519
266.276
262.547
258.821
256.797
256.375
256.217
255.596
253.66
251.629
250.713
250.653
251.013
252.038
253.134
253.542
253.418
252.647
251.315
250.319
249.677
249.285
249.1
249.084
249.506
252.514
264.285
285.829
308.011
328.364
346.875
360.951
373.32
381.27
348.432
348.432
348.431
348.428
348.415
348.371
348.235
347.881
347.078
345.496
342.786
338.824
333.827
328.197
322.39
316.608
311.033
305.572
300.582
295.16
291.537
285.409
282.456
278.992
273.703
270.028
268.396
266.175
262.443
258.748
256.74
256.337
256.192
255.585
253.678
251.644
250.71
250.645
251
252.017
253.108
253.495
253.363
252.599
251.309
250.318
249.624
249.233
249.059
249.037
249.447
252.474
264.405
285.978
308.039
328.397
346.781
360.925
373.382
381.391
348.432
348.432
348.431
348.428
348.415
348.371
348.235
347.882
347.081
345.501
342.795
338.837
333.843
328.213
322.401
316.612
311.026
305.554
300.551
295.119
291.487
285.354
282.408
278.947
273.692
270.033
268.403
266.183
262.431
258.729
256.712
256.298
256.152
255.538
253.636
251.606
250.647
250.581
250.938
251.947
253.024
253.392
253.258
252.504
251.241
250.265
249.553
249.141
248.933
248.893
249.291
252.313
264.23
286.041
308.029
328.278
346.636
360.796
373.288
381.519
348.432
348.432
348.431
348.428
348.415
348.371
348.236
347.882
347.083
345.506
342.804
338.851
333.86
328.231
322.417
316.62
311.024
305.542
300.524
295.078
291.432
285.289
282.339
278.867
273.612
269.947
268.312
266.108
262.375
258.669
256.668
256.247
256.1
255.476
253.563
251.544
250.539
250.455
250.811
251.786
252.813
253.19
253.08
252.364
251.156
250.183
249.425
248.952
248.69
248.643
249.07
252.206
264.488
286.536
308.427
328.459
346.5
360.781
373.175
381.4
348.432
348.432
348.431
348.428
348.415
348.371
348.236
347.883
347.085
345.51
342.812
338.863
333.878
328.252
322.437
316.635
311.03
305.535
300.503
295.04
291.375
285.215
282.253
278.764
273.504
269.844
268.205
266.016
262.303
258.603
256.627
256.222
256.085
255.473
253.547
251.558
250.518
250.406
250.754
251.714
252.651
253.05
252.946
252.238
251.074
250.091
249.294
248.774
248.536
248.473
248.908
252.18
264.842
286.877
308.876
328.883
346.928
361.127
373.478
381.833
348.432
348.432
348.431
348.428
348.415
348.371
348.236
347.884
347.086
345.513
342.819
338.875
333.895
328.273
322.46
316.655
311.043
305.536
300.488
295.01
291.321
285.139
282.154
278.638
273.355
269.682
268.014
265.816
262.106
258.41
256.453
256.1
256.005
255.446
253.518
251.563
250.555
250.425
250.758
251.727
252.63
253
252.935
252.266
251
250.079
249.293
248.75
248.488
248.441
248.937
252.26
265.015
287.02
309.281
329.549
347.59
361.884
373.831
382.641
348.432
348.432
348.431
348.428
348.415
348.371
348.236
347.884
347.087
345.516
342.825
338.886
333.911
328.295
322.485
316.68
311.063
305.545
300.482
294.987
291.275
285.07
282.054
278.506
273.187
269.485
267.775
265.536
261.802
258.072
256.077
255.727
255.665
255.163
253.284
251.382
250.529
250.431
250.76
251.81
252.717
253.046
253.002
252.437
251.045
250.155
249.466
248.886
248.638
248.627
249.117
252.489
265.417
287.788
310.134
330.251
348.379
362.621
374.525
383.276
348.432
348.432
348.431
348.428
348.415
348.371
348.236
347.884
347.088
345.518
342.829
338.894
333.925
328.315
322.509
316.706
311.087
305.562
300.486
294.973
291.239
285.01
281.964
278.382
273.026
269.29
267.531
265.235
261.457
257.674
255.611
255.213
255.112
254.559
252.643
250.726
250.097
250.141
250.573
251.798
252.861
253.21
253.22
252.819
251.458
250.423
249.767
249.292
249.117
249.123
249.631
253.112
266.245
288.684
310.923
330.905
348.818
362.941
374.981
383.565
348.432
348.432
348.431
348.428
348.415
348.371
348.236
347.885
347.089
345.519
342.832
338.9
333.935
328.33
322.529
316.73
311.111
305.582
300.496
294.97
291.215
284.967
281.893
278.281
272.894
269.125
267.325
264.978
261.156
257.323
255.191
254.731
254.571
253.93
251.931
249.904
249.3
249.442
249.993
251.456
252.657
253.169
253.222
252.908
251.712
250.759
250.237
249.974
249.743
249.709
250.081
253.527
266.928
289.408
311.599
331.734
349.476
363.353
375.404
383.753
348.432
348.432
348.431
348.428
348.415
348.371
348.236
347.885
347.089
345.52
342.834
338.903
333.941
328.339
322.541
316.744
311.126
305.595
300.505
294.973
291.206
284.946
281.856
278.228
272.823
269.035
267.212
264.834
260.986
257.123
254.947
254.444
254.241
253.535
251.47
249.377
248.736
248.939
249.515
250.963
252.203
252.767
252.925
252.711
251.696
250.796
250.355
250.264
250.193
250.145
250.509
253.949
267.697
289.941
311.982
332.188
349.75
363.615
375.624
383.365
386.546
386.264
385.719
385.177
385.067
385.203
385.531
386.051
386.736
387.605
388.19
388.768
389.717
390.375
391.379
392.957
394.889
397.017
399.449
401.131
386.657
386.418
385.855
385.381
385.23
385.32
385.54
385.935
386.588
387.42
387.944
388.467
389.396
390.048
390.974
392.574
394.512
396.472
399.194
400.441
386.35
386.138
385.636
385.222
385.097
385.176
385.354
385.704
386.308
387.128
387.676
388.222
389.072
389.726
390.445
392.219
393.712
396.138
398.457
400.069
387.087
386.903
386.53
386.151
385.988
386.041
386.182
386.486
386.968
387.749
388.245
388.845
389.515
390.181
390.847
392.479
393.887
396.412
398.594
400.181
386.886
386.781
386.578
386.143
386.01
386.092
386.271
386.612
387.209
388.004
388.556
389.187
389.803
390.549
391.259
392.843
394.289
396.64
398.975
400.559
386.257
386.154
385.917
385.5
385.497
385.613
385.834
386.224
386.807
387.623
388.339
388.981
389.591
390.457
391.202
392.725
394.206
396.627
398.945
400.747
384.975
384.871
384.446
384.186
384.237
384.42
384.672
385.09
385.621
386.429
387.271
387.866
388.662
389.601
390.384
391.688
393.458
395.751
398.131
399.97
385.787
385.719
385.36
385.042
385.077
385.224
385.435
385.721
386.223
386.924
387.667
388.208
389.023
389.765
390.664
391.549
393.653
395.314
397.834
399.815
385.508
385.457
385.358
384.992
384.996
385.134
385.402
385.792
386.269
386.881
387.703
388.301
389.015
389.807
390.714
391.549
393.425
394.902
397.598
399.569
384.915
384.832
384.882
384.533
384.41
384.51
384.764
385.125
385.509
386.087
386.757
387.375
387.947
388.805
389.731
390.492
392.044
393.616
396.23
398.321
384.986
384.923
384.974
384.703
384.504
384.57
384.754
385.02
385.359
385.833
386.463
387.115
387.724
388.429
389.33
390.094
391.155
393.103
395.014
397.587
385.355
385.327
385.539
385.182
384.83
384.865
385.03
385.237
385.526
385.862
386.423
387.013
387.655
388.165
388.971
389.662
390.583
392.216
393.916
396.493
385.021
384.994
385.119
384.77
384.431
384.45
384.555
384.778
385.046
385.354
385.74
386.285
386.963
387.453
388.138
388.872
389.712
390.759
392.673
394.727
385.676
385.665
385.824
385.478
385.109
385.079
385.117
385.224
385.449
385.682
385.951
386.267
386.906
387.438
387.909
388.515
389.278
389.983
391.675
393.202
385.741
385.734
385.916
385.592
385.228
385.214
385.261
385.38
385.518
385.658
385.835
386.077
386.605
387.156
387.629
388.093
388.761
389.343
390.579
392.002
386.013
386.088
386.188
385.606
385.499
385.569
385.656
385.733
385.818
385.849
385.91
386.053
386.353
386.84
387.33
387.744
388.181
388.768
389.52
390.54
386.281
386.376
386.614
386.283
385.994
386.011
386.094
386.137
386.142
386.111
386.134
386.234
386.436
386.751
387.189
387.592
387.981
388.433
389.041
389.727
386.802
387.053
387.273
387.27
387.076
387.019
387.035
387.049
387.047
387.038
387.009
387.06
387.098
387.208
387.421
387.707
387.975
388.291
388.703
389.153
387.052
387.379
387.793
387.781
387.499
387.481
387.588
387.683
387.697
387.668
387.557
387.499
387.339
387.338
387.381
387.494
387.753
387.946
388.293
388.66
387.185
387.753
388.129
388.353
388.175
388.175
388.348
388.484
388.527
388.511
388.395
388.295
388.062
387.978
387.767
387.696
387.697
387.807
388.079
388.296
387.431
388.046
388.681
389.036
388.927
388.986
389.186
389.334
389.411
389.409
389.367
389.273
388.994
388.83
388.48
388.297
387.92
387.91
387.987
388.07
387.646
388.335
389.03
389.443
389.688
389.865
390.082
390.247
390.315
390.306
390.266
390.188
389.943
389.753
389.34
389.07
388.562
388.332
388.158
387.987
387.641
388.394
389.109
389.684
389.81
390.126
390.458
390.691
390.881
390.978
391.004
390.976
390.807
390.631
390.231
389.958
389.45
389.116
388.76
388.344
387.94
388.707
389.46
390.098
390.554
390.932
391.255
391.532
391.77
391.891
391.896
391.878
391.756
391.595
391.214
390.986
390.563
390.246
389.868
389.314
388.176
389.101
389.857
390.71
391.238
391.508
391.873
392.235
392.594
392.841
392.878
392.854
392.732
392.611
392.351
392.173
391.801
391.437
391.066
390.548
388.145
389.277
390.119
390.726
391.277
391.818
392.296
392.768
393.235
393.564
393.718
393.72
393.676
393.616
393.463
393.294
392.965
392.633
392.254
391.815
387.746
388.943
389.952
390.681
391.402
392.248
392.79
393.252
393.707
394.099
394.36
394.484
394.508
394.496
394.447
394.372
394.184
393.871
393.505
393.053
387.739
389.046
390.226
391.204
391.842
392.538
393.238
393.787
394.254
394.684
395.05
395.285
395.386
395.408
395.37
395.268
395.088
394.843
394.559
394.18
387.755
389.117
390.221
391.167
392.391
393.15
393.568
394.083
394.699
395.267
395.711
396.015
396.184
396.238
396.239
396.2
396.07
395.809
395.559
395.305
387.66
389.015
390.266
391.391
392.236
393.123
393.936
394.535
395.155
395.72
396.179
396.585
396.896
397.052
397.081
397.057
396.975
396.815
396.555
396.366
387.393
388.896
390.239
391.218
391.926
392.974
393.987
394.752
395.406
396.021
396.547
396.988
397.342
397.551
397.632
397.617
397.54
397.361
397.089
396.845
387.254
388.687
390.044
391.115
392.11
393.201
394.18
394.844
395.565
396.208
396.83
397.398
397.798
398.098
398.324
398.431
398.437
398.415
398.31
398.173
387.218
388.715
390.046
390.971
392.014
393.169
394.222
394.901
395.657
396.473
397.175
397.73
398.144
398.444
398.674
398.85
398.896
398.874
398.803
398.703
387.056
388.559
389.864
390.938
391.962
393.147
394.198
395.037
395.677
396.463
397.228
397.834
398.319
398.713
399.017
399.267
399.465
399.56
399.562
399.54
386.784
388.227
389.547
390.787
391.831
392.935
394.089
394.918
395.596
396.323
397.01
397.666
398.29
398.836
399.21
399.42
399.617
399.723
399.736
399.729
386.966
388.409
389.77
390.938
392.01
392.672
393.633
394.618
395.5
396.292
397.045
397.741
398.326
398.82
399.225
399.578
399.875
400.133
400.19
400.178
386.935
388.36
389.687
390.873
391.723
392.684
393.746
394.724
395.637
396.495
397.385
397.916
398.266
398.761
399.198
399.577
399.864
400.096
400.228
400.344
386.435
387.874
389.159
390.232
391.301
392.414
393.633
394.712
395.626
396.385
397.146
397.845
398.301
398.836
399.316
399.734
400.085
400.412
400.507
400.608
386.261
387.534
388.814
389.989
391.089
392.224
393.326
394.31
395.191
395.989
396.742
397.462
398.138
398.757
399.285
399.711
400.041
400.287
400.451
400.633
386.097
387.585
388.983
390.203
391.506
392.356
393.364
394.319
395.22
396.079
396.879
397.61
398.269
398.859
399.364
399.794
400.136
400.435
400.667
400.879
385.974
387.428
388.814
390.121
391.453
392.475
393.333
394.314
395.3
396.212
397.03
397.764
398.44
399.029
399.508
400.039
400.399
400.455
400.663
400.857
385.917
387.339
388.63
389.849
391.034
392.17
393.258
394.294
395.26
396.131
396.899
397.596
398.238
398.838
399.359
399.789
400.112
400.394
400.659
400.916
385.93
387.417
388.85
390.193
391.39
392.493
393.437
394.482
395.488
396.38
397.178
397.93
398.608
399.158
399.667
400.154
400.425
400.676
400.933
401.118
386.012
387.577
389.137
390.521
391.614
392.755
393.927
394.991
395.903
396.752
397.541
398.202
398.821
399.406
399.952
400.413
400.723
401.045
401.317
401.414
386.201
387.821
389.426
390.8
392.024
393.169
394.213
395.232
396.137
396.962
397.737
398.451
399.079
399.626
400.121
400.573
400.957
401.288
401.543
401.735
386.964
388.473
390.001
391.433
392.624
393.551
394.527
395.552
396.492
397.287
397.996
398.679
399.328
399.929
400.434
400.855
401.237
401.617
401.885
402.051
387.681
389.216
390.71
392.172
393.477
394.502
395.401
396.386
397.294
398.069
398.734
399.342
399.936
400.519
401.042
401.481
401.839
402.145
402.401
402.622
388.152
389.784
391.239
392.567
393.743
394.824
395.868
396.847
397.772
398.625
399.412
400.12
400.727
401.236
401.659
402.051
402.43
402.768
403.034
403.199
388.49
389.941
391.252
392.533
393.85
395.02
395.793
396.708
397.568
398.384
399.19
399.981
400.682
401.244
401.654
401.993
402.321
402.632
402.899
403.077
387.762
388.896
390.148
391.333
392.498
393.653
394.788
395.855
396.814
397.631
398.337
399.006
399.641
400.275
400.842
401.316
401.674
401.945
402.223
402.407
369.353
369.577
368.958
367.884
366.414
365.136
366.521
370.481
377.181
384.219
387.668
390.274
393.634
395.956
399.601
406.214
415.261
423.61
427.926
428.458
427.26
413.587
327.892
283.612
279.116
278.779
278.749
278.746
278.746
278.746
372.088
372.439
372.907
372.965
373.287
373.802
374.753
375.648
376.754
378.807
382.329
387.251
390.725
392.832
393.979
395.352
398.614
407.044
414.542
417.257
417.217
407.481
330.945
284.421
279.231
278.787
278.749
278.746
278.746
278.746
375.749
376.081
376.647
377.268
378.151
378.699
378.039
376.911
376.772
378.537
382.503
387.727
391.596
394.661
396.499
397.095
397.399
401.71
412.967
418.459
418.891
409.595
333.834
284.819
279.275
278.791
278.749
278.746
278.746
278.746
376.509
376.748
377.302
378.362
379.094
378.935
377.663
376.744
377.235
379.866
383.368
386.647
390.101
394.079
396.927
397.614
397.127
397.846
405.753
415.361
418.624
412.537
341.085
285.622
279.358
278.799
278.75
278.746
278.746
278.746
376.991
377.206
377.748
378.815
378.901
378.737
378.254
378.607
381.83
385.836
388.147
389.052
390.595
394.091
398.117
399.838
399.051
398.651
403.194
413.863
418.035
412.184
343.395
286.107
279.417
278.805
278.75
278.746
278.746
278.746
377.697
377.872
378.361
379.131
378.941
378.857
378.939
381.133
388.491
395.139
396.414
394.636
393.517
394.225
397.59
399.972
399.278
397.326
399.138
409.577
416.591
414.092
348.161
286.767
279.49
278.813
278.751
278.746
278.746
278.746
378.639
378.765
379.109
379.565
379.364
379.203
379.666
385.384
399.509
408.787
409.008
403.135
397.424
396.142
397.12
399.924
399.979
397.592
398.174
406.808
415.126
413.137
350.46
287.293
279.561
278.819
278.751
278.746
278.746
278.746
379.731
379.826
380.077
380.498
380.338
380.174
380.744
389.31
406.866
416.143
417.144
411.874
401.945
397.435
397.101
398.608
399.418
397.282
396.72
403.008
412.939
412.833
354.596
287.998
279.644
278.827
278.752
278.746
278.746
278.746
381.224
381.305
381.495
381.928
381.874
381.76
382.522
392.831
410.447
418.518
419.669
416.844
407.596
400.065
397.784
398.199
399.108
397.631
396.315
400.628
410.83
411.344
357.841
288.664
279.727
278.835
278.753
278.747
278.746
278.746
384.238
384.31
384.469
384.88
385.145
385.374
387.282
399.722
414.445
419.984
420.577
417.959
411.047
403.027
398.909
398.425
399.01
398.012
395.892
398.389
408.629
411.091
362.189
289.419
279.815
278.843
278.753
278.747
278.746
278.746
392.641
392.722
392.929
393.4
394.225
395.108
397.874
408.13
417.887
420.943
420.617
417.399
412.752
405.785
400.641
399.06
399.238
398.726
396.076
397.457
406.77
410.476
365.469
290.114
279.902
278.852
278.754
278.747
278.746
278.746
404.038
404.113
404.296
404.697
405.531
406.3
408.187
414.524
419.86
421.088
419.298
415.626
413.027
407.748
402.407
399.821
399.614
399.221
396.316
396.567
404.7
410.31
368.94
290.801
279.992
278.86
278.755
278.747
278.746
278.746
412.618
412.686
412.888
413.19
413.94
414.424
415.268
418.086
420.54
420.69
418.076
413.983
412.397
409.3
404.024
400.786
400.075
399.608
396.622
396.108
402.831
409.405
371.355
291.427
280.082
278.869
278.756
278.747
278.746
278.746
417.789
417.859
418.084
418.442
418.851
419.011
419.122
419.84
420.056
419.105
416.117
412.545
411.454
409.967
405.393
401.686
400.519
400.025
397.219
395.628
401.098
408.541
373.563
292.044
280.175
278.878
278.757
278.747
278.746
278.746
420.305
420.351
420.507
420.718
420.808
420.716
420.491
420.12
418.206
416.691
414.303
411.636
410.701
409.968
406.86
402.64
400.986
400.393
397.96
395.119
399.439
407.221
375.138
292.65
280.27
278.887
278.758
278.747
278.746
278.746
420.847
420.874
420.932
421.053
421.033
420.864
420.534
419.191
415.767
414.683
412.844
410.993
410.194
409.735
407.833
403.597
401.462
400.678
398.509
394.749
397.824
405.924
376.797
293.276
280.367
278.897
278.758
278.747
278.746
278.746
420.204
420.239
420.299
420.429
420.388
420.129
419.51
416.601
413.608
413.03
411.718
410.262
409.897
409.557
408.176
404.452
402.024
401.029
399.065
394.72
396.559
404.526
378.205
293.91
280.466
278.907
278.76
278.747
278.746
278.746
417.808
417.859
417.943
418.023
417.954
417.577
416.733
414.045
412.235
411.993
410.637
409.202
409.492
409.411
408.25
405.155
402.606
401.336
399.738
394.955
395.664
403.325
379.71
294.56
280.568
278.917
278.761
278.747
278.746
278.746
415.202
415.273
415.413
415.606
415.571
415.301
414.737
412.768
411.802
411.419
409.344
408.339
408.999
409.407
408.225
405.717
403.227
401.733
400.383
395.387
395.106
402.217
381.111
295.215
280.672
278.927
278.762
278.747
278.746
278.746
413.873
413.945
414.12
414.343
414.303
414.131
413.714
412.314
411.783
410.834
408.018
407.611
408.634
409.538
408.081
406.035
403.813
402.229
400.985
395.841
394.643
401.279
382.348
295.867
280.777
278.938
278.763
278.747
278.746
278.746
413.467
413.524
413.691
413.874
413.828
413.686
413.29
412.196
411.606
409.785
406.903
406.983
408.576
409.64
407.938
406.063
404.267
402.767
401.569
396.38
394.254
400.452
383.355
296.507
280.884
278.949
278.764
278.748
278.746
278.746
413.311
413.349
413.475
413.566
413.517
413.351
412.931
411.988
410.989
408.415
405.827
406.444
408.629
409.676
407.859
405.897
404.564
403.278
402.138
397.131
394.144
399.786
384.286
297.139
280.991
278.96
278.765
278.748
278.746
278.746
412.665
412.687
412.778
412.777
412.716
412.523
412.042
411.267
409.924
406.991
404.8
406.113
408.606
409.575
407.769
405.651
404.737
403.707
402.653
397.996
394.244
399.219
385.188
297.763
281.099
278.971
278.767
278.748
278.746
278.746
411.643
411.656
411.705
411.692
411.608
411.397
410.82
410.197
408.837
405.785
404.13
406.059
408.606
409.478
407.631
405.385
404.857
404.067
403.11
398.925
394.462
398.706
386.018
298.383
281.208
278.983
278.768
278.748
278.746
278.746
410.287
410.299
410.299
410.273
410.178
409.934
409.432
408.769
407.446
404.552
403.727
406.232
408.729
409.402
407.429
405.171
404.918
404.333
403.482
399.845
394.719
398.222
386.706
298.995
281.317
278.995
278.769
278.748
278.746
278.746
408.655
408.661
408.644
408.601
408.486
408.211
407.801
407.275
406.061
403.77
403.489
406.353
408.764
409.216
407.127
405.055
404.912
404.462
403.744
400.726
394.941
397.643
387.189
299.598
281.424
279.007
278.771
278.748
278.746
278.746
407.186
407.188
407.167
407.105
406.974
406.709
406.407
406.023
405.003
403.37
403.392
406.601
408.769
408.949
406.792
404.973
404.894
404.502
403.894
401.471
395.162
397.041
387.509
300.189
281.531
279.02
278.772
278.748
278.746
278.746
406.004
406.004
405.981
405.905
405.762
405.532
405.335
405.069
404.34
403.075
403.447
407.111
408.771
408.677
406.477
404.915
404.887
404.544
404.02
402.107
395.544
396.541
387.759
300.774
281.644
279.033
278.774
278.748
278.746
278.746
405.25
405.246
405.22
405.141
404.98
404.774
404.677
404.501
403.95
402.998
403.727
407.531
408.636
408.317
406.168
404.888
404.89
404.572
404.126
402.606
395.995
396.144
387.929
301.355
281.762
279.046
278.775
278.749
278.746
278.746
404.825
404.816
404.782
404.7
404.488
404.295
404.268
404.164
403.737
403.076
404.174
407.858
408.451
407.912
405.873
404.876
404.91
404.598
404.163
402.918
396.477
395.953
388.026
301.946
281.883
279.06
278.777
278.749
278.746
278.746
404.574
404.559
404.508
404.416
404.187
403.976
403.995
403.98
403.688
403.291
404.965
408.259
408.383
407.514
405.569
404.891
404.989
404.643
404.165
403.125
397.032
395.918
388.158
302.552
282.002
279.074
278.778
278.749
278.746
278.746
404.437
404.416
404.348
404.243
403.95
403.785
403.873
403.963
403.734
403.633
405.915
408.537
408.232
407.135
405.235
404.881
405.103
404.694
404.148
403.303
397.732
396.021
388.3
303.178
282.116
279.088
278.78
278.749
278.746
278.746
404.443
404.418
404.333
404.213
403.879
403.738
403.854
404.012
403.938
404.183
406.966
408.713
408.026
406.769
404.984
404.806
405.234
404.77
404.129
403.462
398.452
396.27
388.479
303.807
282.226
279.102
278.782
278.749
278.746
278.746
404.76
404.731
404.624
404.476
404.065
403.894
403.999
404.29
404.503
405.282
407.983
408.801
407.661
406.454
404.84
404.715
405.33
404.842
404.106
403.601
399.054
396.483
388.681
304.457
282.336
279.117
278.783
278.749
278.746
278.746
405.967
405.934
405.8
405.617
405.081
404.829
404.9
405.36
405.757
406.622
408.684
408.831
407.277
406.199
404.723
404.596
405.365
404.917
404.087
403.68
399.439
396.551
388.837
305.123
282.444
279.131
278.785
278.75
278.746
278.746
407.287
407.249
407.082
406.882
406.303
406.065
406.19
406.667
406.933
407.783
409.239
408.893
406.872
405.98
404.645
404.467
405.353
404.982
404.084
403.698
399.591
396.546
389.022
305.771
282.553
279.146
278.787
278.75
278.746
278.746
408.353
408.309
408.112
407.889
407.258
407.039
407.229
407.714
407.975
408.826
409.665
408.742
406.484
405.774
404.589
404.349
405.314
405.058
404.111
403.705
399.652
396.483
389.195
306.455
282.661
279.161
278.788
278.75
278.746
278.746
409.381
409.332
409.103
408.858
408.18
407.984
408.187
408.704
409.042
409.691
410.012
408.386
406.132
405.591
404.548
404.237
405.244
405.186
404.207
403.717
399.667
396.396
389.357
307.131
282.771
279.176
278.79
278.75
278.746
278.746
410.285
410.23
409.973
409.709
409.001
408.848
409.052
409.636
410.101
410.43
410.382
407.934
405.785
405.407
404.481
404.151
405.209
405.379
404.285
403.705
399.649
396.244
389.465
307.825
282.878
279.191
278.792
278.75
278.746
278.746
410.973
410.912
410.626
410.353
409.654
409.582
409.797
410.468
410.953
411.111
410.691
407.419
405.459
405.199
404.423
404.146
405.242
405.565
404.305
403.665
399.648
396.047
389.511
308.475
282.99
279.206
278.793
278.75
278.746
278.746
411.413
411.347
411.027
410.758
410.089
410.093
410.317
411.079
411.576
411.643
410.811
406.923
405.171
405.001
404.392
404.21
405.395
405.688
404.292
403.657
399.724
395.875
389.524
309.128
283.096
279.221
278.795
278.75
278.746
278.746
411.58
411.512
411.148
410.884
410.263
410.346
410.606
411.485
412.014
412.023
410.729
406.435
404.912
404.842
404.381
404.258
405.469
405.724
404.296
403.711
399.913
395.754
389.519
309.779
283.208
279.237
278.797
278.751
278.746
278.746
411.557
411.486
411.08
410.84
410.294
410.44
410.718
411.704
412.297
412.261
410.441
406.003
404.704
404.695
404.339
404.213
405.422
405.651
404.34
403.868
400.268
395.65
389.441
310.383
283.311
279.252
278.798
278.751
278.746
278.746
411.436
411.362
410.919
410.721
410.246
410.448
410.756
411.818
412.459
412.349
409.924
405.581
404.541
404.566
404.234
404.035
405.167
405.399
404.416
404.172
400.769
395.52
389.283
311.003
283.425
279.268
278.8
278.751
278.746
278.746
410.9
410.822
410.335
410.198
409.927
410.239
410.647
411.843
412.521
412.304
409.299
405.236
404.442
404.47
404.107
403.695
404.625
405.017
404.486
404.551
401.286
395.442
389.148
311.565
283.524
279.282
278.802
278.751
278.746
278.746
409.94
409.858
409.33
409.276
409.245
409.674
410.229
411.663
412.378
411.953
408.519
404.904
404.341
404.394
403.942
403.261
404.224
404.886
404.732
405.027
401.659
395.435
389.095
312.185
283.642
279.298
278.803
278.751
278.746
278.746
408.449
408.354
407.847
407.69
407.765
408.291
409.204
411.132
411.87
411.235
407.721
404.611
404.266
404.331
403.842
403.179
404.239
405.211
405.304
405.567
401.96
395.445
389.135
312.727
283.736
279.312
278.805
278.751
278.746
278.746
407.824
407.719
407.221
407.088
407.114
407.466
408.036
409.805
410.728
410.249
407.225
404.434
404.224
404.266
403.879
403.536
405.036
406.367
406.3
405.989
402.236
395.48
389.245
313.364
283.858
279.328
278.807
278.752
278.746
278.746
406.439
406.329
405.772
405.77
405.944
406.704
407.423
409.288
410.21
409.629
406.614
404.243
404.163
404.241
404.32
404.566
406.45
407.217
406.724
406.086
402.485
395.48
389.278
313.887
283.942
279.341
278.808
278.752
278.746
278.746
406.279
406.168
405.702
405.415
405.118
405.452
406.079
408.096
409.183
408.782
406.244
404.255
404.15
404.244
404.873
405.157
406.75
407.333
406.711
406.042
402.747
395.493
389.078
314.546
284.079
279.359
278.81
278.752
278.746
278.746
401.009
401.367
402.597
404.392
406.921
409.131
410.207
409.836
409.732
408.277
405.654
404.251
404.327
405.41
405.663
405.485
406.814
407.357
406.694
406.037
403.35
395.575
388.619
315.063
284.255
279.389
278.814
278.752
278.747
278.746
401.63
401.196
398.675
398.23
399.18
402.962
407.985
411.992
412.938
412.653
409.7
407.007
406.848
407.136
406.306
404.805
405.74
406.405
406.09
405.713
403.723
395.398
386.654
314.257
284.151
279.387
278.815
278.753
278.747
278.746
400.995
401.393
400.913
398.375
396.681
396.724
400.638
409.559
413.489
413.817
413.175
410.675
409.707
408.732
405.749
403.981
405.211
406.464
406.496
406.22
404.415
395.802
385.826
314.183
284.288
279.416
278.819
278.753
278.747
278.746
401.293
401.41
401.559
400.643
397.636
396.063
396.693
402.819
410.75
412.959
412.694
411.064
410.009
408.482
405.367
403.647
405.131
406.557
406.726
406.33
404.587
395.49
384.552
313.854
284.338
279.438
278.823
278.753
278.747
278.746
401.968
402.136
402.12
402.017
400.518
397.267
396.832
397.785
402.232
407.683
409.54
409.226
408.163
407.544
405.109
403.437
405.07
406.709
407.152
406.742
404.982
395.513
383.363
313.686
284.451
279.468
278.827
278.754
278.747
278.746
402.321
402.81
402.997
402.998
402.605
400.557
398.07
397.561
398.068
400.856
404.639
406.358
406.332
406.006
404.626
403.959
405.33
406.83
407.473
407.042
405.149
395.458
381.858
313.576
284.588
279.502
278.832
278.755
278.747
278.746
402.047
402.722
403.129
403.367
403.215
402.681
400.818
398.658
398.308
399.31
402.479
404.895
405.542
405.297
404.37
404.382
405.589
407
407.888
407.455
405.393
395.835
380.174
313.465
284.767
279.543
278.837
278.755
278.747
278.746
402.094
402.978
403.512
403.779
403.711
403.442
402.757
401.158
399.981
400.285
402.209
404.396
405.202
404.877
404.708
404.894
405.871
407.217
408.349
407.904
405.468
396.401
378.503
313.25
284.994
279.591
278.843
278.756
278.747
278.746
402.124
403.101
403.728
404.12
404.108
404.025
403.726
402.842
402.012
402.084
402.903
404.432
405.207
405.268
404.784
405.135
406.065
407.339
408.805
408.39
405.476
396.828
376.946
312.768
285.272
279.646
278.851
278.757
278.747
278.746
401.369
402.341
403.279
403.95
403.993
404.054
404.042
403.837
403.303
403.407
403.927
405.08
405.797
405.671
404.915
405.312
406.295
407.508
409.238
408.791
405.339
396.518
374.536
312.199
285.61
279.709
278.859
278.757
278.747
278.746
400.566
402.257
403.22
403.814
403.896
403.962
404.303
404.308
404.084
404.311
405.232
406.088
406.385
405.934
404.865
405.67
406.532
407.638
409.584
409.178
405.302
395.668
371.367
312.117
286.017
279.78
278.868
278.758
278.747
278.746
399.451
402.262
403.006
403.968
404.283
404.398
404.881
405.127
405.19
405.88
406.652
406.921
406.769
406.122
404.945
405.948
406.696
407.807
409.89
409.595
405.442
395.019
368.491
312.67
286.502
279.861
278.879
278.759
278.747
278.746
398.159
401.531
402.337
404.001
404.496
404.735
405.562
406.06
406.329
407.161
407.554
407.394
407.058
406.574
405.28
406.1
406.882
408.077
410.162
410.094
405.768
394.656
366.874
313.668
287.072
279.951
278.891
278.761
278.747
278.746
396.823
399.922
402.084
403.495
404.291
404.816
405.799
406.415
406.909
407.814
407.918
407.73
407.636
407.229
405.623
406.243
407.259
408.541
410.49
410.591
405.949
393.882
366.23
315.268
287.732
280.051
278.904
278.762
278.747
278.746
395.142
398.502
401.473
403.003
404.377
404.807
405.692
406.455
407.199
407.94
408.066
408.26
408.369
407.872
405.95
406.471
407.778
409.19
410.871
411.038
405.665
390.605
366.237
317.672
288.49
280.165
278.918
278.763
278.747
278.746
392.937
396.488
399.851
402.327
403.731
404.459
405.32
406.181
407.139
408.013
408.471
408.826
408.857
408.269
406.332
406.816
408.237
409.962
411.232
411.112
404.758
386.609
365.87
321.095
289.361
280.296
278.934
278.765
278.748
278.746
391.304
394.306
397.854
401.582
403.189
404.484
405.042
406.15
407.407
408.39
408.767
408.923
409.147
408.648
406.854
407.08
408.574
410.624
411.464
410.681
403.586
383.583
365.994
325.536
290.368
280.453
278.951
278.766
278.748
278.746
390.076
391.954
394.992
399.765
402.414
404.186
404.797
405.766
407.286
408.458
408.674
409.02
409.658
409.233
407.38
407.072
408.916
411.168
411.87
410.529
402.937
382.306
366.357
330.753
291.487
280.644
278.97
278.768
278.748
278.746
389.201
390.275
392.279
395.945
400.808
403.671
404.918
405.476
407.047
408.187
408.382
409.108
410.084
409.645
407.758
407.422
409.768
412.344
413.461
412.349
398.051
380.632
367.529
336.319
292.679
280.861
278.99
278.77
278.748
278.746
388.57
389.165
390.246
392.429
396.01
401.306
404.871
405.984
407.389
407.984
408.242
409.353
410.782
410.476
409.094
409.721
412.564
415.654
416.298
408.811
388.774
379.406
368.237
342.231
293.913
281.089
279.011
278.772
278.748
278.746
388.273
388.582
389.071
390.018
392.054
395.164
401.037
405.913
408.953
410.183
410.773
412.657
414.678
414.775
413.269
412.68
414.799
417.844
411.354
393.531
384.791
378.976
369.114
348.046
295.214
281.322
279.032
278.774
278.748
278.746
388.125
388.187
388.36
388.691
389.284
390.542
393.321
397.573
404.34
409.849
412.682
416.09
418.36
418.155
414.915
413.169
412.788
404.277
393.921
387.274
383.105
378.813
370.256
352.896
296.66
281.559
279.054
278.776
278.749
278.746
388.181
387.915
388.021
388.039
387.72
387.939
388.542
389.883
393.047
397.454
402.763
407.475
408.867
407.673
403.43
398.771
395.281
390.027
386.983
384.503
382.513
379.113
371.502
357.156
298.461
281.798
279.077
278.778
278.749
278.746
389.031
388.371
388.156
387.831
386.907
386.671
386.18
386.023
386.655
388.039
389.91
392.264
392.916
391.976
388.427
385.49
384.176
384.351
384.174
383.41
382.303
379.478
372.847
360.736
301.082
282.042
279.101
278.78
278.749
278.746
390.214
389.514
388.891
387.954
386.665
386.131
384.818
384.215
383.964
383.817
384.117
384.956
385.463
384.748
381.773
379.722
379.469
381.863
383.246
383.025
382.3
379.985
374.417
363.757
304.313
282.293
279.125
278.782
278.749
278.746
391.429
390.878
390.146
389.014
387.389
386.166
384.335
383.406
382.642
381.926
381.618
381.976
382.361
381.683
378.955
377.281
377.601
380.812
383.074
383.137
382.449
380.535
376.072
366.639
307.121
282.545
279.149
278.785
278.749
278.746
392.582
392.124
391.626
390.598
388.789
387.152
385.013
383.208
382.142
381.184
380.578
380.723
380.859
380.196
377.776
376.419
376.939
380.532
383.008
383.291
382.867
381.347
377.662
368.958
309.713
282.799
279.174
278.787
278.749
278.746
393.618
393.174
392.784
391.948
390.287
388.441
386.224
384.054
382.463
380.945
379.925
379.918
380.104
379.594
377.424
376.157
376.562
380.288
383.445
383.944
383.596
382.45
379.325
370.873
312.192
283.057
279.198
278.789
278.75
278.746
394.765
394.262
393.919
393.277
391.851
389.907
387.625
385.264
383.508
381.674
380.369
379.995
379.979
379.445
377.486
376.492
377.01
380.776
384.192
384.775
384.376
383.22
380.484
372.756
314.701
283.313
279.222
278.791
278.75
278.746
396.076
395.632
395.218
394.684
393.497
391.51
388.97
386.363
384.327
382.258
380.881
380.704
381.216
379.909
378.027
377.203
377.655
381.107
384.948
385.8
385.232
383.96
381.75
374.781
317.158
283.562
279.245
278.793
278.75
278.746
396.532
396.328
396.205
396.345
396.139
393.521
390.861
388.059
385.675
383.373
381.599
381.112
381.503
380.326
378.516
377.861
378.401
381.811
385.693
386.741
386.112
384.834
382.957
376.678
319.627
283.801
279.265
278.795
278.75
278.746
397.947
397.546
397.172
396.946
396.58
395.612
393.33
390.56
387.694
384.945
382.523
381.38
381.343
380.734
379.079
378.529
379.191
382.398
386.372
387.784
387.288
385.787
384.149
378.523
322.012
284.022
279.283
278.796
278.75
278.746
398.518
398.195
397.806
397.483
397.227
396.658
395.053
392.672
390.333
386.68
383.643
381.832
381.592
381.362
380.207
379.315
379.997
383.121
387.062
388.835
388.583
386.831
385.195
380.213
324.089
284.21
279.297
278.797
278.75
278.746
399.465
399.309
399.045
398.772
398.514
397.828
395.948
393.668
391.208
388.302
385.392
383.416
382.984
381.892
380.547
380.054
380.825
384.11
387.773
389.745
389.786
388.161
386.28
381.775
325.83
284.362
279.307
278.797
278.75
278.746
399.669
399.594
399.467
399.322
399.264
399.135
397.956
394.967
392.731
390.13
387.13
384.949
384.129
382.93
381.513
380.636
381.602
385.373
388.765
390.807
391.133
389.798
387.495
383.295
327.367
284.472
279.312
278.797
278.75
278.746
400.204
400.182
400.097
399.948
399.768
399.533
398.728
396.787
394.973
391.933
389.083
387.02
385.374
383.595
381.813
381.255
382.563
386.92
390.15
392.004
392.5
391.615
389.134
384.982
328.294
284.497
279.31
278.797
278.75
278.746
400.377
400.424
400.421
400.408
400.267
400.025
399.438
397.782
396.256
393.288
390.756
389.358
387.833
385.041
382.722
382.359
383.926
388.54
391.499
393.16
393.938
393.513
391.323
386.439
327.993
284.437
279.304
278.796
278.75
278.746
400.696
400.786
400.842
400.905
400.988
400.851
400.178
398.662
396.875
394.61
392.117
390.702
389.239
386.53
384.365
384.033
385.799
390.371
393.274
394.884
395.487
395.082
392.889
386.981
326.611
284.337
279.297
278.796
278.75
278.746
400.809
400.92
401.06
401.062
401.035
400.946
399.642
398.126
397.354
395.711
393.523
392.471
391.214
388.489
385.996
385.404
387.071
391.737
395.096
396.697
397.094
396.472
394.003
386.939
325.246
284.284
279.295
278.796
278.75
278.746
401.039
401.289
401.251
401.188
401.083
400.706
399.493
398.028
397.308
396.035
394.508
393.722
392.321
389.612
387.231
386.548
387.775
392.315
396.301
398.151
398.464
397.432
394.478
386.968
324.42
284.262
279.294
278.796
278.75
278.746
401.06
401.2
401.297
401.335
401.283
400.863
399.437
398.2
397.344
395.954
394.777
394.233
393.322
390.739
388.183
387.319
388.151
392.445
396.643
398.759
399.137
398.166
395.02
387.275
324.56
284.3
279.296
278.796
278.75
278.746
401.2
401.379
401.488
401.53
401.564
401.267
400.073
398.533
397.133
395.62
394.53
394.044
393.574
391.541
388.894
388.051
388.737
392.426
396.449
398.57
399.152
398.623
395.758
387.575
324.201
284.265
279.294
278.796
278.75
278.746
401.357
401.544
401.654
401.712
401.73
401.57
400.679
398.875
397.282
395.662
394.4
393.906
393.467
391.903
389.566
388.899
389.49
392.52
396.188
398.434
399.041
398.584
395.906
387.421
323.736
284.252
279.294
278.796
278.75
278.746
401.633
401.845
401.952
402.025
401.986
401.826
400.97
399.194
397.704
396.068
394.573
393.913
393.545
392.178
390.111
389.45
390.514
393.526
395.733
397.701
398.676
398.393
395.814
387.428
323.494
284.235
279.291
278.796
278.75
278.746
401.93
402.105
402.28
402.369
402.303
402.163
401.221
399.351
398.109
396.721
395.124
394.191
393.734
392.383
390.329
389.766
391.084
394.79
396.493
397.171
397.971
398.137
396.005
387.26
322.636
284.144
279.283
278.795
278.75
278.746
402.255
402.488
402.656
402.783
402.794
402.57
401.538
399.804
398.669
397.257
395.685
394.864
394.277
392.682
390.745
390.182
391.442
395.72
397.805
397.957
397.706
397.692
395.806
385.848
319.931
283.962
279.272
278.794
278.75
278.746
402.908
403.11
403.241
403.524
403.526
403.294
402.244
400.659
399.551
398.082
396.531
395.798
395.191
393.4
391.508
390.997
392.066
396.493
399.287
399.585
398.485
397.163
394.32
383.638
318.032
283.839
279.262
278.794
278.75
278.746
403.386
403.604
403.844
404.008
404.027
403.845
402.859
401.088
399.791
398.401
397.026
396.172
395.449
393.548
391.458
390.881
391.805
395.872
399.503
400.576
399.934
397.164
393.422
383.834
317.434
283.698
279.246
278.792
278.75
278.746
403.274
403.406
403.485
403.639
403.595
403.39
402.49
400.721
399.374
397.884
396.478
395.726
395.133
393.18
391.023
390.535
391.681
395.475
398.88
400.804
401.112
398.959
394.085
384.773
315.952
283.469
279.22
278.79
278.749
278.746
402.588
402.779
402.968
403.023
402.989
402.856
402.032
400.234
398.864
397.378
395.851
395.303
394.697
392.765
390.821
390.345
391.304
394.966
398.109
400.722
401.823
400.24
394.581
385.714
315.543
283.278
279.199
278.788
278.749
278.746
)
;

boundaryField
{
    inlet
    {
        type            zeroGradient;
    }
    outlet
    {
        type            zeroGradient;
    }
    bottom
    {
        type            symmetryPlane;
    }
    top
    {
        type            symmetryPlane;
    }
    obstacle
    {
        type            zeroGradient;
    }
    defaultFaces
    {
        type            empty;
    }
}


// ************************************************************************* //
