/*--------------------------------*- C++ -*----------------------------------*\
| =========                 |                                                 |
| \\      /  F ield         | OpenFOAM: The Open Source CFD Toolbox           |
|  \\    /   O peration     | Version:  5.x                                   |
|   \\  /    A nd           | Web:      www.OpenFOAM.org                      |
|    \\/     M anipulation  |                                                 |
\*---------------------------------------------------------------------------*/
/*   Windows 32 and 64 bit porting by blueCAPE: http://www.bluecape.com.pt   *\
|  Based on Windows porting (2.0.x v4) by Symscape: http://www.symscape.com   |
\*---------------------------------------------------------------------------*/
FoamFile
{
    version     2.0;
    format      ascii;
    class       volScalarField;
    location    "0.007";
    object      mag(U);
}
// * * * * * * * * * * * * * * * * * * * * * * * * * * * * * * * * * * * * * //

dimensions      [0 1 -1 0 0 0 0];

internalField   nonuniform List<scalar> 
1000
(
5.23453e-012
4.91399e-012
5.11798e-012
4.47856e-012
4.72786e-012
4.25567e-012
4.35621e-012
4.01633e-012
4.44522e-012
3.74168e-012
4.3003e-012
3.79738e-012
3.53394e-012
3.43596e-012
3.20337e-012
3.11706e-012
3.00221e-012
3.17748e-012
2.91551e-012
2.816e-012
2.56677e-012
2.80959e-012
2.42736e-012
2.7092e-012
2.41943e-012
2.41644e-012
2.42329e-012
2.36658e-012
2.54872e-012
2.12845e-012
2.65012e-012
2.25368e-012
2.46416e-012
2.33914e-012
2.31578e-012
2.3244e-012
2.06435e-012
2.20763e-012
2.18694e-012
2.11884e-012
2.12848e-012
2.19961e-012
2.71117e-012
3.71721e-012
7.04524e-012
1.5667e-011
3.82527e-011
8.95537e-011
2.1292e-010
4.97256e-010
1.15496e-009
2.6544e-009
6.04337e-009
1.3614e-008
3.0351e-008
6.69377e-008
1.46026e-007
3.1503e-007
6.71969e-007
1.41686e-006
2.95248e-006
6.07892e-006
1.23633e-005
2.48314e-005
4.92383e-005
9.63641e-005
0.000186082
0.00035443
0.000665646
0.00123221
0.00224743
0.00403707
0.00713899
0.012422
0.0212576
0.0357582
0.0590921
0.0958787
0.152647
0.238322
0.364652
0.546491
0.801771
1.15105
1.61655
2.22065
2.98406
3.92384
5.05173
6.37309
7.8866
9.58477
11.4549
13.4808
15.6444
17.928
20.3149
22.7902
25.3409
27.9557
30.6254
33.342
36.0988
38.8905
41.7124
44.5606
47.4321
50.324
53.2342
56.1607
59.1018
62.0562
65.0227
68.0003
70.9881
73.9852
76.991
80.005
83.0266
86.0553
89.0907
92.1324
95.1801
98.2334
101.292
104.356
107.424
110.497
113.575
116.656
119.741
122.83
125.922
129.017
132.115
135.215
138.318
141.423
144.531
147.64
150.75
153.862
156.975
160.089
163.204
166.319
169.434
172.55
175.664
178.78
181.892
185.007
188.118
191.229
194.338
197.445
200.552
203.654
206.755
209.854
212.948
216.041
219.13
222.214
225.296
228.373
231.445
234.513
237.576
240.634
243.685
246.731
249.771
252.804
255.829
258.847
261.858
264.86
267.853
270.837
273.811
276.775
279.728
282.668
285.598
288.514
291.416
294.302
297.173
300.027
302.863
305.679
308.474
311.247
313.995
316.717
319.41
322.072
324.701
327.293
329.845
332.353
334.814
337.222
339.573
341.861
344.08
346.223
348.282
350.25
352.114
353.866
355.492
356.98
358.314
359.48
360.459
361.235
361.789
362.111
362.177
361.989
361.577
360.951
360.144
359.192
358.112
356.9
355.541
354.018
352.306
350.377
348.199
345.734
342.927
339.711
336.085
332.148
328.058
323.994
320.122
316.568
313.406
310.659
308.31
306.323
304.648
303.238
302.052
301.042
300.164
299.379
298.66
297.985
297.345
296.73
296.137
295.564
295.009
294.471
293.939
293.386
292.802
292.191
291.561
290.914
290.263
289.645
289.122
288.716
288.174
287.263
285.852
283.497
279.323
271.689
258.075
240.366
227.09
223.004
224.267
227.003
230.621
233.258
234.72
236.406
238.062
239.461
240.596
241.348
241.611
241.322
240.326
238.558
236.067
232.873
228.972
224.512
219.521
213.424
6.47042e-012
6.59218e-012
5.66654e-012
6.43356e-012
5.98566e-012
4.80857e-012
7.05153e-012
4.36721e-012
7.66839e-012
3.7891e-012
7.7801e-012
3.9568e-012
6.24361e-012
4.55231e-012
4.92342e-012
4.01167e-012
4.57298e-012
3.97546e-012
3.76696e-012
3.75898e-012
3.82499e-012
4.4211e-012
3.15826e-012
4.61008e-012
2.48327e-012
3.9882e-012
2.42596e-012
3.45512e-012
2.6173e-012
2.76663e-012
3.56854e-012
2.58844e-012
3.76924e-012
2.37999e-012
4.24434e-012
2.41415e-012
3.83997e-012
2.29718e-012
3.67221e-012
2.0133e-012
4.01077e-012
2.03386e-012
4.59747e-012
2.1622e-012
5.58951e-012
4.60426e-012
1.02398e-011
1.97232e-011
4.18588e-011
9.57536e-011
2.14827e-010
4.86991e-010
1.08925e-009
2.41907e-009
5.31809e-009
1.15664e-008
2.48865e-008
5.29475e-008
1.11364e-007
2.31495e-007
4.75461e-007
9.64583e-007
1.93235e-006
3.82129e-006
7.45701e-006
1.43544e-005
2.72459e-005
5.09703e-005
9.39354e-005
0.000170454
0.000304369
0.000534473
0.000922293
0.00156268
0.00259729
0.00422998
0.00674159
0.0104983
0.0159436
0.0235584
0.033768
0.046773
0.062293
0.079257
0.0956343
0.109201
0.122059
0.152758
0.237178
0.407431
0.689047
1.10756
1.68775
2.44975
3.40382
4.55026
5.88173
7.3851
9.04296
10.8362
12.7463
14.7563
16.8512
19.0176
21.2444
23.5227
25.8452
28.2059
30.5996
33.0224
35.4713
37.9435
40.4368
42.9492
45.4793
48.0256
50.587
53.1624
55.751
58.3519
60.9644
63.5877
66.2213
68.8644
71.5165
74.1771
76.8456
79.5215
82.2045
84.894
87.5897
90.2911
92.9978
95.7094
98.4257
101.146
103.871
106.599
109.33
112.065
114.803
117.543
120.285
123.03
125.776
128.525
131.274
134.026
136.778
139.531
142.285
145.039
147.794
150.549
153.304
156.059
158.812
161.566
164.318
167.071
169.819
172.568
175.314
178.057
180.801
183.538
186.274
189.007
191.734
194.458
197.177
199.889
202.596
205.296
207.988
210.672
213.347
216.012
218.665
221.306
223.934
226.546
229.141
231.719
234.276
236.81
239.32
241.803
244.256
246.675
249.058
251.401
253.7
255.951
258.149
260.289
262.368
264.379
266.317
268.178
269.956
271.647
273.247
274.754
276.164
277.477
278.693
279.815
280.844
281.786
282.647
283.435
284.155
284.818
285.431
286.002
286.538
287.045
287.529
287.993
288.441
288.874
289.293
289.697
290.088
290.463
290.815
291.134
291.407
291.627
291.82
292.025
292.247
292.483
292.741
293.046
293.439
293.985
294.762
295.64
296.421
297.075
297.623
298.091
298.501
298.866
299.195
299.492
299.759
299.999
300.213
300.407
300.582
300.742
300.889
301.026
301.152
301.27
301.381
301.483
301.577
301.664
301.745
301.817
301.878
301.92
301.931
301.905
301.858
301.819
301.797
301.792
301.801
301.829
301.89
302.001
302.196
302.526
302.975
303.469
303.962
304.417
304.852
305.3
305.816
306.427
306.777
306.948
307.382
308.073
308.993
310.138
311.482
312.974
314.55
316.145
317.708
319.224
320.611
323.189
323.542
323.971
324.273
324.299
324.271
324.213
324.137
324.083
324.029
324.02
324.011
324.008
324.036
324.066
324.104
324.148
324.194
324.244
324.296
324.349
324.404
324.459
324.515
324.571
324.626
324.681
324.734
324.786
324.836
324.884
324.93
324.973
325.014
325.051
325.086
325.118
325.146
325.172
325.194
325.213
325.229
325.241
325.25
325.256
325.259
325.258
325.255
325.248
325.238
325.225
325.208
325.189
325.166
325.14
325.111
325.078
325.041
325.001
324.959
324.913
324.862
324.809
324.753
324.693
324.629
324.561
324.491
324.422
324.348
324.266
324.185
324.098
324.005
323.907
323.805
323.698
323.587
323.471
323.351
323.227
323.097
322.962
322.821
322.675
322.522
322.363
322.197
322.023
321.842
321.654
321.456
321.251
321.037
320.814
320.582
320.342
320.092
319.835
319.568
319.309
260.655
261.245
262.284
263.141
263.667
264.117
264.611
265.12
265.591
266.002
266.344
266.603
266.761
266.791
266.665
266.354
265.825
265.054
264.014
262.663
261.006
259.196
257.228
255.033
252.723
250.366
248.012
245.71
243.501
241.418
239.476
237.684
236.041
234.537
233.161
231.894
230.718
229.614
228.563
227.549
226.56
225.583
224.616
223.667
222.725
221.769
220.785
219.768
218.714
217.617
216.476
215.29
214.058
212.777
211.443
210.049
208.591
207.065
205.466
203.791
202.034
200.195
198.267
196.246
194.113
191.831
189.321
186.433
182.908
178.344
172.193
163.832
152.749
138.814
122.512
104.913
87.3106
70.7387
55.7235
42.3946
30.7164
20.7577
13.1227
8.32422
5.07582
2.54191
0.935199
0.271082
0.0652437
0.014415
0.00313744
0.000682395
0.000148188
3.20665e-005
6.90717e-006
1.48053e-006
3.15816e-007
6.70601e-008
1.41783e-008
2.98571e-009
6.25382e-010
1.30649e-010
2.6653e-011
5.54793e-012
5.26322e-013
3.04828e-013
4.87298e-013
2.9047e-013
7.37594e-013
9.68707e-013
1.1287e-012
1.52764e-012
1.19698e-012
1.38451e-012
1.15251e-012
1.31124e-012
1.01582e-012
8.24621e-013
3.11389e-013
1.2507e-012
1.63417e-013
1.46681e-012
2.42936e-013
1.45216e-012
6.78858e-013
1.6615e-012
5.62321e-013
1.51561e-012
7.33252e-013
1.82156e-012
1.037e-012
2.12473e-012
1.63166e-012
1.74471e-012
1.9014e-012
1.43892e-012
1.49631e-012
1.03608e-012
1.35401e-012
1.06302e-012
1.63113e-012
1.18682e-012
1.82885e-012
1.34345e-012
1.74738e-012
1.10339e-012
1.60694e-012
1.28679e-012
1.54699e-012
1.87128e-012
318.103
317.363
316.599
315.722
314.772
313.807
312.87
311.984
311.155
310.381
309.655
308.968
308.315
307.691
307.096
306.529
305.991
305.483
305.006
304.561
304.147
303.762
303.405
303.076
302.778
302.516
302.297
302.127
302.009
301.945
301.936
301.978
302.066
302.188
302.338
302.533
302.759
302.991
303.231
303.476
303.711
303.938
304.161
304.345
304.504
304.68
304.857
305.024
305.176
305.308
305.418
305.503
305.565
305.604
305.621
305.617
305.598
305.567
305.529
305.488
305.446
305.41
305.384
305.372
305.378
305.402
305.446
305.506
305.576
305.648
305.711
305.747
305.711
305.547
305.247
304.845
304.368
303.823
303.195
302.401
301.277
299.499
296.32
289.883
274.254
230.486
141
52.2349
13.3834
2.84407
0.550333
0.103495
0.0193409
0.00360988
0.000673599
0.000125687
2.34518e-005
4.37588e-006
8.16497e-007
1.52346e-007
2.8425e-008
5.30087e-009
9.88753e-010
1.82268e-010
3.30453e-011
4.20532e-012
1.48741e-012
2.42097e-012
2.386e-012
3.28212e-012
1.36517e-012
3.92111e-012
4.98784e-013
3.21793e-012
1.67798e-012
1.95309e-012
3.11066e-012
1.29735e-012
3.4469e-012
1.65128e-012
2.93767e-012
2.64877e-012
2.51878e-012
3.61209e-012
2.60998e-012
2.30796e-012
2.718e-012
1.22302e-012
2.95371e-012
8.56435e-013
3.50764e-012
1.07753e-012
2.50874e-012
1.59695e-012
1.73522e-012
1.96847e-012
2.29476e-012
5.85642e-013
2.97691e-012
6.04345e-013
3.62627e-012
6.94723e-013
3.78449e-012
9.23348e-013
3.37597e-012
2.43584e-012
2.76242e-012
4.13162e-012
2.98525e-012
3.39852e-012
)
;

boundaryField
{
    inlet
    {
        type            calculated;
        value           nonuniform List<scalar> 2(6.47042e-012 5.23453e-012);
    }
    outlet
    {
        type            calculated;
        value           nonuniform List<scalar> 2(3.39852e-012 1.87128e-012);
    }
    bottom
    {
        type            symmetryPlane;
    }
    top
    {
        type            symmetryPlane;
    }
    obstacle
    {
        type            calculated;
        value           nonuniform List<scalar> 
102
(
213.424
260.655
323.542
323.971
324.273
324.299
324.271
324.213
324.137
324.083
324.029
324.02
324.011
324.008
324.036
324.066
324.104
324.148
324.194
324.244
324.296
324.349
324.404
324.459
324.515
324.571
324.626
324.681
324.734
324.786
324.836
324.884
324.93
324.973
325.014
325.051
325.086
325.118
325.146
325.172
325.194
325.213
325.229
325.241
325.25
325.256
325.259
325.258
325.255
325.248
325.238
325.225
325.208
325.189
325.166
325.14
325.111
325.078
325.041
325.001
324.959
324.913
324.862
324.809
324.753
324.693
324.629
324.561
324.491
324.422
324.348
324.266
324.185
324.098
324.005
323.907
323.805
323.698
323.587
323.471
323.351
323.227
323.097
322.962
322.821
322.675
322.522
322.363
322.197
322.023
321.842
321.654
321.456
321.251
321.037
320.814
320.582
320.342
320.092
319.835
319.568
319.309
)
;
    }
    defaultFaces
    {
        type            empty;
    }
}


// ************************************************************************* //
