/*--------------------------------*- C++ -*----------------------------------*\
| =========                 |                                                 |
| \\      /  F ield         | OpenFOAM: The Open Source CFD Toolbox           |
|  \\    /   O peration     | Version:  5.x                                   |
|   \\  /    A nd           | Web:      www.OpenFOAM.org                      |
|    \\/     M anipulation  |                                                 |
\*---------------------------------------------------------------------------*/
/*   Windows 32 and 64 bit porting by blueCAPE: http://www.bluecape.com.pt   *\
|  Based on Windows porting (2.0.x v4) by Symscape: http://www.symscape.com   |
\*---------------------------------------------------------------------------*/
FoamFile
{
    version     2.0;
    format      ascii;
    class       volScalarField;
    location    "0.007";
    object      T;
}
// * * * * * * * * * * * * * * * * * * * * * * * * * * * * * * * * * * * * * //

dimensions      [0 0 0 1 0 0 0];

internalField   nonuniform List<scalar> 
1000
(
348.432
348.432
348.432
348.432
348.432
348.432
348.432
348.432
348.432
348.432
348.432
348.432
348.432
348.432
348.432
348.432
348.432
348.432
348.432
348.432
348.432
348.432
348.432
348.432
348.432
348.432
348.432
348.432
348.432
348.432
348.432
348.432
348.432
348.432
348.432
348.432
348.432
348.432
348.432
348.432
348.432
348.432
348.432
348.432
348.432
348.432
348.432
348.432
348.432
348.432
348.432
348.432
348.432
348.432
348.432
348.432
348.432
348.432
348.432
348.432
348.432
348.432
348.432
348.432
348.432
348.432
348.432
348.432
348.432
348.432
348.431
348.431
348.429
348.427
348.424
348.419
348.41
348.397
348.376
348.344
348.298
348.23
348.136
348.006
347.833
347.608
347.324
346.973
346.552
346.059
345.494
344.86
344.162
343.406
342.599
341.748
340.86
339.94
338.993
338.024
337.036
336.031
335.013
333.983
332.944
331.896
330.84
329.778
328.711
327.639
326.562
325.482
324.398
323.311
322.221
321.128
320.033
318.936
317.836
316.735
315.632
314.527
313.421
312.313
311.203
310.092
308.98
307.867
306.752
305.637
304.52
303.403
302.284
301.165
300.045
298.924
297.803
296.681
295.558
294.435
293.311
292.188
291.063
289.941
288.811
287.698
286.549
285.471
284.264
283.272
281.96
281.066
279.71
278.764
277.573
276.399
275.398
274.183
273.062
272.022
270.84
269.695
268.679
267.487
266.369
265.306
264.164
263.076
261.913
260.878
259.768
258.594
257.573
256.439
255.368
254.261
253.134
252.137
250.983
249.935
248.843
247.758
246.76
245.61
244.614
243.51
242.49
241.474
240.373
239.411
238.306
237.366
236.322
235.324
234.356
233.313
232.423
231.393
230.514
229.536
228.625
227.742
226.816
226.022
225.107
224.355
223.5
222.767
222.022
221.308
220.684
220.001
219.483
218.877
218.456
217.993
217.667
217.368
217.141
217.03
216.927
216.983
217.091
217.271
217.502
217.785
218.093
218.437
218.816
219.232
219.709
220.238
220.847
221.528
222.312
223.221
224.273
225.434
226.656
227.877
229.042
230.121
231.092
231.934
232.643
233.237
233.732
234.139
234.474
234.734
234.942
235.122
235.278
235.417
235.543
235.649
235.736
235.822
235.897
235.959
236.002
236.032
236.084
236.109
236.12
236.145
236.145
236.132
236.101
236.068
236.126
236.254
236.54
237.177
238.534
241.148
246.473
253.604
260.771
263.548
261.909
261.365
263.718
273.152
292.042
313.207
334.955
354.735
371.13
383.963
393.647
400.728
405.432
408.023
409.271
409.554
409.491
408.452
407.723
404.465
348.432
348.432
348.432
348.432
348.432
348.432
348.432
348.432
348.432
348.432
348.432
348.432
348.432
348.432
348.432
348.432
348.432
348.432
348.432
348.432
348.432
348.432
348.432
348.432
348.432
348.432
348.432
348.432
348.432
348.432
348.432
348.432
348.432
348.432
348.432
348.432
348.432
348.432
348.432
348.432
348.432
348.432
348.432
348.432
348.432
348.432
348.432
348.432
348.432
348.432
348.432
348.432
348.432
348.432
348.432
348.432
348.432
348.432
348.432
348.432
348.432
348.432
348.432
348.432
348.432
348.432
348.432
348.432
348.432
348.432
348.432
348.432
348.432
348.433
348.433
348.434
348.434
348.436
348.438
348.44
348.444
348.448
348.453
348.458
348.462
348.461
348.452
348.43
348.39
348.322
348.215
348.059
347.843
347.56
347.205
346.779
346.285
345.727
345.113
344.45
343.745
343.005
342.234
341.439
340.623
339.79
338.942
338.082
337.211
336.332
335.444
334.55
333.65
332.745
331.835
330.921
330.003
329.082
328.158
327.231
326.301
325.369
324.436
323.5
322.563
321.625
320.685
319.744
318.803
317.86
316.917
315.974
315.03
314.087
313.143
312.199
311.256
310.312
309.369
308.427
307.485
306.544
305.603
304.664
303.725
302.787
301.85
300.915
299.979
299.047
298.111
297.186
296.247
295.335
294.381
293.499
292.504
291.698
290.6
289.927
288.713
288.098
286.955
286.137
285.293
284.224
283.46
282.542
281.54
280.751
279.857
278.874
278.05
277.21
276.251
275.374
274.571
273.68
272.767
271.936
271.127
270.255
269.374
268.569
267.779
266.944
266.105
265.311
264.562
263.789
262.996
262.236
261.521
260.831
260.121
259.418
258.755
258.137
257.548
256.953
256.374
255.833
255.35
254.903
254.461
254.034
253.645
253.309
253.007
252.724
252.453
252.194
251.965
251.766
251.598
251.43
251.244
251.067
250.909
250.782
250.661
250.517
250.364
250.216
250.088
249.989
249.884
249.768
249.662
249.56
249.478
249.405
249.339
249.26
249.179
249.072
248.959
248.797
248.599
248.357
248.14
247.958
247.799
247.651
247.516
247.397
247.299
247.22
247.15
247.086
247.028
246.977
246.93
246.888
246.853
246.826
246.806
246.788
246.772
246.766
246.762
246.765
246.771
246.77
246.788
246.833
246.871
246.942
246.996
247.037
247.07
247.107
247.165
247.261
247.383
247.508
247.628
247.617
247.558
247.43
247.248
247.101
247.077
247.133
247.499
249.14
254.151
263.466
274.924
287.927
301.786
315.784
329.182
341.511
352.06
360.901
367.858
373.108
377.162
378.96
380.461
380.594
380.773
380.772
381.113
381.257
381.44
381.655
381.654
381.891
381.946
382.077
382.164
382.247
382.325
382.399
382.469
382.534
382.596
382.654
382.708
382.758
382.806
382.85
382.892
382.931
382.969
383.004
383.038
383.071
383.102
383.132
383.162
383.19
383.218
383.244
383.271
383.295
383.32
383.342
383.367
383.385
383.41
383.425
383.451
383.46
383.489
383.493
383.524
383.523
383.554
383.553
383.581
383.582
383.607
383.61
383.631
383.639
383.657
383.674
383.675
383.704
383.702
383.738
383.733
383.77
383.769
383.807
383.824
383.827
383.857
383.882
383.902
383.936
383.959
383.995
384.021
384.061
384.092
384.135
384.171
384.219
384.258
384.311
384.357
384.415
384.466
384.531
384.589
384.66
384.725
384.804
384.876
384.963
385.043
385.137
385.224
385.326
385.421
385.525
455.428
455.22
455.014
454.834
454.715
454.655
454.614
454.601
454.627
454.695
454.797
454.889
454.937
455.04
455.256
455.587
455.962
456.252
456.351
456.249
455.62
453.569
450.141
446.428
442.523
438.489
434.456
430.576
426.971
423.73
420.892
418.446
416.343
414.516
412.897
411.426
410.06
408.787
407.593
406.473
405.423
404.426
403.456
402.455
401.388
400.264
399.121
397.966
396.795
395.612
394.422
393.216
391.99
390.749
389.488
388.197
386.87
385.506
384.113
382.696
381.249
379.763
378.228
376.639
374.991
373.267
371.434
369.421
367.118
364.352
360.884
356.463
350.917
344.246
336.664
328.563
320.394
312.512
305.108
298.273
292.057
286.585
282.419
280.42
279.612
279.164
278.904
278.794
278.759
278.749
278.747
278.746
278.746
278.746
278.746
278.746
278.746
278.746
278.746
278.746
278.746
278.746
278.746
278.746
278.746
278.746
278.746
278.746
278.746
278.746
278.746
278.746
278.746
278.746
278.746
278.746
278.746
278.746
278.746
278.746
278.746
278.746
278.746
278.746
278.746
278.746
278.746
278.746
278.746
278.746
278.746
278.746
278.746
278.746
278.746
278.746
278.746
278.746
278.746
278.746
278.746
278.746
278.746
278.746
278.746
278.746
278.746
278.746
278.746
278.746
385.952
386.278
386.619
386.989
387.377
387.76
388.115
388.44
388.737
389.001
389.229
389.435
389.628
389.806
389.963
390.105
390.238
390.362
390.463
390.535
390.59
390.648
390.728
390.826
390.931
391.03
391.104
391.154
391.192
391.226
391.242
391.231
391.202
391.15
391.035
390.76
390.294
389.818
389.4
389.1
388.941
388.898
388.95
389.233
389.764
390.297
390.796
391.227
391.582
391.865
392.091
392.289
392.465
392.621
392.777
392.95
393.142
393.358
393.599
393.868
394.166
394.482
394.807
395.13
395.447
395.752
396.045
396.341
396.651
396.979
397.323
397.666
397.986
398.254
398.501
398.759
399.026
399.308
399.609
399.857
399.968
399.77
398.822
396.289
389.693
372.125
325.785
294.994
282.662
279.534
278.897
278.774
278.751
278.747
278.746
278.746
278.746
278.746
278.746
278.746
278.746
278.746
278.746
278.746
278.746
278.746
278.746
278.746
278.746
278.746
278.746
278.746
278.746
278.746
278.746
278.746
278.746
278.746
278.746
278.746
278.746
278.746
278.746
278.746
278.746
278.746
278.746
278.746
278.746
278.746
278.746
278.746
278.746
278.746
278.746
278.746
278.746
278.746
278.746
278.746
278.746
278.746
278.746
278.746
278.746
278.746
278.746
278.746
278.746
278.746
)
;

boundaryField
{
    inlet
    {
        type            zeroGradient;
    }
    outlet
    {
        type            zeroGradient;
    }
    bottom
    {
        type            symmetryPlane;
    }
    top
    {
        type            symmetryPlane;
    }
    obstacle
    {
        type            zeroGradient;
    }
    defaultFaces
    {
        type            empty;
    }
}


// ************************************************************************* //
