/*--------------------------------*- C++ -*----------------------------------*\
| =========                 |                                                 |
| \\      /  F ield         | OpenFOAM: The Open Source CFD Toolbox           |
|  \\    /   O peration     | Version:  5.x                                   |
|   \\  /    A nd           | Web:      www.OpenFOAM.org                      |
|    \\/     M anipulation  |                                                 |
\*---------------------------------------------------------------------------*/
/*   Windows 32 and 64 bit porting by blueCAPE: http://www.bluecape.com.pt   *\
|  Based on Windows porting (2.0.x v4) by Symscape: http://www.symscape.com   |
\*---------------------------------------------------------------------------*/
FoamFile
{
    version     2.0;
    format      ascii;
    class       volScalarField;
    location    "0.004";
    object      p;
}
// * * * * * * * * * * * * * * * * * * * * * * * * * * * * * * * * * * * * * //

dimensions      [1 -1 -2 0 0 0 0];

internalField   nonuniform List<scalar> 
1000
(
100000
100000
100000
100000
100000
100000
100000
100000
100000
100000
100000
100000
100000
100000
100000
100000
100000
100000
100000
100000
100000
100000
100000
100000
100000
100000
100000
100000
100000
100000
100000
100000
100000
100000
100000
100000
100000
100000
100000
100000
100000
100000
100000
100000
100000
100000
100000
100000
100000
100000
100000
100000
100000
100000
100000
100000
100000
100000
100000
100000
100000
100000
100000
100000
100000
100000
100000
100000
100000
100000
100000
100000
100000
100000
100000
100000
100000
100000
100000
100000
100000
100000
100000
100000
100000
100000
100000
100000
100000
100000
100000
100000
100000
100000
100000
100000
100000
100000
100000
100000
100000
100000
100000
100000
100000
100000
100000
100000
100000
100000
100000
100000
100000
100000
100000
100000
100000
100000
99999.9
99999.9
99999.7
99999.4
99998.8
99997.5
99995
99990.3
99981.6
99965.9
99938.5
99892.3
99816.6
99697.2
99515.5
99249.8
98877.2
98376.1
97730.9
96935.7
95997.1
94933.6
93769.5
92528
91229.1
89888.6
88519.2
87130.3
85729.5
84322.4
82913.5
81506.3
80103.5
78707.6
77320.3
75943.2
74577.6
73224.7
71885.3
70560.4
69250.6
67956.6
66679
65418.2
64174.6
62948.6
61740.6
60550.8
59379.5
58226.7
57092.8
55977.7
54881.8
53804.7
52747.4
51708.2
50689.9
49689.2
48709
47747.8
46805.8
45883.7
44981.1
44098.2
43235.3
42392.6
41570.5
40769.2
39988.9
39230.5
38494.8
37782.1
37093.2
36429.4
35792.3
35183
34602.6
34053.1
33536.6
33055.4
32611.2
32205.7
31841
31518.5
31239.6
31003.9
30810.7
30657
30541.8
30455
30403.6
30367.8
30349.1
30343
30340.4
30341.1
30343.2
30348
30354.2
30360.6
30363
30362.2
30361.7
30361.1
30360
30358
30355.4
30352.5
30348.4
30346.2
30344.7
30342.5
30341.2
30340.5
30338.9
30337.6
30336.2
30335.1
30334
30333.3
30333.1
30333.9
30336.6
30337.6
30359.7
30304.7
30315.1
30326.8
30335.2
30335.4
30334.9
30333.6
30332.4
30331.4
30330.4
30329.5
30328.7
30327.7
30327.6
30326.3
30327.3
30327.1
30326.8
30326.6
30326.6
30326.5
30326.4
30326.3
30326
30325.4
30324.6
30323.8
30322.8
30322
30321.3
30320.6
30320.1
30319.6
30318.4
30316.3
30312.8
30305.8
30292.5
30267.4
30220.4
30131.8
29958.9
29608.8
28919.5
27363.5
22552.9
14460.3
11157.9
10229.9
10040.5
10007
10001.2
10000.2
10000
10000
10000
10000
100000
100000
100000
100000
100000
100000
100000
100000
100000
100000
100000
100000
100000
100000
100000
100000
100000
100000
100000
100000
100000
100000
100000
100000
100000
100000
100000
100000
100000
100000
100000
100000
100000
100000
100000
100000
100000
100000
100000
100000
100000
100000
100000
100000
100000
100000
100000
100000
100000
100000
100000
100000
100000
100000
100000
100000
100000
100000
100000
100000
100000
100000
100000
100000
100000
100000
100000
100000
100000
100000
100000
100000
100000
100000
100000
100000
100000
100000
100000
100000
100000
100000
100000
100000
100000
100000
100000
100000
100000
100000
100000
100000
100000
100000
100000
100000
100000
100000
100000
100000
100000
100000
100000
100000
100000
100000
100000
100000
100000
100000
100000
100000
100000
100000
100000
100000
100000
100000
99999.9
99999.9
99999.7
99999.4
99998.8
99997.5
99995
99990.3
99981.6
99965.9
99938.5
99892.3
99816.6
99697.2
99515.5
99249.8
98877.2
98376.1
97730.9
96935.7
95997.1
94933.6
93769.5
92528
91229.1
89888.6
88519.2
87130.3
85729.5
84322.4
82913.5
81506.3
80103.5
78707.6
77320.3
75943.2
74577.6
73224.7
71885.3
70560.4
69250.6
67956.6
66679
65418.2
64174.6
62948.6
61740.6
60550.8
59379.5
58226.7
57092.8
55977.7
54881.8
53804.7
52747.4
51708.2
50689.9
49689.2
48709
47747.8
46805.8
45883.7
44981.1
44098.2
43235.3
42392.6
41570.5
40769.2
39988.9
39230.5
38494.8
37782.1
37093.2
36429.4
35792.3
35183
34602.6
34053.1
33536.6
33055.4
32611.2
32205.7
31841
31518.5
31239.6
31003.9
30810.7
30657
30541.8
30455
30403.6
30367.8
30349.1
30343
30340.4
30341.1
30343.2
30348
30354.2
30360.6
30363
30362.2
30361.7
30361.1
30360
30358
30355.4
30352.5
30348.4
30346.2
30344.7
30342.5
30341.2
30340.5
30338.9
30337.6
30336.2
30335.1
30334
30333.3
30333.1
30333.9
30336.6
30337.6
30359.7
30304.7
30315.1
30326.8
30335.2
30335.4
30334.9
30333.6
30332.4
30331.4
30330.4
30329.5
30328.7
30327.7
30327.6
30326.3
30327.3
30327.1
30326.8
30326.6
30326.6
30326.5
30326.4
30326.3
30326
30325.4
30324.6
30323.8
30322.8
30322
30321.3
30320.6
30320.1
30319.6
30318.4
30316.3
30312.8
30305.8
30292.5
30267.4
30220.4
30131.8
29958.9
29608.8
28919.5
27363.5
22552.9
14460.3
11157.9
10229.9
10040.5
10007
10001.2
10000.2
10000
10000
10000
10000
10000
10000
10000
10000
10000
10000
10000
10000
10000
10000
10000
10000
10000
10000
10000
10000
10000
10000
10000
10000
10000
10000
10000
10000
10000
10000
10000
10000
10000
10000
10000
10000
10000
10000
10000
10000
10000
10000
10000
10000
10000
10000
10000
10000
10000
10000
10000
10000
10000
10000
10000
10000
10000
10000
10000
10000
10000
10000
10000
10000
10000
10000
10000
10000
10000
10000
10000
10000
10000
10000
10000
10000
10000
10000
10000
10000
10000
10000
10000
10000
10000
10000
10000
10000
10000
10000
10000
10000
10000
10000
10000
10000
10000
10000
10000
10000
10000
10000
10000
10000
10000
10000
10000
10000
10000
10000
10000
10000
10000
10000
10000
10000
10000
10000
10000
10000
10000
10000
10000
10000
10000
10000
10000
10000
10000
10000
10000
10000
10000
10000
10000
10000
10000
10000
10000
10000
10000
10000
10000
10000
10000
10000
10000
10000
10000
10000
10000
10000
10000
10000
10000
10000
10000
10000
10000
10000
10000
10000
10000
10000
10000
10000
10000
10000
10000
10000
10000
10000
10000
10000
10000
10000
10000
10000
10000
10000
10000
10000
10000
10000
10000
10000
10000
10000
10000
10000
10000
10000
10000
10000
10000
10000
10000
10000
10000
10000
10000
10000
10000
10000
10000
10000
10000
10000
10000
10000
10000
10000
10000
10000
10000
10000
10000
10000
10000
10000
10000
10000
10000
10000
10000
10000
10000
10000
10000
10000
10000
10000
10000
10000
10000
10000
10000
10000
10000
10000
10000
10000
10000
10000
10000
10000
10000
10000
10000
10000
10000
10000
10000
10000
10000
10000
10000
10000
10000
10000
10000
10000
10000
10000
10000
10000
10000
10000
10000
10000
10000
10000
10000
10000
10000
10000
10000
10000
10000
10000
10000
10000
10000
10000
10000
10000
10000
10000
10000
10000
10000
10000
10000
10000
10000
10000
10000
10000
10000
10000
10000
10000
10000
10000
10000
10000
10000
10000
10000
10000
10000
10000
10000
10000
10000
10000
10000
10000
10000
10000
10000
10000
10000
10000
10000
10000
10000
10000
10000
10000
10000
10000
10000
10000
10000
10000
10000
10000
10000
10000
10000
10000
10000
10000
10000
10000
10000
10000
10000
10000
10000
10000
10000
10000
10000
10000
10000
10000
10000
10000
10000
10000
10000
10000
10000
10000
10000
10000
10000
10000
10000
10000
10000
10000
10000
10000
10000
10000
10000
10000
10000
10000
10000
10000
10000
10000
10000
10000
10000
10000
10000
10000
10000
10000
10000
10000
10000
10000
10000
10000
10000
10000
10000
10000
)
;

boundaryField
{
    inlet
    {
        type            zeroGradient;
    }
    outlet
    {
        type            zeroGradient;
    }
    bottom
    {
        type            symmetryPlane;
    }
    top
    {
        type            symmetryPlane;
    }
    obstacle
    {
        type            zeroGradient;
    }
    defaultFaces
    {
        type            empty;
    }
}


// ************************************************************************* //
