/*--------------------------------*- C++ -*----------------------------------*\
| =========                 |                                                 |
| \\      /  F ield         | OpenFOAM: The Open Source CFD Toolbox           |
|  \\    /   O peration     | Version:  5.x                                   |
|   \\  /    A nd           | Web:      www.OpenFOAM.org                      |
|    \\/     M anipulation  |                                                 |
\*---------------------------------------------------------------------------*/
/*   Windows 32 and 64 bit porting by blueCAPE: http://www.bluecape.com.pt   *\
|  Based on Windows porting (2.0.x v4) by Symscape: http://www.symscape.com   |
\*---------------------------------------------------------------------------*/
FoamFile
{
    version     2.0;
    format      ascii;
    class       surfaceScalarField;
    location    "0.004";
    object      phi;
}
// * * * * * * * * * * * * * * * * * * * * * * * * * * * * * * * * * * * * * //

dimensions      [1 0 -1 0 0 0 0];

internalField   nonuniform List<scalar> 
1447
(
4.01457e-013
7.95197e-014
5.79092e-013
7.8812e-014
4.79616e-013
7.63417e-014
5.40012e-013
7.49192e-014
6.2883e-013
7.66609e-014
7.8515e-013
7.36494e-014
5.08038e-013
7.50719e-014
3.97904e-013
7.0971e-014
5.57776e-013
7.42947e-014
6.39488e-013
7.4156e-014
6.21725e-013
7.23796e-014
5.47118e-013
7.21714e-014
4.40536e-013
7.55576e-014
5.50671e-013
7.23727e-014
6.50147e-013
7.34482e-014
6.00409e-013
7.27821e-014
4.68958e-013
7.36217e-014
4.90274e-013
7.25184e-014
3.58824e-013
7.19008e-014
2.38032e-013
7.15886e-014
2.59348e-013
7.26086e-014
1.38556e-013
6.92155e-014
3.48166e-013
7.16024e-014
4.15668e-013
6.93959e-014
3.48166e-013
7.324e-014
2.4869e-013
7.03188e-014
2.41585e-013
7.32123e-014
2.55795e-013
7.07628e-014
1.38556e-013
7.19771e-014
2.66454e-013
7.0631e-014
2.38032e-013
7.32747e-014
1.84741e-013
7.20604e-014
9.23706e-014
7.27474e-014
2.27374e-013
7.3816e-014
3.69482e-013
7.66193e-014
7.4607e-014
7.63972e-014
1.03029e-013
7.84303e-014
1.84741e-013
8.13377e-014
2.38032e-013
8.22883e-014
2.94875e-013
8.39884e-014
3.58824e-013
8.56398e-014
2.70006e-013
8.76729e-014
1.91847e-013
8.6875e-014
2.73559e-013
8.95117e-014
2.62901e-013
8.80823e-014
1.88294e-013
8.90052e-014
-1.35003e-013
8.69582e-014
-2.0961e-013
8.87207e-014
-8.52651e-014
9.01154e-014
6.39488e-014
9.10869e-014
2.41585e-013
9.11146e-014
3.09086e-013
8.96089e-014
1.63425e-013
8.69929e-014
2.0961e-013
8.85333e-014
2.52243e-013
8.88872e-014
3.09086e-013
8.71594e-014
3.55271e-013
9.12256e-014
2.59348e-013
8.77423e-014
2.38032e-013
9.00599e-014
2.34479e-013
8.93174e-014
2.52243e-013
9.0157e-014
3.58824e-013
9.03305e-014
2.55795e-013
8.81933e-014
3.48166e-013
8.79088e-014
2.8777e-013
8.82627e-014
3.83693e-013
8.68472e-014
5.79092e-013
8.79019e-014
3.8014e-013
8.46059e-014
5.61329e-013
8.58202e-014
4.33431e-013
8.34818e-014
2.41585e-013
8.24965e-014
2.98428e-013
8.16985e-014
2.66454e-013
8.21843e-014
7.10543e-014
8.11504e-014
1.42109e-014
8.22398e-014
2.23821e-013
7.99083e-014
4.33431e-013
8.29059e-014
2.91323e-013
7.88189e-014
3.01981e-013
8.2219e-014
1.10134e-013
8.07063e-014
1.27898e-013
8.02275e-014
1.1724e-013
8.34471e-014
2.45137e-013
8.53276e-014
1.81188e-013
8.67223e-014
2.84217e-014
8.8686e-014
-1.03029e-013
8.8804e-014
-1.81188e-013
9.01154e-014
-2.41585e-013
9.15032e-014
-6.75016e-014
9.34114e-014
1.27898e-013
9.24816e-014
1.77636e-014
9.4473e-014
-1.42109e-014
9.44453e-014
-1.81188e-013
9.37792e-014
-1.27898e-013
9.41677e-014
4.9738e-014
9.37236e-014
-2.30926e-013
9.41885e-014
5.68434e-014
9.52363e-014
3.41061e-013
9.48408e-014
9.41469e-013
9.67906e-014
2.40163e-012
9.76233e-014
6.05382e-012
9.69017e-014
1.68434e-011
9.84629e-014
4.72156e-011
9.78592e-014
1.32317e-010
9.9809e-014
3.66231e-010
9.95384e-014
1.00068e-009
1.00538e-013
2.69673e-009
1.01807e-013
7.16598e-009
1.00087e-013
1.87729e-008
1.02446e-013
4.84661e-008
1.00565e-013
1.23268e-007
1.01211e-013
3.0876e-007
1.00905e-013
7.61346e-007
1.02467e-013
1.84742e-006
1.00774e-013
4.40948e-006
1.01745e-013
1.0348e-005
1.00225e-013
2.38654e-005
1.001e-013
5.40632e-005
9.66519e-014
0.000120233
9.80396e-014
0.000262349
9.57498e-014
0.000561308
9.37375e-014
0.00117677
9.17322e-014
0.00241567
8.88803e-014
0.00485164
8.62851e-014
0.00952506
8.36067e-014
0.0182626
8.14973e-014
0.0341604
8.11018e-014
0.0622669
7.6085e-014
0.110468
7.36217e-014
0.190503
7.06796e-014
0.318911
6.66203e-014
0.517557
6.38864e-014
0.813247
6.11386e-014
1.23591
5.90292e-014
1.81513
5.81271e-014
2.57517
5.44634e-014
3.52957
5.40748e-014
4.67641
5.13409e-014
5.99568
4.81976e-014
7.45421
4.57898e-014
9.01677
4.40342e-014
10.6521
4.37428e-014
12.3346
4.19664e-014
14.0442
3.95864e-014
15.7656
3.781e-014
17.487
3.75325e-014
19.1995
3.68039e-014
20.8963
3.49581e-014
22.572
3.44655e-014
24.2227
3.41185e-014
25.845
3.29251e-014
27.4366
3.27308e-014
28.9952
3.1336e-014
30.5195
2.91919e-014
32.0081
2.82621e-014
33.4599
2.72421e-014
34.8742
2.65413e-014
36.2504
2.55698e-014
37.5879
2.40571e-014
38.8864
2.24057e-014
40.1457
2.15661e-014
41.3657
2.04836e-014
42.5461
1.89744e-014
43.6872
1.73923e-014
44.789
1.53211e-014
45.8516
1.34441e-014
46.8755
1.19245e-014
47.8602
1.03494e-014
48.8082
8.27463e-015
49.7144
6.34562e-015
50.5918
4.29864e-015
51.4159
2.25861e-015
52.228
5.27356e-016
52.977
-1.25594e-015
53.7046
-2.81719e-015
54.4155
-4.04884e-015
55.0365
-5.13825e-015
55.6896
-6.0299e-015
56.2833
-7.4038e-015
56.8066
-8.28851e-015
57.3568
-9.6069e-015
57.8692
-1.06616e-014
58.2993
-1.14977e-014
58.7283
-1.22923e-014
59.1667
-1.30208e-014
59.5407
-1.40582e-014
59.8542
-1.46723e-014
60.1746
-1.5269e-014
60.5
-1.61191e-014
60.7723
-1.6636e-014
60.9827
-1.71321e-014
61.1837
-1.74236e-014
61.4
-1.75554e-014
61.5948
-1.80238e-014
61.7325
-1.87211e-014
61.8285
-1.92554e-014
61.9248
-1.95712e-014
62.0317
-1.98626e-014
62.1265
-2.01297e-014
62.1825
-2.05738e-014
62.1943
-2.08791e-014
62.1894
-2.1259e-014
62.21
-2.13267e-014
62.2583
-2.1462e-014
62.2795
-2.16806e-014
62.251
-2.18662e-014
62.2012
-2.18905e-014
62.1785
-2.21385e-014
62.1953
-2.22791e-014
62.2022
-2.27995e-014
62.2029
-2.30562e-014
62.1892
-2.32921e-014
62.1595
-2.35627e-014
62.1364
-2.37692e-014
62.1258
-2.39288e-014
62.1252
-2.40884e-014
62.1283
-2.41682e-014
62.1314
-2.42514e-014
62.1184
-2.42965e-014
62.0893
-2.43174e-014
62.0672
-2.43677e-014
62.0563
-2.43104e-014
62.0523
-2.43243e-014
62.0487
-2.43867e-014
62.0441
-2.43156e-014
62.02
-2.42202e-014
61.9847
-2.3842e-014
61.955
-2.3594e-014
61.9368
-2.33927e-014
61.9233
-2.29278e-014
61.907
-2.25826e-014
61.8658
-2.24768e-014
61.8108
-2.25254e-014
61.7612
-2.26555e-014
61.7265
-2.26104e-014
61.7076
-2.25236e-014
61.6994
-2.27179e-014
61.6964
-2.31516e-014
61.6929
-2.35818e-014
61.6726
-2.41526e-014
61.5543
-2.48083e-014
60.9936
-2.5601e-014
58.9663
-2.60937e-014
55.5289
-2.56861e-014
52.069
-2.5072e-014
48.8592
-2.4496e-014
46.1009
-2.41022e-014
43.8758
-2.39392e-014
42.1753
-2.39652e-014
40.9383
-2.42306e-014
40.0824
-2.47614e-014
39.5218
-2.53686e-014
39.1776
-2.60052e-014
38.9838
-2.67165e-014
38.8875
-2.73791e-014
38.85
-2.80418e-014
38.8414
-2.8642e-014
38.8478
-2.92197e-014
38.8735
-2.97123e-014
38.8945
-3.01946e-014
38.9092
-3.07202e-014
38.9186
-3.10203e-014
38.9237
-3.12684e-014
38.9256
-3.15858e-014
38.9261
-3.182e-014
38.9255
-3.21271e-014
38.9229
-3.23214e-014
38.9205
-3.2337e-014
38.9183
-3.22624e-014
38.9162
-3.19449e-014
38.9141
-3.16518e-014
38.9119
-3.15477e-014
38.9093
-3.14714e-014
38.9062
-3.15772e-014
38.9032
-3.1879e-014
38.9003
-3.23127e-014
38.8961
-3.26735e-014
38.891
-3.31124e-014
38.8827
-3.34559e-014
38.8664
-3.35738e-014
38.8358
-3.37317e-014
38.7795
-3.38601e-014
38.6747
-3.38791e-014
38.4744
-3.37074e-014
38.0797
-3.37907e-014
37.2566
-3.45765e-014
35.4565
-3.68282e-014
30.792
-3.5633e-014
14.2734
-3.08833e-014
4.45847
-1.80541e-014
0.977833
-1.27927e-014
0.17572
-1.14761e-014
0.0302431
-1.10485e-014
0.00516772
-1.12263e-014
0.000882151
-1.01273e-014
0.000150579
-1.55787e-014
2.57053e-005
3.32711e-014
4.38945e-006
-3.25949e-013
7.43808e-007
3.04132e-012
-2.30376e-011
-5.96856e-013
-9.09495e-013
-2.21689e-012
-2.6148e-012
-9.37916e-013
-7.38964e-013
-9.9476e-013
9.37916e-013
2.38742e-012
1.93268e-012
3.55271e-012
4.0643e-012
3.43903e-012
4.00746e-012
3.21165e-012
3.09797e-012
2.6148e-012
1.59162e-012
1.33582e-012
1.33582e-012
1.53477e-012
2.78533e-012
2.98428e-012
4.09273e-012
1.9611e-012
7.95808e-013
1.10845e-012
2.04636e-012
2.87059e-012
2.84217e-012
2.47269e-012
2.89901e-012
5.20117e-012
8.46967e-012
8.92442e-012
9.09495e-012
1.05729e-011
1.23919e-011
1.25908e-011
1.07434e-011
9.57812e-012
9.57812e-012
8.27072e-012
6.11067e-012
3.9222e-012
1.79057e-012
3.38218e-012
1.02318e-012
9.9476e-013
-3.12639e-013
-2.10321e-012
-1.53477e-012
-1.39266e-012
-7.67386e-013
5.11591e-013
2.33058e-012
2.95586e-012
2.98428e-012
2.84217e-012
2.44427e-012
2.04636e-012
5.68434e-013
-1.67688e-012
-9.9476e-013
-1.16529e-012
-1.90425e-012
-1.16529e-012
-1.81899e-012
1.42109e-013
3.69482e-013
-9.66338e-013
-4.26326e-013
-6.82121e-013
-1.42109e-013
0
1.27898e-012
1.56319e-012
2.89901e-012
5.14433e-012
6.56541e-012
6.53699e-012
6.42331e-012
7.90124e-012
8.61178e-012
6.6791e-012
6.33804e-012
4.20641e-012
4.77485e-012
3.0127e-012
2.16005e-012
1.98952e-012
-8.52651e-014
-1.50635e-012
-1.93268e-012
-1.84741e-012
5.40012e-013
3.04112e-012
6.42331e-012
1.02034e-011
1.87299e-011
4.59863e-011
1.20963e-010
3.34438e-010
9.30982e-010
2.56838e-009
7.00891e-009
1.888e-008
5.01645e-008
1.31411e-007
3.39263e-007
8.62879e-007
2.16132e-006
5.32942e-006
1.29319e-005
3.08664e-005
7.24361e-005
0.000167058
0.000378443
0.00084163
0.00183644
0.00392915
0.00823741
0.0169097
0.0339615
0.0666754
0.127838
0.239123
0.435869
0.773278
1.33352
2.23238
3.6229
5.69273
8.65139
12.7059
18.0262
24.707
32.7348
41.9698
52.1795
63.1174
74.5646
86.3421
98.3096
110.359
122.409
134.397
146.274
158.004
169.559
180.915
192.056
202.967
213.637
224.056
234.219
244.12
253.753
263.115
272.205
281.02
289.56
297.823
305.811
313.523
320.961
328.129
335.022
341.658
348.001
354.143
359.911
365.596
370.839
375.932
380.909
385.256
389.827
393.983
397.646
401.498
405.084
408.095
411.098
414.167
416.785
418.979
421.222
423.5
425.406
426.879
428.286
429.8
431.164
432.127
432.8
433.473
434.222
434.885
435.277
435.36
435.326
435.47
435.808
435.957
435.757
435.408
435.249
435.367
435.416
435.42
435.324
435.117
434.955
434.881
434.876
434.898
434.92
434.829
434.625
434.47
434.394
434.366
434.341
434.309
434.14
433.893
433.685
433.557
433.463
433.349
433.06
432.676
432.328
432.085
431.953
431.896
431.875
431.85
431.708
430.88
426.955
412.764
388.702
364.483
342.015
322.707
307.131
295.227
286.568
280.577
276.653
274.243
272.887
272.212
271.95
271.89
271.934
272.114
272.262
272.365
272.43
272.466
272.48
272.483
272.478
272.46
272.443
272.428
272.413
272.398
272.384
272.365
272.343
272.323
272.302
272.273
272.237
272.179
272.065
271.851
271.457
270.723
269.321
266.558
260.796
248.195
215.544
99.9137
31.2093
6.84483
1.23004
0.211702
0.036174
0.00617506
0.00105405
0.000179938
3.07206e-005
5.26427e-006
8.31802e-007
6.53728e-007
5.13728e-007
4.03696e-007
3.17225e-007
2.49274e-007
1.95877e-007
1.53919e-007
1.20948e-007
9.50409e-008
7.46834e-008
5.86869e-008
4.61169e-008
3.62396e-008
2.84781e-008
2.2379e-008
1.75864e-008
1.38202e-008
1.08607e-008
8.53501e-009
6.70744e-009
5.27132e-009
4.14266e-009
3.25565e-009
2.55864e-009
2.01092e-009
1.58045e-009
1.2422e-009
9.76229e-010
7.67244e-010
6.0308e-010
4.74046e-010
3.72609e-010
2.92886e-010
2.30216e-010
1.80989e-010
1.42279e-010
1.11839e-010
8.79083e-011
6.91216e-011
5.43707e-011
4.26894e-011
3.35092e-011
2.63753e-011
2.07478e-011
1.63141e-011
1.27898e-011
1.00329e-011
7.81597e-012
6.11067e-012
4.83169e-012
3.72324e-012
2.92744e-012
2.24532e-012
1.73372e-012
1.33582e-012
1.08002e-012
8.52651e-013
7.10543e-013
5.68434e-013
4.54747e-013
3.69482e-013
3.12639e-013
3.12639e-013
2.55795e-013
1.98952e-013
1.98952e-013
1.42109e-013
1.13687e-013
1.98952e-013
1.13687e-013
1.7053e-013
1.7053e-013
1.7053e-013
1.13687e-013
8.52651e-014
1.7053e-013
1.42109e-013
1.13687e-013
1.7053e-013
1.7053e-013
1.7053e-013
1.7053e-013
1.7053e-013
1.7053e-013
1.13687e-013
1.7053e-013
1.7053e-013
1.42109e-013
1.42109e-013
1.7053e-013
1.98952e-013
1.42109e-013
1.7053e-013
1.13687e-013
1.13687e-013
1.42109e-013
1.13687e-013
1.42109e-013
1.42109e-013
1.63425e-013
1.16795e-013
-2.0821e-015
1.23901e-013
-2.31846e-015
9.50351e-014
-2.15973e-015
9.41469e-014
-2.20483e-015
8.21565e-014
-2.39435e-015
7.99361e-014
-2.22955e-015
8.12683e-014
-2.42861e-015
8.34888e-014
-2.38698e-015
9.01501e-014
-2.33667e-015
8.43769e-014
-2.60816e-015
6.39488e-014
-2.47372e-015
6.39488e-014
-2.44726e-015
7.72715e-014
-2.66714e-015
6.08402e-014
-2.56349e-015
4.61853e-014
-2.56522e-015
5.15143e-014
-2.76255e-015
3.86358e-014
-2.79594e-015
3.37508e-014
-2.84538e-015
1.9984e-014
-2.86706e-015
3.77476e-014
-2.86229e-015
4.52971e-014
-2.86013e-015
3.19744e-014
-2.94599e-015
3.90799e-014
-2.85839e-015
3.68594e-014
-2.93515e-015
2.88658e-014
-2.88311e-015
5.28466e-014
-2.99673e-015
4.84057e-014
-2.88311e-015
7.59393e-014
-2.91954e-015
8.83738e-014
-2.82456e-015
7.54952e-014
-2.87834e-015
8.21565e-014
-2.83107e-015
7.59393e-014
-2.83064e-015
8.61533e-014
-2.88875e-015
8.70415e-014
-2.96594e-015
7.37188e-014
-2.89352e-015
8.65974e-014
-2.91347e-015
8.34888e-014
-2.84842e-015
7.14984e-014
-2.83107e-015
8.17124e-014
-2.82673e-015
9.76996e-014
-2.85319e-015
9.50351e-014
-2.80158e-015
9.01501e-014
-2.84668e-015
6.61693e-014
-2.88181e-015
5.68434e-014
-2.83497e-015
4.61853e-014
-2.81589e-015
4.57412e-014
-2.80635e-015
5.68434e-014
-2.77209e-015
6.9722e-014
-2.84928e-015
8.17124e-014
-2.8315e-015
5.77316e-014
-2.90263e-015
8.08242e-014
-2.85145e-015
7.81597e-014
-2.84798e-015
8.26006e-014
-2.87661e-015
8.74856e-014
-2.87183e-015
9.01501e-014
-3.00628e-015
9.72555e-014
-2.93689e-015
8.39329e-014
-3.01235e-015
7.54952e-014
-3.05051e-015
6.75016e-014
-2.99413e-015
9.37028e-014
-3.00671e-015
8.52651e-014
-3.02492e-015
9.59233e-014
-2.93472e-015
9.37028e-014
-2.91043e-015
8.30447e-014
-2.96204e-015
6.52811e-014
-2.87661e-015
6.30607e-014
-2.86923e-015
5.28466e-014
-2.79377e-015
3.37508e-014
-2.78163e-015
2.66454e-014
-2.68015e-015
3.10862e-015
-2.73045e-015
9.76996e-015
-2.61553e-015
7.54952e-015
-2.62681e-015
8.43769e-015
-2.56566e-015
1.15463e-014
-2.55828e-015
1.28786e-014
-2.52359e-015
7.54952e-015
-2.43555e-015
1.68754e-014
-2.47502e-015
1.24345e-014
-2.42167e-015
2.66454e-015
-2.35836e-015
1.46549e-014
-2.34535e-015
1.73195e-014
-2.32063e-015
4.44089e-015
-2.35272e-015
-1.15463e-014
-2.38655e-015
-1.28786e-014
-2.34925e-015
-9.32587e-015
-2.35966e-015
-9.32587e-015
-2.25297e-015
-1.15463e-014
-2.44683e-015
-1.19904e-014
-2.27943e-015
-7.99361e-015
-2.37961e-015
-4.88498e-015
-2.38741e-015
-1.15463e-014
-2.41777e-015
-1.19904e-014
-2.32279e-015
-2.22045e-014
-2.36746e-015
-3.9968e-015
-2.29374e-015
-1.33227e-015
-2.29807e-015
5.77316e-015
-2.30805e-015
0
-2.41343e-015
4.88498e-015
-2.40172e-015
1.06581e-014
-2.45247e-015
1.64313e-014
-2.42861e-015
1.5099e-014
-2.45463e-015
2.4869e-014
-2.47935e-015
1.28786e-014
-2.53747e-015
1.06581e-014
-2.40606e-015
2.04281e-014
-2.66237e-015
1.73195e-014
-2.49844e-015
7.99361e-015
-2.56956e-015
1.86517e-014
-2.54874e-015
8.88178e-016
-2.619e-015
-1.42109e-014
-2.64285e-015
-5.32907e-015
-2.53486e-015
-1.24345e-014
-2.68926e-015
-1.68754e-014
-2.58344e-015
-1.82077e-014
-2.58994e-015
-1.77636e-015
-2.63504e-015
-8.88178e-015
-2.62681e-015
-1.82077e-014
-2.71094e-015
-9.76996e-015
-2.61726e-015
-7.54952e-015
-2.65283e-015
-8.43769e-015
-2.60425e-015
-1.15463e-014
-2.57303e-015
-9.76996e-015
-2.60035e-015
-6.21725e-015
-2.50754e-015
0
-2.53313e-015
3.10862e-015
-2.55612e-015
8.88178e-015
-2.58864e-015
7.10543e-015
-2.50234e-015
1.68754e-014
-2.5327e-015
9.32587e-015
-2.42428e-015
1.37668e-014
-2.61813e-015
4.44089e-015
-2.47892e-015
-1.46549e-014
-2.52749e-015
-1.95399e-014
-2.55308e-015
-1.59872e-014
-2.51101e-015
-1.86517e-014
-2.54874e-015
-5.77316e-015
-2.60816e-015
1.33227e-015
-2.51665e-015
7.10543e-015
-2.48239e-015
-7.99361e-015
-2.52879e-015
9.32587e-015
-2.55091e-015
1.33227e-015
-2.55178e-015
-5.32907e-015
-2.51882e-015
-8.88178e-016
-2.5019e-015
-1.37668e-014
-2.55785e-015
-1.33227e-014
-2.49063e-015
-6.21725e-015
-2.40953e-015
-1.06581e-014
-2.51405e-015
-8.88178e-015
-2.37093e-015
-8.88178e-015
-2.39522e-015
-2.39695e-015
1.74083e-013
1.91847e-013
1.95399e-013
2.30926e-013
1.63425e-013
6.75016e-014
4.9738e-014
-3.55271e-014
-3.90799e-014
-2.13163e-014
6.39488e-014
1.20792e-013
1.42109e-014
-3.90799e-014
-7.10543e-015
2.13163e-014
-1.42109e-014
-1.77636e-014
0
7.81597e-014
8.52651e-014
1.95399e-013
1.95399e-013
2.16716e-013
2.66454e-013
3.6593e-013
4.79616e-013
6.11067e-013
7.14095e-013
7.03437e-013
6.82121e-013
5.93303e-013
6.11067e-013
6.11067e-013
6.07514e-013
6.82121e-013
6.64357e-013
6.25278e-013
5.8975e-013
5.8975e-013
6.64357e-013
6.6791e-013
5.22249e-013
5.11591e-013
5.18696e-013
4.01457e-013
2.84217e-013
2.16716e-013
2.30926e-013
2.0961e-013
2.23821e-013
2.73559e-013
2.94875e-013
2.30926e-013
2.80664e-013
2.94875e-013
4.83169e-013
5.25802e-013
6.57252e-013
7.42517e-013
8.20677e-013
9.34364e-013
1.06226e-012
1.03739e-012
1.03384e-012
1.00542e-012
9.20153e-013
7.88702e-013
7.10543e-013
6.57252e-013
6.18172e-013
5.43565e-013
5.96856e-013
5.18696e-013
5.40012e-013
4.36984e-013
4.26326e-013
3.76588e-013
2.52243e-013
1.56319e-013
1.03029e-013
3.90799e-014
-9.59233e-014
-1.03029e-013
-1.38556e-013
-6.75016e-014
-1.59872e-013
-1.35003e-013
-1.74083e-013
-2.16716e-013
-1.10134e-013
-8.17124e-014
-9.9476e-014
-2.4869e-014
-1.3145e-013
-1.3145e-013
-1.1724e-013
-1.84741e-013
-8.88178e-014
-1.20792e-013
-1.77636e-013
-9.23706e-014
-7.81597e-014
-9.23706e-014
-9.59233e-014
-1.13687e-013
-1.81188e-013
-2.23821e-013
-1.88294e-013
-1.52767e-013
-6.75016e-014
7.10543e-015
-1.06581e-014
-8.88178e-014
-1.20792e-013
-1.24345e-013
-2.4869e-014
2.4869e-014
1.3145e-013
1.81188e-013
1.38556e-013
1.49214e-013
2.30926e-013
9.59233e-014
3.90799e-014
8.17124e-014
8.17124e-014
8.52651e-014
5.68434e-014
0
-3.90799e-014
-8.52651e-014
-9.59233e-014
-1.81188e-013
-1.77636e-013
-1.3145e-013
-1.45661e-013
-3.55271e-014
-1.77636e-014
3.19744e-014
3.55271e-014
6.03961e-014
1.42109e-013
2.73559e-013
1.95399e-013
1.7053e-013
9.23706e-014
-3.55271e-015
-7.4607e-014
)
;

boundaryField
{
    inlet
    {
        type            calculated;
        value           nonuniform List<scalar> 2(1.28057e-012 -2.56114e-013);
    }
    outlet
    {
        type            calculated;
        value           nonuniform List<scalar> 2(-4.85064e-014 3.03165e-015);
    }
    bottom
    {
        type            symmetryPlane;
        value           uniform 0;
    }
    top
    {
        type            symmetryPlane;
        value           uniform 0;
    }
    obstacle
    {
        type            calculated;
        value           nonuniform List<scalar> 
102
(
1.78598e-007
-1.08533e-013
2.02753e-020
1.74306e-028
1.02793e-036
4.38687e-045
1.3964e-053
3.37666e-062
6.27491e-071
9.02849e-080
1.01074e-088
8.83275e-098
6.0385e-107
3.23425e-116
1.35849e-125
4.47784e-135
1.15879e-144
2.35506e-154
3.75968e-164
4.71535e-174
4.64661e-184
3.59792e-194
2.18917e-204
1.04675e-214
3.93315e-225
1.16145e-235
2.69541e-246
4.91611e-257
7.04693e-268
7.93906e-279
7.0297e-290
4.89195e-301
2.67577e-312
0
0
0
0
0
0
0
0
0
0
0
0
0
0
0
0
0
0
0
0
0
0
0
0
0
0
0
0
0
0
0
0
0
0
0
0
0
0
0
0
0
0
0
0
0
0
0
0
2.49366e-314
1.72443e-299
7.24417e-285
3.63707e-270
1.9551e-255
4.67478e-241
1.12494e-226
1.85098e-212
2.24135e-198
4.20414e-184
1.05482e-169
1.95218e-155
2.43503e-141
3.15467e-127
4.17703e-113
5.09625e-099
4.99446e-085
4.09911e-071
3.3245e-057
2.03615e-043
8.11841e-030
)
;
    }
    defaultFaces
    {
        type            empty;
        value           nonuniform 0();
    }
}


// ************************************************************************* //
