/*--------------------------------*- C++ -*----------------------------------*\
| =========                 |                                                 |
| \\      /  F ield         | OpenFOAM: The Open Source CFD Toolbox           |
|  \\    /   O peration     | Version:  5.x                                   |
|   \\  /    A nd           | Web:      www.OpenFOAM.org                      |
|    \\/     M anipulation  |                                                 |
\*---------------------------------------------------------------------------*/
/*   Windows 32 and 64 bit porting by blueCAPE: http://www.bluecape.com.pt   *\
|  Based on Windows porting (2.0.x v4) by Symscape: http://www.symscape.com   |
\*---------------------------------------------------------------------------*/
FoamFile
{
    version     2.0;
    format      ascii;
    class       volScalarField;
    location    "0.004";
    object      T;
}
// * * * * * * * * * * * * * * * * * * * * * * * * * * * * * * * * * * * * * //

dimensions      [0 0 0 1 0 0 0];

internalField   nonuniform List<scalar> 
1000
(
348.432
348.432
348.432
348.432
348.432
348.432
348.432
348.432
348.432
348.432
348.432
348.432
348.432
348.432
348.432
348.432
348.432
348.432
348.432
348.432
348.432
348.432
348.432
348.432
348.432
348.432
348.432
348.432
348.432
348.432
348.432
348.432
348.432
348.432
348.432
348.432
348.432
348.432
348.432
348.432
348.432
348.432
348.432
348.432
348.432
348.432
348.432
348.432
348.432
348.432
348.432
348.432
348.432
348.432
348.432
348.432
348.432
348.432
348.432
348.432
348.432
348.432
348.432
348.432
348.432
348.432
348.432
348.432
348.432
348.432
348.432
348.432
348.432
348.432
348.432
348.432
348.432
348.432
348.432
348.432
348.432
348.432
348.432
348.432
348.432
348.432
348.432
348.432
348.432
348.432
348.432
348.432
348.432
348.432
348.432
348.432
348.432
348.432
348.432
348.432
348.432
348.432
348.432
348.432
348.432
348.432
348.432
348.432
348.432
348.432
348.432
348.432
348.432
348.432
348.432
348.432
348.432
348.432
348.432
348.432
348.432
348.431
348.431
348.429
348.427
348.422
348.414
348.398
348.371
348.325
348.249
348.13
347.948
347.682
347.308
346.804
346.152
345.344
344.385
343.29
342.081
340.781
339.407
337.975
336.495
334.978
333.431
331.858
330.265
328.653
327.027
325.389
323.74
322.082
320.416
318.744
317.067
315.386
313.701
312.015
310.326
308.637
306.949
305.261
303.574
301.89
300.209
298.528
296.861
295.17
293.561
291.778
290.369
288.321
287.227
285.04
283.77
282.183
280.254
278.957
277.425
275.573
274.136
272.803
271.123
269.468
268.154
266.831
265.257
263.708
262.428
261.258
259.921
258.503
257.246
256.223
255.25
254.19
253.119
252.172
251.453
250.927
250.432
249.808
249.218
248.933
248.899
248.868
248.75
248.585
248.532
248.546
248.615
248.726
248.793
248.821
248.824
248.825
248.849
248.931
249.037
249.104
249.129
249.139
249.151
249.196
249.313
249.448
249.54
249.584
249.625
249.726
249.934
250.153
250.319
250.417
250.459
250.47
250.478
250.515
250.752
251.947
256.683
269.269
287.051
306.553
326.173
344.39
360.109
372.729
382.189
388.8
393.087
395.634
396.98
397.564
397.726
397.699
397.515
397.264
397.077
396.953
396.881
396.847
396.837
396.84
396.856
396.881
396.9
396.919
396.937
396.953
396.969
396.991
397.011
397.025
397.027
397.021
397.001
396.972
396.914
396.811
396.6
396.194
395.364
393.698
390.438
383.856
365.116
313.529
287.999
280.561
279.066
278.801
278.755
278.748
278.746
278.746
278.746
278.746
348.432
348.432
348.432
348.432
348.432
348.432
348.432
348.432
348.432
348.432
348.432
348.432
348.432
348.432
348.432
348.432
348.432
348.432
348.432
348.432
348.432
348.432
348.432
348.432
348.432
348.432
348.432
348.432
348.432
348.432
348.432
348.432
348.432
348.432
348.432
348.432
348.432
348.432
348.432
348.432
348.432
348.432
348.432
348.432
348.432
348.432
348.432
348.432
348.432
348.432
348.432
348.432
348.432
348.432
348.432
348.432
348.432
348.432
348.432
348.432
348.432
348.432
348.432
348.432
348.432
348.432
348.432
348.432
348.432
348.432
348.432
348.432
348.432
348.432
348.432
348.432
348.432
348.432
348.432
348.432
348.432
348.432
348.432
348.432
348.432
348.432
348.432
348.432
348.432
348.432
348.432
348.432
348.432
348.432
348.432
348.432
348.432
348.432
348.432
348.432
348.432
348.432
348.432
348.432
348.432
348.432
348.432
348.432
348.432
348.432
348.432
348.432
348.432
348.432
348.432
348.432
348.432
348.432
348.432
348.432
348.432
348.431
348.431
348.429
348.427
348.422
348.414
348.398
348.371
348.325
348.249
348.13
347.948
347.682
347.308
346.804
346.152
345.344
344.385
343.29
342.081
340.781
339.407
337.975
336.495
334.978
333.431
331.858
330.265
328.653
327.027
325.389
323.74
322.082
320.416
318.744
317.067
315.386
313.701
312.015
310.326
308.637
306.949
305.261
303.574
301.89
300.209
298.528
296.861
295.17
293.561
291.778
290.369
288.321
287.227
285.04
283.77
282.183
280.254
278.957
277.425
275.573
274.136
272.803
271.123
269.468
268.154
266.831
265.257
263.708
262.428
261.258
259.921
258.503
257.246
256.223
255.25
254.19
253.119
252.172
251.453
250.927
250.432
249.808
249.218
248.933
248.899
248.868
248.75
248.585
248.532
248.546
248.615
248.726
248.793
248.821
248.824
248.825
248.849
248.931
249.037
249.104
249.129
249.139
249.151
249.196
249.313
249.448
249.54
249.584
249.625
249.726
249.934
250.153
250.319
250.417
250.459
250.47
250.478
250.515
250.752
251.947
256.683
269.269
287.051
306.553
326.173
344.39
360.109
372.729
382.189
388.8
393.087
395.634
396.98
397.564
397.726
397.699
397.515
397.264
397.077
396.953
396.881
396.847
396.837
396.84
396.856
396.881
396.9
396.919
396.937
396.953
396.969
396.991
397.011
397.025
397.027
397.021
397.001
396.972
396.914
396.811
396.6
396.194
395.364
393.698
390.438
383.856
365.116
313.529
287.999
280.561
279.066
278.801
278.755
278.748
278.746
278.746
278.746
278.746
278.746
278.746
278.746
278.746
278.746
278.746
278.746
278.746
278.746
278.746
278.746
278.746
278.746
278.746
278.746
278.746
278.746
278.746
278.746
278.746
278.746
278.746
278.746
278.746
278.746
278.746
278.746
278.746
278.746
278.746
278.746
278.746
278.746
278.746
278.746
278.746
278.746
278.746
278.746
278.746
278.746
278.746
278.746
278.746
278.746
278.746
278.746
278.746
278.746
278.746
278.746
278.746
278.746
278.746
278.746
278.746
278.746
278.746
278.746
278.746
278.746
278.746
278.746
278.746
278.746
278.746
278.746
278.746
278.746
278.746
278.746
278.746
278.746
278.746
278.746
278.746
278.746
278.746
278.746
278.746
278.746
278.746
278.746
278.746
278.746
278.746
278.746
278.746
278.746
278.746
278.746
278.746
278.746
278.746
278.746
278.746
278.746
278.746
278.746
278.746
278.746
278.746
278.746
278.746
278.746
278.746
278.746
278.746
278.746
278.746
278.746
278.746
278.746
278.746
278.746
278.746
278.746
278.746
278.746
278.746
278.746
278.746
278.746
278.746
278.746
278.746
278.746
278.746
278.746
278.746
278.746
278.746
278.746
278.746
278.746
278.746
278.746
278.746
278.746
278.746
278.746
278.746
278.746
278.746
278.746
278.746
278.746
278.746
278.746
278.746
278.746
278.746
278.746
278.746
278.746
278.746
278.746
278.746
278.746
278.746
278.746
278.746
278.746
278.746
278.746
278.746
278.746
278.746
278.746
278.746
278.746
278.746
278.746
278.746
278.746
278.746
278.746
278.746
278.746
278.746
278.746
278.746
278.746
278.746
278.746
278.746
278.746
278.746
278.746
278.746
278.746
278.746
278.746
278.746
278.746
278.746
278.746
278.746
278.746
278.746
278.746
278.746
278.746
278.746
278.746
278.746
278.746
278.746
278.746
278.746
278.746
278.746
278.746
278.746
278.746
278.746
278.746
278.746
278.746
278.746
278.746
278.746
278.746
278.746
278.746
278.746
278.746
278.746
278.746
278.746
278.746
278.746
278.746
278.746
278.746
278.746
278.746
278.746
278.746
278.746
278.746
278.746
278.746
278.746
278.746
278.746
278.746
278.746
278.746
278.746
278.746
278.746
278.746
278.746
278.746
278.746
278.746
278.746
278.746
278.746
278.746
278.746
278.746
278.746
278.746
278.746
278.746
278.746
278.746
278.746
278.746
278.746
278.746
278.746
278.746
278.746
278.746
278.746
278.746
278.746
278.746
278.746
278.746
278.746
278.746
278.746
278.746
278.746
278.746
278.746
278.746
278.746
278.746
278.746
278.746
278.746
278.746
278.746
278.746
278.746
278.746
278.746
278.746
278.746
278.746
278.746
278.746
278.746
278.746
278.746
278.746
278.746
278.746
278.746
278.746
278.746
278.746
278.746
278.746
278.746
278.746
278.746
278.746
278.746
278.746
278.746
278.746
278.746
278.746
278.746
278.746
278.746
278.746
278.746
278.746
278.746
278.746
278.746
278.746
278.746
278.746
278.746
278.746
278.746
278.746
278.746
278.746
278.746
278.746
278.746
278.746
278.746
278.746
278.746
278.746
278.746
278.746
278.746
278.746
278.746
278.746
278.746
278.746
278.746
278.746
278.746
278.746
278.746
278.746
278.746
278.746
278.746
278.746
278.746
278.746
278.746
278.746
278.746
278.746
278.746
278.746
278.746
278.746
278.746
278.746
278.746
278.746
278.746
278.746
278.746
278.746
278.746
278.746
278.746
278.746
278.746
278.746
278.746
278.746
278.746
)
;

boundaryField
{
    inlet
    {
        type            zeroGradient;
    }
    outlet
    {
        type            zeroGradient;
    }
    bottom
    {
        type            symmetryPlane;
    }
    top
    {
        type            symmetryPlane;
    }
    obstacle
    {
        type            zeroGradient;
    }
    defaultFaces
    {
        type            empty;
    }
}


// ************************************************************************* //
