/*--------------------------------*- C++ -*----------------------------------*\
| =========                 |                                                 |
| \\      /  F ield         | OpenFOAM: The Open Source CFD Toolbox           |
|  \\    /   O peration     | Version:  5.x                                   |
|   \\  /    A nd           | Web:      www.OpenFOAM.org                      |
|    \\/     M anipulation  |                                                 |
\*---------------------------------------------------------------------------*/
/*   Windows 32 and 64 bit porting by blueCAPE: http://www.bluecape.com.pt   *\
|  Based on Windows porting (2.0.x v4) by Symscape: http://www.symscape.com   |
\*---------------------------------------------------------------------------*/
FoamFile
{
    version     2.0;
    format      ascii;
    class       volScalarField;
    location    "0.007";
    object      mag(U);
}
// * * * * * * * * * * * * * * * * * * * * * * * * * * * * * * * * * * * * * //

dimensions      [0 1 -1 0 0 0 0];

internalField   nonuniform List<scalar> 
1000
(
3.07659e-012
3.05883e-012
2.98088e-012
3.00352e-012
3.03783e-012
2.98541e-012
3.04505e-012
2.92321e-012
3.01508e-012
2.97154e-012
3.03152e-012
2.98202e-012
2.97541e-012
2.94803e-012
2.92982e-012
3.08894e-012
2.99322e-012
3.09099e-012
3.00001e-012
3.05485e-012
3.22045e-012
2.93475e-012
3.08404e-012
2.95223e-012
3.02107e-012
2.83397e-012
2.64275e-012
2.68294e-012
2.70544e-012
2.81408e-012
2.74917e-012
2.80758e-012
2.69626e-012
2.68146e-012
2.62395e-012
2.41715e-012
2.51602e-012
2.58139e-012
2.53454e-012
2.51894e-012
2.55355e-012
2.66158e-012
2.67753e-012
3.08093e-012
3.35112e-012
4.17138e-012
5.80674e-012
1.06642e-011
2.41902e-011
5.575e-011
1.31805e-010
3.09496e-010
7.22316e-010
1.67273e-009
3.83335e-009
8.69634e-009
1.95266e-008
4.33832e-008
9.53561e-008
2.07313e-007
4.45714e-007
9.4744e-007
1.99073e-006
4.13371e-006
8.48059e-006
1.71854e-005
3.43893e-005
6.79351e-005
0.000132446
0.000254755
0.000483276
0.000903859
0.00166599
0.00302505
0.00540869
0.009518
0.0164769
0.0280447
0.0469052
0.0770416
0.124191
0.196347
0.304262
0.461819
0.686167
0.997433
1.41789
1.97051
2.67701
3.55552
4.61846
5.87067
7.30855
8.92042
10.6891
12.5951
14.6195
16.7445
18.955
21.2377
23.5818
25.9785
28.4204
30.9017
33.4173
35.9635
38.5369
41.1348
43.7549
46.3953
49.0543
51.7304
54.4223
57.129
59.8493
62.5824
65.3273
68.0832
70.8495
73.6253
76.41
79.203
82.0037
84.8116
87.626
90.4464
93.2724
96.1036
98.9394
101.779
104.623
107.471
110.321
113.175
116.031
118.889
121.749
124.61
127.473
130.337
133.202
136.067
138.933
141.799
144.665
147.531
150.396
153.261
156.125
158.987
161.849
164.707
167.567
170.421
173.276
176.126
178.974
181.821
184.661
187.501
190.335
193.165
195.992
198.812
201.626
204.436
207.239
210.034
212.822
215.602
218.372
221.132
223.882
226.62
229.344
232.055
234.75
237.428
240.087
242.726
245.342
247.933
250.496
253.028
255.527
257.989
260.409
262.783
265.108
267.377
269.585
271.726
273.793
275.78
277.68
279.485
281.189
282.784
284.264
285.624
286.859
287.967
288.946
289.798
290.527
291.137
291.637
292.037
292.349
292.584
292.757
292.879
292.96
293.012
293.046
293.066
293.078
293.084
293.085
293.086
293.088
293.091
293.095
293.103
293.112
293.121
293.132
293.143
293.153
293.163
293.171
293.178
293.183
293.188
293.192
293.195
293.197
293.199
293.2
293.201
293.202
293.203
293.203
293.204
293.204
293.205
293.205
293.206
293.206
293.207
293.207
293.208
293.208
293.209
293.21
293.211
293.212
293.213
293.215
293.216
293.218
293.22
293.221
293.222
293.222
293.223
293.222
293.222
293.221
293.22
293.22
293.221
293.223
293.233
293.269
293.367
293.468
293.39
293.203
293.091
293.05
293.044
293.028
292.98
292.882
292.724
292.509
292.247
291.957
291.657
291.368
291.108
290.891
290.723
290.603
290.526
290.48
290.455
290.441
290.427
3.14674e-012
3.02618e-012
3.0572e-012
3.01362e-012
3.36387e-012
3.33931e-012
3.25643e-012
3.23491e-012
3.13386e-012
3.07405e-012
2.95959e-012
2.88498e-012
2.90514e-012
2.98402e-012
3.06694e-012
2.80973e-012
2.80989e-012
2.74137e-012
2.758e-012
2.64677e-012
2.70773e-012
2.60144e-012
2.68224e-012
2.59657e-012
2.57415e-012
2.5353e-012
2.55779e-012
2.51203e-012
2.51723e-012
2.46565e-012
2.51561e-012
2.44694e-012
2.40567e-012
2.3797e-012
2.68467e-012
2.53283e-012
3.01756e-012
3.26288e-012
3.73372e-012
4.37302e-012
4.13693e-012
5.0498e-012
4.79166e-012
4.66389e-012
4.98188e-012
5.41108e-012
7.397e-012
1.23047e-011
2.52292e-011
5.75873e-011
1.32739e-010
3.11217e-010
7.24436e-010
1.67437e-009
3.83476e-009
8.6972e-009
1.95278e-008
4.33829e-008
9.53569e-008
2.07312e-007
4.45714e-007
9.4744e-007
1.99073e-006
4.13371e-006
8.48059e-006
1.71854e-005
3.43893e-005
6.79351e-005
0.000132446
0.000254755
0.000483276
0.000903859
0.00166599
0.00302505
0.00540869
0.009518
0.0164769
0.0280447
0.0469052
0.0770416
0.124191
0.196347
0.304262
0.461819
0.686167
0.997433
1.41789
1.97051
2.67701
3.55552
4.61846
5.87067
7.30855
8.92042
10.6891
12.5951
14.6195
16.7445
18.955
21.2377
23.5818
25.9785
28.4204
30.9017
33.4173
35.9635
38.5369
41.1348
43.7549
46.3953
49.0543
51.7304
54.4223
57.129
59.8493
62.5824
65.3273
68.0832
70.8495
73.6253
76.41
79.203
82.0037
84.8116
87.626
90.4464
93.2724
96.1036
98.9394
101.779
104.623
107.471
110.321
113.175
116.031
118.889
121.749
124.61
127.473
130.337
133.202
136.067
138.933
141.799
144.665
147.531
150.396
153.261
156.125
158.987
161.849
164.707
167.567
170.421
173.276
176.126
178.974
181.821
184.661
187.501
190.335
193.165
195.992
198.812
201.626
204.436
207.239
210.034
212.822
215.602
218.372
221.132
223.882
226.62
229.344
232.055
234.75
237.428
240.087
242.726
245.342
247.933
250.496
253.028
255.527
257.989
260.409
262.783
265.108
267.377
269.585
271.726
273.793
275.78
277.68
279.485
281.189
282.784
284.264
285.624
286.859
287.967
288.946
289.798
290.527
291.137
291.637
292.037
292.349
292.584
292.757
292.879
292.96
293.012
293.046
293.066
293.078
293.084
293.085
293.086
293.088
293.091
293.095
293.103
293.112
293.121
293.132
293.143
293.153
293.163
293.171
293.178
293.183
293.188
293.192
293.195
293.197
293.199
293.2
293.201
293.202
293.203
293.203
293.204
293.204
293.205
293.205
293.206
293.206
293.207
293.207
293.208
293.208
293.209
293.21
293.211
293.212
293.213
293.215
293.216
293.218
293.22
293.221
293.222
293.222
293.223
293.222
293.222
293.221
293.22
293.22
293.221
293.223
293.233
293.27
293.369
293.471
293.393
293.215
293.124
293.104
293.119
293.141
293.163
293.175
293.168
293.129
293.061
292.982
292.899
292.822
292.757
292.712
292.685
292.671
292.663
292.65
292.626
292.578
292.419
292.35
292.229
292.119
292.049
292.012
291.994
291.986
291.985
291.987
291.996
292.014
292.039
292.076
292.118
292.17
292.237
292.305
292.382
292.477
292.575
292.68
292.796
292.918
293.046
293.18
293.321
293.466
293.616
293.771
293.929
294.09
294.254
294.421
294.589
294.758
294.929
295.1
295.272
295.443
295.615
295.786
295.957
296.127
296.296
296.465
296.633
296.799
296.966
297.129
297.291
297.451
297.611
297.769
297.926
298.082
298.24
298.395
298.553
298.711
298.864
299.021
299.173
299.325
299.475
299.623
299.77
299.916
300.062
300.206
300.35
300.493
300.636
300.777
300.919
301.059
301.199
301.338
301.476
301.614
301.751
301.887
302.022
302.157
302.291
302.424
302.557
302.688
302.819
302.949
303.078
303.206
303.334
303.46
303.585
303.71
303.833
303.956
304.077
304.197
304.314
162.387
162.891
164.045
165.29
166.277
167.138
168.01
168.934
169.896
170.874
171.863
172.864
173.87
174.881
175.899
176.923
177.954
178.993
180.038
181.091
182.15
183.214
184.282
185.353
186.424
187.495
188.563
189.625
190.676
191.713
192.73
193.723
194.688
195.622
196.519
197.376
198.186
198.946
199.65
200.292
200.866
201.364
201.779
202.101
202.323
202.434
202.429
202.296
202.017
201.57
200.93
200.052
198.867
197.26
195.047
191.944
187.539
181.294
172.61
161.016
146.444
129.472
111.302
93.381
76.8612
62.3095
49.7675
39.0437
29.8979
22.1575
15.7042
10.4841
6.42694
3.44326
1.47254
0.498967
0.137138
0.0320616
0.00696743
0.00148482
0.000315302
6.69436e-005
1.4217e-005
3.01975e-006
6.41369e-007
1.3619e-007
2.89086e-008
6.1349e-009
1.30262e-009
2.78084e-010
6.09099e-011
1.54562e-011
5.71614e-012
4.13064e-012
3.56983e-012
3.49187e-012
3.49667e-012
3.35706e-012
3.42606e-012
3.33277e-012
3.35577e-012
3.03136e-012
3.14199e-012
2.87114e-012
3.14995e-012
2.91275e-012
3.12643e-012
2.92255e-012
3.26177e-012
3.00852e-012
3.21271e-012
3.25097e-012
3.24906e-012
3.29147e-012
3.17813e-012
3.47443e-012
3.34132e-012
3.40795e-012
3.43299e-012
3.39589e-012
3.32106e-012
3.58297e-012
3.16186e-012
3.33175e-012
3.05289e-012
3.30211e-012
2.923e-012
3.22862e-012
2.77018e-012
3.01025e-012
2.68172e-012
2.80171e-012
2.63911e-012
2.71306e-012
2.60291e-012
2.65734e-012
2.56557e-012
2.56605e-012
2.53602e-012
2.56305e-012
2.54656e-012
2.55262e-012
2.49734e-012
2.51218e-012
2.5506e-012
2.4999e-012
2.56518e-012
2.52469e-012
2.59788e-012
2.73288e-012
304.637
304.488
304.203
303.831
303.419
303.036
302.693
302.378
302.077
301.78
301.48
301.177
300.869
300.557
300.242
299.924
299.606
299.288
298.972
298.66
298.354
298.055
297.764
297.483
297.211
296.949
296.698
296.458
296.227
296.005
295.792
295.584
295.381
295.179
294.978
294.779
294.561
294.31
294.045
293.767
293.474
293.162
292.832
292.486
292.126
291.757
291.381
291.002
290.621
290.243
289.869
289.501
289.14
288.786
288.439
288.098
287.761
287.424
287.084
286.734
286.37
285.989
285.596
285.193
284.773
284.331
283.842
283.257
282.419
281.153
278.969
274.686
265.344
241.518
182.454
94.5109
32.1419
8.37176
1.88795
0.399046
0.0827486
0.0170772
0.00351943
0.000724832
0.000149202
3.06973e-005
6.31276e-006
1.29758e-006
2.66597e-007
5.47502e-008
1.12403e-008
2.30755e-009
4.74281e-010
9.83934e-011
2.13916e-011
6.17947e-012
3.69029e-012
3.07275e-012
3.09451e-012
2.96415e-012
3.21492e-012
3.13978e-012
3.20631e-012
3.16723e-012
3.30829e-012
3.32363e-012
3.37152e-012
3.42643e-012
3.2966e-012
3.63969e-012
3.36974e-012
3.43152e-012
3.23376e-012
3.6495e-012
3.24628e-012
3.45274e-012
3.30583e-012
3.42347e-012
3.2245e-012
3.16263e-012
3.41862e-012
3.36828e-012
3.35916e-012
3.43721e-012
3.44543e-012
3.49053e-012
3.44398e-012
3.46921e-012
3.31522e-012
3.46414e-012
3.49886e-012
3.56406e-012
3.51543e-012
3.47611e-012
3.38933e-012
3.12606e-012
3.27368e-012
3.11581e-012
3.29252e-012
2.81269e-012
2.79341e-012
2.54515e-012
2.47592e-012
2.50126e-012
2.51576e-012
2.58282e-012
2.71375e-012
2.75356e-012
2.76171e-012
2.78353e-012
)
;

boundaryField
{
    inlet
    {
        type            calculated;
        value           nonuniform List<scalar> 2(3.14674e-012 3.07659e-012);
    }
    outlet
    {
        type            calculated;
        value           nonuniform List<scalar> 2(2.78353e-012 2.73288e-012);
    }
    bottom
    {
        type            symmetryPlane;
    }
    top
    {
        type            symmetryPlane;
    }
    obstacle
    {
        type            calculated;
        value           nonuniform List<scalar> 
102
(
290.427
162.387
292.35
292.229
292.119
292.049
292.012
291.994
291.986
291.985
291.987
291.996
292.014
292.039
292.076
292.118
292.17
292.237
292.305
292.382
292.477
292.575
292.68
292.796
292.918
293.046
293.18
293.321
293.466
293.616
293.771
293.929
294.09
294.254
294.421
294.589
294.758
294.929
295.1
295.272
295.443
295.615
295.786
295.957
296.127
296.296
296.465
296.633
296.799
296.966
297.129
297.291
297.451
297.611
297.769
297.926
298.082
298.24
298.395
298.553
298.711
298.864
299.021
299.173
299.325
299.475
299.623
299.77
299.916
300.062
300.206
300.35
300.493
300.636
300.777
300.919
301.059
301.199
301.338
301.476
301.614
301.751
301.887
302.022
302.157
302.291
302.424
302.557
302.688
302.819
302.949
303.078
303.206
303.334
303.46
303.585
303.71
303.833
303.956
304.077
304.197
304.314
)
;
    }
    defaultFaces
    {
        type            empty;
    }
}


// ************************************************************************* //
