/*--------------------------------*- C++ -*----------------------------------*\
| =========                 |                                                 |
| \\      /  F ield         | OpenFOAM: The Open Source CFD Toolbox           |
|  \\    /   O peration     | Version:  5.x                                   |
|   \\  /    A nd           | Web:      www.OpenFOAM.org                      |
|    \\/     M anipulation  |                                                 |
\*---------------------------------------------------------------------------*/
/*   Windows 32 and 64 bit porting by blueCAPE: http://www.bluecape.com.pt   *\
|  Based on Windows porting (2.0.x v4) by Symscape: http://www.symscape.com   |
\*---------------------------------------------------------------------------*/
FoamFile
{
    version     2.0;
    format      ascii;
    class       volScalarField;
    location    "0.007";
    object      p;
}
// * * * * * * * * * * * * * * * * * * * * * * * * * * * * * * * * * * * * * //

dimensions      [1 -1 -2 0 0 0 0];

internalField   nonuniform List<scalar> 
1000
(
100000
100000
100000
100000
100000
100000
100000
100000
100000
100000
100000
100000
100000
100000
100000
100000
100000
100000
100000
100000
100000
100000
100000
100000
100000
100000
100000
100000
100000
100000
100000
100000
100000
100000
100000
100000
100000
100000
100000
100000
100000
100000
100000
100000
100000
100000
100000
100000
100000
100000
100000
100000
100000
100000
100000
100000
100000
100000
100000
100000
100000
100000
100000
100000
100000
100000
100000
100000
100000
99999.9
99999.8
99999.7
99999.4
99998.9
99998
99996.5
99994
99989.7
99982.8
99971.7
99954.3
99927.7
99887.8
99829.5
99746.3
99630.9
99475
99270
99008.2
98683
98290.3
97829
97301.1
96711.9
96068.9
95380.1
94653.4
93896
93113.9
92312.4
91495.9
90667.7
89830.8
88987.6
88139.8
87289
86436.6
85583.5
84730.6
83878.7
83028.4
82180.2
81334.6
80492.1
79652.9
78817.4
77986
77158.9
76336.2
75518.4
74705.4
73897.6
73095.2
72298.1
71506.7
70721.1
69941.3
69167.4
68399.7
67638.1
66882.7
66133.6
65390.9
64654.6
63924.8
63201.5
62484.7
61774.4
61070.8
60373.7
59683.2
58999.4
58322.1
57651.5
56987.4
56330
55679.2
55035
54397.3
53766.2
53141.8
52523.6
51912.4
51307.2
50709.1
50116.9
49531.6
48952.6
48380
47813.9
47254.2
46701
46154.2
45613.9
45080
44552.5
44031.6
43517.1
43009.2
42507.8
42013.1
41525
41043.6
40569.1
40101.5
39640.8
39187.2
38741
38302.1
37870.8
37447.2
37031.7
36624.5
36225.8
35836
35455.5
35084.6
34723.9
34373.7
34034.7
33707.4
33392.5
33090.7
32802.6
32528.9
32270.5
32028
31802.2
31593.5
31402.5
31229.6
31075
30938.5
30819.9
30718.6
30633.6
30563.8
30507.9
30464.1
30430.9
30406.4
30389.2
30376.9
30369.7
30364.9
30361.8
30360.4
30359.2
30358.7
30358.5
30358.2
30357.7
30356.9
30356.1
30354.6
30353.2
30351.7
30350.3
30348.8
30347.6
30346.4
30345.4
30344.5
30343.8
30343.2
30342.7
30342.2
30341.9
30341.5
30341.3
30341
30340.9
30340.7
30340.5
30340.4
30340.3
30340.1
30340
30339.8
30339.6
30339.4
30339.3
30339
30338.8
30338.6
30338.3
30338
30337.7
30337.4
30337
30336.7
30336.4
30336.1
30335.9
30335.7
30335.5
30335.4
30335.3
30335.2
30335.2
30335.2
30335.2
30335.3
30335.8
30337.8
30338.2
30352.6
30317.4
30324
30330.4
30337.4
30341
30345.5
30353.4
30366
30384.1
30407.3
30434.9
30465.2
30496.5
30526.6
30553.6
30576.2
30593.5
30605.6
30613.1
30616.6
30617.7
30617.7
30617.4
100000
100000
100000
100000
100000
100000
100000
100000
100000
100000
100000
100000
100000
100000
100000
100000
100000
100000
100000
100000
100000
100000
100000
100000
100000
100000
100000
100000
100000
100000
100000
100000
100000
100000
100000
100000
100000
100000
100000
100000
100000
100000
100000
100000
100000
100000
100000
100000
100000
100000
100000
100000
100000
100000
100000
100000
100000
100000
100000
100000
100000
100000
100000
100000
100000
100000
100000
100000
100000
99999.9
99999.8
99999.7
99999.4
99998.9
99998
99996.5
99994
99989.7
99982.8
99971.7
99954.3
99927.7
99887.8
99829.5
99746.3
99630.9
99475
99270
99008.2
98683
98290.3
97829
97301.1
96711.9
96068.9
95380.1
94653.4
93896
93113.9
92312.4
91495.9
90667.7
89830.8
88987.6
88139.8
87289
86436.6
85583.5
84730.6
83878.7
83028.4
82180.2
81334.6
80492.1
79652.9
78817.4
77986
77158.9
76336.2
75518.4
74705.4
73897.6
73095.2
72298.1
71506.7
70721.1
69941.3
69167.4
68399.7
67638.1
66882.7
66133.6
65390.9
64654.6
63924.8
63201.5
62484.7
61774.4
61070.8
60373.7
59683.2
58999.4
58322.1
57651.5
56987.4
56330
55679.2
55035
54397.3
53766.2
53141.8
52523.6
51912.4
51307.2
50709.1
50116.9
49531.6
48952.6
48380
47813.9
47254.2
46701
46154.2
45613.9
45080
44552.5
44031.6
43517.1
43009.2
42507.8
42013.1
41525
41043.6
40569.1
40101.5
39640.8
39187.2
38741
38302.1
37870.8
37447.2
37031.7
36624.5
36225.8
35836
35455.5
35084.6
34723.9
34373.7
34034.7
33707.4
33392.5
33090.7
32802.6
32528.9
32270.5
32028
31802.2
31593.5
31402.5
31229.6
31075
30938.5
30819.9
30718.6
30633.6
30563.8
30507.9
30464.1
30430.9
30406.4
30389.2
30376.9
30369.7
30364.9
30361.8
30360.4
30359.2
30358.7
30358.5
30358.2
30357.7
30356.9
30356.1
30354.6
30353.2
30351.7
30350.3
30348.8
30347.6
30346.4
30345.4
30344.5
30343.8
30343.2
30342.7
30342.2
30341.9
30341.5
30341.3
30341
30340.9
30340.7
30340.5
30340.4
30340.3
30340.1
30340
30339.8
30339.6
30339.4
30339.3
30339
30338.8
30338.6
30338.3
30338
30337.7
30337.4
30337
30336.7
30336.4
30336.1
30335.9
30335.6
30335.5
30335.4
30335.3
30335.2
30335.2
30335.2
30335.3
30335.3
30335.8
30337.6
30337.7
30351.7
30315.7
30322.4
30328.2
30331.9
30332.5
30333
30333.6
30334.7
30336.9
30341.1
30348.3
30356.9
30365.8
30374.1
30381
30385.9
30388.9
30390.3
30391.3
30392.7
30395.2
30400.8
30411.6
30429.3
30438.9
30449.8
30457.4
30461.7
30463.9
30464.9
30465.1
30464.8
30464.2
30462.5
30459.8
30456.2
30451.3
30446
30439.5
30431.7
30423.7
30414.3
30403.8
30392.5
30380.4
30367.5
30353.9
30339.7
30324.8
30309.4
30293.5
30277.2
30260.4
30243.3
30225.9
30208.3
30190.5
30172.6
30154.5
30136.4
30118.2
30100.1
30082
30063.9
30045.9
30028
30010.1
29992.2
29974.6
29957.1
29939.7
29922.5
29905.4
29888.4
29871.6
29855
29838.6
29822.3
29806
29789.2
29773.1
29756.5
29740.3
29724.1
29708.1
29692.3
29676.6
29661.2
29645.8
29630.6
29615.5
29600.4
29585.4
29570.6
29555.8
29541
29526.4
29511.8
29497.3
29482.9
29468.5
29454.3
29440.1
29426
29412
29398
29384.2
29370.4
29356.7
29343.1
29329.6
29316.2
29302.9
29289.7
29276.5
29263.5
29250.6
29237.8
29225.1
29212.5
29200
29187.6
29175.3
27249.5
27236.2
27195.7
27140.4
27096.2
27060.8
27027.6
26993.8
26959.4
26925.9
26892.4
26859.6
26826.8
26794
26761.2
26728
26694.5
26660.6
26626.1
26590.9
26555.1
26518.5
26480.9
26442.4
26402.8
26362
26319.9
26276.2
26230.7
26183.3
26133.7
26081.6
26026.9
25969.2
25908.2
25843.6
25775.1
25702.2
25624.7
25542
25453.8
25359.4
25258.4
25150.3
25034.3
24909.7
24776.3
24633.2
24478.1
24310.1
24126.6
23923.8
23695.7
23432.4
23118.5
22731
22238.8
21604.3
20793.8
19794.1
18631.7
17378.3
16132.2
14981.8
13978.6
13133.2
12430.3
11846.8
11362.5
10963.4
10641
10390.1
10207.6
10090.1
10030
10008.3
10002.1
10000.5
10000.1
10000
10000
10000
10000
10000
10000
10000
10000
10000
10000
10000
10000
10000
10000
10000
10000
10000
10000
10000
10000
10000
10000
10000
10000
10000
10000
10000
10000
10000
10000
10000
10000
10000
10000
10000
10000
10000
10000
10000
10000
10000
10000
10000
10000
10000
10000
10000
10000
10000
10000
10000
10000
10000
10000
10000
10000
10000
10000
10000
10000
10000
10000
10000
10000
10000
10000
10000
10000
10000
10000
10000
29134
29121
29123.5
29130.9
29145.4
29158
29166.6
29172
29175.5
29178.3
29180.9
29183.5
29186.4
29189.5
29192.7
29196.2
29199.8
29203.5
29207.1
29210.8
29214.1
29217.1
29219.9
29222.4
29224.5
29226.4
29228
29229.4
29230.6
29231.6
29232.4
29233.1
29233.8
29234.4
29235
29236.5
29235.6
29236
29236.6
29237.6
29238.3
29238.9
29239.5
29240.1
29240.7
29241.4
29242.2
29243
29244
29245.1
29246.3
29247.8
29249.6
29251.5
29253.7
29255.9
29258.2
29260.3
29262.1
29263.4
29263.8
29263.8
29263.4
29262.4
29260.2
29255.9
29246.3
29225.5
29180.5
29090.7
28899.7
28517
27657.8
25390.3
19596.9
14040.5
11271.8
10312.2
10067.6
10014.1
10002.9
10000.6
10000.1
10000
10000
10000
10000
10000
10000
10000
10000
10000
10000
10000
10000
10000
10000
10000
10000
10000
10000
10000
10000
10000
10000
10000
10000
10000
10000
10000
10000
10000
10000
10000
10000
10000
10000
10000
10000
10000
10000
10000
10000
10000
10000
10000
10000
10000
10000
10000
10000
10000
10000
10000
10000
10000
10000
10000
10000
10000
10000
10000
10000
10000
10000
10000
10000
10000
10000
10000
)
;

boundaryField
{
    inlet
    {
        type            zeroGradient;
    }
    outlet
    {
        type            zeroGradient;
    }
    bottom
    {
        type            symmetryPlane;
    }
    top
    {
        type            symmetryPlane;
    }
    obstacle
    {
        type            zeroGradient;
    }
    defaultFaces
    {
        type            empty;
    }
}


// ************************************************************************* //
