/*--------------------------------*- C++ -*----------------------------------*\
| =========                 |                                                 |
| \\      /  F ield         | OpenFOAM: The Open Source CFD Toolbox           |
|  \\    /   O peration     | Version:  5.x                                   |
|   \\  /    A nd           | Web:      www.OpenFOAM.org                      |
|    \\/     M anipulation  |                                                 |
\*---------------------------------------------------------------------------*/
/*   Windows 32 and 64 bit porting by blueCAPE: http://www.bluecape.com.pt   *\
|  Based on Windows porting (2.0.x v4) by Symscape: http://www.symscape.com   |
\*---------------------------------------------------------------------------*/
FoamFile
{
    version     2.0;
    format      ascii;
    class       surfaceScalarField;
    location    "0.007";
    object      phi;
}
// * * * * * * * * * * * * * * * * * * * * * * * * * * * * * * * * * * * * * //

dimensions      [1 0 -1 0 0 0 0];

internalField   nonuniform List<scalar> 
1447
(
-7.10543e-014
1.57659e-013
1.03029e-013
1.57957e-013
-3.55271e-014
1.54543e-013
1.10134e-013
1.55702e-013
1.13687e-013
1.56333e-013
2.02505e-013
1.53634e-013
2.55795e-013
1.53641e-013
3.30402e-013
1.48812e-013
2.4869e-013
1.49179e-013
3.83693e-013
1.49207e-013
5.08038e-013
1.45613e-013
4.44089e-013
1.44246e-013
3.55271e-013
1.46209e-013
4.65405e-013
1.42754e-013
5.54223e-013
1.42261e-013
6.50147e-013
1.40686e-013
6.53699e-013
1.41859e-013
6.85674e-013
1.38431e-013
6.96332e-013
1.38368e-013
7.53175e-013
1.37328e-013
9.02389e-013
1.38257e-013
6.71463e-013
1.32686e-013
7.92255e-013
1.34802e-013
7.24754e-013
1.3043e-013
7.8515e-013
1.31714e-013
5.00933e-013
1.26385e-013
4.01457e-013
1.28959e-013
5.71987e-013
1.25677e-013
5.54223e-013
1.25774e-013
7.14095e-013
1.22985e-013
6.75016e-013
1.23714e-013
6.25278e-013
1.19946e-013
6.25278e-013
1.19051e-013
6.11067e-013
1.17586e-013
3.23297e-013
1.18475e-013
2.73559e-013
1.17656e-013
3.44613e-013
1.1955e-013
4.15668e-013
1.22145e-013
3.23297e-013
1.22166e-013
2.13163e-013
1.25032e-013
2.70006e-013
1.28279e-013
3.69482e-013
1.31985e-013
5.11591e-013
1.34261e-013
9.23706e-013
1.36162e-013
1.33937e-012
1.36453e-013
1.86517e-012
1.37224e-013
3.5385e-012
1.37071e-013
7.69873e-012
1.38889e-013
1.79199e-011
1.40603e-013
4.22489e-011
1.40166e-013
9.94937e-011
1.42178e-013
2.33079e-010
1.40749e-013
5.4229e-010
1.42164e-013
1.24903e-009
1.44329e-013
2.84818e-009
1.46758e-013
6.42879e-009
1.45127e-013
1.43598e-008
1.48923e-013
3.17356e-008
1.45911e-013
6.93804e-008
1.46806e-013
1.50015e-007
1.46015e-013
3.20735e-007
1.45925e-013
6.7792e-007
1.46931e-013
1.41622e-006
1.43094e-013
2.9235e-006
1.42976e-013
5.96191e-006
1.39798e-013
1.20078e-005
1.3739e-013
2.3879e-005
1.35586e-013
4.68724e-005
1.3041e-013
9.0789e-005
1.29917e-013
0.000173469
1.24588e-013
0.000326836
1.23797e-013
0.000607015
1.21403e-013
0.00111085
1.19738e-013
0.00200225
1.18051e-013
0.00355295
1.16344e-013
0.00620378
1.11959e-013
0.0106536
1.1309e-013
0.0179832
1.07879e-013
0.0298202
1.08837e-013
0.0485461
1.03043e-013
0.0775376
9.96841e-014
0.121419
9.9136e-014
0.186287
9.76511e-014
0.279834
9.46257e-014
0.411308
9.35987e-014
0.59121
8.97407e-014
0.830681
8.8568e-014
1.14058
8.64864e-014
1.53036
8.62158e-014
2.00684
8.30863e-014
2.57318
8.36969e-014
3.22826
8.26492e-014
3.96642
8.10671e-014
4.77816
8.03108e-014
5.6521
7.82499e-014
6.57679
7.84581e-014
7.5416
7.79724e-014
8.53717
7.45029e-014
9.55556
7.31845e-014
10.5902
7.21298e-014
11.6355
7.01939e-014
12.6873
7.0853e-014
13.742
6.70367e-014
14.7966
6.57321e-014
15.849
6.36366e-014
16.8971
6.32203e-014
17.9394
6.43166e-014
18.9748
6.01949e-014
20.002
5.95218e-014
21.0203
5.91957e-014
22.0289
5.88279e-014
23.0271
5.97231e-014
24.0145
5.82243e-014
24.9906
5.70655e-014
25.9549
5.72251e-014
26.9071
5.69267e-014
27.8469
5.79051e-014
28.774
5.67879e-014
29.6882
5.52405e-014
30.5892
5.46924e-014
31.477
5.40193e-014
32.3512
5.40262e-014
33.2119
5.44634e-014
34.0588
5.41581e-014
34.8919
5.44148e-014
35.711
5.36585e-014
36.5162
5.32907e-014
37.3073
5.3034e-014
38.0844
5.23678e-014
38.8474
5.22221e-014
39.5962
5.20556e-014
40.331
5.19654e-014
41.0516
5.18821e-014
41.7582
5.16948e-014
42.4508
5.20174e-014
43.1294
5.20972e-014
43.7941
5.2465e-014
44.4449
5.22291e-014
45.0819
5.13894e-014
45.7052
5.10807e-014
46.3149
5.04284e-014
46.911
5.00086e-014
47.4936
4.93598e-014
48.0629
4.86278e-014
48.6189
4.78818e-014
49.1616
4.73198e-014
49.6918
4.65253e-014
50.2079
4.56198e-014
50.7134
4.4631e-014
51.2019
4.38746e-014
51.6851
4.34028e-014
52.1451
4.3035e-014
52.606
4.20428e-014
53.0421
4.13454e-014
53.4718
4.11199e-014
53.897
4.10574e-014
54.2875
4.08111e-014
54.6981
4.0884e-014
55.0711
4.0877e-014
55.4372
4.11615e-014
55.8112
4.14738e-014
56.1477
4.15952e-014
56.4821
4.19491e-014
56.8215
4.23619e-014
57.128
4.22579e-014
57.4259
4.24764e-014
57.7315
4.27332e-014
58.014
4.27644e-014
58.2761
4.28858e-014
58.5432
4.27575e-014
58.8041
4.2466e-014
59.0398
4.19387e-014
59.2655
4.17409e-014
59.4953
4.13454e-014
59.7136
4.09429e-014
59.9104
4.02005e-014
60.0989
3.92152e-014
60.2893
3.83374e-014
60.4706
3.75533e-014
60.6325
3.69982e-014
60.7836
3.62176e-014
60.9344
3.53016e-014
61.081
3.45869e-014
61.2126
3.37681e-014
61.3292
3.28799e-014
61.4408
3.18252e-014
61.5515
3.07497e-014
61.655
2.98928e-014
61.7441
2.88485e-014
61.8213
2.76341e-014
61.8945
2.63695e-014
61.9664
2.48586e-014
62.032
2.33598e-014
62.0856
2.17899e-014
62.1282
2.01904e-014
62.1658
1.85789e-014
62.2033
1.70489e-014
62.2386
1.55674e-014
62.2647
1.39645e-014
62.2798
1.23981e-014
62.2906
1.096e-014
62.3028
9.51669e-015
62.3144
8.34922e-015
62.3221
7.21818e-015
62.3253
6.21031e-015
62.3236
5.30478e-015
62.3183
4.31252e-015
62.3159
3.34108e-015
62.3194
2.45116e-015
62.3213
1.53523e-015
62.3164
3.81639e-016
62.3084
-6.41848e-016
62.3025
-1.75554e-015
62.3025
-2.71137e-015
62.3025
-3.89966e-015
62.3021
-4.65079e-015
62.3004
-5.47305e-015
62.2959
-6.39593e-015
62.2914
-7.20084e-015
62.2883
-8.06473e-015
62.2867
-8.83668e-015
62.2857
-9.80292e-015
62.2852
-1.06842e-014
62.2829
-1.14145e-014
62.2784
-1.198e-014
62.2741
-1.26218e-014
62.2711
-1.36106e-014
62.2692
-1.43514e-014
62.2676
-1.5184e-014
62.2657
-1.56333e-014
62.2617
-1.63272e-014
62.2565
-1.7035e-014
62.2518
-1.77081e-014
62.2483
-1.81574e-014
62.246
-1.85633e-014
62.2431
-1.88911e-014
62.2384
-1.95781e-014
62.2323
-2.0161e-014
62.226
-2.06866e-014
62.2211
-2.11463e-014
62.2177
-2.17118e-014
62.2142
-2.23901e-014
62.2088
-2.30059e-014
62.2007
-2.36235e-014
62.192
-2.43677e-014
62.1854
-2.51188e-014
62.181
-2.566e-014
62.1762
-2.63661e-014
62.1686
-2.69697e-014
62.1582
-2.74988e-014
62.1473
-2.9329e-014
62.1379
-3.29181e-014
62.1299
-5.53203e-014
62.1216
-1.42445e-013
62.1109
-5.06916e-013
62.0972
-1.88909e-012
62.0818
-5.56106e-012
62.0669
-1.30831e-011
62.0536
-2.45214e-012
62.0415
1.27406e-010
62.0285
8.58486e-010
62.0116
3.23399e-009
61.9887
8.88652e-009
61.9589
1.90282e-008
61.9237
3.44381e-008
61.8861
5.26563e-008
61.8499
6.34577e-008
61.819
6.65438e-008
61.7957
4.65591e-008
61.7805
3.70184e-008
61.771
2.95161e-008
61.7625
7.7015e-009
61.7483
-3.25199e-008
61.715
-4.70366e-008
61.6046
1.49272e-008
61.1831
6.78837e-007
59.7437
1.37487e-006
57.2549
2.45987e-006
54.5582
3.251e-006
51.832
8.88639e-006
49.2579
2.19273e-005
46.9552
3.73792e-005
44.9865
5.81257e-005
43.3677
9.03821e-005
42.0821
0.000141499
41.0935
0.000219278
40.3581
0.000329103
39.8271
0.000471817
39.4557
0.000650924
39.2064
0.000868029
39.045
0.00112233
38.9438
0.00141095
38.8852
0.00172952
38.8535
0.00207262
38.8375
0.00243364
38.8317
0.00280584
38.8296
0.00318176
38.83
0.00355657
38.8312
0.00392357
0.00427546
-1.90425e-012
-9.9476e-013
-1.36424e-012
-2.78533e-012
-5.6275e-012
-5.17275e-012
-5.20117e-012
-3.9222e-012
-3.46745e-012
-3.75167e-012
-2.33058e-012
-1.59162e-012
-2.92744e-012
-3.9222e-012
-3.60956e-012
-1.81899e-012
-2.01794e-012
-1.81899e-012
-1.0516e-012
-1.0516e-012
-1.22213e-012
-1.0516e-012
-1.7053e-012
-1.44951e-012
-1.10845e-012
-1.53477e-012
-1.10845e-012
-3.69482e-013
3.69482e-013
-1.98952e-012
-1.56319e-012
-6.53699e-013
6.25278e-013
1.93268e-012
3.86535e-012
5.05906e-012
7.07701e-012
8.83915e-012
1.13971e-011
1.20224e-011
1.36708e-011
1.50635e-011
1.37561e-011
1.30456e-011
1.59446e-011
1.88152e-011
3.02123e-011
5.88045e-011
1.29972e-010
3.00389e-010
7.00879e-010
1.63817e-009
3.80183e-009
8.74851e-009
1.99412e-008
4.50048e-008
1.0052e-007
2.22149e-007
4.85663e-007
1.0501e-006
2.24514e-006
4.74544e-006
9.91356e-006
2.04645e-005
4.17334e-005
8.40545e-005
0.000167153
0.000328107
0.000635523
0.00121428
0.00228785
0.0042491
0.00777597
0.0140158
0.0248706
0.0434265
0.0745752
0.125882
0.208741
0.339823
0.542763
0.849935
1.30401
1.95884
2.87916
4.13847
5.81477
7.98409
10.7125
14.0478
18.0123
22.5978
27.765
33.4471
39.5647
46.0375
52.7912
59.7602
66.8889
74.1311
81.4488
88.8114
96.194
103.577
110.943
118.28
125.576
132.823
140.014
147.142
154.202
161.19
168.102
174.934
181.684
188.349
194.928
201.418
207.817
214.125
220.339
226.459
232.483
238.412
244.243
249.977
255.613
261.151
266.591
271.932
277.174
282.317
287.361
292.308
297.156
301.906
306.559
311.114
315.573
319.937
324.204
328.377
332.455
336.44
340.332
344.132
347.842
351.455
354.994
358.414
361.796
365.015
368.242
371.295
374.303
377.279
380.013
382.887
385.498
388.06
390.679
393.034
395.375
397.75
399.896
401.981
404.12
406.098
407.933
409.802
411.629
413.278
414.858
416.467
417.995
419.373
420.693
422.025
423.294
424.428
425.486
426.541
427.567
428.488
429.305
430.085
430.861
431.585
432.209
432.749
433.261
433.765
434.224
434.599
434.898
435.161
435.423
435.67
435.853
435.959
436.034
436.12
436.201
436.254
436.277
436.265
436.228
436.211
436.236
436.249
436.215
436.159
436.117
436.118
436.118
436.114
436.103
436.071
436.04
436.018
436.007
436
435.996
435.981
435.949
435.919
435.898
435.884
435.873
435.86
435.832
435.796
435.762
435.738
435.722
435.702
435.669
435.626
435.582
435.548
435.524
435.5
435.462
435.405
435.344
435.298
435.267
435.233
435.18
435.107
435.031
434.965
434.91
434.851
434.776
434.68
434.573
434.468
434.375
434.29
434.199
434.081
433.921
433.712
433.466
433.203
432.95
432.733
432.57
432.463
432.397
432.338
432.239
432.006
431.235
428.281
418.219
400.805
381.934
362.852
344.826
328.707
314.942
303.64
294.688
287.822
282.723
279.063
276.526
274.832
273.752
273.097
272.722
272.53
272.447
272.418
272.406
272.399
272.384
272.346
272.339
272.333
272.327
272.322
272.319
272.318
272.318
272.321
272.324
272.328
272.336
272.345
272.357
272.372
272.388
272.406
272.427
272.449
272.472
272.499
272.526
272.556
272.586
272.619
272.652
272.687
272.723
272.76
272.797
272.836
272.875
272.914
272.954
272.994
273.034
273.075
273.115
273.156
273.195
273.236
273.274
273.315
273.351
273.394
273.427
273.47
273.503
273.543
273.578
273.613
273.649
273.683
273.718
273.752
273.786
273.821
273.855
273.889
273.924
273.957
273.99
274.023
274.055
274.087
274.119
274.151
274.182
274.213
274.244
274.275
274.306
274.337
274.367
274.397
274.427
274.456
274.486
274.515
274.544
274.572
274.601
274.629
274.657
274.685
274.713
274.741
274.768
274.795
274.822
274.849
274.875
274.902
274.928
274.953
274.979
275.004
275.029
275.054
275.078
275.102
16.2991
-0.370853
16.3812
-0.358015
16.4633
-0.359649
16.5469
-0.361796
16.6378
-0.3642
16.7362
-0.366759
16.8352
-0.369424
16.9294
-0.372053
17.0213
-0.374565
17.1216
-0.377021
17.2444
-0.379579
17.3912
-0.38235
17.5571
-0.385219
17.7357
-0.388074
17.9213
-0.390817
18.11
-0.393403
18.2997
-0.395832
18.4893
-0.398133
18.6784
-0.400334
18.867
-0.40247
19.0549
-0.404558
19.242
-0.406596
19.4281
-0.408573
19.6132
-0.410467
19.7968
-0.41226
19.9783
-0.413927
20.1574
-0.415465
20.3331
-0.416853
20.5043
-0.418054
20.6705
-0.419014
20.8308
-0.419687
20.9845
-0.42001
21.1313
-0.419942
21.2707
-0.419453
21.4021
-0.418531
21.5248
-0.417175
21.6384
-0.415288
21.742
-0.412974
21.8348
-0.410239
21.9155
-0.407109
21.9829
-0.403601
22.0354
-0.399751
22.0716
-0.395602
22.09
-0.391202
22.0887
-0.38659
22.0664
-0.381811
22.0222
-0.376909
21.9531
-0.371933
21.8558
-0.366933
21.727
-0.361942
21.5609
-0.35701
21.3485
-0.352184
21.0757
-0.347547
20.7197
-0.343199
20.2459
-0.339279
19.6055
-0.335966
18.7355
-0.333462
17.5704
-0.331903
16.0671
-0.331263
14.2409
-0.33119
12.1909
-0.330919
10.0864
-0.329327
8.1075
-0.32509
6.38048
-0.317158
4.94984
-0.304927
3.7959
-0.288307
2.87059
-0.267388
2.12597
-0.242719
1.52552
-0.214581
1.04493
-0.183379
0.668505
-0.149321
0.386697
-0.113402
0.192252
-0.0764061
0.0767338
-0.0406977
0.0238931
-0.0139797
0.00636939
-0.00361838
0.00158267
-0.000847025
0.000380383
-0.000184968
8.95026e-005
-3.88322e-005
2.07241e-005
-8.04163e-006
4.73755e-006
-1.65893e-006
1.07174e-006
-3.41815e-007
2.40346e-007
-7.0385e-008
5.35032e-008
-1.44859e-008
1.1835e-008
-2.9799e-009
2.60355e-009
-6.12713e-010
5.70008e-010
-1.25932e-010
1.24295e-010
-2.58793e-011
2.70388e-011
-5.32392e-012
5.90017e-012
-1.10282e-012
1.34026e-012
-2.36208e-013
3.66818e-013
-5.80495e-014
1.80744e-013
-2.07213e-014
1.58096e-013
-1.25702e-014
1.44329e-013
-1.09617e-014
1.30118e-013
-1.06091e-014
1.40332e-013
-1.05879e-014
1.22569e-013
-1.06187e-014
1.33671e-013
-1.06833e-014
1.1946e-013
-1.07991e-014
1.03917e-013
-1.07327e-014
9.10383e-014
-1.07822e-014
7.50511e-014
-1.08307e-014
8.65974e-014
-1.06768e-014
7.86038e-014
-1.09049e-014
8.52651e-014
-1.07267e-014
8.08242e-014
-1.0715e-014
9.50351e-014
-1.06681e-014
9.23706e-014
-1.07006e-014
1.01252e-013
-1.06612e-014
1.08358e-013
-1.05341e-014
1.15019e-013
-1.06677e-014
1.1724e-013
-1.05476e-014
1.07914e-013
-1.05207e-014
1.22125e-013
-1.05558e-014
1.3145e-013
-1.05033e-014
1.33671e-013
-1.06868e-014
1.24789e-013
-1.05137e-014
1.32783e-013
-1.06642e-014
1.2701e-013
-1.05397e-014
1.35003e-013
-1.05181e-014
1.24345e-013
-1.06425e-014
1.1724e-013
-1.05315e-014
1.11022e-013
-1.05666e-014
9.90319e-014
-1.06417e-014
1.05693e-013
-1.06499e-014
9.05942e-014
-1.0594e-014
8.39329e-014
-1.06378e-014
6.88338e-014
-1.0561e-014
5.77316e-014
-1.06915e-014
4.39648e-014
-1.05532e-014
3.06422e-014
-1.05038e-014
3.10862e-014
-1.05571e-014
1.90958e-014
-1.04222e-014
1.68754e-014
-1.04326e-014
1.42109e-014
-1.0427e-014
8.88178e-015
-1.02873e-014
1.46549e-014
-1.01633e-014
2.08722e-014
-1.01616e-014
1.68754e-014
-1.011e-014
2.39808e-014
-1.01061e-014
1.90958e-014
-1.00323e-014
5.32907e-015
-9.95298e-015
-2.66454e-015
-9.97726e-015
-3.55271e-015
-1.00388e-014
6.66134e-015
-9.83805e-015
-1.77636e-015
-1.01499e-014
2.4869e-014
-9.96555e-015
6.17284e-014
-1.00488e-014
-1.01629e-014
274.87
274.649
274.427
274.205
273.986
273.766
273.545
273.322
273.099
272.875
272.645
272.414
272.185
271.96
271.727
271.478
271.217
270.959
270.729
270.546
270.409
270.294
270.167
269.992
269.767
269.534
269.36
269.288
269.314
269.39
269.452
269.437
269.31
269.066
268.756
268.357
267.734
267.067
266.43
265.846
265.33
264.883
264.495
264.154
263.843
263.55
263.264
262.979
262.692
262.404
262.118
261.837
261.566
261.307
261.059
260.82
260.583
260.343
260.096
259.835
259.558
259.272
258.976
258.674
258.367
258.041
257.643
257.069
256.137
254.449
251.13
243.873
224.164
166.783
82.9097
29.8087
7.89975
1.74716
0.365384
0.0755255
0.0155766
0.00321026
0.000661276
0.000136148
2.80175e-005
5.76287e-006
1.1848e-006
2.43473e-007
5.00108e-008
1.02683e-008
2.10778e-009
4.32795e-010
8.91163e-011
1.86553e-011
4.25615e-012
1.38556e-012
7.92255e-013
6.60805e-013
6.07514e-013
6.43041e-013
7.42517e-013
7.21201e-013
8.10019e-013
7.99361e-013
8.88178e-013
8.66862e-013
9.02389e-013
9.166e-013
9.98313e-013
1.00542e-012
9.48575e-013
9.02389e-013
9.87654e-013
9.37916e-013
9.166e-013
9.09495e-013
9.166e-013
8.98837e-013
7.63833e-013
8.7752e-013
9.34364e-013
8.98837e-013
9.66338e-013
9.87654e-013
9.84102e-013
1.01608e-012
9.80549e-013
9.13047e-013
9.20153e-013
1.0445e-012
1.02318e-012
1.08002e-012
1.0445e-012
9.87654e-013
9.30811e-013
8.02913e-013
9.34364e-013
8.7752e-013
7.78044e-013
6.11067e-013
4.68958e-013
2.41585e-013
2.13163e-014
-1.98952e-013
-3.05533e-013
-4.29878e-013
-5.25802e-013
-5.40012e-013
-5.25802e-013
)
;

boundaryField
{
    inlet
    {
        type            calculated;
        value           nonuniform List<scalar> 2(2.91038e-012 1.86265e-013);
    }
    outlet
    {
        type            calculated;
        value           nonuniform List<scalar> 2(-5.2872e-013 5.63887e-014);
    }
    bottom
    {
        type            symmetryPlane;
        value           uniform 0;
    }
    top
    {
        type            symmetryPlane;
        value           uniform 0;
    }
    obstacle
    {
        type            calculated;
        value           nonuniform List<scalar> 
102
(
38.8297
-16.2055
-0.000394943
-0.000394126
-0.000393312
-0.000392456
-0.000391558
-0.000390629
-0.000389676
-0.000388706
-0.000387723
-0.000386726
-0.0003857
-0.000384672
-0.000383602
-0.000382532
-0.000381448
-0.00038031
-0.000379191
-0.000378052
-0.000376854
-0.000375683
-0.000374466
-0.00037325
-0.000372003
-0.000370756
-0.00036948
-0.000368205
-0.000366903
-0.000365603
-0.000364276
-0.000362953
-0.000361605
-0.000360263
-0.000358896
-0.000357537
-0.000356154
-0.000354781
-0.000353385
-0.000351998
-0.000350592
-0.000349192
-0.000347782
-0.000346365
-0.000344959
-0.000343521
-0.000342126
-0.00034066
-0.000339287
-0.000337793
-0.000336432
-0.000334932
-0.000333566
-0.000332067
-0.000330696
-0.000329198
-0.000327827
-0.000326325
-0.000324944
-0.00032346
-0.000322049
-0.000320592
-0.000319164
-0.000317712
-0.000316284
-0.000314834
-0.000313408
-0.000311959
-0.000310534
-0.000309086
-0.000307662
-0.000306215
-0.000304792
-0.000303346
-0.000301923
-0.000300478
-0.000299056
-0.000297612
-0.000296191
-0.000294749
-0.000293329
-0.000291888
-0.00029047
-0.000289031
-0.000287614
-0.000286177
-0.000284762
-0.000283327
-0.000281914
-0.000280481
-0.000279071
-0.00027764
-0.000276231
-0.000274804
-0.000273397
-0.000271972
-0.000270568
-0.000269145
-0.000267744
-0.000266324
-0.000264926
-0.000263508
)
;
    }
    defaultFaces
    {
        type            empty;
        value           nonuniform 0();
    }
}


// ************************************************************************* //
