/*--------------------------------*- C++ -*----------------------------------*\
| =========                 |                                                 |
| \\      /  F ield         | OpenFOAM: The Open Source CFD Toolbox           |
|  \\    /   O peration     | Version:  5.x                                   |
|   \\  /    A nd           | Web:      www.OpenFOAM.org                      |
|    \\/     M anipulation  |                                                 |
\*---------------------------------------------------------------------------*/
/*   Windows 32 and 64 bit porting by blueCAPE: http://www.bluecape.com.pt   *\
|  Based on Windows porting (2.0.x v4) by Symscape: http://www.symscape.com   |
\*---------------------------------------------------------------------------*/
FoamFile
{
    version     2.0;
    format      ascii;
    class       volScalarField;
    location    "0.007";
    object      T;
}
// * * * * * * * * * * * * * * * * * * * * * * * * * * * * * * * * * * * * * //

dimensions      [0 0 0 1 0 0 0];

internalField   nonuniform List<scalar> 
1000
(
348.432
348.432
348.432
348.432
348.432
348.432
348.432
348.432
348.432
348.432
348.432
348.432
348.432
348.432
348.432
348.432
348.432
348.432
348.432
348.432
348.432
348.432
348.432
348.432
348.432
348.432
348.432
348.432
348.432
348.432
348.432
348.432
348.432
348.432
348.432
348.432
348.432
348.432
348.432
348.432
348.432
348.432
348.432
348.432
348.432
348.432
348.432
348.432
348.432
348.432
348.432
348.432
348.432
348.432
348.432
348.432
348.432
348.432
348.432
348.432
348.432
348.432
348.432
348.432
348.432
348.432
348.432
348.432
348.432
348.432
348.432
348.432
348.431
348.431
348.43
348.429
348.426
348.422
348.415
348.404
348.386
348.36
348.32
348.262
348.179
348.063
347.907
347.702
347.439
347.113
346.717
346.251
345.715
345.115
344.457
343.749
342.998
342.211
341.393
340.55
339.686
338.804
337.907
336.997
336.076
335.145
334.206
333.259
332.306
331.347
330.383
329.415
328.442
327.465
326.485
325.502
324.517
323.528
322.538
321.546
320.552
319.557
318.56
317.563
316.564
315.566
314.566
313.567
312.567
311.567
310.568
309.568
308.57
307.571
306.574
305.577
304.582
303.587
302.593
301.601
300.61
299.62
298.631
297.645
296.66
295.675
294.696
293.71
292.747
291.739
290.828
289.742
288.957
287.727
287.084
285.796
285.08
284.038
282.993
282.226
281.14
280.182
279.368
278.325
277.361
276.539
275.561
274.571
273.722
272.834
271.851
270.936
270.103
269.199
268.252
267.376
266.548
265.676
264.765
263.908
263.103
262.281
261.423
260.584
259.805
259.048
258.27
257.482
256.732
256.036
255.361
254.68
254.004
253.368
252.79
252.253
251.73
251.214
250.738
250.33
249.983
249.658
249.35
249.084
248.865
248.692
248.568
248.477
248.38
248.286
248.239
248.235
248.236
248.231
248.216
248.21
248.211
248.219
248.237
248.252
248.261
248.263
248.264
248.267
248.276
248.293
248.305
248.312
248.314
248.318
248.327
248.344
248.363
248.378
248.386
248.393
248.406
248.427
248.452
248.474
248.489
248.5
248.514
248.541
248.577
248.609
248.629
248.643
248.665
248.702
248.746
248.787
248.819
248.848
248.884
248.932
248.991
249.052
249.108
249.156
249.202
249.258
249.335
249.44
249.572
249.721
249.873
250.011
250.121
250.196
250.242
250.272
250.31
250.392
250.643
251.583
254.955
263.654
276.144
290.535
306.036
321.752
336.811
350.548
362.442
372.302
380.091
385.987
390.283
393.28
395.255
396.536
397.311
397.731
397.954
398.044
398.055
398.046
398.016
397.992
348.432
348.432
348.432
348.432
348.432
348.432
348.432
348.432
348.432
348.432
348.432
348.432
348.432
348.432
348.432
348.432
348.432
348.432
348.432
348.432
348.432
348.432
348.432
348.432
348.432
348.432
348.432
348.432
348.432
348.432
348.432
348.432
348.432
348.432
348.432
348.432
348.432
348.432
348.432
348.432
348.432
348.432
348.432
348.432
348.432
348.432
348.432
348.432
348.432
348.432
348.432
348.432
348.432
348.432
348.432
348.432
348.432
348.432
348.432
348.432
348.432
348.432
348.432
348.432
348.432
348.432
348.432
348.432
348.432
348.432
348.432
348.432
348.431
348.431
348.43
348.429
348.426
348.422
348.415
348.404
348.386
348.36
348.32
348.262
348.179
348.063
347.907
347.702
347.439
347.113
346.717
346.251
345.715
345.115
344.457
343.749
342.998
342.211
341.393
340.55
339.686
338.804
337.907
336.997
336.076
335.145
334.206
333.259
332.306
331.347
330.383
329.415
328.442
327.465
326.485
325.502
324.517
323.528
322.538
321.546
320.552
319.557
318.56
317.563
316.564
315.566
314.566
313.567
312.567
311.567
310.568
309.568
308.57
307.571
306.574
305.577
304.582
303.587
302.593
301.601
300.61
299.62
298.631
297.645
296.66
295.675
294.696
293.71
292.747
291.739
290.828
289.742
288.957
287.727
287.084
285.796
285.08
284.038
282.993
282.226
281.14
280.182
279.368
278.325
277.361
276.539
275.561
274.571
273.722
272.834
271.851
270.936
270.103
269.199
268.252
267.376
266.548
265.676
264.765
263.908
263.103
262.281
261.423
260.584
259.805
259.048
258.27
257.482
256.732
256.036
255.361
254.68
254.004
253.368
252.79
252.253
251.73
251.214
250.738
250.33
249.983
249.658
249.35
249.084
248.865
248.692
248.568
248.477
248.38
248.286
248.239
248.235
248.236
248.231
248.216
248.21
248.211
248.219
248.237
248.252
248.261
248.263
248.264
248.267
248.276
248.293
248.305
248.312
248.314
248.318
248.327
248.344
248.363
248.378
248.386
248.393
248.406
248.427
248.452
248.474
248.489
248.5
248.514
248.541
248.577
248.609
248.629
248.643
248.665
248.702
248.746
248.787
248.819
248.848
248.884
248.932
248.991
249.052
249.108
249.156
249.202
249.258
249.335
249.44
249.572
249.721
249.873
250.011
250.121
250.196
250.242
250.272
250.31
250.392
250.642
251.582
254.953
263.649
276.138
290.525
306.014
321.714
336.766
350.458
362.317
372.088
379.808
385.629
389.836
392.742
394.659
395.854
396.565
396.952
397.13
397.198
397.217
397.219
397.211
397.301
397.289
397.318
397.352
397.372
397.384
397.389
397.391
397.391
397.386
397.379
397.38
397.358
397.356
397.327
397.296
397.294
397.248
397.207
397.201
397.141
397.11
397.058
397.019
396.961
396.917
396.855
396.807
396.74
396.689
396.619
396.565
396.492
396.436
396.362
396.305
396.229
396.172
396.097
396.037
395.966
395.9
395.839
395.762
395.717
395.618
395.602
395.476
395.488
395.344
395.362
395.222
395.239
395.103
395.12
394.984
395.005
394.871
394.869
394.771
394.734
394.659
394.616
394.545
394.503
394.432
394.391
394.321
394.28
394.21
394.169
394.1
394.06
393.991
393.952
393.883
393.845
393.777
393.739
393.672
393.634
393.567
393.53
393.464
393.428
393.362
393.326
393.261
393.225
393.161
393.126
393.062
393.027
392.965
392.931
392.869
392.835
392.774
392.741
392.681
392.651
452.428
452.11
451.594
451.121
450.625
449.952
449.211
448.634
448.289
447.95
447.246
445.922
444.103
441.957
439.661
437.336
435.045
432.811
430.648
428.554
426.515
424.533
422.602
420.719
418.879
417.096
415.36
413.678
412.055
410.496
408.993
407.551
406.163
404.817
403.506
402.229
400.973
399.729
398.495
397.265
396.034
394.806
393.579
392.343
391.105
389.86
388.6
387.322
386.01
384.66
383.252
381.773
380.179
378.418
376.411
374.031
371.093
367.39
362.684
356.819
349.815
341.934
333.622
325.402
317.672
310.634
304.323
298.722
293.795
289.534
285.956
283.102
281
279.659
279.014
278.814
278.763
278.75
278.747
278.746
278.746
278.746
278.746
278.746
278.746
278.746
278.746
278.746
278.746
278.746
278.746
278.746
278.746
278.746
278.746
278.746
278.746
278.746
278.746
278.746
278.746
278.746
278.746
278.746
278.746
278.746
278.746
278.746
278.746
278.746
278.746
278.746
278.746
278.746
278.746
278.746
278.746
278.746
278.746
278.746
278.746
278.746
278.746
278.746
278.746
278.746
278.746
278.746
278.746
278.746
278.746
278.746
278.746
278.746
278.746
278.746
278.746
278.746
278.746
278.746
278.746
278.746
278.746
278.746
278.746
278.746
278.746
278.746
278.746
278.746
392.45
392.452
392.455
392.463
392.484
392.483
392.473
392.452
392.419
392.377
392.334
392.294
392.245
392.181
392.112
392.056
392.022
391.991
391.933
391.811
391.608
391.342
391.06
390.823
390.668
390.567
390.424
390.143
389.696
389.128
388.528
388
387.62
387.418
387.367
387.414
387.655
388.147
388.641
389.081
389.428
389.68
389.841
389.936
389.979
390.002
390.019
390.042
390.08
390.136
390.203
390.283
390.363
390.438
390.509
390.573
390.631
390.693
390.754
390.817
390.888
390.964
391.041
391.123
391.199
391.256
391.291
391.277
391.153
390.787
389.897
388.144
384.414
375.231
345.676
309.083
288.604
281.159
279.272
278.856
278.769
278.751
278.747
278.746
278.746
278.746
278.746
278.746
278.746
278.746
278.746
278.746
278.746
278.746
278.746
278.746
278.746
278.746
278.746
278.746
278.746
278.746
278.746
278.746
278.746
278.746
278.746
278.746
278.746
278.746
278.746
278.746
278.746
278.746
278.746
278.746
278.746
278.746
278.746
278.746
278.746
278.746
278.746
278.746
278.746
278.746
278.746
278.746
278.746
278.746
278.746
278.746
278.746
278.746
278.746
278.746
278.746
278.746
278.746
278.746
278.746
278.746
278.746
278.746
278.746
278.746
278.746
278.746
278.746
278.746
)
;

boundaryField
{
    inlet
    {
        type            zeroGradient;
    }
    outlet
    {
        type            zeroGradient;
    }
    bottom
    {
        type            symmetryPlane;
    }
    top
    {
        type            symmetryPlane;
    }
    obstacle
    {
        type            zeroGradient;
    }
    defaultFaces
    {
        type            empty;
    }
}


// ************************************************************************* //
