/*--------------------------------*- C++ -*----------------------------------*\
| =========                 |                                                 |
| \\      /  F ield         | OpenFOAM: The Open Source CFD Toolbox           |
|  \\    /   O peration     | Version:  5.x                                   |
|   \\  /    A nd           | Web:      www.OpenFOAM.org                      |
|    \\/     M anipulation  |                                                 |
\*---------------------------------------------------------------------------*/
/*   Windows 32 and 64 bit porting by blueCAPE: http://www.bluecape.com.pt   *\
|  Based on Windows porting (2.0.x v4) by Symscape: http://www.symscape.com   |
\*---------------------------------------------------------------------------*/
FoamFile
{
    version     2.0;
    format      ascii;
    class       volVectorField;
    location    "0.007";
    object      U;
}
// * * * * * * * * * * * * * * * * * * * * * * * * * * * * * * * * * * * * * //

dimensions      [0 1 -1 0 0 0 0];

internalField   nonuniform List<vector> 
1000
(
(-3.85105e-013 3.05239e-012 0)
(1.86717e-013 3.05312e-012 0)
(6.41841e-014 2.98019e-012 0)
(-9.33587e-014 3.00207e-012 0)
(3.3259e-013 3.01957e-012 0)
(2.39232e-013 2.97581e-012 0)
(5.89327e-013 2.98748e-012 0)
(3.7927e-013 2.8985e-012 0)
(7.4687e-013 2.92111e-012 0)
(4.95968e-013 2.92986e-012 0)
(1.00361e-012 2.86057e-012 0)
(8.92743e-013 2.84525e-012 0)
(7.17695e-013 2.88756e-012 0)
(9.04413e-013 2.80587e-012 0)
(8.81073e-013 2.7942e-012 0)
(1.38288e-012 2.76211e-012 0)
(1.10863e-012 2.78034e-012 0)
(1.48207e-012 2.71251e-012 0)
(1.29535e-012 2.70594e-012 0)
(1.45873e-012 2.68406e-012 0)
(1.75631e-012 2.69938e-012 0)
(1.38288e-012 2.58852e-012 0)
(1.6046e-012 2.63374e-012 0)
(1.4879e-012 2.54986e-012 0)
(1.56376e-012 2.58487e-012 0)
(1.37704e-012 2.47692e-012 0)
(7.41035e-013 2.53673e-012 0)
(1.03278e-012 2.47619e-012 0)
(1.05612e-012 2.49078e-012 0)
(1.40622e-012 2.43754e-012 0)
(1.20783e-012 2.46963e-012 0)
(1.45873e-012 2.39888e-012 0)
(1.2195e-012 2.40472e-012 0)
(1.23117e-012 2.38211e-012 0)
(1.02111e-012 2.41712e-012 0)
(3.7927e-013 2.38721e-012 0)
(7.06025e-013 2.41493e-012 0)
(8.11054e-013 2.45067e-012 0)
(6.71016e-013 2.4441e-012 0)
(4.95968e-013 2.46963e-012 0)
(4.55124e-013 2.51266e-012 0)
(7.17695e-013 2.56299e-012 0)
(6.59346e-013 2.59508e-012 0)
(1.6046e-012 2.63009e-012 0)
(2.06556e-012 2.63884e-012 0)
(3.21504e-012 2.65781e-012 0)
(5.1639e-012 2.65562e-012 0)
(1.03161e-011 2.7023e-012 0)
(2.4034e-011 2.7446e-012 0)
(5.56826e-011 2.73949e-012 0)
(1.31776e-010 2.78034e-012 0)
(3.09484e-010 2.75408e-012 0)
(7.22311e-010 2.77669e-012 0)
(1.67273e-009 2.8241e-012 0)
(3.83335e-009 2.86859e-012 0)
(8.69634e-009 2.83358e-012 0)
(1.95266e-008 2.916e-012 0)
(4.33832e-008 2.86276e-012 0)
(9.53561e-008 2.89193e-012 0)
(2.07313e-007 2.88245e-012 0)
(4.45714e-007 2.88829e-012 0)
(9.4744e-007 2.91892e-012 0)
(1.99073e-006 2.85036e-012 0)
(4.13371e-006 2.86276e-012 0)
(8.48059e-006 2.82191e-012 0)
(1.71854e-005 2.80149e-012 0)
(3.43893e-005 2.80149e-012 0)
(6.79351e-005 2.71616e-012 0)
(0.000132446 2.72491e-012 0)
(0.000254755 2.6228e-012 0)
(0.000483276 2.61477e-012 0)
(0.000903859 2.57174e-012 0)
(0.00166599 2.53965e-012 0)
(0.00302505 2.50318e-012 0)
(0.00540869 2.47619e-012 0)
(0.009518 2.38211e-012 0)
(0.0164769 2.41419e-012 0)
(0.0280447 2.3048e-012 0)
(0.0469052 2.3376e-012 0)
(0.0770416 2.21436e-012 0)
(0.124191 2.13995e-012 0)
(0.196347 2.13697e-012 0)
(0.304262 2.11361e-012 0)
(0.461819 2.05309e-012 0)
(0.686167 2.03469e-012 0)
(0.997433 1.94598e-012 0)
(1.41789 1.91787e-012 0)
(1.97051 1.88345e-012 0)
(2.67701 1.8736e-012 0)
(3.55552 1.80202e-012 0)
(4.61846 1.81903e-012 0)
(5.87067 1.79273e-012 0)
(7.30855 1.75951e-012 0)
(8.92042 1.74277e-012 0)
(10.6891 1.70172e-012 0)
(12.5951 1.71477e-012 0)
(14.6195 1.69938e-012 0)
(16.7445 1.63628e-012 0)
(18.955 1.6202e-012 0)
(21.2377 1.6013e-012 0)
(23.5818 1.57532e-012 0)
(25.9785 1.58655e-012 0)
(28.4204 1.51901e-012 0)
(30.9017 1.49606e-012 0)
(33.4173 1.45716e-012 0)
(35.9635 1.45103e-012 0)
(38.5369 1.47216e-012 0)
(41.1348 1.39914e-012 0)
(43.7549 1.38853e-012 0)
(46.3953 1.38816e-012 0)
(49.0543 1.38853e-012 0)
(51.7304 1.41322e-012 0)
(54.4223 1.39755e-012 0)
(57.129 1.38186e-012 0)
(59.8493 1.3958e-012 0)
(62.5824 1.40302e-012 0)
(65.3273 1.43071e-012 0)
(68.0832 1.42022e-012 0)
(70.8495 1.39712e-012 0)
(73.6253 1.38807e-012 0)
(76.41 1.38316e-012 0)
(79.203 1.3912e-012 0)
(82.0037 1.41246e-012 0)
(84.8116 1.41782e-012 0)
(87.626 1.42717e-012 0)
(90.4464 1.42039e-012 0)
(93.2724 1.42092e-012 0)
(96.1036 1.4267e-012 0)
(98.9394 1.4223e-012 0)
(101.779 1.42958e-012 0)
(104.623 1.43662e-012 0)
(107.471 1.44176e-012 0)
(110.321 1.44689e-012 0)
(113.175 1.45296e-012 0)
(116.031 1.46284e-012 0)
(118.889 1.47085e-012 0)
(121.749 1.48167e-012 0)
(124.61 1.48473e-012 0)
(127.473 1.47889e-012 0)
(130.337 1.47688e-012 0)
(133.202 1.4681e-012 0)
(136.067 1.46187e-012 0)
(138.933 1.45552e-012 0)
(141.799 1.44561e-012 0)
(144.665 1.43362e-012 0)
(147.531 1.4228e-012 0)
(150.396 1.41249e-012 0)
(153.261 1.40137e-012 0)
(156.125 1.3865e-012 0)
(158.987 1.37417e-012 0)
(161.849 1.36805e-012 0)
(164.707 1.36541e-012 0)
(167.567 1.35349e-012 0)
(170.421 1.34408e-012 0)
(173.276 1.34514e-012 0)
(176.126 1.35345e-012 0)
(178.974 1.3594e-012 0)
(181.821 1.36989e-012 0)
(184.661 1.38056e-012 0)
(187.501 1.39686e-012 0)
(190.335 1.41556e-012 0)
(193.165 1.43219e-012 0)
(195.992 1.45472e-012 0)
(198.812 1.47652e-012 0)
(201.626 1.49056e-012 0)
(204.436 1.51066e-012 0)
(207.239 1.52733e-012 0)
(210.034 1.54226e-012 0)
(212.822 1.55552e-012 0)
(215.602 1.56304e-012 0)
(218.372 1.56538e-012 0)
(221.132 1.56089e-012 0)
(223.882 1.5619e-012 0)
(226.62 1.55967e-012 0)
(229.344 1.55539e-012 0)
(232.055 1.54274e-012 0)
(234.75 1.52233e-012 0)
(237.428 1.50162e-012 0)
(240.087 1.48242e-012 0)
(242.726 1.4677e-012 0)
(245.342 1.45037e-012 0)
(247.933 1.42675e-012 0)
(250.496 1.40628e-012 0)
(253.028 1.38351e-012 0)
(255.527 1.358e-012 0)
(257.989 1.32666e-012 0)
(260.409 1.29138e-012 0)
(262.783 1.25968e-012 0)
(265.108 1.22266e-012 0)
(267.377 1.17849e-012 0)
(269.585 1.13107e-012 0)
(271.726 1.07551e-012 0)
(273.793 1.0161e-012 0)
(275.78 9.53374e-013 0)
(277.68 8.88308e-013 0)
(279.485 8.22254e-013 0)
(281.189 7.56762e-013 0)
(282.784 6.92729e-013 0)
(284.264 6.26544e-013 0)
(285.624 5.60041e-013 0)
(286.859 4.96608e-013 0)
(287.967 4.35585e-013 0)
(288.946 3.81749e-013 0)
(289.798 3.32393e-013 0)
(290.527 2.85212e-013 0)
(291.137 2.41459e-013 0)
(291.637 1.9609e-013 0)
(292.037 1.50345e-013 0)
(292.349 1.08837e-013 0)
(292.584 6.4205e-014 0)
(292.757 1.24695e-014 0)
(292.879 -3.86402e-014 0)
(292.96 -9.17683e-014 0)
(293.012 -1.40976e-013 0)
(293.046 -1.9323e-013 0)
(293.066 -2.33512e-013 0)
(293.078 -2.71975e-013 0)
(293.084 -3.12783e-013 0)
(293.085 -3.52447e-013 0)
(293.086 -3.92265e-013 0)
(293.088 -4.29244e-013 0)
(293.091 -4.7024e-013 0)
(293.095 -5.1058e-013 0)
(293.103 -5.47081e-013 0)
(293.112 -5.77393e-013 0)
(293.121 -6.07757e-013 0)
(293.132 -6.46645e-013 0)
(293.143 -6.83376e-013 0)
(293.153 -7.2111e-013 0)
(293.163 -7.4767e-013 0)
(293.171 -7.76691e-013 0)
(293.178 -8.07109e-013 0)
(293.183 -8.36616e-013 0)
(293.188 -8.60832e-013 0)
(293.192 -8.82268e-013 0)
(293.195 -9.02505e-013 0)
(293.197 -9.29189e-013 0)
(293.199 -9.54951e-013 0)
(293.2 -9.80612e-013 0)
(293.201 -1.00549e-012 0)
(293.202 -1.03173e-012 0)
(293.203 -1.05896e-012 0)
(293.203 -1.08618e-012 0)
(293.204 -1.11251e-012 0)
(293.204 -1.1431e-012 0)
(293.205 -1.17648e-012 0)
(293.205 -1.20376e-012 0)
(293.206 -1.23422e-012 0)
(293.206 -1.26127e-012 0)
(293.207 -1.28608e-012 0)
(293.207 -1.34784e-012 0)
(293.208 -1.45071e-012 0)
(293.208 -2.1674e-012 0)
(293.209 -5.04757e-012 0)
(293.21 -1.76688e-011 0)
(293.211 -6.56789e-011 0)
(293.212 -2.00426e-010 0)
(293.213 -4.93468e-010 0)
(293.215 -2.77501e-010 0)
(293.216 3.94295e-009 0)
(293.218 2.87259e-008 0)
(293.22 1.13539e-007 0)
(293.221 3.23583e-007 0)
(293.222 7.16936e-007 0)
(293.222 1.33727e-006 0)
(293.223 2.11948e-006 0)
(293.222 2.71631e-006 0)
(293.222 3.03035e-006 0)
(293.221 2.59335e-006 0)
(293.22 2.24587e-006 0)
(293.22 1.83824e-006 0)
(293.221 5.80512e-007 0)
(293.223 -1.48975e-006 0)
(293.233 -3.64016e-006 0)
(293.269 -1.107e-006 0)
(293.367 2.1089e-005 0)
(293.468 4.55659e-005 0)
(293.39 8.37484e-005 0)
(293.203 0.000124784 0)
(293.091 0.000390858 0)
(293.05 0.00101738 0)
(293.044 0.0018634 0)
(293.028 0.00306396 0)
(292.98 0.00495165 0)
(292.882 0.00799808 0)
(292.724 0.0127569 0)
(292.509 0.0196779 0)
(292.247 0.0289267 0)
(291.957 0.0407388 0)
(291.657 0.0552457 0)
(291.368 0.0724239 0)
(291.108 0.0921205 0)
(290.891 0.114072 0)
(290.723 0.137939 0)
(290.603 0.163314 0)
(290.526 0.189758 0)
(290.48 0.216784 0)
(290.455 0.244023 0)
(290.441 0.271042 0)
(290.427 0.297422 0)
(-8.40228e-013 3.03249e-012 0)
(-1.13364e-013 3.02405e-012 0)
(-5.46815e-013 3.0079e-012 0)
(-1.7338e-013 3.00863e-012 0)
(-1.50041e-012 3.01071e-012 0)
(-1.54042e-012 2.96278e-012 0)
(-1.34036e-012 2.96779e-012 0)
(-1.38704e-012 2.92246e-012 0)
(-1.14698e-012 2.91642e-012 0)
(-1.08696e-012 2.87547e-012 0)
(-7.0019e-013 2.87557e-012 0)
(-5.00136e-013 2.84129e-012 0)
(-6.26837e-013 2.83671e-012 0)
(-1.01361e-012 2.8066e-012 0)
(-1.28035e-012 2.7869e-012 0)
(-5.80158e-013 2.74919e-012 0)
(-6.135e-013 2.7421e-012 0)
(-4.33451e-013 2.70688e-012 0)
(-5.73489e-013 2.69771e-012 0)
(-6.66848e-014 2.64593e-012 0)
(-5.00136e-013 2.66114e-012 0)
(-1.06696e-013 2.59925e-012 0)
(-6.06832e-013 2.61269e-012 0)
(-5.06804e-013 2.54663e-012 0)
(-1.86717e-013 2.56736e-012 0)
(-4.26783e-013 2.49912e-012 0)
(-3.9344e-013 2.52735e-012 0)
(-4.60125e-013 2.46953e-012 0)
(3.66766e-013 2.49036e-012 0)
(-3.0675e-013 2.4465e-012 0)
(-5.46815e-013 2.45546e-012 0)
(-4.66794e-013 2.40201e-012 0)
(1.60044e-013 2.40034e-012 0)
(8.00218e-014 2.37836e-012 0)
(1.25367e-012 2.37398e-012 0)
(8.40228e-013 2.3894e-012 0)
(1.85384e-012 2.38096e-012 0)
(2.2006e-012 2.40909e-012 0)
(2.84077e-012 2.42295e-012 0)
(3.61432e-012 2.46171e-012 0)
(3.29423e-012 2.50245e-012 0)
(4.36785e-012 2.53423e-012 0)
(4.02776e-012 2.5956e-012 0)
(3.86105e-012 2.61613e-012 0)
(4.21448e-012 2.65656e-012 0)
(4.70795e-012 2.66739e-012 0)
(6.88854e-012 2.69511e-012 0)
(1.20033e-011 2.70699e-012 0)
(2.50802e-011 2.73824e-012 0)
(5.75223e-011 2.73491e-012 0)
(1.32709e-010 2.79305e-012 0)
(3.11205e-010 2.76065e-012 0)
(7.2443e-010 2.81608e-012 0)
(1.67437e-009 2.80295e-012 0)
(3.83476e-009 2.86828e-012 0)
(8.6972e-009 2.83838e-012 0)
(1.95278e-008 2.90308e-012 0)
(4.33829e-008 2.86172e-012 0)
(9.53569e-008 2.88766e-012 0)
(2.07312e-007 2.88381e-012 0)
(4.45714e-007 2.87682e-012 0)
(9.4744e-007 2.89829e-012 0)
(1.99073e-006 2.86609e-012 0)
(4.13371e-006 2.86859e-012 0)
(8.48059e-006 2.82744e-012 0)
(1.71854e-005 2.79232e-012 0)
(3.43893e-005 2.77909e-012 0)
(6.79351e-005 2.71345e-012 0)
(0.000132446 2.70136e-012 0)
(0.000254755 2.63009e-012 0)
(0.000483276 2.62217e-012 0)
(0.000903859 2.56226e-012 0)
(0.00166599 2.53475e-012 0)
(0.00302505 2.49995e-012 0)
(0.00540869 2.45827e-012 0)
(0.009518 2.40836e-012 0)
(0.0164769 2.38877e-012 0)
(0.0280447 2.32824e-012 0)
(0.0469052 2.29562e-012 0)
(0.0770416 2.23622e-012 0)
(0.124191 2.20339e-012 0)
(0.196347 2.15378e-012 0)
(0.304262 2.10957e-012 0)
(0.461819 2.0588e-012 0)
(0.686167 2.01612e-012 0)
(0.997433 1.96517e-012 0)
(1.41789 1.94779e-012 0)
(1.97051 1.87113e-012 0)
(2.67701 1.87244e-012 0)
(3.55552 1.83263e-012 0)
(4.61846 1.81141e-012 0)
(5.87067 1.78612e-012 0)
(7.30855 1.75573e-012 0)
(8.92042 1.7456e-012 0)
(10.6891 1.72342e-012 0)
(12.5951 1.6959e-012 0)
(14.6195 1.69022e-012 0)
(16.7445 1.6503e-012 0)
(18.955 1.60936e-012 0)
(21.2377 1.60124e-012 0)
(23.5818 1.55626e-012 0)
(25.9785 1.57491e-012 0)
(28.4204 1.5149e-012 0)
(30.9017 1.49412e-012 0)
(33.4173 1.46211e-012 0)
(35.9635 1.4509e-012 0)
(38.5369 1.47978e-012 0)
(41.1348 1.40659e-012 0)
(43.7549 1.39977e-012 0)
(46.3953 1.40016e-012 0)
(49.0543 1.39998e-012 0)
(51.7304 1.42197e-012 0)
(54.4223 1.39908e-012 0)
(57.129 1.38254e-012 0)
(59.8493 1.39114e-012 0)
(62.5824 1.39666e-012 0)
(65.3273 1.42462e-012 0)
(68.0832 1.41595e-012 0)
(70.8495 1.39444e-012 0)
(73.6253 1.38938e-012 0)
(76.41 1.38437e-012 0)
(79.203 1.39517e-012 0)
(82.0037 1.41363e-012 0)
(84.8116 1.41848e-012 0)
(87.626 1.42965e-012 0)
(90.4464 1.42576e-012 0)
(93.2724 1.42873e-012 0)
(96.1036 1.43366e-012 0)
(98.9394 1.42926e-012 0)
(101.779 1.43239e-012 0)
(104.623 1.43551e-012 0)
(107.471 1.43879e-012 0)
(110.321 1.44387e-012 0)
(113.175 1.44804e-012 0)
(116.031 1.45961e-012 0)
(118.889 1.46824e-012 0)
(121.749 1.48003e-012 0)
(124.61 1.48376e-012 0)
(127.473 1.47576e-012 0)
(130.337 1.47137e-012 0)
(133.202 1.46252e-012 0)
(136.067 1.45773e-012 0)
(138.933 1.45247e-012 0)
(141.799 1.44392e-012 0)
(144.665 1.43327e-012 0)
(147.531 1.42424e-012 0)
(150.396 1.41358e-012 0)
(153.261 1.40174e-012 0)
(156.125 1.3872e-012 0)
(158.987 1.37481e-012 0)
(161.849 1.36755e-012 0)
(164.707 1.362e-012 0)
(167.567 1.34729e-012 0)
(170.421 1.33565e-012 0)
(173.276 1.33484e-012 0)
(176.126 1.34013e-012 0)
(178.974 1.34581e-012 0)
(181.821 1.35725e-012 0)
(184.661 1.36819e-012 0)
(187.501 1.38459e-012 0)
(190.335 1.4037e-012 0)
(193.165 1.42127e-012 0)
(195.992 1.4435e-012 0)
(198.812 1.46757e-012 0)
(201.626 1.48195e-012 0)
(204.436 1.49999e-012 0)
(207.239 1.51775e-012 0)
(210.034 1.53144e-012 0)
(212.822 1.54578e-012 0)
(215.602 1.55277e-012 0)
(218.372 1.55401e-012 0)
(221.132 1.54835e-012 0)
(223.882 1.54858e-012 0)
(226.62 1.54509e-012 0)
(229.344 1.53885e-012 0)
(232.055 1.52562e-012 0)
(234.75 1.50703e-012 0)
(237.428 1.48802e-012 0)
(240.087 1.47021e-012 0)
(242.726 1.45618e-012 0)
(245.342 1.43761e-012 0)
(247.933 1.41457e-012 0)
(250.496 1.39472e-012 0)
(253.028 1.3732e-012 0)
(255.527 1.34922e-012 0)
(257.989 1.31889e-012 0)
(260.409 1.28563e-012 0)
(262.783 1.25423e-012 0)
(265.108 1.21755e-012 0)
(267.377 1.17444e-012 0)
(269.585 1.12808e-012 0)
(271.726 1.07354e-012 0)
(273.793 1.01453e-012 0)
(275.78 9.51523e-013 0)
(277.68 8.85888e-013 0)
(279.485 8.19475e-013 0)
(281.189 7.54341e-013 0)
(282.784 6.90367e-013 0)
(284.264 6.23882e-013 0)
(285.624 5.57159e-013 0)
(286.859 4.94264e-013 0)
(287.967 4.33144e-013 0)
(288.946 3.79783e-013 0)
(289.798 3.29557e-013 0)
(290.527 2.82487e-013 0)
(291.137 2.39235e-013 0)
(291.637 1.94025e-013 0)
(292.037 1.488e-013 0)
(292.349 1.06716e-013 0)
(292.584 6.34884e-014 0)
(292.757 1.2332e-014 0)
(292.879 -3.73982e-014 0)
(292.96 -8.9672e-014 0)
(293.012 -1.37828e-013 0)
(293.046 -1.90571e-013 0)
(293.066 -2.30953e-013 0)
(293.078 -2.69715e-013 0)
(293.084 -3.1103e-013 0)
(293.085 -3.49993e-013 0)
(293.086 -3.89887e-013 0)
(293.088 -4.27137e-013 0)
(293.091 -4.6816e-013 0)
(293.095 -5.08322e-013 0)
(293.103 -5.44481e-013 0)
(293.112 -5.75522e-013 0)
(293.121 -6.06438e-013 0)
(293.132 -6.46347e-013 0)
(293.143 -6.82522e-013 0)
(293.153 -7.19933e-013 0)
(293.163 -7.46923e-013 0)
(293.171 -7.75372e-013 0)
(293.178 -8.04705e-013 0)
(293.183 -8.34563e-013 0)
(293.188 -8.58856e-013 0)
(293.192 -8.81265e-013 0)
(293.195 -9.00549e-013 0)
(293.197 -9.28018e-013 0)
(293.199 -9.54048e-013 0)
(293.2 -9.79473e-013 0)
(293.201 -1.00385e-012 0)
(293.202 -1.02906e-012 0)
(293.203 -1.05739e-012 0)
(293.203 -1.08471e-012 0)
(293.204 -1.11165e-012 0)
(293.204 -1.14282e-012 0)
(293.205 -1.17674e-012 0)
(293.205 -1.20462e-012 0)
(293.206 -1.23454e-012 0)
(293.206 -1.26171e-012 0)
(293.207 -1.28721e-012 0)
(293.207 -1.349e-012 0)
(293.208 -1.45187e-012 0)
(293.208 -2.16769e-012 0)
(293.209 -5.04884e-012 0)
(293.21 -1.767e-011 0)
(293.211 -6.56792e-011 0)
(293.212 -2.00427e-010 0)
(293.213 -4.93468e-010 0)
(293.215 -2.77501e-010 0)
(293.216 3.94295e-009 0)
(293.218 2.87259e-008 0)
(293.22 1.13539e-007 0)
(293.221 3.23583e-007 0)
(293.222 7.16936e-007 0)
(293.222 1.33727e-006 0)
(293.223 2.11948e-006 0)
(293.222 2.71631e-006 0)
(293.222 3.03035e-006 0)
(293.221 2.59335e-006 0)
(293.22 2.24587e-006 0)
(293.22 1.83824e-006 0)
(293.221 5.80514e-007 0)
(293.223 -1.48975e-006 0)
(293.233 -3.64015e-006 0)
(293.27 -1.10697e-006 0)
(293.369 2.10893e-005 0)
(293.471 4.55667e-005 0)
(293.393 8.37501e-005 0)
(293.215 0.000124784 0)
(293.124 0.000390843 0)
(293.104 0.00101737 0)
(293.119 0.0018634 0)
(293.141 0.003064 0)
(293.163 0.00495175 0)
(293.175 0.00799838 0)
(293.168 0.0127574 0)
(293.129 0.0196789 0)
(293.061 0.0289285 0)
(292.982 0.0407414 0)
(292.899 0.0552492 0)
(292.822 0.0724289 0)
(292.757 0.0921262 0)
(292.712 0.114078 0)
(292.685 0.137943 0)
(292.671 0.163315 0)
(292.662 0.189754 0)
(292.65 0.216774 0)
(292.626 0.244004 0)
(292.578 0.271013 0)
(292.419 0.297378 0)
(292.349 0.296699 0)
(292.229 0.296014 0)
(292.118 0.295321 0)
(292.049 0.294621 0)
(292.012 0.293913 0)
(291.994 0.293198 0)
(291.986 0.292475 0)
(291.984 0.291745 0)
(291.986 0.291006 0)
(291.996 0.29026 0)
(292.013 0.289505 0)
(292.039 0.288743 0)
(292.076 0.287973 0)
(292.118 0.287195 0)
(292.17 0.286408 0)
(292.237 0.285614 0)
(292.305 0.284812 0)
(292.382 0.284003 0)
(292.477 0.283186 0)
(292.575 0.282361 0)
(292.68 0.281529 0)
(292.796 0.28069 0)
(292.917 0.279843 0)
(293.046 0.27899 0)
(293.18 0.278129 0)
(293.321 0.277262 0)
(293.466 0.276388 0)
(293.616 0.275507 0)
(293.771 0.27462 0)
(293.929 0.273726 0)
(294.09 0.272826 0)
(294.254 0.27192 0)
(294.421 0.271008 0)
(294.589 0.270091 0)
(294.758 0.269167 0)
(294.929 0.268239 0)
(295.1 0.267305 0)
(295.272 0.266366 0)
(295.443 0.265422 0)
(295.615 0.264473 0)
(295.786 0.26352 0)
(295.957 0.262563 0)
(296.127 0.261602 0)
(296.296 0.260638 0)
(296.465 0.25967 0)
(296.633 0.258698 0)
(296.799 0.257723 0)
(296.966 0.256746 0)
(297.128 0.255765 0)
(297.291 0.254783 0)
(297.451 0.253797 0)
(297.611 0.252809 0)
(297.769 0.251819 0)
(297.926 0.250828 0)
(298.082 0.249833 0)
(298.24 0.248838 0)
(298.395 0.24784 0)
(298.553 0.246841 0)
(298.711 0.24584 0)
(298.864 0.244838 0)
(299.021 0.243834 0)
(299.173 0.242829 0)
(299.325 0.241823 0)
(299.475 0.240815 0)
(299.623 0.239806 0)
(299.77 0.238796 0)
(299.916 0.237785 0)
(300.062 0.236773 0)
(300.206 0.23576 0)
(300.35 0.234746 0)
(300.493 0.233731 0)
(300.636 0.232715 0)
(300.777 0.231699 0)
(300.918 0.230681 0)
(301.059 0.229663 0)
(301.199 0.228644 0)
(301.338 0.227624 0)
(301.476 0.226604 0)
(301.614 0.225584 0)
(301.751 0.224562 0)
(301.887 0.22354 0)
(302.022 0.222518 0)
(302.157 0.221495 0)
(302.291 0.220472 0)
(302.424 0.219448 0)
(302.557 0.218424 0)
(302.688 0.217399 0)
(302.819 0.216374 0)
(302.949 0.215349 0)
(303.078 0.214324 0)
(303.206 0.213298 0)
(303.334 0.212272 0)
(303.46 0.211245 0)
(303.585 0.210219 0)
(303.71 0.209192 0)
(303.833 0.208165 0)
(303.955 0.207138 0)
(304.077 0.206111 0)
(304.197 0.205084 0)
(304.314 0.204056 0)
(154.839 -48.9328 0)
(155.352 -48.9815 0)
(156.541 -49.0477 0)
(157.817 -49.1371 0)
(158.816 -49.2506 0)
(159.674 -49.3866 0)
(160.539 -49.542 0)
(161.454 -49.7108 0)
(162.408 -49.8831 0)
(163.381 -50.0462 0)
(164.372 -50.1862 0)
(165.386 -50.2921 0)
(166.418 -50.3569 0)
(167.468 -50.379 0)
(168.536 -50.3606 0)
(169.62 -50.3068 0)
(170.72 -50.2235 0)
(171.833 -50.1165 0)
(172.959 -49.9904 0)
(174.095 -49.8486 0)
(175.241 -49.6927 0)
(176.394 -49.5234 0)
(177.554 -49.3402 0)
(178.72 -49.1417 0)
(179.889 -48.9262 0)
(181.062 -48.6916 0)
(182.236 -48.4354 0)
(183.408 -48.155 0)
(184.575 -47.8478 0)
(185.732 -47.5109 0)
(186.875 -47.142 0)
(188 -46.7386 0)
(189.103 -46.299 0)
(190.18 -45.8218 0)
(191.225 -45.3064 0)
(192.235 -44.7532 0)
(193.203 -44.1632 0)
(194.123 -43.5387 0)
(194.99 -42.8825 0)
(195.797 -42.1979 0)
(196.535 -41.4889 0)
(197.196 -40.7595 0)
(197.772 -40.0142 0)
(198.252 -39.2569 0)
(198.628 -38.4916 0)
(198.889 -37.7214 0)
(199.028 -36.9493 0)
(199.035 -36.1775 0)
(198.89 -35.4074 0)
(198.571 -34.6397 0)
(198.054 -33.8745 0)
(197.293 -33.1113 0)
(196.219 -32.3486 0)
(194.715 -31.584 0)
(192.597 -30.8139 0)
(189.579 -30.0322 0)
(185.247 -29.2303 0)
(179.056 -28.3957 0)
(170.404 -27.5099 0)
(158.812 -26.55 0)
(144.208 -25.4911 0)
(127.169 -24.3117 0)
(108.901 -22.9934 0)
(90.8631 -21.5385 0)
(74.2248 -19.958 0)
(59.5711 -18.269 0)
(46.9603 -16.4784 0)
(36.2048 -14.6157 0)
(27.0713 -12.6896 0)
(19.3945 -10.7147 0)
(13.0763 -8.69661 0)
(8.08205 -6.67812 0)
(4.39534 -4.68898 0)
(1.98035 -2.81678 0)
(0.703794 -1.29347 0)
(0.204996 -0.454912 0)
(0.0533708 -0.126327 0)
(0.0131237 -0.0292526 0)
(0.00312637 -0.00622662 0)
(0.000729887 -0.00129304 0)
(0.000167903 -0.000266879 0)
(3.81762e-005 -5.49912e-005 0)
(8.59749e-006 -1.13229e-005 0)
(1.92073e-006 -2.33017e-006 0)
(4.26176e-007 -4.793e-007 0)
(9.40044e-008 -9.85436e-008 0)
(2.06284e-008 -2.02528e-008 0)
(4.50706e-009 -4.16213e-009 0)
(9.81289e-010 -8.5667e-010 0)
(2.13695e-010 -1.77947e-010 0)
(4.70976e-011 -3.86242e-011 0)
(1.17379e-011 -1.00555e-011 0)
(3.88995e-012 -4.18838e-012 0)
(2.87856e-012 -2.96244e-012 0)
(2.28535e-012 -2.74242e-012 0)
(2.227e-012 -2.68954e-012 0)
(2.23672e-012 -2.68771e-012 0)
(2.00333e-012 -2.69379e-012 0)
(2.10057e-012 -2.70656e-012 0)
(1.90608e-012 -2.73391e-012 0)
(1.98388e-012 -2.70656e-012 0)
(1.34203e-012 -2.7181e-012 0)
(1.55598e-012 -2.72965e-012 0)
(1.01139e-012 -2.68711e-012 0)
(1.52681e-012 -2.75518e-012 0)
(1.07946e-012 -2.70534e-012 0)
(1.57543e-012 -2.70048e-012 0)
(1.13781e-012 -2.69197e-012 0)
(1.81855e-012 -2.70777e-012 0)
(1.33231e-012 -2.69744e-012 0)
(1.78938e-012 -2.66826e-012 0)
(1.7991e-012 -2.70777e-012 0)
(1.838e-012 -2.6792e-012 0)
(1.92553e-012 -2.66948e-012 0)
(1.70185e-012 -2.68407e-012 0)
(2.21727e-012 -2.67495e-012 0)
(1.94498e-012 -2.71689e-012 0)
(2.12002e-012 -2.66826e-012 0)
(2.1103e-012 -2.70777e-012 0)
(2.10057e-012 -2.66826e-012 0)
(1.98388e-012 -2.6634e-012 0)
(2.36315e-012 -2.69318e-012 0)
(1.71158e-012 -2.65854e-012 0)
(1.9936e-012 -2.66948e-012 0)
(1.44901e-012 -2.68711e-012 0)
(1.9158e-012 -2.68954e-012 0)
(1.19616e-012 -2.66705e-012 0)
(1.80883e-012 -2.67434e-012 0)
(8.1689e-013 -2.64699e-012 0)
(1.37121e-012 -2.67981e-012 0)
(4.86244e-013 -2.63727e-012 0)
(9.82213e-013 -2.62389e-012 0)
(9.72488e-015 -2.63909e-012 0)
(7.68266e-013 -2.60201e-012 0)
(-3.88995e-014 -2.60262e-012 0)
(5.15419e-013 -2.60688e-012 0)
(-9.72488e-014 -2.56372e-012 0)
(4.08445e-013 -2.53333e-012 0)
(1.16699e-013 -2.53333e-012 0)
(4.08445e-013 -2.53029e-012 0)
(2.82022e-013 -2.5309e-012 0)
(4.1817e-013 -2.51814e-012 0)
(4.86244e-014 -2.49686e-012 0)
(1.84773e-013 -2.50537e-012 0)
(-3.30646e-013 -2.52908e-012 0)
(3.11196e-013 -2.48045e-012 0)
(-2.04222e-013 -2.55704e-012 0)
(2.33397e-013 -2.51388e-012 0)
(5.83493e-013 -2.53151e-012 0)
(9.72488e-013 -2.554e-012 0)
(304.637 -0.0154294 0)
(304.488 -0.269739 0)
(304.202 -0.564129 0)
(303.83 -0.901739 0)
(303.416 -1.28347 0)
(303.031 -1.70956 0)
(302.685 -2.18067 0)
(302.366 -2.69777 0)
(302.06 -3.26198 0)
(301.755 -3.87443 0)
(301.446 -4.53631 0)
(301.131 -5.24889 0)
(300.809 -6.01349 0)
(300.479 -6.83141 0)
(300.143 -7.70397 0)
(299.8 -8.63248 0)
(299.452 -9.61825 0)
(299.098 -10.6625 0)
(298.74 -11.7661 0)
(298.38 -12.9298 0)
(298.018 -14.1537 0)
(297.655 -15.4378 0)
(297.291 -16.781 0)
(296.926 -18.1817 0)
(296.561 -19.637 0)
(296.196 -21.1422 0)
(295.829 -22.6904 0)
(295.462 -24.2716 0)
(295.095 -25.8732 0)
(294.727 -27.4799 0)
(294.359 -29.0742 0)
(293.992 -30.6367 0)
(293.627 -32.1466 0)
(293.263 -33.5819 0)
(292.904 -34.9201 0)
(292.556 -36.1394 0)
(292.2 -37.2197 0)
(291.828 -38.1444 0)
(291.46 -38.8996 0)
(291.102 -39.4765 0)
(290.753 -39.8711 0)
(290.409 -40.0855 0)
(290.07 -40.1267 0)
(289.737 -40.0062 0)
(289.411 -39.7387 0)
(289.092 -39.3414 0)
(288.782 -38.8323 0)
(288.479 -38.2299 0)
(288.185 -37.5515 0)
(287.899 -36.8129 0)
(287.622 -36.0282 0)
(287.352 -35.2089 0)
(287.091 -34.3642 0)
(286.836 -33.5007 0)
(286.588 -32.6219 0)
(286.346 -31.7284 0)
(286.106 -30.8168 0)
(285.867 -29.879 0)
(285.625 -28.9022 0)
(285.377 -27.8684 0)
(285.117 -26.7569 0)
(284.846 -25.5473 0)
(284.566 -24.2246 0)
(284.281 -22.7824 0)
(283.981 -21.2235 0)
(283.657 -19.5576 0)
(283.284 -17.7982 0)
(282.807 -15.9594 0)
(282.069 -14.0549 0)
(280.893 -12.0968 0)
(278.786 -10.0983 0)
(274.568 -8.07335 0)
(265.275 -6.03742 0)
(241.485 -4.01046 0)
(182.443 -2.06294 0)
(94.5083 -0.698326 0)
(32.1415 -0.157524 0)
(8.37171 -0.0310706 0)
(1.88794 -0.00630526 0)
(0.399044 -0.0012964 0)
(0.0827482 -0.000267023 0)
(0.0170771 -5.49973e-005 0)
(0.00351941 -1.13231e-005 0)
(0.000724828 -2.33018e-006 0)
(0.000149201 -4.793e-007 0)
(3.06972e-005 -9.85435e-008 0)
(6.31272e-006 -2.02527e-008 0)
(1.29758e-006 -4.16211e-009 0)
(2.66596e-007 -8.5665e-010 0)
(5.47499e-008 -1.77895e-010 0)
(1.12402e-008 -3.85908e-011 0)
(2.30753e-009 -1.00108e-011 0)
(4.74263e-010 -4.14827e-012 0)
(9.83491e-011 -2.95115e-012 0)
(2.12169e-011 -2.72844e-012 0)
(5.5793e-012 -2.65654e-012 0)
(2.54514e-012 -2.67217e-012 0)
(1.52264e-012 -2.66896e-012 0)
(1.55598e-012 -2.67486e-012 0)
(1.27813e-012 -2.67443e-012 0)
(1.77826e-012 -2.67834e-012 0)
(1.64489e-012 -2.67443e-012 0)
(1.75604e-012 -2.68268e-012 0)
(1.72269e-012 -2.65776e-012 0)
(1.94498e-012 -2.67617e-012 0)
(2.00055e-012 -2.65411e-012 0)
(2.06723e-012 -2.6634e-012 0)
(2.16726e-012 -2.65394e-012 0)
(1.97832e-012 -2.63701e-012 0)
(2.48957e-012 -2.65507e-012 0)
(2.1228e-012 -2.61703e-012 0)
(2.17837e-012 -2.65142e-012 0)
(1.90052e-012 -2.61634e-012 0)
(2.52291e-012 -2.63701e-012 0)
(1.88941e-012 -2.63978e-012 0)
(2.2784e-012 -2.59429e-012 0)
(1.9672e-012 -2.6568e-012 0)
(2.21172e-012 -2.61313e-012 0)
(1.85606e-012 -2.63675e-012 0)
(1.75604e-012 -2.63032e-012 0)
(2.2006e-012 -2.61617e-012 0)
(2.08946e-012 -2.64187e-012 0)
(2.08946e-012 -2.63023e-012 0)
(2.22283e-012 -2.62172e-012 0)
(2.22283e-012 -2.63249e-012 0)
(2.32286e-012 -2.6054e-012 0)
(2.24506e-012 -2.61165e-012 0)
(2.2784e-012 -2.61617e-012 0)
(2.06723e-012 -2.59177e-012 0)
(2.30063e-012 -2.58986e-012 0)
(2.36731e-012 -2.5764e-012 0)
(2.47846e-012 -2.5612e-012 0)
(2.42288e-012 -2.54714e-012 0)
(2.38954e-012 -2.52456e-012 0)
(2.24506e-012 -2.53915e-012 0)
(1.87829e-012 -2.49886e-012 0)
(2.11169e-012 -2.50155e-012 0)
(1.88941e-012 -2.47759e-012 0)
(2.14503e-012 -2.49791e-012 0)
(1.40038e-012 -2.4393e-012 0)
(1.30036e-012 -2.47229e-012 0)
(7.00191e-013 -2.44694e-012 0)
(4.00109e-013 -2.44338e-012 0)
(-3.44539e-013 -2.47741e-012 0)
(-5.55707e-013 -2.45362e-012 0)
(-9.22474e-013 -2.41247e-012 0)
(-1.04473e-012 -2.50459e-012 0)
(-1.24478e-012 -2.45614e-012 0)
(-1.22256e-012 -2.47637e-012 0)
(-1.22256e-012 -2.50068e-012 0)
)
;

boundaryField
{
    inlet
    {
        type            zeroGradient;
    }
    outlet
    {
        type            zeroGradient;
    }
    bottom
    {
        type            symmetryPlane;
    }
    top
    {
        type            symmetryPlane;
    }
    obstacle
    {
        type            zeroGradient;
    }
    defaultFaces
    {
        type            empty;
    }
}


// ************************************************************************* //
