/*--------------------------------*- C++ -*----------------------------------*\
| =========                 |                                                 |
| \\      /  F ield         | OpenFOAM: The Open Source CFD Toolbox           |
|  \\    /   O peration     | Version:  5.x                                   |
|   \\  /    A nd           | Web:      www.OpenFOAM.org                      |
|    \\/     M anipulation  |                                                 |
\*---------------------------------------------------------------------------*/
/*   Windows 32 and 64 bit porting by blueCAPE: http://www.bluecape.com.pt   *\
|  Based on Windows porting (2.0.x v4) by Symscape: http://www.symscape.com   |
\*---------------------------------------------------------------------------*/
FoamFile
{
    version     2.0;
    format      ascii;
    class       volScalarField;
    location    "0.005";
    object      p;
}
// * * * * * * * * * * * * * * * * * * * * * * * * * * * * * * * * * * * * * //

dimensions      [1 -1 -2 0 0 0 0];

internalField   nonuniform List<scalar> 
10000
(
100000
100000
100000
100000
99999.9
99999.7
99998.6
99993.7
99973.9
99903.1
99682.5
99104.3
97807.2
95324.2
91336.6
85990.3
79956.7
73799.3
68048.4
62710.7
57975.2
53599.9
49791.6
46396.9
43381.5
40734.6
38462.1
36548.2
34911.8
33595.7
32567.8
31721.1
31165.8
30863.1
30622
30502
30457.5
30456.1
30456.5
30458.1
30453.1
30455
30453.9
30451.2
30441.5
30430.2
30400.9
30389.8
30385.9
30332.5
30282.9
30269.1
30284.2
30275.6
30274.3
30285.8
30307.6
30314.9
30362.7
30413.3
100000
100000
100000
100000
99999.9
99999.7
99998.6
99993.7
99973.9
99903.1
99682.5
99104.3
97807.2
95324.2
91336.6
85990.3
79956.7
73799.3
68048.4
62710.7
57975.2
53599.9
49791.6
46396.9
43381.5
40734.6
38462.1
36548.2
34911.8
33595.7
32567.8
31721.1
31165.8
30863.1
30622
30502
30457.5
30456.1
30456.5
30458.1
30453.1
30455
30453.9
30451.2
30441.5
30430.2
30400.9
30389.8
30385.9
30332.5
30282.9
30270.2
30285.9
30278.3
30275.5
30290.4
30313.2
30319.3
30363.2
30442.9
100000
100000
100000
100000
99999.9
99999.7
99998.6
99993.7
99973.9
99903.1
99682.5
99104.3
97807.2
95324.2
91336.6
85990.3
79956.7
73799.3
68048.4
62710.7
57975.2
53599.9
49791.6
46396.9
43381.5
40734.6
38462.1
36548.2
34911.8
33595.7
32567.8
31721.1
31165.8
30863.1
30622
30502
30457.5
30456.1
30456.5
30458.1
30453.1
30455
30453.9
30451.2
30441.5
30430.2
30400.9
30389.8
30385.9
30332.5
30282.8
30272.8
30289.8
30285.1
30278.1
30296.1
30322.8
30328.6
30362.5
30493.9
100000
100000
100000
100000
99999.9
99999.7
99998.6
99993.7
99973.9
99903.1
99682.5
99104.3
97807.2
95324.2
91336.6
85990.3
79956.7
73799.3
68048.4
62710.7
57975.2
53599.9
49791.6
46396.9
43381.5
40734.6
38462.1
36548.2
34911.8
33595.7
32567.8
31721.1
31165.8
30863.1
30622
30502
30457.5
30456.1
30456.5
30458.1
30453.1
30455
30453.9
30451.2
30441.5
30430.2
30400.9
30389.8
30385.9
30332.5
30282.8
30276.9
30296
30293.9
30284.7
30297.4
30335.9
30352.2
30380.5
30523.2
100000
100000
100000
100000
99999.9
99999.7
99998.6
99993.7
99973.9
99903.1
99682.5
99104.3
97807.2
95324.2
91336.6
85990.3
79956.7
73799.3
68048.4
62710.7
57975.2
53599.9
49791.6
46396.9
43381.5
40734.6
38462.1
36548.2
34911.8
33595.7
32567.8
31721.1
31165.8
30863.1
30622
30502
30457.5
30456.1
30456.5
30458.1
30453.1
30455
30453.9
30451.2
30441.5
30430.2
30400.9
30389.8
30385.9
30332.5
30282.8
30282.5
30302.6
30300.6
30295.6
30296.5
30347.1
30373.7
30406.2
30537.2
100000
100000
100000
100000
99999.9
99999.7
99998.6
99993.7
99973.9
99903.1
99682.5
99104.3
97807.2
95324.2
91336.6
85990.3
79956.7
73799.3
68048.4
62710.7
57975.2
53599.9
49791.6
46396.9
43381.5
40734.6
38462.1
36548.2
34911.8
33595.7
32567.8
31721.1
31165.8
30863.1
30622
30502
30457.5
30456.1
30456.5
30458.1
30453.1
30455
30453.9
30451.2
30441.5
30430.2
30400.9
30389.8
30385.9
30332.5
30284.6
30286.9
30307.9
30303.2
30304.8
30304.9
30339.1
30386.4
30428.4
30547.9
100000
100000
100000
100000
99999.9
99999.7
99998.6
99993.7
99973.9
99903.1
99682.5
99104.3
97807.2
95324.2
91336.6
85990.3
79956.7
73799.3
68048.4
62710.7
57975.2
53599.9
49791.6
46396.9
43381.5
40734.6
38462.1
36548.2
34911.8
33595.7
32567.8
31721.1
31165.8
30863.1
30622
30502
30457.5
30456.1
30456.5
30458.1
30453.1
30455
30453.9
30451.2
30441.5
30430.2
30400.9
30389.8
30385.9
30332.4
30288.8
30291.5
30311.6
30306.7
30306.8
30317.4
30329.2
30392
30448.7
30533.1
100000
100000
100000
100000
99999.9
99999.7
99998.6
99993.7
99973.9
99903.1
99682.5
99104.3
97807.2
95324.2
91336.6
85990.3
79956.7
73799.3
68048.4
62710.7
57975.2
53599.9
49791.6
46396.9
43381.5
40734.6
38462.1
36548.2
34911.8
33595.7
32567.8
31721.1
31165.8
30863.1
30622
30502
30457.5
30456.1
30456.5
30458.1
30453.1
30455
30453.9
30451.2
30441.5
30430.2
30400.9
30389.8
30385.9
30332.3
30293.8
30297.3
30315.4
30310.5
30305.4
30309.5
30339
30388.5
30468.4
30509.2
100000
100000
100000
100000
99999.9
99999.7
99998.6
99993.7
99973.9
99903.1
99682.5
99104.3
97807.2
95324.2
91336.6
85990.3
79956.7
73799.3
68048.4
62710.7
57975.2
53599.9
49791.6
46396.9
43381.5
40734.6
38462.1
36548.2
34911.8
33595.7
32567.8
31721.1
31165.8
30863.1
30622
30502
30457.5
30456.1
30456.5
30458.1
30453.1
30455
30453.9
30451.2
30441.5
30430.2
30400.9
30389.8
30385.9
30332.2
30299.2
30302
30316.5
30315.9
30301.4
30303.6
30344.2
30392.3
30474.4
30502.8
100000
100000
100000
100000
99999.9
99999.7
99998.6
99993.7
99973.9
99903.1
99682.5
99104.3
97807.2
95324.2
91336.6
85990.3
79956.7
73799.3
68048.4
62710.7
57975.2
53599.9
49791.6
46396.9
43381.5
40734.6
38462.1
36548.2
34911.8
33595.7
32567.8
31721.1
31165.8
30863.1
30622
30502
30457.5
30456.1
30456.5
30458.1
30453.1
30455
30453.9
30451.2
30441.5
30430.2
30400.9
30389.8
30385.8
30332.1
30303.7
30305.2
30316
30318.5
30303.4
30301.6
30349.4
30395.3
30453.6
30511.4
100000
100000
100000
100000
99999.9
99999.7
99998.6
99993.7
99973.9
99903.1
99682.5
99104.3
97807.2
95324.2
91336.6
85990.3
79956.7
73799.3
68048.4
62710.7
57975.2
53599.9
49791.6
46396.9
43381.5
40734.6
38462.1
36548.2
34911.8
33595.7
32567.8
31721.1
31165.8
30863.1
30622
30502
30457.5
30456.1
30456.5
30458.1
30453.1
30455
30453.9
30451.2
30441.5
30430.2
30400.9
30389.8
30385.8
30332
30306.5
30307.2
30318.5
30321
30306.7
30302.9
30346.5
30403
30443
30500.7
100000
100000
100000
100000
99999.9
99999.7
99998.6
99993.7
99973.9
99903.1
99682.5
99104.3
97807.2
95324.2
91336.6
85990.3
79956.7
73799.3
68048.4
62710.7
57975.2
53599.9
49791.6
46396.9
43381.5
40734.6
38462.1
36548.2
34911.8
33595.7
32567.8
31721.1
31165.8
30863.1
30622
30502
30457.5
30456.1
30456.5
30458.1
30453.1
30455
30453.9
30451.2
30441.5
30430.2
30400.9
30389.8
30385.8
30331.9
30308.6
30308.8
30323.1
30323.2
30311.3
30310.6
30329.9
30405.5
30446.8
30479.8
100000
100000
100000
100000
99999.9
99999.7
99998.6
99993.7
99973.9
99903.1
99682.5
99104.3
97807.2
95324.2
91336.6
85990.3
79956.7
73799.3
68048.4
62710.7
57975.2
53599.9
49791.6
46396.9
43381.5
40734.6
38462.1
36548.2
34911.8
33595.7
32567.8
31721.1
31165.8
30863.1
30622
30502
30457.5
30456.1
30456.5
30458.1
30453.1
30455
30453.9
30451.2
30441.5
30430.2
30400.9
30389.8
30385.7
30331.8
30310.7
30310.6
30327
30324.2
30313
30318.9
30322.5
30395.6
30445.5
30465.4
100000
100000
100000
100000
99999.9
99999.7
99998.6
99993.7
99973.9
99903.1
99682.5
99104.3
97807.2
95324.2
91336.6
85990.3
79956.7
73799.3
68048.4
62710.7
57975.2
53599.9
49791.6
46396.9
43381.5
40734.6
38462.1
36548.2
34911.8
33595.7
32567.8
31721.1
31165.8
30863.1
30622
30502
30457.5
30456.1
30456.5
30458.1
30453.1
30455
30453.9
30451.2
30441.5
30430.2
30400.9
30389.8
30385.7
30331.7
30312.8
30312.2
30328.4
30326.1
30311.1
30318.4
30327.5
30387.8
30443.9
30447.6
100000
100000
100000
100000
99999.9
99999.7
99998.6
99993.7
99973.9
99903.1
99682.5
99104.3
97807.2
95324.2
91336.6
85990.3
79956.7
73799.3
68048.4
62710.7
57975.2
53599.9
49791.6
46396.9
43381.5
40734.6
38462.1
36548.2
34911.8
33595.7
32567.8
31721.1
31165.8
30863.1
30622
30502
30457.5
30456.1
30456.5
30458.1
30453.1
30455
30453.9
30451.2
30441.5
30430.2
30400.9
30389.8
30385.7
30331.6
30314.4
30313.3
30328.2
30326.2
30311.4
30317.4
30327.5
30386.5
30442.3
30426.1
100000
100000
100000
100000
99999.9
99999.7
99998.6
99993.7
99973.9
99903.1
99682.5
99104.3
97807.2
95324.2
91336.6
85990.3
79956.7
73799.3
68048.4
62710.7
57975.2
53599.9
49791.6
46396.9
43381.5
40734.6
38462.1
36548.2
34911.8
33595.7
32567.8
31721.1
31165.8
30863.1
30622
30502
30457.5
30456.1
30456.5
30458.1
30453.1
30455
30453.9
30451.2
30441.5
30430.2
30400.9
30389.8
30385.7
30331.6
30315.5
30314
30328.1
30326.2
30310.8
30315.8
30329
30380
30433.6
30407.2
100000
100000
100000
100000
99999.9
99999.7
99998.6
99993.7
99973.9
99903.1
99682.5
99104.3
97807.2
95324.2
91336.6
85990.3
79956.7
73799.3
68048.4
62710.7
57975.2
53599.9
49791.6
46396.9
43381.5
40734.6
38462.1
36548.2
34911.8
33595.7
32567.8
31721.1
31165.8
30863.1
30622
30502
30457.5
30456.1
30456.5
30458.1
30453.1
30455
30453.9
30451.2
30441.5
30430.2
30400.9
30389.8
30385.6
30331.6
30316.3
30314.3
30327.4
30325.3
30309.6
30315.3
30329.6
30370.2
30424.6
30390.6
100000
100000
100000
100000
99999.9
99999.7
99998.6
99993.7
99973.9
99903.1
99682.5
99104.3
97807.2
95324.2
91336.6
85990.3
79956.7
73799.3
68048.4
62710.7
57975.2
53599.9
49791.6
46396.9
43381.5
40734.6
38462.1
36548.2
34911.8
33595.7
32567.8
31721.1
31165.8
30863.1
30622
30502
30457.5
30456.1
30456.5
30458.1
30453.1
30455
30453.9
30451.2
30441.5
30430.2
30400.9
30389.8
30385.6
30331.6
30316.7
30314.4
30326.2
30324.1
30307.8
30313
30330.8
30360.6
30416.2
30380
100000
100000
100000
100000
99999.9
99999.7
99998.6
99993.7
99973.9
99903.1
99682.5
99104.3
97807.2
95324.2
91336.6
85990.3
79956.7
73799.3
68048.4
62710.7
57975.2
53599.9
49791.6
46396.9
43381.5
40734.6
38462.1
36548.2
34911.8
33595.7
32567.8
31721.1
31165.8
30863.1
30622
30502
30457.5
30456.1
30456.5
30458.1
30453.1
30455
30453.9
30451.2
30441.5
30430.2
30400.9
30389.8
30385.6
30331.6
30316.9
30314.2
30325.2
30323
30306.8
30313.2
30332.6
30349.5
30409
30373.6
100000
100000
100000
100000
99999.9
99999.7
99998.6
99993.7
99973.9
99903.1
99682.5
99104.3
97807.2
95324.2
91336.6
85990.3
79956.7
73799.3
68048.4
62710.7
57975.2
53599.9
49791.6
46396.9
43381.5
40734.6
38462.1
36548.2
34911.8
33595.7
32567.8
31721.1
31165.8
30863.1
30622
30502
30457.5
30456.1
30456.5
30458.1
30453.1
30455
30453.9
30451.2
30441.5
30430.2
30400.9
30389.8
30385.6
30331.6
30316.8
30313.9
30325
30322.6
30307.1
30314.7
30331.7
30339.6
30398.8
30364
100000
100000
100000
100000
99999.9
99999.7
99998.6
99993.7
99973.9
99903.1
99682.5
99104.3
97807.2
95324.2
91336.6
85990.3
79956.7
73799.3
68048.4
62710.7
57975.2
53599.9
49791.6
46396.9
43381.5
40734.6
38462.1
36548.2
34911.8
33595.7
32567.8
31721.1
31165.8
30863.1
30622
30502
30457.5
30456.1
30456.5
30458.1
30453.1
30455
30453.9
30451.2
30441.5
30430.2
30400.9
30389.8
30385.6
30331.6
30316.5
30313.6
30325.5
30322.6
30306.9
30314.2
30328.5
30332.3
30390.1
30357.4
100000
100000
100000
100000
99999.9
99999.7
99998.6
99993.7
99973.9
99903.1
99682.5
99104.3
97807.2
95324.2
91336.6
85990.3
79956.7
73799.3
68048.4
62710.7
57975.2
53599.9
49791.6
46396.9
43381.5
40734.6
38462.1
36548.2
34911.8
33595.7
32567.8
31721.1
31165.8
30863.1
30622
30502
30457.5
30456.1
30456.5
30458.1
30453.1
30455
30453.9
30451.2
30441.5
30430.2
30400.9
30389.8
30385.6
30331.6
30316
30313.4
30326
30323
30306.7
30313
30326
30328
30383.4
30353.6
100000
100000
100000
100000
99999.9
99999.7
99998.6
99993.7
99973.9
99903.1
99682.5
99104.3
97807.2
95324.2
91336.6
85990.3
79956.7
73799.3
68048.4
62710.7
57975.2
53599.9
49791.6
46396.9
43381.5
40734.6
38462.1
36548.2
34911.8
33595.7
32567.8
31721.1
31165.8
30863.1
30622
30502
30457.5
30456.1
30456.5
30458.1
30453.1
30455
30453.9
30451.2
30441.5
30430.2
30400.9
30389.8
30385.6
30331.6
30315.4
30312.8
30325.8
30323.1
30306.8
30312
30324.9
30326.4
30378.9
30351.8
100000
100000
100000
100000
99999.9
99999.7
99998.6
99993.7
99973.9
99903.1
99682.5
99104.3
97807.2
95324.2
91336.6
85990.3
79956.7
73799.3
68048.4
62710.7
57975.2
53599.9
49791.6
46396.9
43381.5
40734.6
38462.1
36548.2
34911.8
33595.7
32567.8
31721.1
31165.8
30863.1
30622
30502
30457.5
30456.1
30456.5
30458.1
30453.1
30455
30453.9
30451.2
30441.5
30430.2
30400.9
30389.8
30385.6
30331.6
30314.6
30312
30325.3
30323.3
30307.4
30311.6
30325
30325.6
30375.2
30350.8
100000
100000
100000
100000
99999.9
99999.7
99998.6
99993.7
99973.9
99903.1
99682.5
99104.3
97807.2
95324.2
91336.6
85990.3
79956.7
73799.3
68048.4
62710.7
57975.2
53599.9
49791.6
46396.9
43381.5
40734.6
38462.1
36548.2
34911.8
33595.7
32567.8
31721.1
31165.8
30863.1
30622
30502
30457.5
30456.1
30456.5
30458.1
30453.1
30455
30453.9
30451.2
30441.5
30430.2
30400.9
30389.8
30385.7
30331.7
30313.5
30311.1
30325.1
30323.5
30308.3
30311.6
30325.2
30324.9
30372.2
30349.2
100000
100000
100000
100000
99999.9
99999.7
99998.6
99993.7
99973.9
99903.1
99682.5
99104.3
97807.2
95324.2
91336.6
85990.3
79956.7
73799.3
68048.4
62710.7
57975.2
53599.9
49791.6
46396.9
43381.5
40734.6
38462.1
36548.2
34911.8
33595.7
32567.8
31721.1
31165.8
30863.1
30622
30502
30457.5
30456.1
30456.5
30458.1
30453.1
30455
30453.9
30451.2
30441.5
30430.2
30400.9
30389.8
30385.7
30331.7
30312.2
30310.3
30325.3
30323.5
30309
30311.3
30324.6
30323.8
30369.3
30346.5
100000
100000
100000
100000
99999.9
99999.7
99998.6
99993.7
99973.9
99903.1
99682.5
99104.3
97807.2
95324.2
91336.6
85990.3
79956.7
73799.3
68048.4
62710.7
57975.2
53599.9
49791.6
46396.9
43381.5
40734.6
38462.1
36548.2
34911.8
33595.7
32567.8
31721.1
31165.8
30863.1
30622
30502
30457.5
30456.1
30456.5
30458.1
30453.1
30455
30453.9
30451.2
30441.5
30430.2
30400.9
30389.8
30385.7
30331.8
30311
30309.5
30325.5
30323.3
30309.1
30310.3
30323.8
30322.3
30367.1
30343.9
100000
100000
100000
100000
99999.9
99999.7
99998.6
99993.7
99973.9
99903.1
99682.5
99104.3
97807.2
95324.2
91336.6
85990.3
79956.7
73799.3
68048.4
62710.7
57975.2
53599.9
49791.6
46396.9
43381.5
40734.6
38462.1
36548.2
34911.8
33595.7
32567.8
31721.1
31165.8
30863.1
30622
30502
30457.5
30456.1
30456.5
30458.1
30453.1
30455
30453.9
30451.2
30441.5
30430.2
30400.9
30389.8
30385.7
30331.8
30309.9
30308.7
30325.6
30322.9
30308.5
30309.2
30322.9
30321.3
30365.6
30341.7
100000
100000
100000
100000
99999.9
99999.7
99998.6
99993.7
99973.9
99903.1
99682.5
99104.3
97807.2
95324.2
91336.6
85990.3
79956.7
73799.3
68048.4
62710.7
57975.2
53599.9
49791.6
46396.9
43381.5
40734.6
38462.1
36548.2
34911.8
33595.7
32567.8
31721.1
31165.8
30863.1
30622
30502
30457.5
30456.1
30456.5
30458.1
30453.1
30455
30453.9
30451.2
30441.5
30430.2
30400.9
30389.8
30385.7
30331.8
30308.8
30307.9
30325.5
30322.3
30307.6
30308.1
30322.4
30320.9
30365
30340.4
100000
100000
100000
100000
99999.9
99999.7
99998.6
99993.7
99973.9
99903.1
99682.5
99104.3
97807.2
95324.2
91336.6
85990.3
79956.7
73799.3
68048.4
62710.7
57975.2
53599.9
49791.6
46396.9
43381.5
40734.6
38462.1
36548.2
34911.8
33595.7
32567.8
31721.1
31165.8
30863.1
30622
30502
30457.5
30456.1
30456.5
30458.1
30453.1
30455
30453.9
30451.2
30441.5
30430.2
30400.9
30389.8
30385.7
30331.9
30307.9
30307
30325
30321.6
30306.5
30306.9
30321.9
30321.2
30365.6
30340.1
100000
100000
100000
100000
99999.9
99999.7
99998.6
99993.7
99973.9
99903.1
99682.5
99104.3
97807.2
95324.2
91336.6
85990.3
79956.7
73799.3
68048.4
62710.7
57975.2
53599.9
49791.6
46396.9
43381.5
40734.6
38462.1
36548.2
34911.8
33595.7
32567.8
31721.1
31165.8
30863.1
30622
30502
30457.5
30456.1
30456.5
30458.1
30453.1
30455
30453.9
30451.2
30441.5
30430.2
30400.9
30389.8
30385.8
30331.9
30306.9
30306.1
30324.3
30320.8
30305.4
30306.2
30321.4
30321.9
30366.5
30340.3
100000
100000
100000
100000
99999.9
99999.7
99998.6
99993.7
99973.9
99903.1
99682.5
99104.3
97807.2
95324.2
91336.6
85990.3
79956.7
73799.3
68048.4
62710.7
57975.2
53599.9
49791.6
46396.9
43381.5
40734.6
38462.1
36548.2
34911.8
33595.7
32567.8
31721.1
31165.8
30863.1
30622
30502
30457.5
30456.1
30456.5
30458.1
30453.1
30455
30453.9
30451.2
30441.5
30430.2
30400.9
30389.8
30385.8
30332
30306
30305.3
30323.6
30320.2
30304.6
30305.9
30321.1
30322.2
30366.8
30339.6
100000
100000
100000
100000
99999.9
99999.7
99998.6
99993.7
99973.9
99903.1
99682.5
99104.3
97807.2
95324.2
91336.6
85990.3
79956.7
73799.3
68048.4
62710.7
57975.2
53599.9
49791.6
46396.9
43381.5
40734.6
38462.1
36548.2
34911.8
33595.7
32567.8
31721.1
31165.8
30863.1
30622
30502
30457.5
30456.1
30456.5
30458.1
30453.1
30455
30453.9
30451.2
30441.5
30430.2
30400.9
30389.8
30385.8
30332
30305.1
30304.5
30323
30319.6
30304
30305.5
30320
30321.2
30366.2
30337.5
100000
100000
100000
100000
99999.9
99999.7
99998.6
99993.7
99973.9
99903.1
99682.5
99104.3
97807.2
95324.2
91336.6
85990.3
79956.7
73799.3
68048.4
62710.7
57975.2
53599.9
49791.6
46396.9
43381.5
40734.6
38462.1
36548.2
34911.8
33595.7
32567.8
31721.1
31165.8
30863.1
30622
30502
30457.5
30456.1
30456.5
30458.1
30453.1
30455
30453.9
30451.2
30441.5
30430.2
30400.9
30389.8
30385.8
30332
30304.1
30303.8
30322.6
30319.2
30303.3
30305
30317.7
30319.4
30365.3
30334.9
100000
100000
100000
100000
99999.9
99999.7
99998.6
99993.7
99973.9
99903.1
99682.5
99104.3
97807.2
95324.2
91336.6
85990.3
79956.7
73799.3
68048.4
62710.7
57975.2
53599.9
49791.6
46396.9
43381.5
40734.6
38462.1
36548.2
34911.8
33595.7
32567.8
31721.1
31165.8
30863.1
30622
30502
30457.5
30456.1
30456.5
30458.1
30453.1
30455
30453.9
30451.2
30441.5
30430.2
30400.9
30389.8
30385.8
30332.1
30303.3
30303.1
30322.2
30318.6
30302.4
30304
30314.3
30317.5
30365.4
30333.2
100000
100000
100000
100000
99999.9
99999.7
99998.6
99993.7
99973.9
99903.1
99682.5
99104.3
97807.2
95324.2
91336.6
85990.3
79956.7
73799.3
68048.4
62710.7
57975.2
53599.9
49791.6
46396.9
43381.5
40734.6
38462.1
36548.2
34911.8
33595.7
32567.8
31721.1
31165.8
30863.1
30622
30502
30457.5
30456.1
30456.5
30458.1
30453.1
30455
30453.9
30451.2
30441.5
30430.2
30400.9
30389.8
30385.8
30332.1
30302.6
30302.5
30321.6
30317.9
30301.4
30302.6
30310.7
30316.5
30367.4
30332.7
100000
100000
100000
100000
99999.9
99999.7
99998.6
99993.7
99973.9
99903.1
99682.5
99104.3
97807.2
95324.2
91336.6
85990.3
79956.7
73799.3
68048.4
62710.7
57975.2
53599.9
49791.6
46396.9
43381.5
40734.6
38462.1
36548.2
34911.8
33595.7
32567.8
31721.1
31165.8
30863.1
30622
30502
30457.5
30456.1
30456.5
30458.1
30453.1
30455
30453.9
30451.2
30441.5
30430.2
30400.9
30389.8
30385.9
30332.1
30302
30301.9
30321.1
30317.1
30300.4
30301.5
30307.4
30316.5
30369.9
30332.8
100000
100000
100000
100000
99999.9
99999.7
99998.6
99993.7
99973.9
99903.1
99682.5
99104.3
97807.2
95324.2
91336.6
85990.3
79956.7
73799.3
68048.4
62710.7
57975.2
53599.9
49791.6
46396.9
43381.5
40734.6
38462.1
36548.2
34911.8
33595.7
32567.8
31721.1
31165.8
30863.1
30622
30502
30457.5
30456.1
30456.5
30458.1
30453.1
30455
30453.9
30451.2
30441.5
30430.2
30400.9
30389.8
30385.9
30332.2
30301.4
30301.4
30320.4
30316.3
30299.1
30300.9
30305
30316.9
30372.3
30333.1
100000
100000
100000
100000
99999.9
99999.7
99998.6
99993.7
99973.9
99903.1
99682.5
99104.3
97807.2
95324.2
91336.6
85990.3
79956.7
73799.3
68048.4
62710.7
57975.2
53599.9
49791.6
46396.9
43381.5
40734.6
38462.1
36548.2
34911.8
33595.7
32567.8
31721.1
31165.8
30863.1
30622
30502
30457.5
30456.1
30456.5
30458.1
30453.1
30455
30453.9
30451.2
30441.5
30430.2
30400.9
30389.8
30385.9
30332.2
30300.9
30300.9
30319.7
30315.3
30297.5
30300.1
30303.9
30318.6
30374.2
30334
100000
100000
100000
100000
99999.9
99999.7
99998.6
99993.7
99973.9
99903.1
99682.5
99104.3
97807.2
95324.2
91336.6
85990.3
79956.7
73799.3
68048.4
62710.7
57975.2
53599.9
49791.6
46396.9
43381.5
40734.6
38462.1
36548.2
34911.8
33595.7
32567.8
31721.1
31165.8
30863.1
30622
30502
30457.5
30456.1
30456.5
30458.1
30453.1
30455
30453.9
30451.2
30441.5
30430.2
30400.9
30389.8
30385.9
30332.2
30300.5
30300.5
30318.9
30314.1
30296.1
30299.4
30303.5
30321.5
30375.2
30335
100000
100000
100000
100000
99999.9
99999.7
99998.6
99993.7
99973.9
99903.1
99682.5
99104.3
97807.2
95324.2
91336.6
85990.3
79956.7
73799.3
68048.4
62710.7
57975.2
53599.9
49791.6
46396.9
43381.5
40734.6
38462.1
36548.2
34911.8
33595.7
32567.8
31721.1
31165.8
30863.1
30622
30502
30457.5
30456.1
30456.5
30458.1
30453.1
30455
30453.9
30451.2
30441.5
30430.2
30400.9
30389.8
30385.9
30332.3
30300.1
30300
30318
30313.1
30295.1
30299.1
30302.7
30324.9
30376.3
30335.7
100000
100000
100000
100000
99999.9
99999.7
99998.6
99993.7
99973.9
99903.1
99682.5
99104.3
97807.2
95324.2
91336.6
85990.3
79956.7
73799.3
68048.4
62710.7
57975.2
53599.9
49791.6
46396.9
43381.5
40734.6
38462.1
36548.2
34911.8
33595.7
32567.8
31721.1
31165.8
30863.1
30622
30502
30457.5
30456.1
30456.5
30458.1
30453.1
30455
30453.9
30451.2
30441.5
30430.2
30400.9
30389.8
30385.9
30332.3
30299.7
30299.6
30317
30312.1
30294.8
30298.9
30301.9
30328.4
30376.5
30335.3
100000
100000
100000
100000
99999.9
99999.7
99998.6
99993.7
99973.9
99903.1
99682.5
99104.3
97807.2
95324.2
91336.6
85990.3
79956.7
73799.3
68048.4
62710.7
57975.2
53599.9
49791.6
46396.9
43381.5
40734.6
38462.1
36548.2
34911.8
33595.7
32567.8
31721.1
31165.8
30863.1
30622
30502
30457.5
30456.1
30456.5
30458.1
30453.1
30455
30453.9
30451.2
30441.5
30430.2
30400.9
30389.8
30385.9
30332.3
30299.2
30299.1
30316.2
30311.5
30294.9
30298.4
30300.8
30331.3
30375.6
30333.3
100000
100000
100000
100000
99999.9
99999.7
99998.6
99993.7
99973.9
99903.1
99682.5
99104.3
97807.2
95324.2
91336.6
85990.3
79956.7
73799.3
68048.4
62710.7
57975.2
53599.9
49791.6
46396.9
43381.5
40734.6
38462.1
36548.2
34911.8
33595.7
32567.8
31721.1
31165.8
30863.1
30622
30502
30457.5
30456.1
30456.5
30458.1
30453.1
30455
30453.9
30451.2
30441.5
30430.2
30400.9
30389.8
30385.9
30332.3
30298.8
30298.7
30315.4
30311
30294.8
30297.4
30300
30334
30373.2
30330.3
100000
100000
100000
100000
99999.9
99999.7
99998.6
99993.7
99973.9
99903.1
99682.5
99104.3
97807.2
95324.2
91336.6
85990.3
79956.7
73799.3
68048.4
62710.7
57975.2
53599.9
49791.6
46396.9
43381.5
40734.6
38462.1
36548.2
34911.8
33595.7
32567.8
31721.1
31165.8
30863.1
30622
30502
30457.5
30456.1
30456.5
30458.1
30453.1
30455
30453.9
30451.2
30441.5
30430.2
30400.9
30389.8
30385.9
30332.4
30298.4
30298.3
30314.7
30310.7
30294.8
30295.6
30299.2
30336.3
30369.5
30327.6
100000
100000
100000
100000
99999.9
99999.7
99998.6
99993.7
99973.9
99903.1
99682.5
99104.3
97807.2
95324.2
91336.6
85990.3
79956.7
73799.3
68048.4
62710.7
57975.2
53599.9
49791.6
46396.9
43381.5
40734.6
38462.1
36548.2
34911.8
33595.7
32567.8
31721.1
31165.8
30863.1
30622
30502
30457.5
30456.1
30456.5
30458.1
30453.1
30455
30453.9
30451.2
30441.5
30430.2
30400.9
30389.8
30386
30332.4
30298
30297.9
30314.2
30310.4
30294.6
30293.8
30298.9
30337.5
30365.6
30326.1
100000
100000
100000
100000
99999.9
99999.7
99998.6
99993.7
99973.9
99903.1
99682.5
99104.3
97807.2
95324.2
91336.6
85990.3
79956.7
73799.3
68048.4
62710.7
57975.2
53599.9
49791.6
46396.9
43381.5
40734.6
38462.1
36548.2
34911.8
33595.7
32567.8
31721.1
31165.8
30863.1
30622
30502
30457.5
30456.1
30456.5
30458.1
30453.1
30455
30453.9
30451.2
30441.5
30430.2
30400.9
30389.8
30386
30332.4
30297.6
30297.6
30313.8
30310.1
30295
30290.1
30299.3
30338.6
30362.3
30325.2
100000
100000
100000
100000
99999.9
99999.7
99998.6
99993.7
99973.9
99903.1
99682.5
99104.3
97807.2
95324.2
91336.6
85990.3
79956.7
73799.3
68048.4
62710.7
57975.2
53599.9
49791.6
46396.9
43381.5
40734.6
38462.1
36548.2
34911.8
33595.7
32567.8
31721.1
31165.8
30863.1
30622
30502
30457.5
30456.1
30456.5
30458.1
30453.1
30455
30453.9
30451.2
30441.5
30430.2
30400.9
30389.8
30386
30332.4
30297.3
30297.3
30313.5
30309.9
30295.3
30285.8
30302.5
30336.9
30359.7
30325.1
100000
100000
100000
100000
99999.9
99999.7
99998.6
99993.7
99973.9
99903.1
99682.5
99104.3
97807.2
95324.2
91336.6
85990.3
79956.7
73799.3
68048.4
62710.7
57975.2
53599.9
49791.6
46396.9
43381.5
40734.6
38462.1
36548.2
34911.8
33595.7
32567.8
31721.1
31165.8
30863.1
30622
30502
30457.5
30456.1
30456.5
30458.1
30453.1
30455
30453.9
30451.2
30441.5
30430.2
30400.9
30389.8
30386
30332.5
30297
30297.1
30313.2
30309.8
30294.8
30283.5
30306.8
30332.7
30357.7
30325.7
100000
100000
100000
100000
99999.9
99999.7
99998.6
99993.7
99973.9
99903.1
99682.5
99104.3
97807.2
95324.2
91336.6
85990.3
79956.7
73799.3
68048.4
62710.7
57975.2
53599.9
49791.6
46396.9
43381.5
40734.6
38462.1
36548.2
34911.8
33595.7
32567.8
31721.1
31165.8
30863.1
30622
30502
30457.5
30456.1
30456.5
30458.1
30453.1
30455
30453.9
30451.2
30441.5
30430.2
30400.9
30389.8
30386
30332.5
30296.7
30296.8
30313
30309.5
30293.6
30283.7
30310.1
30328.4
30355.7
30326.8
100000
100000
100000
100000
99999.9
99999.7
99998.6
99993.7
99973.9
99903.1
99682.5
99104.3
97807.2
95324.2
91336.6
85990.3
79956.7
73799.3
68048.4
62710.7
57975.2
53599.9
49791.6
46396.9
43381.5
40734.6
38462.1
36548.2
34911.8
33595.7
32567.8
31721.1
31165.8
30863.1
30622
30502
30457.5
30456.1
30456.5
30458.1
30453.1
30455
30453.9
30451.2
30441.5
30430.2
30400.9
30389.8
30386
30332.5
30295.8
30296
30312.5
30307.9
30291.2
30288.1
30315.5
30319.6
30346.8
30330.2
100000
100000
100000
100000
99999.9
99999.7
99998.6
99993.7
99973.9
99903.1
99682.5
99104.3
97807.2
95324.2
91336.6
85990.3
79956.7
73799.3
68048.4
62710.7
57975.2
53599.9
49791.6
46396.9
43381.5
40734.6
38462.1
36548.2
34911.8
33595.7
32567.8
31721.1
31165.8
30863.1
30622
30502
30457.5
30456.1
30456.5
30458.1
30453.1
30455
30453.9
30451.2
30441.5
30430.2
30400.9
30389.8
30386.1
30332.6
30292.3
30292.6
30309.9
30303.1
30295.5
30292
30308.7
30307.3
30340.4
30325.4
100000
100000
100000
100000
99999.9
99999.7
99998.6
99993.7
99973.9
99903.1
99682.5
99104.3
97807.2
95324.2
91336.6
85990.3
79956.7
73799.3
68048.4
62710.7
57975.2
53599.9
49791.6
46396.9
43381.5
40734.6
38462.1
36548.2
34911.8
33595.7
32567.8
31721.1
31165.8
30863.1
30622
30502
30457.5
30456.1
30456.5
30458.1
30453.1
30455
30453.9
30451.2
30441.5
30430.2
30400.9
30389.8
30386.1
30332.8
30288.9
30289
30305.6
30298
30293.9
30288.4
30298.8
30304.6
30341.6
30318.3
100000
100000
100000
100000
99999.9
99999.7
99998.6
99993.7
99973.9
99903.1
99682.5
99104.3
97807.2
95324.2
91336.6
85990.3
79956.7
73799.3
68048.4
62710.7
57975.2
53599.9
49791.6
46396.9
43381.5
40734.6
38462.1
36548.2
34911.8
33595.7
32567.8
31721.1
31165.8
30863.1
30622
30502
30457.5
30456.1
30456.5
30458.1
30453.1
30455
30453.9
30451.2
30441.5
30430.2
30400.9
30389.8
30386.1
30332.8
30285.8
30285.6
30303
30297.2
30284.2
30277
30299.3
30305.7
30322.5
30306.2
100000
100000
100000
100000
99999.9
99999.7
99998.6
99993.7
99973.9
99903.1
99682.5
99104.3
97807.2
95324.2
91336.6
85990.3
79956.7
73799.3
68048.4
62710.7
57975.2
53599.9
49791.6
46396.9
43381.5
40734.6
38462.1
36548.2
34911.8
33595.7
32567.8
31721.1
31165.8
30863.1
30622
30502
30457.5
30456.1
30456.5
30458.1
30453.1
30455
30453.9
30451.2
30441.5
30430.2
30400.9
30389.8
30386.1
30332.9
30285.6
30280.7
30297.4
30291.5
30273.6
30272.9
30297.5
30296.3
30310.5
30299.5
100000
100000
100000
100000
99999.9
99999.7
99998.6
99993.7
99973.9
99903.1
99682.5
99104.3
97807.2
95324.2
91336.6
85990.3
79956.7
73799.3
68048.4
62710.7
57975.2
53599.9
49791.6
46396.9
43381.5
40734.6
38462.1
36548.2
34911.8
33595.7
32567.8
31721.1
31165.8
30863.1
30622
30502
30457.5
30456.1
30456.5
30458.1
30453.1
30455
30453.9
30451.2
30441.5
30430.2
30400.9
30389.8
30386.1
30332.9
30285.8
30274.5
30288.5
30276
30269.3
30271.2
30281.2
30284.7
30315.8
30296.8
100000
100000
100000
100000
99999.9
99999.7
99998.6
99993.7
99973.9
99903.1
99682.5
99104.3
97807.2
95324.2
91336.6
85990.3
79956.7
73799.3
68048.4
62710.7
57975.2
53599.9
49791.6
46396.9
43381.5
40734.6
38462.1
36548.2
34911.8
33595.7
32567.8
31721.1
31165.8
30863.1
30622
30502
30457.5
30456.1
30456.5
30458.1
30453.1
30455
30453.9
30451.2
30441.5
30430.2
30400.9
30389.8
30386.1
30332.9
30286
30272.1
30280.8
30265.5
30256.6
30263.7
30280.6
30277.6
30290.4
30283.7
100000
100000
100000
100000
99999.9
99999.7
99998.6
99993.7
99973.9
99903.1
99682.5
99104.3
97807.2
95324.2
91336.6
85990.3
79956.7
73799.3
68048.4
62710.7
57975.2
53599.9
49791.6
46396.9
43381.5
40734.6
38462.1
36548.2
34911.8
33595.7
32567.8
31721.1
31165.8
30863.1
30622
30502
30457.5
30456.1
30456.5
30458.1
30453.1
30455
30453.9
30451.2
30441.5
30430.2
30400.9
30389.8
30386.2
30332.9
30286.2
30271.6
30274.7
30253.4
30245.4
30250.3
30260.1
30266.4
30275
30268.7
100000
100000
100000
100000
99999.9
99999.7
99998.6
99993.7
99973.9
99903.1
99682.5
99104.3
97807.2
95324.2
91336.6
85990.3
79956.7
73799.3
68048.4
62710.7
57975.2
53599.9
49791.6
46396.9
43381.5
40734.6
38462.1
36548.2
34911.8
33595.7
32567.8
31721.1
31165.8
30863.1
30622
30502
30457.5
30456.1
30456.5
30458.1
30453.1
30455
30453.9
30451.2
30441.5
30430.2
30400.9
30389.8
30386.2
30333
30286.3
30272.2
30273.3
30249
30231
30237.3
30241
30243.6
30249.5
30247
100000
100000
100000
100000
99999.9
99999.7
99998.6
99993.7
99973.9
99903.1
99682.5
99104.3
97807.2
95324.2
91336.6
85990.3
79956.7
73799.3
68048.4
62710.7
57975.2
53599.9
49791.6
46396.9
43381.5
40734.6
38462.1
36548.2
34911.8
33595.7
32567.8
31721.1
31165.8
30863.1
30622
30502
30457.5
30456.1
30456.5
30458.1
30453.1
30455
30453.9
30451.2
30441.5
30430.2
30400.9
30389.8
30386.2
30333
30286.5
30273.1
30274
30249.8
30217.8
30222
30221.6
30222.6
30226.1
30222.1
100000
100000
100000
100000
99999.9
99999.7
99998.6
99993.7
99973.9
99903.1
99682.5
99104.3
97807.2
95324.2
91336.6
85990.3
79956.7
73799.3
68048.4
62710.7
57975.2
53599.9
49791.6
46396.9
43381.5
40734.6
38462.1
36548.2
34911.8
33595.7
32567.8
31721.1
31165.8
30863.1
30622
30502
30457.5
30456.1
30456.5
30458.1
30453.1
30455
30453.9
30451.2
30441.5
30430.2
30400.9
30389.8
30386.2
30333
30286.6
30274.2
30275.5
30251.8
30215.8
30213.3
30215.4
30204.8
30197.9
30189.2
100000
100000
100000
100000
99999.9
99999.7
99998.6
99993.7
99973.9
99903.1
99682.5
99104.3
97807.2
95324.2
91336.6
85990.3
79956.7
73799.3
68048.4
62710.7
57975.2
53599.9
49791.6
46396.9
43381.5
40734.6
38462.1
36548.2
34911.8
33595.7
32567.8
31721.1
31165.8
30863.1
30622
30502
30457.5
30456.1
30456.5
30458.1
30453.1
30455
30453.9
30451.2
30441.5
30430.2
30400.9
30389.8
30386.2
30333
30286.8
30275.4
30277.3
30254.4
30218.3
30210.1
30203.9
30210
30187.4
30163.3
100000
100000
100000
100000
99999.9
99999.7
99998.6
99993.7
99973.9
99903.1
99682.5
99104.3
97807.2
95324.2
91336.6
85990.3
79956.7
73799.3
68048.4
62710.7
57975.2
53599.9
49791.6
46396.9
43381.5
40734.6
38462.1
36548.2
34911.8
33595.7
32567.8
31721.1
31165.8
30863.1
30622
30502
30457.5
30456.1
30456.5
30458.1
30453.1
30455
30453.9
30451.2
30441.5
30430.2
30400.9
30389.8
30386.2
30333
30286.9
30276.4
30279.6
30257.3
30223.3
30213.8
30204.4
30202.5
30207.5
30162.6
100000
100000
100000
100000
99999.9
99999.7
99998.6
99993.7
99973.9
99903.1
99682.5
99104.3
97807.2
95324.2
91336.6
85990.3
79956.7
73799.3
68048.4
62710.7
57975.2
53599.9
49791.6
46396.9
43381.5
40734.6
38462.1
36548.2
34911.8
33595.7
32567.8
31721.1
31165.8
30863.1
30622
30502
30457.5
30456.1
30456.5
30458.1
30453.1
30455
30453.9
30451.2
30441.5
30430.2
30400.9
30389.8
30386.2
30333
30287.1
30277.2
30282.4
30260.4
30231.4
30225
30213.5
30206.6
30213
30185.3
100000
100000
100000
100000
99999.9
99999.7
99998.6
99993.7
99973.9
99903.1
99682.5
99104.3
97807.2
95324.2
91336.6
85990.3
79956.7
73799.3
68048.4
62710.7
57975.2
53599.9
49791.6
46396.9
43381.5
40734.6
38462.1
36548.2
34911.8
33595.7
32567.8
31721.1
31165.8
30863.1
30622
30502
30457.5
30456.1
30456.5
30458.1
30453.1
30455
30453.9
30451.2
30441.5
30430.2
30400.9
30389.8
30386.2
30333
30287.4
30278.4
30284.2
30262.7
30242.3
30238.8
30233.4
30220.9
30224.4
30205
100000
100000
100000
100000
99999.9
99999.7
99998.6
99993.7
99973.9
99903.1
99682.5
99104.3
97807.2
95324.2
91336.6
85990.3
79956.7
73799.3
68048.4
62710.7
57975.2
53599.9
49791.6
46396.9
43381.5
40734.6
38462.1
36548.2
34911.8
33595.7
32567.8
31721.1
31165.8
30863.1
30622
30502
30457.5
30456.1
30456.5
30458.1
30453.1
30455
30453.9
30451.2
30441.5
30430.2
30400.9
30389.8
30386.2
30333
30288.3
30281.6
30289.8
30272.1
30252.1
30249.3
30250.9
30241.4
30246
30228.8
100000
100000
100000
100000
99999.9
99999.7
99998.6
99993.7
99973.9
99903.1
99682.5
99104.3
97807.2
95324.2
91336.6
85990.3
79956.7
73799.3
68048.4
62710.7
57975.2
53599.9
49791.6
46396.9
43381.5
40734.6
38462.1
36548.2
34911.8
33595.7
32567.8
31721.1
31165.8
30863.1
30622
30502
30457.5
30456.1
30456.5
30458.1
30453.1
30455
30453.9
30451.2
30441.5
30430.2
30400.9
30389.8
30386.2
30333
30289
30284.2
30294.7
30279
30263.2
30261.5
30261.5
30263.8
30279.6
30256.7
100000
100000
100000
100000
99999.9
99999.7
99998.6
99993.7
99973.9
99903.1
99682.5
99104.3
97807.2
95324.2
91336.6
85990.3
79956.7
73799.3
68048.4
62710.7
57975.2
53599.9
49791.6
46396.9
43381.5
40734.6
38462.1
36548.2
34911.8
33595.7
32567.8
31721.1
31165.8
30863.1
30622
30502
30457.5
30456.1
30456.5
30458.1
30453.1
30455
30453.9
30451.2
30441.5
30430.2
30400.9
30389.8
30386.2
30332.9
30289.5
30285.7
30297.6
30283.9
30272
30272.5
30272
30286.1
30302.9
30278.9
100000
100000
100000
100000
99999.9
99999.7
99998.6
99993.7
99973.9
99903.1
99682.5
99104.3
97807.2
95324.2
91336.6
85990.3
79956.7
73799.3
68048.4
62710.7
57975.2
53599.9
49791.6
46396.9
43381.5
40734.6
38462.1
36548.2
34911.8
33595.7
32567.8
31721.1
31165.8
30863.1
30622
30502
30457.5
30456.1
30456.5
30458.1
30453.1
30455
30453.9
30451.2
30441.5
30430.2
30400.9
30389.8
30386.2
30332.9
30290
30286.8
30299.6
30287.4
30276.8
30278.7
30279
30301.1
30318.6
30293.6
100000
100000
100000
100000
99999.9
99999.7
99998.6
99993.7
99973.9
99903.1
99682.5
99104.3
97807.2
95324.2
91336.6
85990.3
79956.7
73799.3
68048.4
62710.7
57975.2
53599.9
49791.6
46396.9
43381.5
40734.6
38462.1
36548.2
34911.8
33595.7
32567.8
31721.1
31165.8
30863.1
30622
30502
30457.5
30456.1
30456.5
30458.1
30453.1
30455
30453.9
30451.2
30441.5
30430.2
30400.9
30389.8
30386.2
30332.9
30290.2
30287.4
30300.6
30289.2
30279.1
30281.6
30282.5
30308.6
30327.1
30301.5
100000
100000
100000
100000
99999.9
99999.7
99998.6
99993.7
99973.9
99903.1
99682.5
99104.3
97807.2
95324.2
91336.6
85990.3
79956.7
73799.3
68048.4
62710.7
57975.2
53599.9
49791.6
46396.9
43381.5
40734.6
38462.1
36548.2
34911.8
33595.7
32567.8
31721.1
31165.8
30863.1
30622
30502
30457.5
30456.1
30456.5
30458.1
30453.1
30455
30453.9
30451.2
30441.5
30430.2
30400.9
30389.8
30386.2
30332.9
30290.3
30287.7
30301.1
30290.1
30280.2
30283
30284.3
30312.4
30331.2
30305.3
100000
100000
100000
100000
99999.9
99999.7
99998.6
99993.7
99973.9
99903.1
99682.5
99104.3
97807.2
95324.2
91336.6
85990.3
79956.7
73799.3
68048.4
62710.7
57975.2
53599.9
49791.6
46396.9
43381.5
40734.6
38462.1
36548.2
34911.8
33595.7
32567.8
31721.1
31165.8
30863.1
30622
30502
30457.5
30456.1
30456.5
30458.1
30453.1
30455
30453.9
30451.2
30441.5
30430.2
30400.9
30389.8
30386.2
30332.9
30290.4
30287.8
30301.3
30290.5
30280.7
30283.7
30285
30314
30332.9
30307
100000
100000
100000
100000
99999.9
99999.7
99998.6
99993.7
99973.9
99903.1
99682.5
99104.3
97807.2
95324.2
91336.6
85990.3
79956.7
73799.3
68048.4
62710.7
57975.2
53599.9
49791.6
46396.9
43381.5
40734.6
38462.1
36548.2
34911.8
33595.7
32567.8
31721.1
31165.8
30863.1
30622
30502
30457.5
30456.1
30456.5
30458.1
30453.1
30455
30453.9
30451.2
30441.5
30430.2
30400.9
30389.8
30386.2
30332.9
30290.4
30287.9
30301.4
30290.6
30280.9
30283.9
30285.4
30314.7
30333.6
30307.6
100000
100000
100000
100000
99999.9
99999.7
99998.6
99993.7
99973.9
99903.1
99682.5
99104.3
97807.2
95324.2
91336.6
85990.3
79956.7
73799.3
68048.4
62710.7
57975.2
53599.9
49791.6
46396.9
43381.5
40734.6
38462.1
36548.2
34911.8
33595.7
32567.8
31721.1
31165.8
30863.1
30622
30502
30457.5
30456.1
30456.5
30458.1
30453.1
30455
30453.9
30451.2
30441.5
30430.2
30400.9
30389.8
30386.2
30332.9
30290.4
30287.9
30301.5
30290.7
30280.9
30284
30285.5
30314.9
30333.8
30307.8
100000
100000
100000
100000
99999.9
99999.7
99998.6
99993.7
99973.9
99903.1
99682.5
99104.3
97807.2
95324.2
91336.6
85990.3
79956.7
73799.3
68048.4
62710.7
57975.2
53599.9
49791.6
46396.9
43381.5
40734.6
38462.1
36548.2
34911.8
33595.7
32567.8
31721.1
31165.8
30863.1
30622
30502
30457.5
30456.1
30456.5
30458.1
30453.1
30455
30453.9
30451.2
30441.5
30430.2
30400.9
30389.8
30386.2
30332.9
30290.4
30287.9
30301.5
30290.7
30281
30284
30285.5
30315
30333.9
30307.9
100000
100000
100000
100000
99999.9
99999.7
99998.6
99993.7
99973.9
99903.1
99682.5
99104.3
97807.2
95324.2
91336.6
85990.3
79956.7
73799.3
68048.4
62710.7
57975.2
53599.9
49791.6
46396.9
43381.5
40734.6
38462.1
36548.2
34911.8
33595.7
32567.8
31721.1
31165.8
30863.1
30622
30502
30457.5
30456.1
30456.5
30458.1
30453.1
30455
30453.9
30451.2
30441.5
30430.2
30400.9
30389.8
30386.2
30332.9
30290.4
30287.9
30301.5
30290.7
30281
30284
30285.5
30315
30333.9
30307.9
100000
100000
100000
100000
99999.9
99999.7
99998.6
99993.7
99973.9
99903.1
99682.5
99104.3
97807.2
95324.2
91336.6
85990.3
79956.7
73799.3
68048.4
62710.7
57975.2
53599.9
49791.6
46396.9
43381.5
40734.6
38462.1
36548.2
34911.8
33595.7
32567.8
31721.1
31165.8
30863.1
30622
30502
30457.5
30456.1
30456.5
30458.1
30453.1
30455
30453.9
30451.2
30441.5
30430.2
30400.9
30389.8
30386.2
30332.9
30290.4
30287.9
30301.5
30290.7
30281
30284
30285.5
30315
30333.9
30307.9
100000
100000
100000
100000
99999.9
99999.7
99998.6
99993.7
99973.9
99903.1
99682.5
99104.3
97807.2
95324.2
91336.6
85990.3
79956.7
73799.3
68048.4
62710.7
57975.2
53599.9
49791.6
46396.9
43381.5
40734.6
38462.1
36548.2
34911.8
33595.7
32567.8
31721.1
31165.8
30863.1
30622
30502
30457.5
30456.1
30456.5
30458.1
30453.1
30455
30453.9
30451.2
30441.5
30430.2
30400.9
30389.8
30386.2
30332.9
30290.4
30287.9
30301.5
30290.7
30281
30284
30285.5
30315
30333.9
30307.9
100000
100000
100000
100000
99999.9
99999.7
99998.6
99993.7
99973.9
99903.1
99682.5
99104.3
97807.2
95324.2
91336.6
85990.3
79956.7
73799.3
68048.4
62710.7
57975.2
53599.9
49791.6
46396.9
43381.5
40734.6
38462.1
36548.2
34911.8
33595.7
32567.8
31721.1
31165.8
30863.1
30622
30502
30457.5
30456.1
30456.5
30458.1
30453.1
30455
30453.9
30451.2
30441.5
30430.2
30400.9
30389.8
30386.2
30332.9
30290.4
30287.9
30301.5
30290.7
30281
30284
30285.5
30315
30333.9
30307.9
100000
100000
100000
100000
99999.9
99999.7
99998.6
99993.7
99973.9
99903.1
99682.5
99104.3
97807.2
95324.2
91336.6
85990.3
79956.7
73799.3
68048.4
62710.7
57975.2
53599.9
49791.6
46396.9
43381.5
40734.6
38462.1
36548.2
34911.8
33595.7
32567.8
31721.1
31165.8
30863.1
30622
30502
30457.5
30456.1
30456.5
30458.1
30453.1
30455
30453.9
30451.2
30441.5
30430.2
30400.9
30389.8
30386.2
30332.9
30290.4
30287.9
30301.5
30290.7
30281
30284
30285.5
30315
30333.9
30307.9
100000
100000
100000
100000
99999.9
99999.7
99998.6
99993.7
99973.9
99903.1
99682.5
99104.3
97807.2
95324.2
91336.6
85990.3
79956.7
73799.3
68048.4
62710.7
57975.2
53599.9
49791.6
46396.9
43381.5
40734.6
38462.1
36548.2
34911.8
33595.7
32567.8
31721.1
31165.8
30863.1
30622
30502
30457.5
30456.1
30456.5
30458.1
30453.1
30455
30453.9
30451.2
30441.5
30430.2
30400.9
30389.8
30386.2
30332.9
30290.4
30287.9
30301.5
30290.7
30281
30284
30285.5
30315
30333.9
30307.9
100000
100000
100000
100000
99999.9
99999.7
99998.6
99993.7
99973.9
99903.1
99682.5
99104.3
97807.2
95324.2
91336.6
85990.3
79956.7
73799.3
68048.4
62710.7
57975.2
53599.9
49791.6
46396.9
43381.5
40734.6
38462.1
36548.2
34911.8
33595.7
32567.8
31721.1
31165.8
30863.1
30622
30502
30457.5
30456.1
30456.5
30458.1
30453.1
30455
30453.9
30451.2
30441.5
30430.2
30400.9
30389.8
30386.2
30332.9
30290.4
30287.9
30301.5
30290.7
30281
30284
30285.5
30315
30333.9
30307.9
100000
100000
100000
100000
99999.9
99999.7
99998.6
99993.7
99973.9
99903.1
99682.5
99104.3
97807.2
95324.2
91336.6
85990.3
79956.7
73799.3
68048.4
62710.7
57975.2
53599.9
49791.6
46396.9
43381.5
40734.6
38462.1
36548.2
34911.8
33595.7
32567.8
31721.1
31165.8
30863.1
30622
30502
30457.5
30456.1
30456.5
30458.1
30453.1
30455
30453.9
30451.2
30441.5
30430.2
30400.9
30389.8
30386.2
30332.9
30290.4
30287.9
30301.5
30290.7
30281
30284
30285.5
30315
30333.9
30307.9
100000
100000
100000
100000
99999.9
99999.7
99998.6
99993.7
99973.9
99903.1
99682.5
99104.3
97807.2
95324.2
91336.6
85990.3
79956.7
73799.3
68048.4
62710.7
57975.2
53599.9
49791.6
46396.9
43381.5
40734.6
38462.1
36548.2
34911.8
33595.7
32567.8
31721.1
31165.8
30863.1
30622
30502
30457.5
30456.1
30456.5
30458.1
30453.1
30455
30453.9
30451.2
30441.5
30430.2
30400.9
30389.8
30386.2
30332.9
30290.4
30287.9
30301.5
30290.7
30281
30284
30285.5
30315
30333.9
30307.9
100000
100000
100000
100000
99999.9
99999.7
99998.6
99993.7
99973.9
99903.1
99682.5
99104.3
97807.2
95324.2
91336.6
85990.3
79956.7
73799.3
68048.4
62710.7
57975.2
53599.9
49791.6
46396.9
43381.5
40734.6
38462.1
36548.2
34911.8
33595.7
32567.8
31721.1
31165.8
30863.1
30622
30502
30457.5
30456.1
30456.5
30458.1
30453.1
30455
30453.9
30451.2
30441.5
30430.2
30400.9
30389.8
30386.2
30332.9
30290.4
30287.9
30301.5
30290.7
30281
30284
30285.5
30315
30333.9
30307.9
100000
100000
100000
100000
99999.9
99999.7
99998.6
99993.7
99973.9
99903.1
99682.5
99104.3
97807.2
95324.2
91336.6
85990.3
79956.7
73799.3
68048.4
62710.7
57975.2
53599.9
49791.6
46396.9
43381.5
40734.6
38462.1
36548.2
34911.8
33595.7
32567.8
31721.1
31165.8
30863.1
30622
30502
30457.5
30456.1
30456.5
30458.1
30453.1
30455
30453.9
30451.2
30441.5
30430.2
30400.9
30389.8
30386.2
30332.9
30290.4
30287.9
30301.5
30290.7
30281
30284
30285.5
30315
30333.9
30307.9
100000
100000
100000
100000
99999.9
99999.7
99998.6
99993.7
99973.9
99903.1
99682.5
99104.3
97807.2
95324.2
91336.6
85990.3
79956.7
73799.3
68048.4
62710.7
57975.2
53599.9
49791.6
46396.9
43381.5
40734.6
38462.1
36548.2
34911.8
33595.7
32567.8
31721.1
31165.8
30863.1
30622
30502
30457.5
30456.1
30456.5
30458.1
30453.1
30455
30453.9
30451.2
30441.5
30430.2
30400.9
30389.8
30386.2
30332.9
30290.4
30287.9
30301.5
30290.7
30281
30284
30285.5
30315
30333.9
30307.9
100000
100000
100000
100000
99999.9
99999.7
99998.6
99993.7
99973.9
99903.1
99682.5
99104.3
97807.2
95324.2
91336.6
85990.3
79956.7
73799.3
68048.4
62710.7
57975.2
53599.9
49791.6
46396.9
43381.5
40734.6
38462.1
36548.2
34911.8
33595.7
32567.8
31721.1
31165.8
30863.1
30622
30502
30457.5
30456.1
30456.5
30458.1
30453.1
30455
30453.9
30451.2
30441.5
30430.2
30400.9
30389.8
30386.2
30332.9
30290.4
30287.9
30301.5
30290.7
30281
30284
30285.5
30315
30333.9
30307.9
100000
100000
100000
100000
99999.9
99999.7
99998.6
99993.7
99973.9
99903.1
99682.5
99104.3
97807.2
95324.2
91336.6
85990.3
79956.7
73799.3
68048.4
62710.7
57975.2
53599.9
49791.6
46396.9
43381.5
40734.6
38462.1
36548.2
34911.8
33595.7
32567.8
31721.1
31165.8
30863.1
30622
30502
30457.5
30456.1
30456.5
30458.1
30453.1
30455
30453.9
30451.2
30441.5
30430.2
30400.9
30389.8
30386.2
30332.9
30290.4
30287.9
30301.5
30290.7
30281
30284
30285.5
30315
30333.9
30307.9
100000
100000
100000
100000
99999.9
99999.7
99998.6
99993.7
99973.9
99903.1
99682.5
99104.3
97807.2
95324.2
91336.6
85990.3
79956.7
73799.3
68048.4
62710.7
57975.2
53599.9
49791.6
46396.9
43381.5
40734.6
38462.1
36548.2
34911.8
33595.7
32567.8
31721.1
31165.8
30863.1
30622
30502
30457.5
30456.1
30456.5
30458.1
30453.1
30455
30453.9
30451.2
30441.5
30430.2
30400.9
30389.8
30386.2
30332.9
30290.4
30287.9
30301.5
30290.7
30281
30284
30285.5
30315
30333.9
30307.9
100000
100000
100000
100000
99999.9
99999.7
99998.6
99993.7
99973.9
99903.1
99682.5
99104.3
97807.2
95324.2
91336.6
85990.3
79956.7
73799.3
68048.4
62710.7
57975.2
53599.9
49791.6
46396.9
43381.5
40734.6
38462.1
36548.2
34911.8
33595.7
32567.8
31721.1
31165.8
30863.1
30622
30502
30457.5
30456.1
30456.5
30458.1
30453.1
30455
30453.9
30451.2
30441.5
30430.2
30400.9
30389.8
30386.2
30332.9
30290.4
30287.9
30301.5
30290.7
30281
30284
30285.5
30315
30333.9
30307.9
100000
100000
100000
100000
99999.9
99999.7
99998.6
99993.7
99973.9
99903.1
99682.5
99104.3
97807.2
95324.2
91336.6
85990.3
79956.7
73799.3
68048.4
62710.7
57975.2
53599.9
49791.6
46396.9
43381.5
40734.6
38462.1
36548.2
34911.8
33595.7
32567.8
31721.1
31165.8
30863.1
30622
30502
30457.5
30456.1
30456.5
30458.1
30453.1
30455
30453.9
30451.2
30441.5
30430.2
30400.9
30389.8
30386.2
30332.9
30290.4
30287.9
30301.5
30290.7
30281
30284
30285.5
30315
30333.9
30307.9
100000
100000
100000
100000
99999.9
99999.7
99998.6
99993.7
99973.9
99903.1
99682.5
99104.3
97807.2
95324.2
91336.6
85990.3
79956.7
73799.3
68048.4
62710.7
57975.2
53599.9
49791.6
46396.9
43381.5
40734.6
38462.1
36548.2
34911.8
33595.7
32567.8
31721.1
31165.8
30863.1
30622
30502
30457.5
30456.1
30456.5
30458.1
30453.1
30455
30453.9
30451.2
30441.5
30430.2
30400.9
30389.8
30386.2
30332.9
30290.4
30287.9
30301.5
30290.7
30281
30284
30285.5
30315
30333.9
30307.9
100000
100000
100000
100000
99999.9
99999.7
99998.6
99993.7
99973.9
99903.1
99682.5
99104.3
97807.2
95324.2
91336.6
85990.3
79956.7
73799.3
68048.4
62710.7
57975.2
53599.9
49791.6
46396.9
43381.5
40734.6
38462.1
36548.2
34911.8
33595.7
32567.8
31721.1
31165.8
30863.1
30622
30502
30457.5
30456.1
30456.5
30458.1
30453.1
30455
30453.9
30451.2
30441.5
30430.2
30400.9
30389.8
30386.2
30332.9
30290.4
30287.9
30301.5
30290.7
30281
30284
30285.5
30315
30333.9
30307.9
100000
100000
100000
100000
99999.9
99999.7
99998.6
99993.7
99973.9
99903.1
99682.5
99104.3
97807.2
95324.2
91336.6
85990.3
79956.7
73799.3
68048.4
62710.7
57975.2
53599.9
49791.6
46396.9
43381.5
40734.6
38462.1
36548.2
34911.8
33595.7
32567.8
31721.1
31165.8
30863.1
30622
30502
30457.5
30456.1
30456.5
30458.1
30453.1
30455
30453.9
30451.2
30441.5
30430.2
30400.9
30389.8
30386.2
30332.9
30290.4
30287.9
30301.5
30290.7
30281
30284
30285.5
30315
30333.9
30307.9
100000
100000
100000
100000
99999.9
99999.7
99998.6
99993.7
99973.9
99903.1
99682.5
99104.3
97807.2
95324.2
91336.6
85990.3
79956.7
73799.3
68048.4
62710.7
57975.2
53599.9
49791.6
46396.9
43381.5
40734.6
38462.1
36548.2
34911.8
33595.7
32567.8
31721.1
31165.8
30863.1
30622
30502
30457.5
30456.1
30456.5
30458.1
30453.1
30455
30453.9
30451.2
30441.5
30430.2
30400.9
30389.8
30386.2
30332.9
30290.4
30287.9
30301.5
30290.7
30281
30284
30285.5
30315
30333.9
30307.9
100000
100000
100000
100000
99999.9
99999.7
99998.6
99993.7
99973.9
99903.1
99682.5
99104.3
97807.2
95324.2
91336.6
85990.3
79956.7
73799.3
68048.4
62710.7
57975.2
53599.9
49791.6
46396.9
43381.5
40734.6
38462.1
36548.2
34911.8
33595.7
32567.8
31721.1
31165.8
30863.1
30622
30502
30457.5
30456.1
30456.5
30458.1
30453.1
30455
30453.9
30451.2
30441.5
30430.2
30400.9
30389.8
30386.2
30332.9
30290.4
30287.9
30301.5
30290.7
30281
30284
30285.5
30315
30333.9
30307.9
100000
100000
100000
100000
99999.9
99999.7
99998.6
99993.7
99973.9
99903.1
99682.5
99104.3
97807.2
95324.2
91336.6
85990.3
79956.7
73799.3
68048.4
62710.7
57975.2
53599.9
49791.6
46396.9
43381.5
40734.6
38462.1
36548.2
34911.8
33595.7
32567.8
31721.1
31165.8
30863.1
30622
30502
30457.5
30456.1
30456.5
30458.1
30453.1
30455
30453.9
30451.2
30441.5
30430.2
30400.9
30389.8
30386.2
30332.9
30290.4
30287.9
30301.5
30290.7
30281
30284
30285.5
30315
30333.9
30307.9
100000
100000
100000
100000
99999.9
99999.7
99998.6
99993.7
99973.9
99903.1
99682.5
99104.3
97807.2
95324.2
91336.6
85990.3
79956.7
73799.3
68048.4
62710.7
57975.2
53599.9
49791.6
46396.9
43381.5
40734.6
38462.1
36548.2
34911.8
33595.7
32567.8
31721.1
31165.8
30863.1
30622
30502
30457.5
30456.1
30456.5
30458.1
30453.1
30455
30453.9
30451.2
30441.5
30430.2
30400.9
30389.8
30386.2
30332.9
30290.4
30287.9
30301.5
30290.7
30281
30284
30285.5
30315
30333.9
30307.9
100000
100000
100000
100000
99999.9
99999.7
99998.6
99993.7
99973.9
99903.1
99682.5
99104.3
97807.2
95324.2
91336.6
85990.3
79956.7
73799.3
68048.4
62710.7
57975.2
53599.9
49791.6
46396.9
43381.5
40734.6
38462.1
36548.2
34911.8
33595.7
32567.8
31721.1
31165.8
30863.1
30622
30502
30457.5
30456.1
30456.5
30458.1
30453.1
30455
30453.9
30451.2
30441.5
30430.2
30400.9
30389.8
30386.2
30332.9
30290.4
30287.9
30301.5
30290.7
30281
30284
30285.5
30315
30333.9
30307.9
30294.1
30280.8
30247.1
30212.4
30149.6
30061.5
29972.4
29937
29895.9
29811.2
29761.3
29676.4
29528.5
29424.8
29319.9
29170.4
29049.1
28893.4
28333.3
26792.1
30289.5
30276.5
30239.4
30214.4
30137.5
30105.2
29955
29924
29927.5
29867
29813
29712
29626.4
29576.4
29537.7
29346.4
29059.4
28727.4
28192.4
27300
30281.6
30270.2
30232.2
30217.6
30143.6
30128.2
30026.4
29932.5
29902.8
29838.2
29801.1
29737
29630
29579.5
29557.5
29527.2
29160.5
28812.1
28308.6
27642.8
30275
30262.8
30225.6
30219.5
30146.7
30163.5
30132.5
29997.5
29935.9
29843.4
29793.9
29707.4
29568.5
29474.6
29400.7
29306.5
29297.2
29266.2
28571.4
27913.4
30267.2
30243.3
30220.9
30214.1
30139.2
30170.8
30063.3
29942.4
29889.9
29878.1
29918.3
29784.2
29582.5
29479.9
29390.1
29306.2
29315.3
29254.4
28774.9
28134.6
30260.9
30239.1
30219.7
30210.6
30144.4
30171
30052.6
29931
29902.3
29922.7
29936.4
29750.4
29631.9
29556.5
29479.8
29354.9
29240.8
29214.7
28872.2
27928.3
30255.5
30229.4
30215.6
30213.7
30145.3
30169.1
30072.7
29940.9
29912.7
29947.8
29861.3
29702.6
29635.4
29608.2
29643.8
29446.8
29190.9
29109.2
28872.3
27885.6
30243.4
30214.9
30203.6
30204.4
30146.1
30173.7
30096
29966.8
29921.7
29913
29929.8
29757.4
29643.5
29599.7
29625.3
29413.1
29109.9
29013.3
28791.5
27837.3
30229.6
30197.1
30186.9
30193.3
30148.1
30180.9
30119.1
30016.4
29975.4
29876.8
29821.2
29729.7
29660.8
29674.3
29606.2
29217.2
29031.9
28975.4
28698.4
27780.3
30203.3
30174.9
30160.9
30171.5
30126.1
30155.5
30115.8
29993.5
29940.6
29907.7
29833
29692
29641.2
29681.3
29411.3
29153
29013
28987.7
28581.9
27719.2
30167.3
30154.2
30137.4
30112.4
30072.1
30119.9
30089.7
29952.2
29898.8
29865.5
29770.1
29614.5
29529.8
29519.8
29472.4
29150.1
29023.6
29034.6
28412.9
27669.4
30131.5
30113.3
30079.4
30018.5
29996.4
30056.8
29975.8
29849.2
29810.2
29748.2
29651.9
29538.1
29470.1
29499
29327.9
29068.8
28998.5
28983.9
28208.1
27617.8
30106.5
30076.6
30021.8
29911.4
29896.3
29942.2
29793.9
29712.3
29680.1
29610.2
29565.8
29493.7
29482.9
29257.9
29096.7
28971
28954.1
28748.8
28012.5
27547.9
30114.7
30051.1
29977
29853.5
29830.9
29763.5
29614.4
29563.6
29535.4
29472.3
29427.6
29371
29371.1
29207.6
29054.8
29006.6
29019.8
28494.9
28000.5
27567.6
30149.6
30068
29986.5
29849.7
29805.7
29616
29522.4
29470.6
29442.8
29385.8
29345.1
29312.2
29307.3
29112.9
29029.4
29076.5
28737.7
28398.5
28265.2
27913
30184.3
30116.1
30042
29901.5
29831.7
29612.2
29520.8
29469.1
29443.2
29408.1
29377.7
29350.4
29200.5
29108.4
29092
29105.6
28664.4
28467.3
28376
28098.9
30205.1
30163.3
30102.8
29990.8
29908.1
29695.4
29612.1
29564.1
29542.5
29493.8
29446.3
29395.6
29261.9
29171.8
29127.3
29182.5
28869.8
28567.9
28462.1
28190.5
30227.4
30196.6
30156.3
30067.5
29941.5
29813.7
29739.8
29691.2
29649.8
29585.5
29546.9
29495.6
29374.6
29319.2
29268.3
29263.3
29253
28690
28247.1
27807.8
30243.8
30219.7
30182.2
30104.1
29987.5
29848.4
29822
29815.9
29757.9
29669.4
29637.8
29589.3
29469.8
29369.3
29311.5
29271
29320
28782.9
28262.4
27820.7
30254
30234.1
30199.7
30129.2
30024.3
29890.5
29866.3
29863.2
29820
29726.3
29688.6
29635.3
29518
29414.8
29346
29289.7
29344.7
28842.5
28281.5
27836.1
30258.9
30240.6
30207.6
30140.5
30041.9
29910.5
29886.9
29885.1
29852.2
29752.5
29708.4
29654.8
29556.4
29437.5
29362
29303.3
29358.9
28869.8
28292.4
27844.7
30261
30243.3
30210.9
30145.2
30049.2
29918.4
29895.3
29894
29867.2
29766
29719.2
29666.1
29567.4
29447.4
29370.2
29310.4
29365.1
28880.9
28297.4
27848.5
30261.8
30244.3
30212.1
30146.9
30051.8
29921.2
29898.6
29897.5
29873.3
29771.5
29723.9
29670.8
29571.2
29451.3
29373.7
29313.3
29367.7
28885.4
28299.4
27850.1
30262
30244.7
30212.5
30147.5
30052.8
29922.2
29899.7
29898.8
29875.7
29773.5
29725.5
29672.4
29572.7
29452.9
29375
29314.3
29368.7
28887.1
28300.2
27850.7
30262.1
30244.8
30212.7
30147.7
30053.1
29922.6
29900.1
29899.2
29876.5
29774.2
29726.1
29673
29573.2
29453.4
29375.5
29314.7
29369.1
28887.7
28300.5
27850.9
30262.2
30244.8
30212.7
30147.8
30053.2
29922.7
29900.2
29899.3
29876.7
29774.4
29726.2
29673.2
29573.4
29453.6
29375.6
29314.9
29369.2
28887.9
28300.6
27851
30262.2
30244.8
30212.8
30147.8
30053.2
29922.7
29900.2
29899.4
29876.8
29774.5
29726.3
29673.2
29573.5
29453.6
29375.7
29314.9
29369.3
28888
28300.6
27851
30262.2
30244.8
30212.8
30147.8
30053.2
29922.8
29900.2
29899.4
29876.9
29774.5
29726.3
29673.2
29573.5
29453.6
29375.7
29314.9
29369.3
28888
28300.6
27851
30262.2
30244.8
30212.8
30147.8
30053.2
29922.8
29900.3
29899.4
29876.9
29774.5
29726.3
29673.2
29573.5
29453.7
29375.7
29314.9
29369.3
28888
28300.6
27851
30262.2
30244.8
30212.8
30147.8
30053.2
29922.8
29900.3
29899.4
29876.9
29774.5
29726.3
29673.2
29573.5
29453.7
29375.7
29314.9
29369.3
28888
28300.7
27851
30262.2
30244.8
30212.8
30147.8
30053.2
29922.8
29900.3
29899.4
29876.9
29774.5
29726.3
29673.2
29573.5
29453.7
29375.7
29314.9
29369.3
28888
28300.7
27851
30262.2
30244.8
30212.8
30147.8
30053.2
29922.8
29900.3
29899.4
29876.9
29774.5
29726.3
29673.2
29573.5
29453.7
29375.7
29314.9
29369.3
28888
28300.7
27851
30262.2
30244.8
30212.8
30147.8
30053.2
29922.8
29900.3
29899.4
29876.9
29774.5
29726.3
29673.2
29573.5
29453.7
29375.7
29314.9
29369.3
28888
28300.7
27851
30262.2
30244.8
30212.8
30147.8
30053.2
29922.8
29900.3
29899.4
29876.9
29774.5
29726.3
29673.2
29573.5
29453.7
29375.7
29314.9
29369.3
28888
28300.7
27851
30262.2
30244.8
30212.8
30147.8
30053.2
29922.8
29900.3
29899.4
29876.9
29774.5
29726.3
29673.2
29573.5
29453.7
29375.7
29314.9
29369.3
28888
28300.7
27851
30262.2
30244.8
30212.8
30147.8
30053.2
29922.8
29900.3
29899.4
29876.9
29774.5
29726.3
29673.2
29573.5
29453.7
29375.7
29314.9
29369.3
28888
28300.7
27851
30262.2
30244.8
30212.8
30147.8
30053.2
29922.8
29900.3
29899.4
29876.9
29774.5
29726.3
29673.2
29573.5
29453.7
29375.7
29314.9
29369.3
28888
28300.7
27851
30262.2
30244.8
30212.8
30147.8
30053.2
29922.8
29900.3
29899.4
29876.9
29774.5
29726.3
29673.2
29573.5
29453.7
29375.7
29314.9
29369.3
28888
28300.7
27851
30262.2
30244.8
30212.8
30147.8
30053.2
29922.8
29900.3
29899.4
29876.9
29774.5
29726.3
29673.2
29573.5
29453.7
29375.7
29314.9
29369.3
28888
28300.7
27851
30262.2
30244.8
30212.8
30147.8
30053.2
29922.8
29900.3
29899.4
29876.9
29774.5
29726.3
29673.2
29573.5
29453.7
29375.7
29314.9
29369.3
28888
28300.7
27851
30262.2
30244.8
30212.8
30147.8
30053.2
29922.8
29900.3
29899.4
29876.9
29774.5
29726.3
29673.2
29573.5
29453.7
29375.7
29314.9
29369.3
28888
28300.7
27851
30262.2
30244.8
30212.8
30147.8
30053.2
29922.8
29900.3
29899.4
29876.9
29774.5
29726.3
29673.2
29573.5
29453.7
29375.7
29314.9
29369.3
28888
28300.7
27851
30262.2
30244.8
30212.8
30147.8
30053.2
29922.8
29900.3
29899.4
29876.9
29774.5
29726.3
29673.2
29573.5
29453.7
29375.7
29314.9
29369.3
28888
28300.7
27851
30262.2
30244.8
30212.8
30147.8
30053.2
29922.8
29900.3
29899.4
29876.9
29774.5
29726.3
29673.2
29573.5
29453.7
29375.7
29314.9
29369.3
28888
28300.7
27851
30262.2
30244.8
30212.8
30147.8
30053.2
29922.8
29900.3
29899.4
29876.9
29774.5
29726.3
29673.2
29573.5
29453.7
29375.7
29314.9
29369.3
28888
28300.7
27851
30262.2
30244.8
30212.8
30147.8
30053.2
29922.8
29900.3
29899.4
29876.9
29774.5
29726.3
29673.2
29573.5
29453.7
29375.7
29314.9
29369.3
28888
28300.7
27851
30262.2
30244.8
30212.8
30147.8
30053.2
29922.8
29900.3
29899.4
29876.9
29774.5
29726.3
29673.2
29573.5
29453.7
29375.7
29314.9
29369.3
28888
28300.7
27851
30262.2
30244.8
30212.8
30147.8
30053.2
29922.8
29900.3
29899.4
29876.9
29774.5
29726.3
29673.2
29573.5
29453.7
29375.7
29314.9
29369.3
28888
28300.7
27851
30262.2
30244.8
30212.8
30147.8
30053.2
29922.8
29900.3
29899.4
29876.9
29774.5
29726.3
29673.2
29573.5
29453.7
29375.7
29314.9
29369.3
28888
28300.7
27851
30262.2
30244.8
30212.8
30147.8
30053.2
29922.8
29900.3
29899.4
29876.9
29774.5
29726.3
29673.2
29573.5
29453.7
29375.7
29314.9
29369.3
28888
28300.7
27851
10000
10000
10000
10000
10000
10000
10000
10000
10000
10000
10000
10000
10000
10000
10000
10000
10000
10000
10000
10000
10000
10000
10000
10000
10000
10000
10000
10000
10000
10000
10000
10000
10000
10000
10000
10000
10000
10000
10000
10000
10000
10000
10000
10000
10000
10000
10000
10000
10000
10000
10000
10000
10000
10000
10000
10000
10000
10000
10000
10000
10000
10000
10000
10000
10000
10000
10000
10000
10000
10000
10000
10000
10000
10000
10000
10000
10000
10000
10000
10000
10000
10000
10000
10000
10000
10000
10000
10000
10000
10000
10000
10000
10000
10000
10000
10000
10000
10000
10000
10000
10000
10000
10000
10000
10000
10000
10000
10000
10000
10000
10000
10000
10000
10000
10000
10000
10000
10000
10000
10000
10000
10000
10000
10000
10000
10000
10000
10000
10000
10000
10000
10000
10000
10000
10000
10000
10000
10000
10000
10000
10000
10000
10000
10000
10000
10000
10000
10000
10000
10000
10000
10000
10000
10000
10000
10000
10000
10000
10000
10000
10000
10000
10000
10000
10000
10000
10000
10000
10000
10000
10000
10000
10000
10000
10000
10000
10000
10000
10000
10000
10000
10000
10000
10000
10000
10000
10000
10000
10000
10000
10000
10000
10000
10000
10000
10000
10000
10000
10000
10000
10000
10000
10000
10000
10000
10000
10000
10000
10000
10000
10000
10000
10000
10000
10000
10000
10000
10000
10000
10000
10000
10000
10000
10000
10000
10000
10000
10000
10000
10000
10000
10000
10000
10000
10000
10000
10000
10000
10000
10000
10000
10000
10000
10000
10000
10000
10000
10000
10000
10000
10000
10000
10000
10000
10000
10000
10000
10000
10000
10000
10000
10000
10000
10000
10000
10000
10000
10000
10000
10000
10000.1
10000
10000
10000
10000
10000
10000
10000
10000
10000
10000
10000
10000
10000
10000
10000
10000
10000
10000
10000
10000
10000
10000
10000
10000
10000
10000
10000
10000
10000
10000.1
10000.1
10000
10000
10000
10000
10000
10000
10000
10000
10000
10000
10000
10000
10000
10000
10000
10000
10000
10000
10000
10000
10000
10000
10000
10000
10000
10000
10000
10000
10000.1
10000.1
10000.1
10000
10000
10000
10000
10000
10000
10000
10000
10000
10000
10000
10000
10000
10000
10000
10000
10000
10000
10000
10000
10000
10000
10000
10000
10000
10000
10000
10000.2
10000.1
10000.1
10000.1
10000
10000
10000
10000
10000
10000
10000
10000
10000
10000
10000
10000
10000
10000
10000
10000
10000
10000
10000
10000
10000
10000
10000
10000
10000
10000
10000.2
10000.2
10000.1
10000.1
10000
10000
10000
10000
10000
10000
10000
10000
10000
10000
10000
10000
10000
10000
10000
10000
10000
10000
10000
10000
10000
10000
10000
10000
10000
10000
10000.3
10000.2
10000.1
10000.1
10000.1
10000
10000
10000
10000
10000
10000
10000
10000
10000
10000
10000
10000
10000
10000
10000
10000
10000
10000
10000
10000
10000
10000
10000
10000
10000
10000.4
10000.3
10000.2
10000.1
10000.1
10000
10000
10000
10000
10000
10000
10000
10000
10000
10000
10000
10000
10000
10000
10000
10000
10000
10000
10000
10000
10000
10000
10000
10000
10000
10000.5
10000.3
10000.2
10000.1
10000.1
10000
10000
10000
10000
10000
10000
10000
10000
10000
10000
10000
10000
10000
10000
10000
10000
10000
10000
10000
10000
10000
10000
10000
10000
10000
10000.6
10000.4
10000.3
10000.2
10000.1
10000
10000
10000
10000
10000
10000
10000
10000
10000
10000
10000
10000
10000
10000
10000
10000
10000
10000
10000
10000
10000
10000
10000
10000
10000
10000.8
10000.5
10000.4
10000.2
10000.1
10000.1
10000
10000
10000
10000
10000
10000
10000
10000
10000
10000
10000
10000
10000
10000
10000
10000
10000
10000
10000
10000
10000
10000
10000
10000
10001
10000.7
10000.5
10000.3
10000.2
10000.1
10000
10000
10000
10000
10000
10000
10000
10000
10000
10000
10000
10000
10000
10000
10000
10000
10000
10000
10000
10000
10000
10000
10000
10000
10001.3
10000.9
10000.6
10000.3
10000.2
10000.1
10000
10000
10000
10000
10000
10000
10000
10000
10000
10000
10000
10000
10000
10000
10000
10000
10000
10000
10000
10000
10000
10000
10000
10000
10001.7
10001.1
10000.8
10000.4
10000.2
10000.1
10000
10000
10000
10000
10000
10000
10000
10000
10000
10000
10000
10000
10000
10000
10000
10000
10000
10000
10000
10000
10000
10000
10000
10000
10002.1
10001.4
10000.9
10000.5
10000.3
10000.1
10000.1
10000
10000
10000
10000
10000
10000
10000
10000
10000
10000
10000
10000
10000
10000
10000
10000
10000
10000
10000
10000
10000
10000
10000
10002.6
10001.7
10001.1
10000.6
10000.3
10000.1
10000.1
10000
10000
10000
10000
10000
10000
10000
10000
10000
10000
10000
10000
10000
10000
10000
10000
10000
10000
10000
10000
10000
10000
10000
10003.3
10002.1
10001.4
10000.7
10000.4
10000.2
10000.1
10000
10000
10000
10000
10000
10000
10000
10000
10000
10000
10000
10000
10000
10000
10000
10000
10000
10000
10000
10000
10000
10000
10000
10004.1
10002.5
10001.7
10000.9
10000.4
10000.2
10000.1
10000
10000
10000
10000
10000
10000
10000
10000
10000
10000
10000
10000
10000
10000
10000
10000
10000
10000
10000
10000
10000
10000
10000
10005.1
10003.1
10002
10001
10000.5
10000.2
10000.1
10000
10000
10000
10000
10000
10000
10000
10000
10000
10000
10000
10000
10000
10000
10000
10000
10000
10000
10000
10000
10000
10000
10000
10006.3
10003.7
10002.4
10001.2
10000.6
10000.2
10000.1
10000
10000
10000
10000
10000
10000
10000
10000
10000
10000
10000
10000
10000
10000
10000
10000
10000
10000
10000
10000
10000
10000
10000
10007.8
10004.5
10002.8
10001.4
10000.7
10000.3
10000.1
10000
10000
10000
10000
10000
10000
10000
10000
10000
10000
10000
10000
10000
10000
10000
10000
10000
10000
10000
10000
10000
10000
10000
10009.7
10005.4
10003.3
10001.6
10000.7
10000.3
10000.1
10000
10000
10000
10000
10000
10000
10000
10000
10000
10000
10000
10000
10000
10000
10000
10000
10000
10000
10000
10000
10000
10000
10000
10012.2
10006.6
10003.9
10001.9
10000.8
10000.3
10000.1
10000
10000
10000
10000
10000
10000
10000
10000
10000
10000
10000
10000
10000
10000
10000
10000
10000
10000
10000
10000
10000
10000
10000
10015.8
10008
10004.6
10002.1
10001
10000.4
10000.1
10000
10000
10000
10000
10000
10000
10000
10000
10000
10000
10000
10000
10000
10000
10000
10000
10000
10000
10000
10000
10000
10000
10000
10021.4
10009.9
10005.5
10002.4
10001.1
10000.4
10000.2
10000.1
10000
10000
10000
10000
10000
10000
10000
10000
10000
10000
10000
10000
10000
10000
10000
10000
10000
10000
10000
10000
10000
10000
10030.6
10012.6
10006.5
10002.8
10001.2
10000.5
10000.2
10000.1
10000
10000
10000
10000
10000
10000
10000
10000
10000
10000
10000
10000
10000
10000
10000
10000
10000
10000
10000
10000
10000
10000
10046.8
10016.5
10007.9
10003.2
10001.3
10000.5
10000.2
10000.1
10000
10000
10000
10000
10000
10000
10000
10000
10000
10000
10000
10000
10000
10000
10000
10000
10000
10000
10000
10000
10000
10000
10076.3
10022.7
10009.9
10003.7
10001.5
10000.6
10000.2
10000.1
10000
10000
10000
10000
10000
10000
10000
10000
10000
10000
10000
10000
10000
10000
10000
10000
10000
10000
10000
10000
10000
10000
10132.1
10033
10012.8
10004.3
10001.7
10000.6
10000.2
10000.1
10000
10000
10000
10000
10000
10000
10000
10000
10000
10000
10000
10000
10000
10000
10000
10000
10000
10000
10000
10000
10000
10000
10239.8
10050.9
10017.3
10005.1
10001.9
10000.7
10000.2
10000.1
10000
10000
10000
10000
10000
10000
10000
10000
10000
10000
10000
10000
10000
10000
10000
10000
10000
10000
10000
10000
10000
10000
10451.6
10083.2
10024.4
10006.2
10002.1
10000.7
10000.2
10000.1
10000
10000
10000
10000
10000
10000
10000
10000
10000
10000
10000
10000
10000
10000
10000
10000
10000
10000
10000
10000
10000
10000
10867.3
10144.2
10035.8
10007.7
10002.4
10000.8
10000.3
10000.1
10000
10000
10000
10000
10000
10000
10000
10000
10000
10000
10000
10000
10000
10000
10000
10000
10000
10000
10000
10000
10000
10000
11638.4
10262.8
10054.2
10010.1
10002.7
10000.8
10000.3
10000.1
10000
10000
10000
10000
10000
10000
10000
10000
10000
10000
10000
10000
10000
10000
10000
10000
10000
10000
10000
10000
10000
10000
12870.7
10491.9
10083.6
10013.6
10003.2
10000.9
10000.3
10000.1
10000
10000
10000
10000
10000
10000
10000
10000
10000
10000
10000
10000
10000
10000
10000
10000
10000
10000
10000
10000
10000
10000
14378
10903.5
10129.1
10019
10003.8
10001
10000.3
10000.1
10000
10000
10000
10000
10000
10000
10000
10000
10000
10000
10000
10000
10000
10000
10000
10000
10000
10000
10000
10000
10000
10000
15603.3
11537.7
10194.7
10027.1
10004.6
10001.1
10000.3
10000.1
10000
10000
10000
10000
10000
10000
10000
10000
10000
10000
10000
10000
10000
10000
10000
10000
10000
10000
10000
10000
10000
10000
16233.6
12322.1
10280.8
10038.5
10005.6
10001.2
10000.4
10000.1
10000
10000
10000
10000
10000
10000
10000
10000
10000
10000
10000
10000
10000
10000
10000
10000
10000
10000
10000
10000
10000
10000
16678.1
13090.1
10384.7
10052.8
10006.9
10001.4
10000.4
10000.1
10000
10000
10000
10000
10000
10000
10000
10000
10000
10000
10000
10000
10000
10000
10000
10000
10000
10000
10000
10000
10000
10000
17207.8
13754
10505.2
10068.6
10008.4
10001.5
10000.4
10000.1
10000
10000
10000
10000
10000
10000
10000
10000
10000
10000
10000
10000
10000
10000
10000
10000
10000
10000
10000
10000
10000
10000
17607.9
14322.3
10639.7
10085
10010
10001.7
10000.4
10000.1
10000
10000
10000
10000
10000
10000
10000
10000
10000
10000
10000
10000
10000
10000
10000
10000
10000
10000
10000
10000
10000
10000
18054.4
14717.6
10772.7
10101.5
10011.7
10001.9
10000.4
10000.1
10000
10000
10000
10000
10000
10000
10000
10000
10000
10000
10000
10000
10000
10000
10000
10000
10000
10000
10000
10000
10000
10000
19482
14947.9
10890.8
10117.1
10013.5
10002
10000.5
10000.1
10000
10000
10000
10000
10000
10000
10000
10000
10000
10000
10000
10000
10000
10000
10000
10000
10000
10000
10000
10000
10000
10000
22848.5
15194
11153.3
10154.2
10018.1
10002.5
10000.5
10000.1
10000
10000
10000
10000
10000
10000
10000
10000
10000
10000
10000
10000
10000
10000
10000
10000
10000
10000
10000
10000
10000
10000
24840.6
17842.3
11461.5
10195.8
10022.5
10003
10000.6
10000.2
10000
10000
10000
10000
10000
10000
10000
10000
10000
10000
10000
10000
10000
10000
10000
10000
10000
10000
10000
10000
10000
10000
25871
19470.1
11649.8
10224.3
10025.1
10003.4
10000.7
10000.2
10000
10000
10000
10000
10000
10000
10000
10000
10000
10000
10000
10000
10000
10000
10000
10000
10000
10000
10000
10000
10000
10000
26367.6
20064.5
11710.9
10233.6
10026.5
10003.6
10000.7
10000.2
10000.1
10000
10000
10000
10000
10000
10000
10000
10000
10000
10000
10000
10000
10000
10000
10000
10000
10000
10000
10000
10000
10000
26497.8
20223.1
11749.3
10240.5
10027.6
10003.8
10000.8
10000.2
10000.1
10000
10000
10000
10000
10000
10000
10000
10000
10000
10000
10000
10000
10000
10000
10000
10000
10000
10000
10000
10000
10000
26400
20399.6
11783.6
10246.8
10028.4
10003.9
10000.8
10000.2
10000.1
10000
10000
10000
10000
10000
10000
10000
10000
10000
10000
10000
10000
10000
10000
10000
10000
10000
10000
10000
10000
10000
26355.2
20514
11816.5
10253
10029.2
10004
10000.8
10000.2
10000.1
10000
10000
10000
10000
10000
10000
10000
10000
10000
10000
10000
10000
10000
10000
10000
10000
10000
10000
10000
10000
10000
26350.5
20674.7
11853.3
10259.4
10030
10004.2
10000.9
10000.2
10000.1
10000
10000
10000
10000
10000
10000
10000
10000
10000
10000
10000
10000
10000
10000
10000
10000
10000
10000
10000
10000
10000
26370.3
20869.6
11892.9
10266.1
10030.7
10004.3
10000.9
10000.2
10000.1
10000
10000
10000
10000
10000
10000
10000
10000
10000
10000
10000
10000
10000
10000
10000
10000
10000
10000
10000
10000
10000
26356.2
21042.7
11939.2
10274.3
10031.6
10004.3
10000.9
10000.2
10000.1
10000
10000
10000
10000
10000
10000
10000
10000
10000
10000
10000
10000
10000
10000
10000
10000
10000
10000
10000
10000
10000
26351.2
21164.9
11980.6
10282.2
10032.5
10004.4
10000.9
10000.2
10000.1
10000
10000
10000
10000
10000
10000
10000
10000
10000
10000
10000
10000
10000
10000
10000
10000
10000
10000
10000
10000
10000
26363.5
21319.8
12023.3
10289.9
10033.4
10004.5
10000.9
10000.3
10000.1
10000
10000
10000
10000
10000
10000
10000
10000
10000
10000
10000
10000
10000
10000
10000
10000
10000
10000
10000
10000
10000
26405.1
21638.8
12080.7
10298.5
10034.1
10004.6
10000.9
10000.3
10000.1
10000
10000
10000
10000
10000
10000
10000
10000
10000
10000
10000
10000
10000
10000
10000
10000
10000
10000
10000
10000
10000
26443.3
21825.7
12129.4
10306.9
10034.8
10004.6
10000.9
10000.3
10000.1
10000
10000
10000
10000
10000
10000
10000
10000
10000
10000
10000
10000
10000
10000
10000
10000
10000
10000
10000
10000
10000
26561.9
21892.3
12161.5
10311.7
10035.2
10004.7
10000.9
10000.3
10000.1
10000
10000
10000
10000
10000
10000
10000
10000
10000
10000
10000
10000
10000
10000
10000
10000
10000
10000
10000
10000
10000
26725.9
21893.6
12165.6
10311.2
10035.4
10004.7
10000.9
10000.3
10000.1
10000
10000
10000
10000
10000
10000
10000
10000
10000
10000
10000
10000
10000
10000
10000
10000
10000
10000
10000
10000
10000
26706.3
21865.7
12180.3
10315.2
10035.5
10004.7
10000.9
10000.3
10000.1
10000
10000
10000
10000
10000
10000
10000
10000
10000
10000
10000
10000
10000
10000
10000
10000
10000
10000
10000
10000
10000
26653.4
22038.9
12188.2
10315.6
10035.5
10004.7
10000.9
10000.3
10000.1
10000
10000
10000
10000
10000
10000
10000
10000
10000
10000
10000
10000
10000
10000
10000
10000
10000
10000
10000
10000
10000
26672.2
22055.3
12188.5
10315.4
10035.5
10004.7
10000.9
10000.3
10000.1
10000
10000
10000
10000
10000
10000
10000
10000
10000
10000
10000
10000
10000
10000
10000
10000
10000
10000
10000
10000
10000
26684
22053.3
12187.4
10315.2
10035.5
10004.7
10000.9
10000.3
10000.1
10000
10000
10000
10000
10000
10000
10000
10000
10000
10000
10000
10000
10000
10000
10000
10000
10000
10000
10000
10000
10000
26689.1
22049.8
12186.6
10315
10035.5
10004.7
10000.9
10000.3
10000.1
10000
10000
10000
10000
10000
10000
10000
10000
10000
10000
10000
10000
10000
10000
10000
10000
10000
10000
10000
10000
10000
26691.2
22047.8
12186.3
10315
10035.5
10004.7
10000.9
10000.3
10000.1
10000
10000
10000
10000
10000
10000
10000
10000
10000
10000
10000
10000
10000
10000
10000
10000
10000
10000
10000
10000
10000
26692
22046.9
12186.1
10314.9
10035.5
10004.7
10000.9
10000.3
10000.1
10000
10000
10000
10000
10000
10000
10000
10000
10000
10000
10000
10000
10000
10000
10000
10000
10000
10000
10000
10000
10000
26692.2
22046.6
12186.1
10314.9
10035.5
10004.7
10000.9
10000.3
10000.1
10000
10000
10000
10000
10000
10000
10000
10000
10000
10000
10000
10000
10000
10000
10000
10000
10000
10000
10000
10000
10000
26692.4
22046.5
12186
10314.9
10035.5
10004.7
10000.9
10000.3
10000.1
10000
10000
10000
10000
10000
10000
10000
10000
10000
10000
10000
10000
10000
10000
10000
10000
10000
10000
10000
10000
10000
26692.4
22046.4
12186
10314.9
10035.5
10004.7
10000.9
10000.3
10000.1
10000
10000
10000
10000
10000
10000
10000
10000
10000
10000
10000
10000
10000
10000
10000
10000
10000
10000
10000
10000
10000
26692.4
22046.4
12186
10314.9
10035.5
10004.7
10000.9
10000.3
10000.1
10000
10000
10000
10000
10000
10000
10000
10000
10000
10000
10000
10000
10000
10000
10000
10000
10000
10000
10000
10000
10000
26692.4
22046.4
12186
10314.9
10035.5
10004.7
10000.9
10000.3
10000.1
10000
10000
10000
10000
10000
10000
10000
10000
10000
10000
10000
10000
10000
10000
10000
10000
10000
10000
10000
10000
10000
26692.4
22046.4
12186
10314.9
10035.5
10004.7
10000.9
10000.3
10000.1
10000
10000
10000
10000
10000
10000
10000
10000
10000
10000
10000
10000
10000
10000
10000
10000
10000
10000
10000
10000
10000
26692.4
22046.4
12186
10314.9
10035.5
10004.7
10000.9
10000.3
10000.1
10000
10000
10000
10000
10000
10000
10000
10000
10000
10000
10000
10000
10000
10000
10000
10000
10000
10000
10000
10000
10000
26692.4
22046.4
12186
10314.9
10035.5
10004.7
10000.9
10000.3
10000.1
10000
10000
10000
10000
10000
10000
10000
10000
10000
10000
10000
10000
10000
10000
10000
10000
10000
10000
10000
10000
10000
26692.4
22046.4
12186
10314.9
10035.5
10004.7
10000.9
10000.3
10000.1
10000
10000
10000
10000
10000
10000
10000
10000
10000
10000
10000
10000
10000
10000
10000
10000
10000
10000
10000
10000
10000
26692.4
22046.4
12186
10314.9
10035.5
10004.7
10000.9
10000.3
10000.1
10000
10000
10000
10000
10000
10000
10000
10000
10000
10000
10000
10000
10000
10000
10000
10000
10000
10000
10000
10000
10000
26692.4
22046.4
12186
10314.9
10035.5
10004.7
10000.9
10000.3
10000.1
10000
10000
10000
10000
10000
10000
10000
10000
10000
10000
10000
10000
10000
10000
10000
10000
10000
10000
10000
10000
10000
26692.4
22046.4
12186
10314.9
10035.5
10004.7
10000.9
10000.3
10000.1
10000
10000
10000
10000
10000
10000
10000
10000
10000
10000
10000
10000
10000
10000
10000
10000
10000
10000
10000
10000
10000
26692.4
22046.4
12186
10314.9
10035.5
10004.7
10000.9
10000.3
10000.1
10000
10000
10000
10000
10000
10000
10000
10000
10000
10000
10000
10000
10000
10000
10000
10000
10000
10000
10000
10000
10000
26692.4
22046.4
12186
10314.9
10035.5
10004.7
10000.9
10000.3
10000.1
10000
10000
10000
10000
10000
10000
10000
10000
10000
10000
10000
10000
10000
10000
10000
10000
10000
10000
10000
10000
10000
26692.4
22046.4
12186
10314.9
10035.5
10004.7
10000.9
10000.3
10000.1
10000
10000
10000
10000
10000
10000
10000
10000
10000
10000
10000
10000
10000
10000
10000
10000
10000
10000
10000
10000
10000
26692.4
22046.4
12186
10314.9
10035.5
10004.7
10000.9
10000.3
10000.1
10000
10000
10000
10000
10000
10000
10000
10000
10000
10000
10000
10000
10000
10000
10000
10000
10000
10000
10000
10000
10000
26692.4
22046.4
12186
10314.9
10035.5
10004.7
10000.9
10000.3
10000.1
10000
10000
10000
10000
10000
10000
10000
10000
10000
10000
10000
10000
10000
10000
10000
10000
10000
10000
10000
10000
10000
26692.4
22046.4
12186
10314.9
10035.5
10004.7
10000.9
10000.3
10000.1
10000
10000
10000
10000
10000
10000
10000
10000
10000
10000
10000
10000
10000
10000
10000
10000
10000
10000
10000
10000
10000
26692.4
22046.4
12186
10314.9
10035.5
10004.7
10000.9
10000.3
10000.1
10000
10000
10000
10000
10000
10000
10000
10000
10000
10000
10000
10000
10000
10000
10000
10000
10000
10000
10000
10000
10000
26692.4
22046.4
12186
10314.9
10035.5
10004.7
10000.9
10000.3
10000.1
10000
10000
10000
10000
10000
10000
10000
10000
10000
10000
10000
10000
10000
10000
10000
10000
10000
10000
10000
10000
10000
26692.4
22046.4
12186
10314.9
10035.5
10004.7
10000.9
10000.3
10000.1
10000
10000
10000
10000
10000
10000
10000
10000
10000
10000
10000
10000
10000
10000
10000
10000
10000
10000
10000
10000
10000
26692.4
22046.4
12186
10314.9
10035.5
10004.7
10000.9
10000.3
10000.1
10000
10000
10000
10000
10000
10000
10000
10000
10000
10000
10000
10000
10000
10000
10000
10000
10000
10000
10000
10000
10000
26692.4
22046.4
12186
10314.9
10035.5
10004.7
10000.9
10000.3
10000.1
10000
10000
10000
10000
10000
10000
10000
10000
10000
10000
10000
10000
10000
10000
10000
10000
10000
10000
10000
10000
10000
26692.4
22046.4
12186
10314.9
10035.5
10004.7
10000.9
10000.3
10000.1
10000
10000
10000
10000
10000
10000
10000
10000
10000
10000
10000
10000
10000
10000
10000
10000
10000
10000
10000
10000
10000
26692.4
22046.4
12186
10314.9
10035.5
10004.7
10000.9
10000.3
10000.1
10000
10000
10000
10000
10000
10000
10000
10000
10000
10000
10000
10000
10000
10000
10000
10000
10000
10000
10000
10000
10000
26692.4
22046.4
12186
10314.9
10035.5
10004.7
10000.9
10000.3
10000.1
10000
10000
10000
10000
10000
10000
10000
10000
10000
10000
10000
10000
10000
10000
10000
10000
10000
10000
10000
10000
10000
26692.4
22046.4
12186
10314.9
10035.5
10004.7
10000.9
10000.3
10000.1
10000
10000
10000
10000
10000
10000
10000
10000
10000
10000
10000
10000
10000
10000
10000
10000
10000
10000
10000
10000
10000
)
;

boundaryField
{
    inlet
    {
        type            zeroGradient;
    }
    outlet
    {
        type            zeroGradient;
    }
    bottom
    {
        type            symmetryPlane;
    }
    top
    {
        type            symmetryPlane;
    }
    obstacle
    {
        type            zeroGradient;
    }
    defaultFaces
    {
        type            empty;
    }
}


// ************************************************************************* //
