/*--------------------------------*- C++ -*----------------------------------*\
| =========                 |                                                 |
| \\      /  F ield         | OpenFOAM: The Open Source CFD Toolbox           |
|  \\    /   O peration     | Version:  5.x                                   |
|   \\  /    A nd           | Web:      www.OpenFOAM.org                      |
|    \\/     M anipulation  |                                                 |
\*---------------------------------------------------------------------------*/
/*   Windows 32 and 64 bit porting by blueCAPE: http://www.bluecape.com.pt   *\
|  Based on Windows porting (2.0.x v4) by Symscape: http://www.symscape.com   |
\*---------------------------------------------------------------------------*/
FoamFile
{
    version     2.0;
    format      ascii;
    class       volScalarField;
    location    "0.005";
    object      p_0;
}
// * * * * * * * * * * * * * * * * * * * * * * * * * * * * * * * * * * * * * //

dimensions      [1 -1 -2 0 0 0 0];

internalField   nonuniform List<scalar> 
10000
(
100000
100000
100000
100000
99999.9
99999.7
99998.6
99993.7
99973.9
99903.3
99683.3
99106.2
97811.1
95331.2
91346.5
86002.1
79968.6
73810.1
68057.7
62718.5
57981.6
53605.1
49795.8
46400.1
43383.9
40736.3
38463.4
36548.9
34912.2
33595.9
32567.7
31720.7
31165.8
30863
30621.8
30501.9
30457.5
30456.2
30456.5
30458.2
30453.2
30455
30453.9
30451.3
30441.4
30430.2
30401
30390.6
30386.9
30330
30283.1
30269.2
30283.7
30273.6
30272.9
30286
30306.1
30312.1
30363.1
30411.7
100000
100000
100000
100000
99999.9
99999.7
99998.6
99993.7
99973.9
99903.3
99683.3
99106.2
97811.1
95331.2
91346.5
86002.1
79968.6
73810.1
68057.7
62718.5
57981.6
53605.1
49795.8
46400.1
43383.9
40736.3
38463.4
36548.9
34912.2
33595.9
32567.7
31720.7
31165.8
30863
30621.8
30501.9
30457.5
30456.2
30456.5
30458.2
30453.2
30455
30453.9
30451.3
30441.4
30430.2
30401
30390.6
30386.9
30330
30283.1
30270.3
30285.4
30276.3
30274
30290.8
30311.7
30316.4
30363.8
30440.9
100000
100000
100000
100000
99999.9
99999.7
99998.6
99993.7
99973.9
99903.3
99683.3
99106.2
97811.1
95331.2
91346.5
86002.1
79968.6
73810.1
68057.7
62718.5
57981.6
53605.1
49795.8
46400.1
43383.9
40736.3
38463.4
36548.9
34912.2
33595.9
32567.7
31720.7
31165.8
30863
30621.8
30501.9
30457.5
30456.2
30456.5
30458.2
30453.2
30455
30453.9
30451.3
30441.4
30430.2
30401
30390.6
30386.9
30330
30283
30272.7
30289.2
30282.9
30276.4
30296.9
30321.1
30325.6
30361.9
30493.4
100000
100000
100000
100000
99999.9
99999.7
99998.6
99993.7
99973.9
99903.3
99683.3
99106.2
97811.1
95331.2
91346.5
86002.1
79968.6
73810.1
68057.7
62718.5
57981.6
53605.1
49795.8
46400.1
43383.9
40736.3
38463.4
36548.9
34912.2
33595.9
32567.7
31720.7
31165.8
30863
30621.8
30501.9
30457.5
30456.2
30456.5
30458.2
30453.2
30455
30453.9
30451.3
30441.4
30430.2
30401
30390.6
30386.9
30330
30283
30276.7
30295.3
30291.8
30282.8
30298.6
30334.2
30349.6
30378.7
30523.8
100000
100000
100000
100000
99999.9
99999.7
99998.6
99993.7
99973.9
99903.3
99683.3
99106.2
97811.1
95331.2
91346.5
86002.1
79968.6
73810.1
68057.7
62718.5
57981.6
53605.1
49795.8
46400.1
43383.9
40736.3
38463.4
36548.9
34912.2
33595.9
32567.7
31720.7
31165.8
30863
30621.8
30501.9
30457.5
30456.2
30456.5
30458.2
30453.2
30455
30453.9
30451.3
30441.4
30430.2
30401
30390.6
30386.9
30330
30283
30282.2
30301.9
30298.9
30293.7
30296.9
30346.6
30371.8
30403.9
30538.6
100000
100000
100000
100000
99999.9
99999.7
99998.6
99993.7
99973.9
99903.3
99683.3
99106.2
97811.1
95331.2
91346.5
86002.1
79968.6
73810.1
68057.7
62718.5
57981.6
53605.1
49795.8
46400.1
43383.9
40736.3
38463.4
36548.9
34912.2
33595.9
32567.7
31720.7
31165.8
30863
30621.8
30501.9
30457.5
30456.2
30456.5
30458.2
30453.2
30455
30453.9
30451.3
30441.4
30430.2
30401
30390.6
30386.9
30330
30284.6
30286.7
30307.2
30301.5
30303.5
30303.2
30340.3
30385.4
30428
30547.9
100000
100000
100000
100000
99999.9
99999.7
99998.6
99993.7
99973.9
99903.3
99683.3
99106.2
97811.1
95331.2
91346.5
86002.1
79968.6
73810.1
68057.7
62718.5
57981.6
53605.1
49795.8
46400.1
43383.9
40736.3
38463.4
36548.9
34912.2
33595.9
32567.7
31720.7
31165.8
30863
30621.8
30501.9
30457.5
30456.2
30456.5
30458.2
30453.2
30455
30453.9
30451.3
30441.4
30430.2
30401
30390.6
30386.8
30329.9
30288.5
30291.6
30310.6
30305.2
30305.8
30316.5
30328
30394.8
30448.1
30532.7
100000
100000
100000
100000
99999.9
99999.7
99998.6
99993.7
99973.9
99903.3
99683.3
99106.2
97811.1
95331.2
91346.5
86002.1
79968.6
73810.1
68057.7
62718.5
57981.6
53605.1
49795.8
46400.1
43383.9
40736.3
38463.4
36548.9
34912.2
33595.9
32567.7
31720.7
31165.8
30863
30621.8
30501.9
30457.5
30456.2
30456.5
30458.2
30453.2
30455
30453.9
30451.3
30441.4
30430.2
30401
30390.6
30386.8
30329.8
30293.2
30297.5
30314.5
30309.3
30304.5
30309.6
30338.4
30390.6
30466.8
30508.6
100000
100000
100000
100000
99999.9
99999.7
99998.6
99993.7
99973.9
99903.3
99683.3
99106.2
97811.1
95331.2
91346.5
86002.1
79968.6
73810.1
68057.7
62718.5
57981.6
53605.1
49795.8
46400.1
43383.9
40736.3
38463.4
36548.9
34912.2
33595.9
32567.7
31720.7
31165.8
30863
30621.8
30501.9
30457.5
30456.2
30456.5
30458.2
30453.2
30455
30453.9
30451.3
30441.4
30430.2
30401
30390.6
30386.8
30329.7
30298.5
30302.3
30316.1
30314.7
30300.2
30304.1
30344.3
30393.6
30473
30501.8
100000
100000
100000
100000
99999.9
99999.7
99998.6
99993.7
99973.9
99903.3
99683.3
99106.2
97811.1
95331.2
91346.5
86002.1
79968.6
73810.1
68057.7
62718.5
57981.6
53605.1
49795.8
46400.1
43383.9
40736.3
38463.4
36548.9
34912.2
33595.9
32567.7
31720.7
31165.8
30863
30621.8
30501.9
30457.5
30456.2
30456.5
30458.2
30453.2
30455
30453.9
30451.3
30441.4
30430.2
30401
30390.6
30386.8
30329.6
30302.9
30305.6
30315.7
30317.6
30301.8
30301.9
30350.2
30395.3
30452.3
30511.4
100000
100000
100000
100000
99999.9
99999.7
99998.6
99993.7
99973.9
99903.3
99683.3
99106.2
97811.1
95331.2
91346.5
86002.1
79968.6
73810.1
68057.7
62718.5
57981.6
53605.1
49795.8
46400.1
43383.9
40736.3
38463.4
36548.9
34912.2
33595.9
32567.7
31720.7
31165.8
30863
30621.8
30501.9
30457.5
30456.2
30456.5
30458.2
30453.2
30455
30453.9
30451.3
30441.4
30430.2
30401
30390.6
30386.7
30329.5
30305.8
30307.6
30318.2
30320
30305.1
30302.4
30348
30402.6
30441.1
30502
100000
100000
100000
100000
99999.9
99999.7
99998.6
99993.7
99973.9
99903.3
99683.3
99106.2
97811.1
95331.2
91346.5
86002.1
79968.6
73810.1
68057.7
62718.5
57981.6
53605.1
49795.8
46400.1
43383.9
40736.3
38463.4
36548.9
34912.2
33595.9
32567.7
31720.7
31165.8
30863
30621.8
30501.9
30457.5
30456.2
30456.5
30458.2
30453.2
30455
30453.9
30451.3
30441.4
30430.2
30401
30390.6
30386.7
30329.4
30307.9
30309.1
30322.9
30321.9
30310.2
30309.1
30332.1
30405.9
30445.1
30480.7
100000
100000
100000
100000
99999.9
99999.7
99998.6
99993.7
99973.9
99903.3
99683.3
99106.2
97811.1
95331.2
91346.5
86002.1
79968.6
73810.1
68057.7
62718.5
57981.6
53605.1
49795.8
46400.1
43383.9
40736.3
38463.4
36548.9
34912.2
33595.9
32567.7
31720.7
31165.8
30863
30621.8
30501.9
30457.5
30456.2
30456.5
30458.2
30453.2
30455
30453.9
30451.3
30441.4
30430.2
30401
30390.6
30386.7
30329.3
30310
30310.7
30326.9
30322.7
30312.7
30317.8
30322.4
30398
30443.9
30466.1
100000
100000
100000
100000
99999.9
99999.7
99998.6
99993.7
99973.9
99903.3
99683.3
99106.2
97811.1
95331.2
91346.5
86002.1
79968.6
73810.1
68057.7
62718.5
57981.6
53605.1
49795.8
46400.1
43383.9
40736.3
38463.4
36548.9
34912.2
33595.9
32567.7
31720.7
31165.8
30863
30621.8
30501.9
30457.5
30456.2
30456.5
30458.2
30453.2
30455
30453.9
30451.3
30441.4
30430.2
30401
30390.6
30386.6
30329.2
30312.1
30312.3
30328.4
30324.6
30310.6
30318.3
30326.6
30390.3
30442
30448.6
100000
100000
100000
100000
99999.9
99999.7
99998.6
99993.7
99973.9
99903.3
99683.3
99106.2
97811.1
95331.2
91346.5
86002.1
79968.6
73810.1
68057.7
62718.5
57981.6
53605.1
49795.8
46400.1
43383.9
40736.3
38463.4
36548.9
34912.2
33595.9
32567.7
31720.7
31165.8
30863
30621.8
30501.9
30457.5
30456.2
30456.5
30458.2
30453.2
30455
30453.9
30451.3
30441.4
30430.2
30401
30390.6
30386.6
30329.2
30313.8
30313.4
30328.2
30324.6
30310.7
30317.4
30326.9
30389.3
30440.9
30426.7
100000
100000
100000
100000
99999.9
99999.7
99998.6
99993.7
99973.9
99903.3
99683.3
99106.2
97811.1
95331.2
91346.5
86002.1
79968.6
73810.1
68057.7
62718.5
57981.6
53605.1
49795.8
46400.1
43383.9
40736.3
38463.4
36548.9
34912.2
33595.9
32567.7
31720.7
31165.8
30863
30621.8
30501.9
30457.5
30456.2
30456.5
30458.2
30453.2
30455
30453.9
30451.3
30441.4
30430.2
30401
30390.6
30386.6
30329.1
30314.9
30314.1
30328.2
30324.6
30309.9
30316
30328.6
30382.8
30432.8
30407.5
100000
100000
100000
100000
99999.9
99999.7
99998.6
99993.7
99973.9
99903.3
99683.3
99106.2
97811.1
95331.2
91346.5
86002.1
79968.6
73810.1
68057.7
62718.5
57981.6
53605.1
49795.8
46400.1
43383.9
40736.3
38463.4
36548.9
34912.2
33595.9
32567.7
31720.7
31165.8
30863
30621.8
30501.9
30457.5
30456.2
30456.5
30458.2
30453.2
30455
30453.9
30451.3
30441.4
30430.2
30401
30390.6
30386.6
30329.1
30315.7
30314.5
30327.7
30323.7
30308.8
30315.7
30328.9
30372.6
30424.1
30390.4
100000
100000
100000
100000
99999.9
99999.7
99998.6
99993.7
99973.9
99903.3
99683.3
99106.2
97811.1
95331.2
91346.5
86002.1
79968.6
73810.1
68057.7
62718.5
57981.6
53605.1
49795.8
46400.1
43383.9
40736.3
38463.4
36548.9
34912.2
33595.9
32567.7
31720.7
31165.8
30863
30621.8
30501.9
30457.5
30456.2
30456.5
30458.2
30453.2
30455
30453.9
30451.3
30441.4
30430.2
30401
30390.6
30386.6
30329.1
30316.2
30314.5
30326.6
30322.5
30307
30313.4
30330.3
30362.3
30415.9
30379.4
100000
100000
100000
100000
99999.9
99999.7
99998.6
99993.7
99973.9
99903.3
99683.3
99106.2
97811.1
95331.2
91346.5
86002.1
79968.6
73810.1
68057.7
62718.5
57981.6
53605.1
49795.8
46400.1
43383.9
40736.3
38463.4
36548.9
34912.2
33595.9
32567.7
31720.7
31165.8
30863
30621.8
30501.9
30457.5
30456.2
30456.5
30458.2
30453.2
30455
30453.9
30451.3
30441.4
30430.2
30401
30390.6
30386.6
30329.1
30316.4
30314.3
30325.6
30321.4
30306
30313.9
30331.9
30350.2
30409.6
30372.7
100000
100000
100000
100000
99999.9
99999.7
99998.6
99993.7
99973.9
99903.3
99683.3
99106.2
97811.1
95331.2
91346.5
86002.1
79968.6
73810.1
68057.7
62718.5
57981.6
53605.1
49795.8
46400.1
43383.9
40736.3
38463.4
36548.9
34912.2
33595.9
32567.7
31720.7
31165.8
30863
30621.8
30501.9
30457.5
30456.2
30456.5
30458.2
30453.2
30455
30453.9
30451.3
30441.4
30430.2
30401
30390.6
30386.6
30329.1
30316.4
30314
30325.5
30320.9
30306.2
30315.6
30330.8
30339.6
30400.5
30363.1
100000
100000
100000
100000
99999.9
99999.7
99998.6
99993.7
99973.9
99903.3
99683.3
99106.2
97811.1
95331.2
91346.5
86002.1
79968.6
73810.1
68057.7
62718.5
57981.6
53605.1
49795.8
46400.1
43383.9
40736.3
38463.4
36548.9
34912.2
33595.9
32567.7
31720.7
31165.8
30863
30621.8
30501.9
30457.5
30456.2
30456.5
30458.2
30453.2
30455
30453.9
30451.3
30441.4
30430.2
30401
30390.6
30386.6
30329.1
30316.1
30313.8
30325.9
30321
30306.1
30315
30327.4
30331.9
30391.9
30356.4
100000
100000
100000
100000
99999.9
99999.7
99998.6
99993.7
99973.9
99903.3
99683.3
99106.2
97811.1
95331.2
91346.5
86002.1
79968.6
73810.1
68057.7
62718.5
57981.6
53605.1
49795.8
46400.1
43383.9
40736.3
38463.4
36548.9
34912.2
33595.9
32567.7
31720.7
31165.8
30863
30621.8
30501.9
30457.5
30456.2
30456.5
30458.2
30453.2
30455
30453.9
30451.3
30441.4
30430.2
30401
30390.6
30386.6
30329.1
30315.6
30313.5
30326.4
30321.4
30305.9
30313.8
30324.9
30327.3
30385.1
30352.5
100000
100000
100000
100000
99999.9
99999.7
99998.6
99993.7
99973.9
99903.3
99683.3
99106.2
97811.1
95331.2
91346.5
86002.1
79968.6
73810.1
68057.7
62718.5
57981.6
53605.1
49795.8
46400.1
43383.9
40736.3
38463.4
36548.9
34912.2
33595.9
32567.7
31720.7
31165.8
30863
30621.8
30501.9
30457.5
30456.2
30456.5
30458.2
30453.2
30455
30453.9
30451.3
30441.4
30430.2
30401
30390.6
30386.6
30329.1
30315
30313
30326.2
30321.5
30306.1
30312.8
30323.8
30325.5
30380.5
30350.7
100000
100000
100000
100000
99999.9
99999.7
99998.6
99993.7
99973.9
99903.3
99683.3
99106.2
97811.1
95331.2
91346.5
86002.1
79968.6
73810.1
68057.7
62718.5
57981.6
53605.1
49795.8
46400.1
43383.9
40736.3
38463.4
36548.9
34912.2
33595.9
32567.7
31720.7
31165.8
30863
30621.8
30501.9
30457.5
30456.2
30456.5
30458.2
30453.2
30455
30453.9
30451.3
30441.4
30430.2
30401
30390.6
30386.6
30329.1
30314.2
30312.1
30325.6
30321.6
30306.6
30312.3
30323.8
30324.7
30376.9
30349.7
100000
100000
100000
100000
99999.9
99999.7
99998.6
99993.7
99973.9
99903.3
99683.3
99106.2
97811.1
95331.2
91346.5
86002.1
79968.6
73810.1
68057.7
62718.5
57981.6
53605.1
49795.8
46400.1
43383.9
40736.3
38463.4
36548.9
34912.2
33595.9
32567.7
31720.7
31165.8
30863
30621.8
30501.9
30457.5
30456.2
30456.5
30458.2
30453.2
30455
30453.9
30451.3
30441.4
30430.2
30401
30390.6
30386.6
30329.2
30313.2
30311.1
30325.3
30321.8
30307.4
30312.2
30324
30324
30374
30348.3
100000
100000
100000
100000
99999.9
99999.7
99998.6
99993.7
99973.9
99903.3
99683.3
99106.2
97811.1
95331.2
91346.5
86002.1
79968.6
73810.1
68057.7
62718.5
57981.6
53605.1
49795.8
46400.1
43383.9
40736.3
38463.4
36548.9
34912.2
33595.9
32567.7
31720.7
31165.8
30863
30621.8
30501.9
30457.5
30456.2
30456.5
30458.2
30453.2
30455
30453.9
30451.3
30441.4
30430.2
30401
30390.6
30386.6
30329.2
30311.9
30310.2
30325.4
30321.8
30308.1
30312
30323.5
30322.9
30371.3
30345.5
100000
100000
100000
100000
99999.9
99999.7
99998.6
99993.7
99973.9
99903.3
99683.3
99106.2
97811.1
95331.2
91346.5
86002.1
79968.6
73810.1
68057.7
62718.5
57981.6
53605.1
49795.8
46400.1
43383.9
40736.3
38463.4
36548.9
34912.2
33595.9
32567.7
31720.7
31165.8
30863
30621.8
30501.9
30457.5
30456.2
30456.5
30458.2
30453.2
30455
30453.9
30451.3
30441.4
30430.2
30401
30390.6
30386.6
30329.3
30310.7
30309.4
30325.7
30321.6
30308.2
30311
30322.7
30321.5
30369
30342.8
100000
100000
100000
100000
99999.9
99999.7
99998.6
99993.7
99973.9
99903.3
99683.3
99106.2
97811.1
95331.2
91346.5
86002.1
79968.6
73810.1
68057.7
62718.5
57981.6
53605.1
49795.8
46400.1
43383.9
40736.3
38463.4
36548.9
34912.2
33595.9
32567.7
31720.7
31165.8
30863
30621.8
30501.9
30457.5
30456.2
30456.5
30458.2
30453.2
30455
30453.9
30451.3
30441.4
30430.2
30401
30390.6
30386.6
30329.3
30309.6
30308.6
30325.7
30321.3
30307.7
30309.9
30321.8
30320.4
30367.4
30340.6
100000
100000
100000
100000
99999.9
99999.7
99998.6
99993.7
99973.9
99903.3
99683.3
99106.2
97811.1
95331.2
91346.5
86002.1
79968.6
73810.1
68057.7
62718.5
57981.6
53605.1
49795.8
46400.1
43383.9
40736.3
38463.4
36548.9
34912.2
33595.9
32567.7
31720.7
31165.8
30863
30621.8
30501.9
30457.5
30456.2
30456.5
30458.2
30453.2
30455
30453.9
30451.3
30441.4
30430.2
30401
30390.6
30386.7
30329.3
30308.6
30307.7
30325.5
30320.8
30306.8
30308.7
30321.3
30319.9
30366.7
30339.2
100000
100000
100000
100000
99999.9
99999.7
99998.6
99993.7
99973.9
99903.3
99683.3
99106.2
97811.1
95331.2
91346.5
86002.1
79968.6
73810.1
68057.7
62718.5
57981.6
53605.1
49795.8
46400.1
43383.9
40736.3
38463.4
36548.9
34912.2
33595.9
32567.7
31720.7
31165.8
30863
30621.8
30501.9
30457.5
30456.2
30456.5
30458.2
30453.2
30455
30453.9
30451.3
30441.4
30430.2
30401
30390.6
30386.7
30329.4
30307.6
30306.8
30325
30320.1
30305.6
30307.5
30320.8
30320.2
30367.4
30338.8
100000
100000
100000
100000
99999.9
99999.7
99998.6
99993.7
99973.9
99903.3
99683.3
99106.2
97811.1
95331.2
91346.5
86002.1
79968.6
73810.1
68057.7
62718.5
57981.6
53605.1
49795.8
46400.1
43383.9
40736.3
38463.4
36548.9
34912.2
33595.9
32567.7
31720.7
31165.8
30863
30621.8
30501.9
30457.5
30456.2
30456.5
30458.2
30453.2
30455
30453.9
30451.3
30441.4
30430.2
30401
30390.6
30386.7
30329.4
30306.7
30306
30324.3
30319.3
30304.6
30306.7
30320.3
30321
30368.3
30339
100000
100000
100000
100000
99999.9
99999.7
99998.6
99993.7
99973.9
99903.3
99683.3
99106.2
97811.1
95331.2
91346.5
86002.1
79968.6
73810.1
68057.7
62718.5
57981.6
53605.1
49795.8
46400.1
43383.9
40736.3
38463.4
36548.9
34912.2
33595.9
32567.7
31720.7
31165.8
30863
30621.8
30501.9
30457.5
30456.2
30456.5
30458.2
30453.2
30455
30453.9
30451.3
30441.4
30430.2
30401
30390.6
30386.7
30329.5
30305.8
30305.1
30323.5
30318.6
30303.7
30306.4
30320
30321.6
30368.7
30338.5
100000
100000
100000
100000
99999.9
99999.7
99998.6
99993.7
99973.9
99903.3
99683.3
99106.2
97811.1
95331.2
91346.5
86002.1
79968.6
73810.1
68057.7
62718.5
57981.6
53605.1
49795.8
46400.1
43383.9
40736.3
38463.4
36548.9
34912.2
33595.9
32567.7
31720.7
31165.8
30863
30621.8
30501.9
30457.5
30456.2
30456.5
30458.2
30453.2
30455
30453.9
30451.3
30441.4
30430.2
30401
30390.6
30386.7
30329.5
30304.8
30304.3
30322.9
30318.1
30303.1
30305.9
30319.1
30321.2
30368
30336.3
100000
100000
100000
100000
99999.9
99999.7
99998.6
99993.7
99973.9
99903.3
99683.3
99106.2
97811.1
95331.2
91346.5
86002.1
79968.6
73810.1
68057.7
62718.5
57981.6
53605.1
49795.8
46400.1
43383.9
40736.3
38463.4
36548.9
34912.2
33595.9
32567.7
31720.7
31165.8
30863
30621.8
30501.9
30457.5
30456.2
30456.5
30458.2
30453.2
30455
30453.9
30451.3
30441.4
30430.2
30401
30390.6
30386.7
30329.6
30303.9
30303.6
30322.5
30317.6
30302.5
30305.3
30316.7
30320
30366.9
30333.6
100000
100000
100000
100000
99999.9
99999.7
99998.6
99993.7
99973.9
99903.3
99683.3
99106.2
97811.1
95331.2
91346.5
86002.1
79968.6
73810.1
68057.7
62718.5
57981.6
53605.1
49795.8
46400.1
43383.9
40736.3
38463.4
36548.9
34912.2
33595.9
32567.7
31720.7
31165.8
30863
30621.8
30501.9
30457.5
30456.2
30456.5
30458.2
30453.2
30455
30453.9
30451.3
30441.4
30430.2
30401
30390.6
30386.8
30329.6
30303.1
30302.9
30322
30317.1
30301.6
30304.3
30313.3
30318.5
30366.6
30331.6
100000
100000
100000
100000
99999.9
99999.7
99998.6
99993.7
99973.9
99903.3
99683.3
99106.2
97811.1
95331.2
91346.5
86002.1
79968.6
73810.1
68057.7
62718.5
57981.6
53605.1
49795.8
46400.1
43383.9
40736.3
38463.4
36548.9
34912.2
33595.9
32567.7
31720.7
31165.8
30863
30621.8
30501.9
30457.5
30456.2
30456.5
30458.2
30453.2
30455
30453.9
30451.3
30441.4
30430.2
30401
30390.6
30386.8
30329.6
30302.4
30302.3
30321.5
30316.5
30300.7
30302.9
30309.5
30317.9
30368.3
30330.9
100000
100000
100000
100000
99999.9
99999.7
99998.6
99993.7
99973.9
99903.3
99683.3
99106.2
97811.1
95331.2
91346.5
86002.1
79968.6
73810.1
68057.7
62718.5
57981.6
53605.1
49795.8
46400.1
43383.9
40736.3
38463.4
36548.9
34912.2
33595.9
32567.7
31720.7
31165.8
30863
30621.8
30501.9
30457.5
30456.2
30456.5
30458.2
30453.2
30455
30453.9
30451.3
30441.4
30430.2
30401
30390.6
30386.8
30329.7
30301.8
30301.7
30320.9
30315.6
30299.8
30301.7
30306
30318.3
30370.5
30330.9
100000
100000
100000
100000
99999.9
99999.7
99998.6
99993.7
99973.9
99903.3
99683.3
99106.2
97811.1
95331.2
91346.5
86002.1
79968.6
73810.1
68057.7
62718.5
57981.6
53605.1
49795.8
46400.1
43383.9
40736.3
38463.4
36548.9
34912.2
33595.9
32567.7
31720.7
31165.8
30863
30621.8
30501.9
30457.5
30456.2
30456.5
30458.2
30453.2
30455
30453.9
30451.3
30441.4
30430.2
30401
30390.6
30386.8
30329.7
30301.2
30301.2
30320.2
30314.8
30298.5
30300.9
30303.5
30319
30372.6
30331.2
100000
100000
100000
100000
99999.9
99999.7
99998.6
99993.7
99973.9
99903.3
99683.3
99106.2
97811.1
95331.2
91346.5
86002.1
79968.6
73810.1
68057.7
62718.5
57981.6
53605.1
49795.8
46400.1
43383.9
40736.3
38463.4
36548.9
34912.2
33595.9
32567.7
31720.7
31165.8
30863
30621.8
30501.9
30457.5
30456.2
30456.5
30458.2
30453.2
30455
30453.9
30451.3
30441.4
30430.2
30401
30390.6
30386.8
30329.7
30300.8
30300.7
30319.5
30313.7
30296.9
30300.1
30302.4
30320.7
30374.4
30331.9
100000
100000
100000
100000
99999.9
99999.7
99998.6
99993.7
99973.9
99903.3
99683.3
99106.2
97811.1
95331.2
91346.5
86002.1
79968.6
73810.1
68057.7
62718.5
57981.6
53605.1
49795.8
46400.1
43383.9
40736.3
38463.4
36548.9
34912.2
33595.9
32567.7
31720.7
31165.8
30863
30621.8
30501.9
30457.5
30456.2
30456.5
30458.2
30453.2
30455
30453.9
30451.3
30441.4
30430.2
30401
30390.6
30386.8
30329.7
30300.3
30300.3
30318.8
30312.5
30295.5
30299.2
30302
30323.7
30375.4
30332.9
100000
100000
100000
100000
99999.9
99999.7
99998.6
99993.7
99973.9
99903.3
99683.3
99106.2
97811.1
95331.2
91346.5
86002.1
79968.6
73810.1
68057.7
62718.5
57981.6
53605.1
49795.8
46400.1
43383.9
40736.3
38463.4
36548.9
34912.2
33595.9
32567.7
31720.7
31165.8
30863
30621.8
30501.9
30457.5
30456.2
30456.5
30458.2
30453.2
30455
30453.9
30451.3
30441.4
30430.2
30401
30390.6
30386.8
30329.8
30299.9
30299.8
30317.9
30311.4
30294.5
30298.9
30301.3
30327.2
30376.4
30333.6
100000
100000
100000
100000
99999.9
99999.7
99998.6
99993.7
99973.9
99903.3
99683.3
99106.2
97811.1
95331.2
91346.5
86002.1
79968.6
73810.1
68057.7
62718.5
57981.6
53605.1
49795.8
46400.1
43383.9
40736.3
38463.4
36548.9
34912.2
33595.9
32567.7
31720.7
31165.8
30863
30621.8
30501.9
30457.5
30456.2
30456.5
30458.2
30453.2
30455
30453.9
30451.3
30441.4
30430.2
30401
30390.6
30386.8
30329.8
30299.5
30299.4
30317
30310.5
30294.1
30298.6
30300.5
30330.8
30376.8
30333.3
100000
100000
100000
100000
99999.9
99999.7
99998.6
99993.7
99973.9
99903.3
99683.3
99106.2
97811.1
95331.2
91346.5
86002.1
79968.6
73810.1
68057.7
62718.5
57981.6
53605.1
49795.8
46400.1
43383.9
40736.3
38463.4
36548.9
34912.2
33595.9
32567.7
31720.7
31165.8
30863
30621.8
30501.9
30457.5
30456.2
30456.5
30458.2
30453.2
30455
30453.9
30451.3
30441.4
30430.2
30401
30390.6
30386.8
30329.8
30299.1
30299
30316.1
30309.7
30294.2
30298.1
30299.4
30333.7
30376.2
30331.5
100000
100000
100000
100000
99999.9
99999.7
99998.6
99993.7
99973.9
99903.3
99683.3
99106.2
97811.1
95331.2
91346.5
86002.1
79968.6
73810.1
68057.7
62718.5
57981.6
53605.1
49795.8
46400.1
43383.9
40736.3
38463.4
36548.9
34912.2
33595.9
32567.7
31720.7
31165.8
30863
30621.8
30501.9
30457.5
30456.2
30456.5
30458.2
30453.2
30455
30453.9
30451.3
30441.4
30430.2
30401
30390.6
30386.9
30329.8
30298.7
30298.6
30315.4
30309.2
30294.2
30297.1
30298.7
30336.2
30374.2
30328.6
100000
100000
100000
100000
99999.9
99999.7
99998.6
99993.7
99973.9
99903.3
99683.3
99106.2
97811.1
95331.2
91346.5
86002.1
79968.6
73810.1
68057.7
62718.5
57981.6
53605.1
49795.8
46400.1
43383.9
40736.3
38463.4
36548.9
34912.2
33595.9
32567.7
31720.7
31165.8
30863
30621.8
30501.9
30457.5
30456.2
30456.5
30458.2
30453.2
30455
30453.9
30451.3
30441.4
30430.2
30401
30390.6
30386.9
30329.9
30298.2
30298.2
30314.8
30308.9
30294.1
30295.2
30298.2
30338.3
30370.7
30325.7
100000
100000
100000
100000
99999.9
99999.7
99998.6
99993.7
99973.9
99903.3
99683.3
99106.2
97811.1
95331.2
91346.5
86002.1
79968.6
73810.1
68057.7
62718.5
57981.6
53605.1
49795.8
46400.1
43383.9
40736.3
38463.4
36548.9
34912.2
33595.9
32567.7
31720.7
31165.8
30863
30621.8
30501.9
30457.5
30456.2
30456.5
30458.2
30453.2
30455
30453.9
30451.3
30441.4
30430.2
30401
30390.6
30386.9
30329.9
30297.8
30297.9
30314.2
30308.6
30293.9
30293.2
30298.3
30339.2
30366.9
30324
100000
100000
100000
100000
99999.9
99999.7
99998.6
99993.7
99973.9
99903.3
99683.3
99106.2
97811.1
95331.2
91346.5
86002.1
79968.6
73810.1
68057.7
62718.5
57981.6
53605.1
49795.8
46400.1
43383.9
40736.3
38463.4
36548.9
34912.2
33595.9
32567.7
31720.7
31165.8
30863
30621.8
30501.9
30457.5
30456.2
30456.5
30458.2
30453.2
30455
30453.9
30451.3
30441.4
30430.2
30401
30390.6
30386.9
30329.9
30297.4
30297.6
30313.8
30308.4
30294.2
30289.4
30299.7
30339.6
30363.4
30323
100000
100000
100000
100000
99999.9
99999.7
99998.6
99993.7
99973.9
99903.3
99683.3
99106.2
97811.1
95331.2
91346.5
86002.1
79968.6
73810.1
68057.7
62718.5
57981.6
53605.1
49795.8
46400.1
43383.9
40736.3
38463.4
36548.9
34912.2
33595.9
32567.7
31720.7
31165.8
30863
30621.8
30501.9
30457.5
30456.2
30456.5
30458.2
30453.2
30455
30453.9
30451.3
30441.4
30430.2
30401
30390.6
30386.9
30330
30297.1
30297.4
30313.4
30308.3
30294.4
30285.4
30303.6
30337.1
30360.6
30322.9
100000
100000
100000
100000
99999.9
99999.7
99998.6
99993.7
99973.9
99903.3
99683.3
99106.2
97811.1
95331.2
91346.5
86002.1
79968.6
73810.1
68057.7
62718.5
57981.6
53605.1
49795.8
46400.1
43383.9
40736.3
38463.4
36548.9
34912.2
33595.9
32567.7
31720.7
31165.8
30863
30621.8
30501.9
30457.5
30456.2
30456.5
30458.2
30453.2
30455
30453.9
30451.3
30441.4
30430.2
30401
30390.6
30386.9
30330
30296.7
30297.2
30313.1
30308.2
30293.6
30283.6
30307.9
30332.5
30358.6
30323.5
100000
100000
100000
100000
99999.9
99999.7
99998.6
99993.7
99973.9
99903.3
99683.3
99106.2
97811.1
95331.2
91346.5
86002.1
79968.6
73810.1
68057.7
62718.5
57981.6
53605.1
49795.8
46400.1
43383.9
40736.3
38463.4
36548.9
34912.2
33595.9
32567.7
31720.7
31165.8
30863
30621.8
30501.9
30457.5
30456.2
30456.5
30458.2
30453.2
30455
30453.9
30451.3
30441.4
30430.2
30401
30390.6
30386.9
30330
30296.4
30296.9
30312.9
30307.9
30292.2
30284.2
30310.9
30328
30356.5
30324.7
100000
100000
100000
100000
99999.9
99999.7
99998.6
99993.7
99973.9
99903.3
99683.3
99106.2
97811.1
95331.2
91346.5
86002.1
79968.6
73810.1
68057.7
62718.5
57981.6
53605.1
49795.8
46400.1
43383.9
40736.3
38463.4
36548.9
34912.2
33595.9
32567.7
31720.7
31165.8
30863
30621.8
30501.9
30457.5
30456.2
30456.5
30458.2
30453.2
30455
30453.9
30451.3
30441.4
30430.2
30401
30390.6
30386.9
30330
30295.6
30296.1
30312.4
30306.4
30290.3
30288.9
30315.2
30318.3
30348.2
30328.6
100000
100000
100000
100000
99999.9
99999.7
99998.6
99993.7
99973.9
99903.3
99683.3
99106.2
97811.1
95331.2
91346.5
86002.1
79968.6
73810.1
68057.7
62718.5
57981.6
53605.1
49795.8
46400.1
43383.9
40736.3
38463.4
36548.9
34912.2
33595.9
32567.7
31720.7
31165.8
30863
30621.8
30501.9
30457.5
30456.2
30456.5
30458.2
30453.2
30455
30453.9
30451.3
30441.4
30430.2
30401
30390.6
30387
30330.2
30292.2
30292.6
30309.4
30301.7
30294.7
30292.4
30308.2
30306.3
30342.4
30323.6
100000
100000
100000
100000
99999.9
99999.7
99998.6
99993.7
99973.9
99903.3
99683.3
99106.2
97811.1
95331.2
91346.5
86002.1
79968.6
73810.1
68057.7
62718.5
57981.6
53605.1
49795.8
46400.1
43383.9
40736.3
38463.4
36548.9
34912.2
33595.9
32567.7
31720.7
31165.8
30863
30621.8
30501.9
30457.5
30456.2
30456.5
30458.2
30453.2
30455
30453.9
30451.3
30441.4
30430.2
30401
30390.6
30387
30330.3
30288.9
30288.9
30305.1
30296.5
30293.1
30288.2
30298.3
30304.8
30342.9
30316.1
100000
100000
100000
100000
99999.9
99999.7
99998.6
99993.7
99973.9
99903.3
99683.3
99106.2
97811.1
95331.2
91346.5
86002.1
79968.6
73810.1
68057.7
62718.5
57981.6
53605.1
49795.8
46400.1
43383.9
40736.3
38463.4
36548.9
34912.2
33595.9
32567.7
31720.7
31165.8
30863
30621.8
30501.9
30457.5
30456.2
30456.5
30458.2
30453.2
30455
30453.9
30451.3
30441.4
30430.2
30401
30390.6
30387
30330.4
30286
30285.4
30302.6
30295.7
30283.3
30277.2
30299.2
30304.3
30323.9
30304.3
100000
100000
100000
100000
99999.9
99999.7
99998.6
99993.7
99973.9
99903.3
99683.3
99106.2
97811.1
95331.2
91346.5
86002.1
79968.6
73810.1
68057.7
62718.5
57981.6
53605.1
49795.8
46400.1
43383.9
40736.3
38463.4
36548.9
34912.2
33595.9
32567.7
31720.7
31165.8
30863
30621.8
30501.9
30457.5
30456.2
30456.5
30458.2
30453.2
30455
30453.9
30451.3
30441.4
30430.2
30401
30390.6
30387
30330.4
30285.8
30280.6
30297.1
30289.6
30272.6
30273.5
30297.1
30294.2
30312.5
30297.7
100000
100000
100000
100000
99999.9
99999.7
99998.6
99993.7
99973.9
99903.3
99683.3
99106.2
97811.1
95331.2
91346.5
86002.1
79968.6
73810.1
68057.7
62718.5
57981.6
53605.1
49795.8
46400.1
43383.9
40736.3
38463.4
36548.9
34912.2
33595.9
32567.7
31720.7
31165.8
30863
30621.8
30501.9
30457.5
30456.2
30456.5
30458.2
30453.2
30455
30453.9
30451.3
30441.4
30430.2
30401
30390.6
30387
30330.4
30286
30274.6
30288.3
30274.2
30268.6
30270.5
30280.3
30283.8
30317.3
30294.3
100000
100000
100000
100000
99999.9
99999.7
99998.6
99993.7
99973.9
99903.3
99683.3
99106.2
97811.1
95331.2
91346.5
86002.1
79968.6
73810.1
68057.7
62718.5
57981.6
53605.1
49795.8
46400.1
43383.9
40736.3
38463.4
36548.9
34912.2
33595.9
32567.7
31720.7
31165.8
30863
30621.8
30501.9
30457.5
30456.2
30456.5
30458.2
30453.2
30455
30453.9
30451.3
30441.4
30430.2
30401
30390.6
30387
30330.4
30286.2
30272.4
30281
30263.1
30255.4
30263.5
30279.5
30275.3
30291.9
30282.1
100000
100000
100000
100000
99999.9
99999.7
99998.6
99993.7
99973.9
99903.3
99683.3
99106.2
97811.1
95331.2
91346.5
86002.1
79968.6
73810.1
68057.7
62718.5
57981.6
53605.1
49795.8
46400.1
43383.9
40736.3
38463.4
36548.9
34912.2
33595.9
32567.7
31720.7
31165.8
30863
30621.8
30501.9
30457.5
30456.2
30456.5
30458.2
30453.2
30455
30453.9
30451.3
30441.4
30430.2
30401
30390.6
30387.1
30330.5
30286.4
30272
30275.5
30250.7
30244.4
30249.2
30259.2
30264.6
30275.7
30267.2
100000
100000
100000
100000
99999.9
99999.7
99998.6
99993.7
99973.9
99903.3
99683.3
99106.2
97811.1
95331.2
91346.5
86002.1
79968.6
73810.1
68057.7
62718.5
57981.6
53605.1
49795.8
46400.1
43383.9
40736.3
38463.4
36548.9
34912.2
33595.9
32567.7
31720.7
31165.8
30863
30621.8
30501.9
30457.5
30456.2
30456.5
30458.2
30453.2
30455
30453.9
30451.3
30441.4
30430.2
30401
30390.6
30387.1
30330.5
30286.5
30272.7
30274.3
30246.4
30230.4
30236.2
30239.9
30241.6
30249.9
30246
100000
100000
100000
100000
99999.9
99999.7
99998.6
99993.7
99973.9
99903.3
99683.3
99106.2
97811.1
95331.2
91346.5
86002.1
79968.6
73810.1
68057.7
62718.5
57981.6
53605.1
49795.8
46400.1
43383.9
40736.3
38463.4
36548.9
34912.2
33595.9
32567.7
31720.7
31165.8
30863
30621.8
30501.9
30457.5
30456.2
30456.5
30458.2
30453.2
30455
30453.9
30451.3
30441.4
30430.2
30401
30390.6
30387.1
30330.5
30286.7
30273.7
30275.1
30247.2
30217.4
30221.6
30220.3
30221.2
30226
30220.9
100000
100000
100000
100000
99999.9
99999.7
99998.6
99993.7
99973.9
99903.3
99683.3
99106.2
97811.1
95331.2
91346.5
86002.1
79968.6
73810.1
68057.7
62718.5
57981.6
53605.1
49795.8
46400.1
43383.9
40736.3
38463.4
36548.9
34912.2
33595.9
32567.7
31720.7
31165.8
30863
30621.8
30501.9
30457.5
30456.2
30456.5
30458.2
30453.2
30455
30453.9
30451.3
30441.4
30430.2
30401
30390.6
30387.1
30330.5
30286.8
30274.8
30276.5
30249.3
30215.7
30213.3
30215.2
30202.8
30197.1
30187.9
100000
100000
100000
100000
99999.9
99999.7
99998.6
99993.7
99973.9
99903.3
99683.3
99106.2
97811.1
95331.2
91346.5
86002.1
79968.6
73810.1
68057.7
62718.5
57981.6
53605.1
49795.8
46400.1
43383.9
40736.3
38463.4
36548.9
34912.2
33595.9
32567.7
31720.7
31165.8
30863
30621.8
30501.9
30457.5
30456.2
30456.5
30458.2
30453.2
30455
30453.9
30451.3
30441.4
30430.2
30401
30390.6
30387.1
30330.5
30286.9
30275.9
30278.3
30251.9
30218.3
30210.2
30204.1
30209.5
30184.9
30162.3
100000
100000
100000
100000
99999.9
99999.7
99998.6
99993.7
99973.9
99903.3
99683.3
99106.2
97811.1
95331.2
91346.5
86002.1
79968.6
73810.1
68057.7
62718.5
57981.6
53605.1
49795.8
46400.1
43383.9
40736.3
38463.4
36548.9
34912.2
33595.9
32567.7
31720.7
31165.8
30863
30621.8
30501.9
30457.5
30456.2
30456.5
30458.2
30453.2
30455
30453.9
30451.3
30441.4
30430.2
30401
30390.6
30387.1
30330.5
30287.1
30276.9
30280.5
30254.9
30223.2
30213.7
30204.4
30203.3
30206.1
30160.1
100000
100000
100000
100000
99999.9
99999.7
99998.6
99993.7
99973.9
99903.3
99683.3
99106.2
97811.1
95331.2
91346.5
86002.1
79968.6
73810.1
68057.7
62718.5
57981.6
53605.1
49795.8
46400.1
43383.9
40736.3
38463.4
36548.9
34912.2
33595.9
32567.7
31720.7
31165.8
30863
30621.8
30501.9
30457.5
30456.2
30456.5
30458.2
30453.2
30455
30453.9
30451.3
30441.4
30430.2
30401
30390.6
30387.1
30330.5
30287.3
30277.6
30283.2
30258.2
30231.3
30225
30213.5
30206.9
30213.9
30182.9
100000
100000
100000
100000
99999.9
99999.7
99998.6
99993.7
99973.9
99903.3
99683.3
99106.2
97811.1
95331.2
91346.5
86002.1
79968.6
73810.1
68057.7
62718.5
57981.6
53605.1
49795.8
46400.1
43383.9
40736.3
38463.4
36548.9
34912.2
33595.9
32567.7
31720.7
31165.8
30863
30621.8
30501.9
30457.5
30456.2
30456.5
30458.2
30453.2
30455
30453.9
30451.3
30441.4
30430.2
30401
30390.6
30387.1
30330.5
30287.6
30278.7
30285
30260.5
30242.3
30239.1
30233
30221.1
30225.6
30203.9
100000
100000
100000
100000
99999.9
99999.7
99998.6
99993.7
99973.9
99903.3
99683.3
99106.2
97811.1
95331.2
91346.5
86002.1
79968.6
73810.1
68057.7
62718.5
57981.6
53605.1
49795.8
46400.1
43383.9
40736.3
38463.4
36548.9
34912.2
33595.9
32567.7
31720.7
31165.8
30863
30621.8
30501.9
30457.5
30456.2
30456.5
30458.2
30453.2
30455
30453.9
30451.3
30441.4
30430.2
30401
30390.6
30387.1
30330.5
30288.5
30281.9
30290.5
30270
30252.1
30249.6
30251
30241.2
30247
30228
100000
100000
100000
100000
99999.9
99999.7
99998.6
99993.7
99973.9
99903.3
99683.3
99106.2
97811.1
95331.2
91346.5
86002.1
79968.6
73810.1
68057.7
62718.5
57981.6
53605.1
49795.8
46400.1
43383.9
40736.3
38463.4
36548.9
34912.2
33595.9
32567.7
31720.7
31165.8
30863
30621.8
30501.9
30457.5
30456.2
30456.5
30458.2
30453.2
30455
30453.9
30451.3
30441.4
30430.2
30401
30390.6
30387.1
30330.5
30289.1
30284.3
30295.2
30277.2
30263
30261.6
30261.5
30264.8
30280.1
30255.3
100000
100000
100000
100000
99999.9
99999.7
99998.6
99993.7
99973.9
99903.3
99683.3
99106.2
97811.1
95331.2
91346.5
86002.1
79968.6
73810.1
68057.7
62718.5
57981.6
53605.1
49795.8
46400.1
43383.9
40736.3
38463.4
36548.9
34912.2
33595.9
32567.7
31720.7
31165.8
30863
30621.8
30501.9
30457.5
30456.2
30456.5
30458.2
30453.2
30455
30453.9
30451.3
30441.4
30430.2
30401
30390.6
30387.1
30330.4
30289.7
30285.8
30298
30282.1
30271.5
30272.3
30271.9
30287.5
30303
30277.1
100000
100000
100000
100000
99999.9
99999.7
99998.6
99993.7
99973.9
99903.3
99683.3
99106.2
97811.1
95331.2
91346.5
86002.1
79968.6
73810.1
68057.7
62718.5
57981.6
53605.1
49795.8
46400.1
43383.9
40736.3
38463.4
36548.9
34912.2
33595.9
32567.7
31720.7
31165.8
30863
30621.8
30501.9
30457.5
30456.2
30456.5
30458.2
30453.2
30455
30453.9
30451.3
30441.4
30430.2
30401
30390.6
30387.1
30330.4
30290.1
30286.9
30299.9
30285.7
30276.2
30278.4
30278.8
30302.3
30318.6
30291.4
100000
100000
100000
100000
99999.9
99999.7
99998.6
99993.7
99973.9
99903.3
99683.3
99106.2
97811.1
95331.2
91346.5
86002.1
79968.6
73810.1
68057.7
62718.5
57981.6
53605.1
49795.8
46400.1
43383.9
40736.3
38463.4
36548.9
34912.2
33595.9
32567.7
31720.7
31165.8
30863
30621.8
30501.9
30457.5
30456.2
30456.5
30458.2
30453.2
30455
30453.9
30451.3
30441.4
30430.2
30401
30390.6
30387.1
30330.4
30290.4
30287.5
30300.8
30287.5
30278.4
30281.3
30282.3
30309.9
30327
30299.1
100000
100000
100000
100000
99999.9
99999.7
99998.6
99993.7
99973.9
99903.3
99683.3
99106.2
97811.1
95331.2
91346.5
86002.1
79968.6
73810.1
68057.7
62718.5
57981.6
53605.1
49795.8
46400.1
43383.9
40736.3
38463.4
36548.9
34912.2
33595.9
32567.7
31720.7
31165.8
30863
30621.8
30501.9
30457.5
30456.2
30456.5
30458.2
30453.2
30455
30453.9
30451.3
30441.4
30430.2
30401
30390.6
30387.1
30330.4
30290.5
30287.8
30301.3
30288.4
30279.5
30282.7
30284.1
30313.6
30331
30302.9
100000
100000
100000
100000
99999.9
99999.7
99998.6
99993.7
99973.9
99903.3
99683.3
99106.2
97811.1
95331.2
91346.5
86002.1
79968.6
73810.1
68057.7
62718.5
57981.6
53605.1
49795.8
46400.1
43383.9
40736.3
38463.4
36548.9
34912.2
33595.9
32567.7
31720.7
31165.8
30863
30621.8
30501.9
30457.5
30456.2
30456.5
30458.2
30453.2
30455
30453.9
30451.3
30441.4
30430.2
30401
30390.6
30387.1
30330.4
30290.5
30287.9
30301.5
30288.8
30280
30283.3
30284.8
30315.2
30332.7
30304.5
100000
100000
100000
100000
99999.9
99999.7
99998.6
99993.7
99973.9
99903.3
99683.3
99106.2
97811.1
95331.2
91346.5
86002.1
79968.6
73810.1
68057.7
62718.5
57981.6
53605.1
49795.8
46400.1
43383.9
40736.3
38463.4
36548.9
34912.2
33595.9
32567.7
31720.7
31165.8
30863
30621.8
30501.9
30457.5
30456.2
30456.5
30458.2
30453.2
30455
30453.9
30451.3
30441.4
30430.2
30401
30390.6
30387.1
30330.4
30290.6
30287.9
30301.6
30288.9
30280.2
30283.5
30285.2
30315.8
30333.3
30305.1
100000
100000
100000
100000
99999.9
99999.7
99998.6
99993.7
99973.9
99903.3
99683.3
99106.2
97811.1
95331.2
91346.5
86002.1
79968.6
73810.1
68057.7
62718.5
57981.6
53605.1
49795.8
46400.1
43383.9
40736.3
38463.4
36548.9
34912.2
33595.9
32567.7
31720.7
31165.8
30863
30621.8
30501.9
30457.5
30456.2
30456.5
30458.2
30453.2
30455
30453.9
30451.3
30441.4
30430.2
30401
30390.6
30387.1
30330.4
30290.6
30287.9
30301.6
30289
30280.2
30283.6
30285.3
30316.1
30333.5
30305.3
100000
100000
100000
100000
99999.9
99999.7
99998.6
99993.7
99973.9
99903.3
99683.3
99106.2
97811.1
95331.2
91346.5
86002.1
79968.6
73810.1
68057.7
62718.5
57981.6
53605.1
49795.8
46400.1
43383.9
40736.3
38463.4
36548.9
34912.2
33595.9
32567.7
31720.7
31165.8
30863
30621.8
30501.9
30457.5
30456.2
30456.5
30458.2
30453.2
30455
30453.9
30451.3
30441.4
30430.2
30401
30390.6
30387.1
30330.4
30290.6
30288
30301.6
30289
30280.3
30283.6
30285.3
30316.1
30333.6
30305.4
100000
100000
100000
100000
99999.9
99999.7
99998.6
99993.7
99973.9
99903.3
99683.3
99106.2
97811.1
95331.2
91346.5
86002.1
79968.6
73810.1
68057.7
62718.5
57981.6
53605.1
49795.8
46400.1
43383.9
40736.3
38463.4
36548.9
34912.2
33595.9
32567.7
31720.7
31165.8
30863
30621.8
30501.9
30457.5
30456.2
30456.5
30458.2
30453.2
30455
30453.9
30451.3
30441.4
30430.2
30401
30390.6
30387.1
30330.4
30290.6
30288
30301.6
30289
30280.3
30283.6
30285.3
30316.2
30333.6
30305.4
100000
100000
100000
100000
99999.9
99999.7
99998.6
99993.7
99973.9
99903.3
99683.3
99106.2
97811.1
95331.2
91346.5
86002.1
79968.6
73810.1
68057.7
62718.5
57981.6
53605.1
49795.8
46400.1
43383.9
40736.3
38463.4
36548.9
34912.2
33595.9
32567.7
31720.7
31165.8
30863
30621.8
30501.9
30457.5
30456.2
30456.5
30458.2
30453.2
30455
30453.9
30451.3
30441.4
30430.2
30401
30390.6
30387.1
30330.4
30290.6
30288
30301.6
30289
30280.3
30283.6
30285.3
30316.2
30333.6
30305.4
100000
100000
100000
100000
99999.9
99999.7
99998.6
99993.7
99973.9
99903.3
99683.3
99106.2
97811.1
95331.2
91346.5
86002.1
79968.6
73810.1
68057.7
62718.5
57981.6
53605.1
49795.8
46400.1
43383.9
40736.3
38463.4
36548.9
34912.2
33595.9
32567.7
31720.7
31165.8
30863
30621.8
30501.9
30457.5
30456.2
30456.5
30458.2
30453.2
30455
30453.9
30451.3
30441.4
30430.2
30401
30390.6
30387.1
30330.4
30290.6
30288
30301.6
30289
30280.3
30283.6
30285.3
30316.2
30333.6
30305.4
100000
100000
100000
100000
99999.9
99999.7
99998.6
99993.7
99973.9
99903.3
99683.3
99106.2
97811.1
95331.2
91346.5
86002.1
79968.6
73810.1
68057.7
62718.5
57981.6
53605.1
49795.8
46400.1
43383.9
40736.3
38463.4
36548.9
34912.2
33595.9
32567.7
31720.7
31165.8
30863
30621.8
30501.9
30457.5
30456.2
30456.5
30458.2
30453.2
30455
30453.9
30451.3
30441.4
30430.2
30401
30390.6
30387.1
30330.4
30290.6
30288
30301.6
30289
30280.3
30283.6
30285.3
30316.2
30333.6
30305.4
100000
100000
100000
100000
99999.9
99999.7
99998.6
99993.7
99973.9
99903.3
99683.3
99106.2
97811.1
95331.2
91346.5
86002.1
79968.6
73810.1
68057.7
62718.5
57981.6
53605.1
49795.8
46400.1
43383.9
40736.3
38463.4
36548.9
34912.2
33595.9
32567.7
31720.7
31165.8
30863
30621.8
30501.9
30457.5
30456.2
30456.5
30458.2
30453.2
30455
30453.9
30451.3
30441.4
30430.2
30401
30390.6
30387.1
30330.4
30290.6
30288
30301.6
30289
30280.3
30283.6
30285.3
30316.2
30333.6
30305.4
100000
100000
100000
100000
99999.9
99999.7
99998.6
99993.7
99973.9
99903.3
99683.3
99106.2
97811.1
95331.2
91346.5
86002.1
79968.6
73810.1
68057.7
62718.5
57981.6
53605.1
49795.8
46400.1
43383.9
40736.3
38463.4
36548.9
34912.2
33595.9
32567.7
31720.7
31165.8
30863
30621.8
30501.9
30457.5
30456.2
30456.5
30458.2
30453.2
30455
30453.9
30451.3
30441.4
30430.2
30401
30390.6
30387.1
30330.4
30290.6
30288
30301.6
30289
30280.3
30283.6
30285.3
30316.2
30333.6
30305.4
100000
100000
100000
100000
99999.9
99999.7
99998.6
99993.7
99973.9
99903.3
99683.3
99106.2
97811.1
95331.2
91346.5
86002.1
79968.6
73810.1
68057.7
62718.5
57981.6
53605.1
49795.8
46400.1
43383.9
40736.3
38463.4
36548.9
34912.2
33595.9
32567.7
31720.7
31165.8
30863
30621.8
30501.9
30457.5
30456.2
30456.5
30458.2
30453.2
30455
30453.9
30451.3
30441.4
30430.2
30401
30390.6
30387.1
30330.4
30290.6
30288
30301.6
30289
30280.3
30283.6
30285.3
30316.2
30333.6
30305.4
100000
100000
100000
100000
99999.9
99999.7
99998.6
99993.7
99973.9
99903.3
99683.3
99106.2
97811.1
95331.2
91346.5
86002.1
79968.6
73810.1
68057.7
62718.5
57981.6
53605.1
49795.8
46400.1
43383.9
40736.3
38463.4
36548.9
34912.2
33595.9
32567.7
31720.7
31165.8
30863
30621.8
30501.9
30457.5
30456.2
30456.5
30458.2
30453.2
30455
30453.9
30451.3
30441.4
30430.2
30401
30390.6
30387.1
30330.4
30290.6
30288
30301.6
30289
30280.3
30283.6
30285.3
30316.2
30333.6
30305.4
100000
100000
100000
100000
99999.9
99999.7
99998.6
99993.7
99973.9
99903.3
99683.3
99106.2
97811.1
95331.2
91346.5
86002.1
79968.6
73810.1
68057.7
62718.5
57981.6
53605.1
49795.8
46400.1
43383.9
40736.3
38463.4
36548.9
34912.2
33595.9
32567.7
31720.7
31165.8
30863
30621.8
30501.9
30457.5
30456.2
30456.5
30458.2
30453.2
30455
30453.9
30451.3
30441.4
30430.2
30401
30390.6
30387.1
30330.4
30290.6
30288
30301.6
30289
30280.3
30283.6
30285.3
30316.2
30333.6
30305.4
100000
100000
100000
100000
99999.9
99999.7
99998.6
99993.7
99973.9
99903.3
99683.3
99106.2
97811.1
95331.2
91346.5
86002.1
79968.6
73810.1
68057.7
62718.5
57981.6
53605.1
49795.8
46400.1
43383.9
40736.3
38463.4
36548.9
34912.2
33595.9
32567.7
31720.7
31165.8
30863
30621.8
30501.9
30457.5
30456.2
30456.5
30458.2
30453.2
30455
30453.9
30451.3
30441.4
30430.2
30401
30390.6
30387.1
30330.4
30290.6
30288
30301.6
30289
30280.3
30283.6
30285.3
30316.2
30333.6
30305.4
100000
100000
100000
100000
99999.9
99999.7
99998.6
99993.7
99973.9
99903.3
99683.3
99106.2
97811.1
95331.2
91346.5
86002.1
79968.6
73810.1
68057.7
62718.5
57981.6
53605.1
49795.8
46400.1
43383.9
40736.3
38463.4
36548.9
34912.2
33595.9
32567.7
31720.7
31165.8
30863
30621.8
30501.9
30457.5
30456.2
30456.5
30458.2
30453.2
30455
30453.9
30451.3
30441.4
30430.2
30401
30390.6
30387.1
30330.4
30290.6
30288
30301.6
30289
30280.3
30283.6
30285.3
30316.2
30333.6
30305.4
100000
100000
100000
100000
99999.9
99999.7
99998.6
99993.7
99973.9
99903.3
99683.3
99106.2
97811.1
95331.2
91346.5
86002.1
79968.6
73810.1
68057.7
62718.5
57981.6
53605.1
49795.8
46400.1
43383.9
40736.3
38463.4
36548.9
34912.2
33595.9
32567.7
31720.7
31165.8
30863
30621.8
30501.9
30457.5
30456.2
30456.5
30458.2
30453.2
30455
30453.9
30451.3
30441.4
30430.2
30401
30390.6
30387.1
30330.4
30290.6
30288
30301.6
30289
30280.3
30283.6
30285.3
30316.2
30333.6
30305.4
100000
100000
100000
100000
99999.9
99999.7
99998.6
99993.7
99973.9
99903.3
99683.3
99106.2
97811.1
95331.2
91346.5
86002.1
79968.6
73810.1
68057.7
62718.5
57981.6
53605.1
49795.8
46400.1
43383.9
40736.3
38463.4
36548.9
34912.2
33595.9
32567.7
31720.7
31165.8
30863
30621.8
30501.9
30457.5
30456.2
30456.5
30458.2
30453.2
30455
30453.9
30451.3
30441.4
30430.2
30401
30390.6
30387.1
30330.4
30290.6
30288
30301.6
30289
30280.3
30283.6
30285.3
30316.2
30333.6
30305.4
100000
100000
100000
100000
99999.9
99999.7
99998.6
99993.7
99973.9
99903.3
99683.3
99106.2
97811.1
95331.2
91346.5
86002.1
79968.6
73810.1
68057.7
62718.5
57981.6
53605.1
49795.8
46400.1
43383.9
40736.3
38463.4
36548.9
34912.2
33595.9
32567.7
31720.7
31165.8
30863
30621.8
30501.9
30457.5
30456.2
30456.5
30458.2
30453.2
30455
30453.9
30451.3
30441.4
30430.2
30401
30390.6
30387.1
30330.4
30290.6
30288
30301.6
30289
30280.3
30283.6
30285.3
30316.2
30333.6
30305.4
100000
100000
100000
100000
99999.9
99999.7
99998.6
99993.7
99973.9
99903.3
99683.3
99106.2
97811.1
95331.2
91346.5
86002.1
79968.6
73810.1
68057.7
62718.5
57981.6
53605.1
49795.8
46400.1
43383.9
40736.3
38463.4
36548.9
34912.2
33595.9
32567.7
31720.7
31165.8
30863
30621.8
30501.9
30457.5
30456.2
30456.5
30458.2
30453.2
30455
30453.9
30451.3
30441.4
30430.2
30401
30390.6
30387.1
30330.4
30290.6
30288
30301.6
30289
30280.3
30283.6
30285.3
30316.2
30333.6
30305.4
100000
100000
100000
100000
99999.9
99999.7
99998.6
99993.7
99973.9
99903.3
99683.3
99106.2
97811.1
95331.2
91346.5
86002.1
79968.6
73810.1
68057.7
62718.5
57981.6
53605.1
49795.8
46400.1
43383.9
40736.3
38463.4
36548.9
34912.2
33595.9
32567.7
31720.7
31165.8
30863
30621.8
30501.9
30457.5
30456.2
30456.5
30458.2
30453.2
30455
30453.9
30451.3
30441.4
30430.2
30401
30390.6
30387.1
30330.4
30290.6
30288
30301.6
30289
30280.3
30283.6
30285.3
30316.2
30333.6
30305.4
100000
100000
100000
100000
99999.9
99999.7
99998.6
99993.7
99973.9
99903.3
99683.3
99106.2
97811.1
95331.2
91346.5
86002.1
79968.6
73810.1
68057.7
62718.5
57981.6
53605.1
49795.8
46400.1
43383.9
40736.3
38463.4
36548.9
34912.2
33595.9
32567.7
31720.7
31165.8
30863
30621.8
30501.9
30457.5
30456.2
30456.5
30458.2
30453.2
30455
30453.9
30451.3
30441.4
30430.2
30401
30390.6
30387.1
30330.4
30290.6
30288
30301.6
30289
30280.3
30283.6
30285.3
30316.2
30333.6
30305.4
100000
100000
100000
100000
99999.9
99999.7
99998.6
99993.7
99973.9
99903.3
99683.3
99106.2
97811.1
95331.2
91346.5
86002.1
79968.6
73810.1
68057.7
62718.5
57981.6
53605.1
49795.8
46400.1
43383.9
40736.3
38463.4
36548.9
34912.2
33595.9
32567.7
31720.7
31165.8
30863
30621.8
30501.9
30457.5
30456.2
30456.5
30458.2
30453.2
30455
30453.9
30451.3
30441.4
30430.2
30401
30390.6
30387.1
30330.4
30290.6
30288
30301.6
30289
30280.3
30283.6
30285.3
30316.2
30333.6
30305.4
100000
100000
100000
100000
99999.9
99999.7
99998.6
99993.7
99973.9
99903.3
99683.3
99106.2
97811.1
95331.2
91346.5
86002.1
79968.6
73810.1
68057.7
62718.5
57981.6
53605.1
49795.8
46400.1
43383.9
40736.3
38463.4
36548.9
34912.2
33595.9
32567.7
31720.7
31165.8
30863
30621.8
30501.9
30457.5
30456.2
30456.5
30458.2
30453.2
30455
30453.9
30451.3
30441.4
30430.2
30401
30390.6
30387.1
30330.4
30290.6
30288
30301.6
30289
30280.3
30283.6
30285.3
30316.2
30333.6
30305.4
100000
100000
100000
100000
99999.9
99999.7
99998.6
99993.7
99973.9
99903.3
99683.3
99106.2
97811.1
95331.2
91346.5
86002.1
79968.6
73810.1
68057.7
62718.5
57981.6
53605.1
49795.8
46400.1
43383.9
40736.3
38463.4
36548.9
34912.2
33595.9
32567.7
31720.7
31165.8
30863
30621.8
30501.9
30457.5
30456.2
30456.5
30458.2
30453.2
30455
30453.9
30451.3
30441.4
30430.2
30401
30390.6
30387.1
30330.4
30290.6
30288
30301.6
30289
30280.3
30283.6
30285.3
30316.2
30333.6
30305.4
100000
100000
100000
100000
99999.9
99999.7
99998.6
99993.7
99973.9
99903.3
99683.3
99106.2
97811.1
95331.2
91346.5
86002.1
79968.6
73810.1
68057.7
62718.5
57981.6
53605.1
49795.8
46400.1
43383.9
40736.3
38463.4
36548.9
34912.2
33595.9
32567.7
31720.7
31165.8
30863
30621.8
30501.9
30457.5
30456.2
30456.5
30458.2
30453.2
30455
30453.9
30451.3
30441.4
30430.2
30401
30390.6
30387.1
30330.4
30290.6
30288
30301.6
30289
30280.3
30283.6
30285.3
30316.2
30333.6
30305.4
100000
100000
100000
100000
99999.9
99999.7
99998.6
99993.7
99973.9
99903.3
99683.3
99106.2
97811.1
95331.2
91346.5
86002.1
79968.6
73810.1
68057.7
62718.5
57981.6
53605.1
49795.8
46400.1
43383.9
40736.3
38463.4
36548.9
34912.2
33595.9
32567.7
31720.7
31165.8
30863
30621.8
30501.9
30457.5
30456.2
30456.5
30458.2
30453.2
30455
30453.9
30451.3
30441.4
30430.2
30401
30390.6
30387.1
30330.4
30290.6
30288
30301.6
30289
30280.3
30283.6
30285.3
30316.2
30333.6
30305.4
100000
100000
100000
100000
99999.9
99999.7
99998.6
99993.7
99973.9
99903.3
99683.3
99106.2
97811.1
95331.2
91346.5
86002.1
79968.6
73810.1
68057.7
62718.5
57981.6
53605.1
49795.8
46400.1
43383.9
40736.3
38463.4
36548.9
34912.2
33595.9
32567.7
31720.7
31165.8
30863
30621.8
30501.9
30457.5
30456.2
30456.5
30458.2
30453.2
30455
30453.9
30451.3
30441.4
30430.2
30401
30390.6
30387.1
30330.4
30290.6
30288
30301.6
30289
30280.3
30283.6
30285.3
30316.2
30333.6
30305.4
100000
100000
100000
100000
99999.9
99999.7
99998.6
99993.7
99973.9
99903.3
99683.3
99106.2
97811.1
95331.2
91346.5
86002.1
79968.6
73810.1
68057.7
62718.5
57981.6
53605.1
49795.8
46400.1
43383.9
40736.3
38463.4
36548.9
34912.2
33595.9
32567.7
31720.7
31165.8
30863
30621.8
30501.9
30457.5
30456.2
30456.5
30458.2
30453.2
30455
30453.9
30451.3
30441.4
30430.2
30401
30390.6
30387.1
30330.4
30290.6
30288
30301.6
30289
30280.3
30283.6
30285.3
30316.2
30333.6
30305.4
100000
100000
100000
100000
99999.9
99999.7
99998.6
99993.7
99973.9
99903.3
99683.3
99106.2
97811.1
95331.2
91346.5
86002.1
79968.6
73810.1
68057.7
62718.5
57981.6
53605.1
49795.8
46400.1
43383.9
40736.3
38463.4
36548.9
34912.2
33595.9
32567.7
31720.7
31165.8
30863
30621.8
30501.9
30457.5
30456.2
30456.5
30458.2
30453.2
30455
30453.9
30451.3
30441.4
30430.2
30401
30390.6
30387.1
30330.4
30290.6
30288
30301.6
30289
30280.3
30283.6
30285.3
30316.2
30333.6
30305.4
30294.3
30282.8
30248.8
30211.8
30151.7
30054.4
29970.5
29934.9
29891.5
29808.5
29756.2
29671.9
29522.8
29419.7
29314.8
29172.1
29062.3
28928.8
28274.2
26739.5
30289.4
30277.4
30242.4
30213.1
30141.3
30097.7
29949.4
29926.4
29928.8
29860.7
29810.4
29710.6
29627.9
29579.7
29538
29315.8
29046.4
28715
28183.3
27295.5
30282.4
30271.8
30234.5
30218.6
30145.3
30132.3
30010.2
29929.3
29900.8
29838.2
29803.2
29733.8
29632.6
29584.6
29567.4
29499.5
29127.7
28794.3
28296
27629.1
30275.5
30263.7
30228.8
30220.1
30146.6
30172.5
30115.1
29993.5
29932.2
29840.4
29790.4
29701.4
29565.3
29473.2
29399.4
29311.2
29326.2
29237.4
28520.5
27887.1
30266.8
30244.7
30226
30212.2
30142.6
30177.3
30041.6
29940.1
29891.5
29886.4
29925.3
29755.5
29577.2
29476.9
29388.6
29313.4
29338.4
29224.3
28735.6
28096.8
30260.9
30240.4
30224
30208
30148.7
30175.6
30033.7
29931.8
29905.7
29935
29928.4
29737.7
29630.1
29554.9
29476.8
29353.7
29253.1
29249
28773.4
27877.3
30254.1
30230.7
30220.1
30211.2
30148.3
30175.8
30053.8
29941.7
29920.2
29954.3
29842
29702.1
29638.6
29619.7
29652.6
29415.4
29195.7
29141.7
28789.2
27824.9
30241.7
30215.5
30207.5
30201.3
30148.2
30179.7
30077.6
29965.6
29923.9
29921.9
29927.2
29742.6
29645
29608.8
29637.1
29374.6
29112.9
29044.3
28715
27778
30227.1
30196.4
30190.2
30190.6
30149.7
30186.1
30102.6
30015
29973.1
29874.1
29819.3
29729.7
29666
29694.1
29570.1
29203.2
29039.2
29008.8
28611.6
27729.9
30201.3
30173.5
30163.8
30169.2
30126.1
30162.3
30098.2
29990
29940.6
29909.8
29822.8
29692.1
29652.3
29683.4
29374.4
29148
29022.3
29017.6
28483.7
27675.6
30166.3
30153.4
30137.3
30107.3
30073.8
30127.4
30069.8
29946.4
29897.2
29864.5
29758.1
29612
29532.8
29535.6
29444.5
29140
29038.5
29046.9
28318.8
27632.3
30131.8
30114.1
30077.3
30015.4
29999.5
30060.1
29951.4
29843.7
29807.6
29739.5
29645.4
29536
29476.1
29510.2
29292.6
29067.4
29022.1
28956.1
28143
27588.5
30107.5
30077.9
30020.2
29911.7
29902.7
29932.9
29773.7
29706.9
29675
29605.9
29562.2
29496.7
29476.9
29235.9
29092.1
28975.4
28982
28672.9
27985.7
27525.3
30110.3
30051.7
29977.2
29856.6
29838.6
29739.7
29607.2
29559.6
29531.6
29468.4
29423.9
29372.6
29369.6
29184.2
29055.7
29023.1
29011.7
28436.6
27985.1
27547.1
30144.5
30066.7
29987.9
29854
29805.6
29600.5
29517.5
29467.8
29439.8
29384.3
29344.3
29318.2
29297
29101.8
29039.3
29085.1
28686.5
28397.1
28268.8
27868.2
30180.5
30115.2
30044.7
29904.9
29830.6
29601.5
29517.9
29468.5
29442.7
29409.1
29380.5
29344.6
29193.4
29110.5
29112.9
29081.7
28636.7
28471.2
28387.2
28059.8
30202.2
30164.9
30106.7
29991.8
29906.1
29688.5
29610.4
29564.7
29543.6
29492
29446.2
29394.2
29259.3
29175
29141.5
29190.7
28826.6
28568.2
28474.8
28142
30225.9
30198.1
30159.2
30068.1
29935.9
29812.8
29738.6
29690.7
29648.6
29585.8
29547.5
29492.5
29373.6
29319
29279
29285.1
29226
28645.2
28231.3
27785.1
30243
30220.9
30185.1
30104
29981.7
29848.3
29824
29817.3
29749.8
29668.6
29637.7
29590.9
29464.2
29372.1
29315.4
29290.5
29315.2
28716.7
28245.8
27799
30253.6
30235.1
30202.4
30128.7
30018.5
29890.1
29867.8
29865.6
29809.8
29724.7
29687.9
29637
29511.7
29416.2
29348.6
29306.9
29348.8
28769.6
28264.3
27814.5
30258.5
30241.5
30210.2
30139.9
30036.1
29909.7
29888.1
29887.9
29841.4
29750.1
29707.3
29656.5
29549.5
29438.1
29364.2
29319.5
29366.3
28794.4
28274.8
27822.8
30260.6
30244.2
30213.4
30144.5
30043.2
29917.5
29896.3
29896.9
29856.5
29762.9
29717.9
29667.7
29560.2
29447.8
29372.2
29326.2
29373.3
28804.9
28279.5
27826.6
30261.4
30245.2
30214.6
30146.2
30045.9
29920.3
29899.5
29900.4
29862.7
29768.1
29722.5
29672.2
29563.9
29451.6
29375.6
29328.9
29376.3
28809.1
28281.5
27828.1
30261.7
30245.5
30215
30146.8
30046.8
29921.3
29900.6
29901.7
29865.1
29770
29724.1
29673.8
29565.4
29453.1
29376.9
29329.9
29377.4
28810.6
28282.2
27828.6
30261.8
30245.6
30215.2
30147
30047.1
29921.6
29901
29902.1
29865.9
29770.6
29724.7
29674.4
29565.9
29453.6
29377.3
29330.3
29377.8
28811.2
28282.5
27828.9
30261.9
30245.7
30215.2
30147.1
30047.2
29921.7
29901.1
29902.3
29866.2
29770.8
29724.9
29674.5
29566
29453.8
29377.5
29330.4
29377.9
28811.4
28282.6
27828.9
30261.9
30245.7
30215.2
30147.1
30047.2
29921.8
29901.1
29902.4
29866.3
29770.9
29724.9
29674.6
29566.1
29453.9
29377.5
29330.5
29378
28811.4
28282.6
27829
30261.9
30245.7
30215.2
30147.1
30047.3
29921.8
29901.1
29902.4
29866.3
29770.9
29724.9
29674.6
29566.1
29453.9
29377.6
29330.5
29378
28811.5
28282.6
27829
30261.9
30245.7
30215.2
30147.1
30047.3
29921.8
29901.1
29902.4
29866.3
29770.9
29724.9
29674.6
29566.1
29453.9
29377.6
29330.5
29378
28811.5
28282.6
27829
30261.9
30245.7
30215.2
30147.1
30047.3
29921.8
29901.1
29902.4
29866.3
29770.9
29724.9
29674.6
29566.1
29453.9
29377.6
29330.5
29378
28811.5
28282.6
27829
30261.9
30245.7
30215.2
30147.1
30047.3
29921.8
29901.1
29902.4
29866.3
29770.9
29724.9
29674.6
29566.1
29453.9
29377.6
29330.5
29378
28811.5
28282.6
27829
30261.9
30245.7
30215.2
30147.1
30047.3
29921.8
29901.1
29902.4
29866.3
29770.9
29724.9
29674.6
29566.1
29453.9
29377.6
29330.5
29378
28811.5
28282.6
27829
30261.9
30245.7
30215.2
30147.1
30047.3
29921.8
29901.1
29902.4
29866.3
29770.9
29724.9
29674.6
29566.1
29453.9
29377.6
29330.5
29378
28811.5
28282.6
27829
30261.9
30245.7
30215.2
30147.1
30047.3
29921.8
29901.1
29902.4
29866.3
29770.9
29724.9
29674.6
29566.1
29453.9
29377.6
29330.5
29378
28811.5
28282.6
27829
30261.9
30245.7
30215.2
30147.1
30047.3
29921.8
29901.1
29902.4
29866.3
29770.9
29724.9
29674.6
29566.1
29453.9
29377.6
29330.5
29378
28811.5
28282.6
27829
30261.9
30245.7
30215.2
30147.1
30047.3
29921.8
29901.1
29902.4
29866.3
29770.9
29724.9
29674.6
29566.1
29453.9
29377.6
29330.5
29378
28811.5
28282.6
27829
30261.9
30245.7
30215.2
30147.1
30047.3
29921.8
29901.1
29902.4
29866.3
29770.9
29724.9
29674.6
29566.1
29453.9
29377.6
29330.5
29378
28811.5
28282.6
27829
30261.9
30245.7
30215.2
30147.1
30047.3
29921.8
29901.1
29902.4
29866.3
29770.9
29724.9
29674.6
29566.1
29453.9
29377.6
29330.5
29378
28811.5
28282.6
27829
30261.9
30245.7
30215.2
30147.1
30047.3
29921.8
29901.1
29902.4
29866.3
29770.9
29724.9
29674.6
29566.1
29453.9
29377.6
29330.5
29378
28811.5
28282.6
27829
30261.9
30245.7
30215.2
30147.1
30047.3
29921.8
29901.1
29902.4
29866.3
29770.9
29724.9
29674.6
29566.1
29453.9
29377.6
29330.5
29378
28811.5
28282.6
27829
30261.9
30245.7
30215.2
30147.1
30047.3
29921.8
29901.1
29902.4
29866.3
29770.9
29724.9
29674.6
29566.1
29453.9
29377.6
29330.5
29378
28811.5
28282.6
27829
30261.9
30245.7
30215.2
30147.1
30047.3
29921.8
29901.1
29902.4
29866.3
29770.9
29724.9
29674.6
29566.1
29453.9
29377.6
29330.5
29378
28811.5
28282.6
27829
30261.9
30245.7
30215.2
30147.1
30047.3
29921.8
29901.1
29902.4
29866.3
29770.9
29724.9
29674.6
29566.1
29453.9
29377.6
29330.5
29378
28811.5
28282.6
27829
30261.9
30245.7
30215.2
30147.1
30047.3
29921.8
29901.1
29902.4
29866.3
29770.9
29724.9
29674.6
29566.1
29453.9
29377.6
29330.5
29378
28811.5
28282.6
27829
30261.9
30245.7
30215.2
30147.1
30047.3
29921.8
29901.1
29902.4
29866.3
29770.9
29724.9
29674.6
29566.1
29453.9
29377.6
29330.5
29378
28811.5
28282.6
27829
30261.9
30245.7
30215.2
30147.1
30047.3
29921.8
29901.1
29902.4
29866.3
29770.9
29724.9
29674.6
29566.1
29453.9
29377.6
29330.5
29378
28811.5
28282.6
27829
30261.9
30245.7
30215.2
30147.1
30047.3
29921.8
29901.1
29902.4
29866.3
29770.9
29724.9
29674.6
29566.1
29453.9
29377.6
29330.5
29378
28811.5
28282.6
27829
30261.9
30245.7
30215.2
30147.1
30047.3
29921.8
29901.1
29902.4
29866.3
29770.9
29724.9
29674.6
29566.1
29453.9
29377.6
29330.5
29378
28811.5
28282.6
27829
30261.9
30245.7
30215.2
30147.1
30047.3
29921.8
29901.1
29902.4
29866.3
29770.9
29724.9
29674.6
29566.1
29453.9
29377.6
29330.5
29378
28811.5
28282.6
27829
30261.9
30245.7
30215.2
30147.1
30047.3
29921.8
29901.1
29902.4
29866.3
29770.9
29724.9
29674.6
29566.1
29453.9
29377.6
29330.5
29378
28811.5
28282.6
27829
10000
10000
10000
10000
10000
10000
10000
10000
10000
10000
10000
10000
10000
10000
10000
10000
10000
10000
10000
10000
10000
10000
10000
10000
10000
10000
10000
10000
10000
10000
10000
10000
10000
10000
10000
10000
10000
10000
10000
10000
10000
10000
10000
10000
10000
10000
10000
10000
10000
10000
10000
10000
10000
10000
10000
10000
10000
10000
10000
10000
10000
10000
10000
10000
10000
10000
10000
10000
10000
10000
10000
10000
10000
10000
10000
10000
10000
10000
10000
10000
10000
10000
10000
10000
10000
10000
10000
10000
10000
10000
10000
10000
10000
10000
10000
10000
10000
10000
10000
10000
10000
10000
10000
10000
10000
10000
10000
10000
10000
10000
10000
10000
10000
10000
10000
10000
10000
10000
10000
10000
10000
10000
10000
10000
10000
10000
10000
10000
10000
10000
10000
10000
10000
10000
10000
10000
10000
10000
10000
10000
10000
10000
10000
10000
10000
10000
10000
10000
10000
10000
10000
10000
10000
10000
10000
10000
10000
10000
10000
10000
10000
10000
10000
10000
10000
10000
10000
10000
10000
10000
10000
10000
10000
10000
10000
10000
10000
10000
10000
10000
10000
10000
10000
10000
10000
10000
10000
10000
10000
10000
10000
10000
10000
10000
10000
10000
10000
10000
10000
10000
10000
10000
10000
10000
10000
10000
10000
10000
10000
10000
10000
10000
10000
10000
10000
10000
10000
10000
10000
10000
10000
10000
10000
10000
10000
10000
10000
10000
10000
10000
10000
10000
10000
10000
10000
10000
10000
10000
10000
10000
10000
10000
10000
10000
10000
10000
10000
10000
10000
10000
10000
10000
10000
10000
10000
10000
10000
10000
10000
10000
10000
10000
10000
10000
10000
10000
10000
10000
10000
10000
10000.1
10000
10000
10000
10000
10000
10000
10000
10000
10000
10000
10000
10000
10000
10000
10000
10000
10000
10000
10000
10000
10000
10000
10000
10000
10000
10000
10000
10000
10000
10000.1
10000.1
10000
10000
10000
10000
10000
10000
10000
10000
10000
10000
10000
10000
10000
10000
10000
10000
10000
10000
10000
10000
10000
10000
10000
10000
10000
10000
10000
10000
10000.1
10000.1
10000.1
10000
10000
10000
10000
10000
10000
10000
10000
10000
10000
10000
10000
10000
10000
10000
10000
10000
10000
10000
10000
10000
10000
10000
10000
10000
10000
10000
10000.2
10000.1
10000.1
10000.1
10000
10000
10000
10000
10000
10000
10000
10000
10000
10000
10000
10000
10000
10000
10000
10000
10000
10000
10000
10000
10000
10000
10000
10000
10000
10000
10000.2
10000.1
10000.1
10000.1
10000
10000
10000
10000
10000
10000
10000
10000
10000
10000
10000
10000
10000
10000
10000
10000
10000
10000
10000
10000
10000
10000
10000
10000
10000
10000
10000.3
10000.2
10000.1
10000.1
10000.1
10000
10000
10000
10000
10000
10000
10000
10000
10000
10000
10000
10000
10000
10000
10000
10000
10000
10000
10000
10000
10000
10000
10000
10000
10000
10000.4
10000.3
10000.2
10000.1
10000.1
10000
10000
10000
10000
10000
10000
10000
10000
10000
10000
10000
10000
10000
10000
10000
10000
10000
10000
10000
10000
10000
10000
10000
10000
10000
10000.5
10000.3
10000.2
10000.1
10000.1
10000
10000
10000
10000
10000
10000
10000
10000
10000
10000
10000
10000
10000
10000
10000
10000
10000
10000
10000
10000
10000
10000
10000
10000
10000
10000.6
10000.4
10000.3
10000.2
10000.1
10000
10000
10000
10000
10000
10000
10000
10000
10000
10000
10000
10000
10000
10000
10000
10000
10000
10000
10000
10000
10000
10000
10000
10000
10000
10000.8
10000.5
10000.4
10000.2
10000.1
10000.1
10000
10000
10000
10000
10000
10000
10000
10000
10000
10000
10000
10000
10000
10000
10000
10000
10000
10000
10000
10000
10000
10000
10000
10000
10001
10000.7
10000.5
10000.3
10000.2
10000.1
10000
10000
10000
10000
10000
10000
10000
10000
10000
10000
10000
10000
10000
10000
10000
10000
10000
10000
10000
10000
10000
10000
10000
10000
10001.3
10000.9
10000.6
10000.3
10000.2
10000.1
10000
10000
10000
10000
10000
10000
10000
10000
10000
10000
10000
10000
10000
10000
10000
10000
10000
10000
10000
10000
10000
10000
10000
10000
10001.6
10001.1
10000.7
10000.4
10000.2
10000.1
10000
10000
10000
10000
10000
10000
10000
10000
10000
10000
10000
10000
10000
10000
10000
10000
10000
10000
10000
10000
10000
10000
10000
10000
10002.1
10001.3
10000.9
10000.5
10000.3
10000.1
10000
10000
10000
10000
10000
10000
10000
10000
10000
10000
10000
10000
10000
10000
10000
10000
10000
10000
10000
10000
10000
10000
10000
10000
10002.6
10001.7
10001.1
10000.6
10000.3
10000.1
10000.1
10000
10000
10000
10000
10000
10000
10000
10000
10000
10000
10000
10000
10000
10000
10000
10000
10000
10000
10000
10000
10000
10000
10000
10003.2
10002
10001.4
10000.7
10000.4
10000.2
10000.1
10000
10000
10000
10000
10000
10000
10000
10000
10000
10000
10000
10000
10000
10000
10000
10000
10000
10000
10000
10000
10000
10000
10000
10004
10002.5
10001.6
10000.9
10000.4
10000.2
10000.1
10000
10000
10000
10000
10000
10000
10000
10000
10000
10000
10000
10000
10000
10000
10000
10000
10000
10000
10000
10000
10000
10000
10000
10005
10003
10002
10001
10000.5
10000.2
10000.1
10000
10000
10000
10000
10000
10000
10000
10000
10000
10000
10000
10000
10000
10000
10000
10000
10000
10000
10000
10000
10000
10000
10000
10006.2
10003.7
10002.3
10001.2
10000.6
10000.2
10000.1
10000
10000
10000
10000
10000
10000
10000
10000
10000
10000
10000
10000
10000
10000
10000
10000
10000
10000
10000
10000
10000
10000
10000
10007.6
10004.4
10002.8
10001.4
10000.6
10000.3
10000.1
10000
10000
10000
10000
10000
10000
10000
10000
10000
10000
10000
10000
10000
10000
10000
10000
10000
10000
10000
10000
10000
10000
10000
10009.5
10005.4
10003.3
10001.6
10000.7
10000.3
10000.1
10000
10000
10000
10000
10000
10000
10000
10000
10000
10000
10000
10000
10000
10000
10000
10000
10000
10000
10000
10000
10000
10000
10000
10011.9
10006.5
10003.9
10001.8
10000.8
10000.3
10000.1
10000
10000
10000
10000
10000
10000
10000
10000
10000
10000
10000
10000
10000
10000
10000
10000
10000
10000
10000
10000
10000
10000
10000
10015.4
10007.9
10004.5
10002.1
10000.9
10000.4
10000.1
10000
10000
10000
10000
10000
10000
10000
10000
10000
10000
10000
10000
10000
10000
10000
10000
10000
10000
10000
10000
10000
10000
10000
10020.7
10009.7
10005.4
10002.4
10001.1
10000.4
10000.2
10000.1
10000
10000
10000
10000
10000
10000
10000
10000
10000
10000
10000
10000
10000
10000
10000
10000
10000
10000
10000
10000
10000
10000
10029.4
10012.3
10006.4
10002.7
10001.2
10000.5
10000.2
10000.1
10000
10000
10000
10000
10000
10000
10000
10000
10000
10000
10000
10000
10000
10000
10000
10000
10000
10000
10000
10000
10000
10000
10044.6
10016
10007.7
10003.1
10001.3
10000.5
10000.2
10000.1
10000
10000
10000
10000
10000
10000
10000
10000
10000
10000
10000
10000
10000
10000
10000
10000
10000
10000
10000
10000
10000
10000
10072.1
10021.8
10009.6
10003.6
10001.5
10000.5
10000.2
10000.1
10000
10000
10000
10000
10000
10000
10000
10000
10000
10000
10000
10000
10000
10000
10000
10000
10000
10000
10000
10000
10000
10000
10123.7
10031.5
10012.4
10004.2
10001.6
10000.6
10000.2
10000.1
10000
10000
10000
10000
10000
10000
10000
10000
10000
10000
10000
10000
10000
10000
10000
10000
10000
10000
10000
10000
10000
10000
10222.6
10048
10016.6
10005
10001.8
10000.7
10000.2
10000.1
10000
10000
10000
10000
10000
10000
10000
10000
10000
10000
10000
10000
10000
10000
10000
10000
10000
10000
10000
10000
10000
10000
10416
10077.8
10023.2
10006
10002
10000.7
10000.2
10000.1
10000
10000
10000
10000
10000
10000
10000
10000
10000
10000
10000
10000
10000
10000
10000
10000
10000
10000
10000
10000
10000
10000
10794.4
10133.4
10033.8
10007.5
10002.3
10000.8
10000.3
10000.1
10000
10000
10000
10000
10000
10000
10000
10000
10000
10000
10000
10000
10000
10000
10000
10000
10000
10000
10000
10000
10000
10000
11501.7
10240.8
10050.9
10009.6
10002.7
10000.8
10000.3
10000.1
10000
10000
10000
10000
10000
10000
10000
10000
10000
10000
10000
10000
10000
10000
10000
10000
10000
10000
10000
10000
10000
10000
12659.8
10448
10078
10012.9
10003.1
10000.9
10000.3
10000.1
10000
10000
10000
10000
10000
10000
10000
10000
10000
10000
10000
10000
10000
10000
10000
10000
10000
10000
10000
10000
10000
10000
14141
10824.5
10120.1
10017.8
10003.7
10001
10000.3
10000.1
10000
10000
10000
10000
10000
10000
10000
10000
10000
10000
10000
10000
10000
10000
10000
10000
10000
10000
10000
10000
10000
10000
15431.3
11418.7
10181.3
10025.3
10004.4
10001.1
10000.3
10000.1
10000
10000
10000
10000
10000
10000
10000
10000
10000
10000
10000
10000
10000
10000
10000
10000
10000
10000
10000
10000
10000
10000
16134.4
12177.5
10262.7
10035.9
10005.4
10001.2
10000.3
10000.1
10000
10000
10000
10000
10000
10000
10000
10000
10000
10000
10000
10000
10000
10000
10000
10000
10000
10000
10000
10000
10000
10000
16573.2
12941.7
10361.7
10049.4
10006.6
10001.3
10000.4
10000.1
10000
10000
10000
10000
10000
10000
10000
10000
10000
10000
10000
10000
10000
10000
10000
10000
10000
10000
10000
10000
10000
10000
17091
13603.8
10476.8
10064.5
10008
10001.5
10000.4
10000.1
10000
10000
10000
10000
10000
10000
10000
10000
10000
10000
10000
10000
10000
10000
10000
10000
10000
10000
10000
10000
10000
10000
17524
14173.6
10606.1
10080.2
10009.5
10001.6
10000.4
10000.1
10000
10000
10000
10000
10000
10000
10000
10000
10000
10000
10000
10000
10000
10000
10000
10000
10000
10000
10000
10000
10000
10000
18003.2
14581.3
10735.6
10095.9
10011.1
10001.8
10000.4
10000.1
10000
10000
10000
10000
10000
10000
10000
10000
10000
10000
10000
10000
10000
10000
10000
10000
10000
10000
10000
10000
10000
10000
19453.7
14811.2
10851.1
10110.8
10012.8
10002
10000.4
10000.1
10000
10000
10000
10000
10000
10000
10000
10000
10000
10000
10000
10000
10000
10000
10000
10000
10000
10000
10000
10000
10000
10000
22833.8
15044
11107.1
10146.5
10017.1
10002.4
10000.5
10000.1
10000
10000
10000
10000
10000
10000
10000
10000
10000
10000
10000
10000
10000
10000
10000
10000
10000
10000
10000
10000
10000
10000
24814.4
17620.9
11399.9
10185.3
10021.3
10002.9
10000.6
10000.2
10000
10000
10000
10000
10000
10000
10000
10000
10000
10000
10000
10000
10000
10000
10000
10000
10000
10000
10000
10000
10000
10000
25837.4
19214
11578.4
10211.9
10023.8
10003.2
10000.6
10000.2
10000
10000
10000
10000
10000
10000
10000
10000
10000
10000
10000
10000
10000
10000
10000
10000
10000
10000
10000
10000
10000
10000
26322.6
19765
11635
10220.6
10025.1
10003.4
10000.7
10000.2
10000.1
10000
10000
10000
10000
10000
10000
10000
10000
10000
10000
10000
10000
10000
10000
10000
10000
10000
10000
10000
10000
10000
26433.5
19919.9
11671.9
10227.2
10026.1
10003.6
10000.7
10000.2
10000.1
10000
10000
10000
10000
10000
10000
10000
10000
10000
10000
10000
10000
10000
10000
10000
10000
10000
10000
10000
10000
10000
26342.4
20095.4
11704.8
10233.2
10027
10003.8
10000.8
10000.2
10000.1
10000
10000
10000
10000
10000
10000
10000
10000
10000
10000
10000
10000
10000
10000
10000
10000
10000
10000
10000
10000
10000
26296.7
20213.5
11736.6
10239.1
10027.7
10003.9
10000.8
10000.2
10000.1
10000
10000
10000
10000
10000
10000
10000
10000
10000
10000
10000
10000
10000
10000
10000
10000
10000
10000
10000
10000
10000
26293.8
20375.9
11772
10245.1
10028.4
10004
10000.8
10000.2
10000.1
10000
10000
10000
10000
10000
10000
10000
10000
10000
10000
10000
10000
10000
10000
10000
10000
10000
10000
10000
10000
10000
26316.9
20570.2
11810
10251.5
10029.1
10004.1
10000.9
10000.2
10000.1
10000
10000
10000
10000
10000
10000
10000
10000
10000
10000
10000
10000
10000
10000
10000
10000
10000
10000
10000
10000
10000
26304.1
20747.3
11854.8
10259.3
10029.9
10004.2
10000.9
10000.2
10000.1
10000
10000
10000
10000
10000
10000
10000
10000
10000
10000
10000
10000
10000
10000
10000
10000
10000
10000
10000
10000
10000
26299.9
20869.2
11895
10266.8
10030.8
10004.3
10000.9
10000.2
10000.1
10000
10000
10000
10000
10000
10000
10000
10000
10000
10000
10000
10000
10000
10000
10000
10000
10000
10000
10000
10000
10000
26313.4
21021.8
11936.2
10274.1
10031.6
10004.3
10000.9
10000.2
10000.1
10000
10000
10000
10000
10000
10000
10000
10000
10000
10000
10000
10000
10000
10000
10000
10000
10000
10000
10000
10000
10000
26359
21342
11991
10282.2
10032.3
10004.4
10000.9
10000.2
10000.1
10000
10000
10000
10000
10000
10000
10000
10000
10000
10000
10000
10000
10000
10000
10000
10000
10000
10000
10000
10000
10000
26395.8
21532.4
12038
10290.1
10032.9
10004.5
10000.9
10000.2
10000.1
10000
10000
10000
10000
10000
10000
10000
10000
10000
10000
10000
10000
10000
10000
10000
10000
10000
10000
10000
10000
10000
26494.4
21613.2
12069.1
10294.7
10033.3
10004.5
10000.9
10000.3
10000.1
10000
10000
10000
10000
10000
10000
10000
10000
10000
10000
10000
10000
10000
10000
10000
10000
10000
10000
10000
10000
10000
26650.1
21607.8
12072.9
10294.2
10033.5
10004.5
10000.9
10000.3
10000.1
10000
10000
10000
10000
10000
10000
10000
10000
10000
10000
10000
10000
10000
10000
10000
10000
10000
10000
10000
10000
10000
26616.2
21591.6
12087.8
10298
10033.7
10004.5
10000.9
10000.3
10000.1
10000
10000
10000
10000
10000
10000
10000
10000
10000
10000
10000
10000
10000
10000
10000
10000
10000
10000
10000
10000
10000
26602
21743.2
12094.4
10298.4
10033.7
10004.5
10000.9
10000.3
10000.1
10000
10000
10000
10000
10000
10000
10000
10000
10000
10000
10000
10000
10000
10000
10000
10000
10000
10000
10000
10000
10000
26621.4
21758.1
12094.6
10298.2
10033.6
10004.5
10000.9
10000.3
10000.1
10000
10000
10000
10000
10000
10000
10000
10000
10000
10000
10000
10000
10000
10000
10000
10000
10000
10000
10000
10000
10000
26633.1
21755.5
12093.5
10297.9
10033.6
10004.5
10000.9
10000.3
10000.1
10000
10000
10000
10000
10000
10000
10000
10000
10000
10000
10000
10000
10000
10000
10000
10000
10000
10000
10000
10000
10000
26638.1
21752
12092.8
10297.8
10033.6
10004.5
10000.9
10000.3
10000.1
10000
10000
10000
10000
10000
10000
10000
10000
10000
10000
10000
10000
10000
10000
10000
10000
10000
10000
10000
10000
10000
26640.1
21749.9
12092.4
10297.7
10033.6
10004.5
10000.9
10000.3
10000.1
10000
10000
10000
10000
10000
10000
10000
10000
10000
10000
10000
10000
10000
10000
10000
10000
10000
10000
10000
10000
10000
26640.9
21749
12092.3
10297.7
10033.6
10004.5
10000.9
10000.3
10000.1
10000
10000
10000
10000
10000
10000
10000
10000
10000
10000
10000
10000
10000
10000
10000
10000
10000
10000
10000
10000
10000
26641.2
21748.7
12092.2
10297.7
10033.6
10004.5
10000.9
10000.3
10000.1
10000
10000
10000
10000
10000
10000
10000
10000
10000
10000
10000
10000
10000
10000
10000
10000
10000
10000
10000
10000
10000
26641.3
21748.6
12092.2
10297.7
10033.6
10004.5
10000.9
10000.3
10000.1
10000
10000
10000
10000
10000
10000
10000
10000
10000
10000
10000
10000
10000
10000
10000
10000
10000
10000
10000
10000
10000
26641.3
21748.5
12092.2
10297.7
10033.6
10004.5
10000.9
10000.3
10000.1
10000
10000
10000
10000
10000
10000
10000
10000
10000
10000
10000
10000
10000
10000
10000
10000
10000
10000
10000
10000
10000
26641.4
21748.5
12092.2
10297.7
10033.6
10004.5
10000.9
10000.3
10000.1
10000
10000
10000
10000
10000
10000
10000
10000
10000
10000
10000
10000
10000
10000
10000
10000
10000
10000
10000
10000
10000
26641.4
21748.5
12092.2
10297.7
10033.6
10004.5
10000.9
10000.3
10000.1
10000
10000
10000
10000
10000
10000
10000
10000
10000
10000
10000
10000
10000
10000
10000
10000
10000
10000
10000
10000
10000
26641.4
21748.5
12092.2
10297.7
10033.6
10004.5
10000.9
10000.3
10000.1
10000
10000
10000
10000
10000
10000
10000
10000
10000
10000
10000
10000
10000
10000
10000
10000
10000
10000
10000
10000
10000
26641.4
21748.5
12092.2
10297.7
10033.6
10004.5
10000.9
10000.3
10000.1
10000
10000
10000
10000
10000
10000
10000
10000
10000
10000
10000
10000
10000
10000
10000
10000
10000
10000
10000
10000
10000
26641.4
21748.5
12092.2
10297.7
10033.6
10004.5
10000.9
10000.3
10000.1
10000
10000
10000
10000
10000
10000
10000
10000
10000
10000
10000
10000
10000
10000
10000
10000
10000
10000
10000
10000
10000
26641.4
21748.5
12092.2
10297.7
10033.6
10004.5
10000.9
10000.3
10000.1
10000
10000
10000
10000
10000
10000
10000
10000
10000
10000
10000
10000
10000
10000
10000
10000
10000
10000
10000
10000
10000
26641.4
21748.5
12092.2
10297.7
10033.6
10004.5
10000.9
10000.3
10000.1
10000
10000
10000
10000
10000
10000
10000
10000
10000
10000
10000
10000
10000
10000
10000
10000
10000
10000
10000
10000
10000
26641.4
21748.5
12092.2
10297.7
10033.6
10004.5
10000.9
10000.3
10000.1
10000
10000
10000
10000
10000
10000
10000
10000
10000
10000
10000
10000
10000
10000
10000
10000
10000
10000
10000
10000
10000
26641.4
21748.5
12092.2
10297.7
10033.6
10004.5
10000.9
10000.3
10000.1
10000
10000
10000
10000
10000
10000
10000
10000
10000
10000
10000
10000
10000
10000
10000
10000
10000
10000
10000
10000
10000
26641.4
21748.5
12092.2
10297.7
10033.6
10004.5
10000.9
10000.3
10000.1
10000
10000
10000
10000
10000
10000
10000
10000
10000
10000
10000
10000
10000
10000
10000
10000
10000
10000
10000
10000
10000
26641.4
21748.5
12092.2
10297.7
10033.6
10004.5
10000.9
10000.3
10000.1
10000
10000
10000
10000
10000
10000
10000
10000
10000
10000
10000
10000
10000
10000
10000
10000
10000
10000
10000
10000
10000
26641.4
21748.5
12092.2
10297.7
10033.6
10004.5
10000.9
10000.3
10000.1
10000
10000
10000
10000
10000
10000
10000
10000
10000
10000
10000
10000
10000
10000
10000
10000
10000
10000
10000
10000
10000
26641.4
21748.5
12092.2
10297.7
10033.6
10004.5
10000.9
10000.3
10000.1
10000
10000
10000
10000
10000
10000
10000
10000
10000
10000
10000
10000
10000
10000
10000
10000
10000
10000
10000
10000
10000
26641.4
21748.5
12092.2
10297.7
10033.6
10004.5
10000.9
10000.3
10000.1
10000
10000
10000
10000
10000
10000
10000
10000
10000
10000
10000
10000
10000
10000
10000
10000
10000
10000
10000
10000
10000
26641.4
21748.5
12092.2
10297.7
10033.6
10004.5
10000.9
10000.3
10000.1
10000
10000
10000
10000
10000
10000
10000
10000
10000
10000
10000
10000
10000
10000
10000
10000
10000
10000
10000
10000
10000
26641.4
21748.5
12092.2
10297.7
10033.6
10004.5
10000.9
10000.3
10000.1
10000
10000
10000
10000
10000
10000
10000
10000
10000
10000
10000
10000
10000
10000
10000
10000
10000
10000
10000
10000
10000
26641.4
21748.5
12092.2
10297.7
10033.6
10004.5
10000.9
10000.3
10000.1
10000
10000
10000
10000
10000
10000
10000
10000
10000
10000
10000
10000
10000
10000
10000
10000
10000
10000
10000
10000
10000
26641.4
21748.5
12092.2
10297.7
10033.6
10004.5
10000.9
10000.3
10000.1
10000
10000
10000
10000
10000
10000
10000
10000
10000
10000
10000
10000
10000
10000
10000
10000
10000
10000
10000
10000
10000
26641.4
21748.5
12092.2
10297.7
10033.6
10004.5
10000.9
10000.3
10000.1
10000
10000
10000
10000
10000
10000
10000
10000
10000
10000
10000
10000
10000
10000
10000
10000
10000
10000
10000
10000
10000
26641.4
21748.5
12092.2
10297.7
10033.6
10004.5
10000.9
10000.3
10000.1
10000
10000
10000
10000
10000
10000
10000
10000
10000
10000
10000
10000
10000
10000
10000
10000
10000
10000
10000
10000
10000
26641.4
21748.5
12092.2
10297.7
10033.6
10004.5
10000.9
10000.3
10000.1
10000
10000
10000
10000
10000
10000
10000
10000
10000
10000
10000
10000
10000
10000
10000
10000
10000
10000
10000
10000
10000
26641.4
21748.5
12092.2
10297.7
10033.6
10004.5
10000.9
10000.3
10000.1
10000
10000
10000
10000
10000
10000
10000
10000
10000
10000
10000
10000
10000
10000
10000
10000
10000
10000
10000
10000
10000
26641.4
21748.5
12092.2
10297.7
10033.6
10004.5
10000.9
10000.3
10000.1
10000
10000
10000
10000
10000
10000
10000
10000
10000
10000
10000
10000
10000
10000
10000
10000
10000
10000
10000
10000
10000
26641.4
21748.5
12092.2
10297.7
10033.6
10004.5
10000.9
10000.3
10000.1
10000
10000
10000
10000
10000
10000
10000
10000
10000
10000
10000
10000
10000
10000
10000
10000
10000
10000
10000
10000
10000
)
;

boundaryField
{
    inlet
    {
        type            zeroGradient;
    }
    outlet
    {
        type            zeroGradient;
    }
    bottom
    {
        type            symmetryPlane;
    }
    top
    {
        type            symmetryPlane;
    }
    obstacle
    {
        type            zeroGradient;
    }
    defaultFaces
    {
        type            empty;
    }
}


// ************************************************************************* //
