/*--------------------------------*- C++ -*----------------------------------*\
| =========                 |                                                 |
| \\      /  F ield         | OpenFOAM: The Open Source CFD Toolbox           |
|  \\    /   O peration     | Version:  5.x                                   |
|   \\  /    A nd           | Web:      www.OpenFOAM.org                      |
|    \\/     M anipulation  |                                                 |
\*---------------------------------------------------------------------------*/
/*   Windows 32 and 64 bit porting by blueCAPE: http://www.bluecape.com.pt   *\
|  Based on Windows porting (2.0.x v4) by Symscape: http://www.symscape.com   |
\*---------------------------------------------------------------------------*/
FoamFile
{
    version     2.0;
    format      ascii;
    class       volScalarField;
    location    "0.005";
    object      T;
}
// * * * * * * * * * * * * * * * * * * * * * * * * * * * * * * * * * * * * * //

dimensions      [0 0 0 1 0 0 0];

internalField   nonuniform List<scalar> 
10000
(
348.432
348.432
348.432
348.432
348.432
348.432
348.431
348.426
348.406
348.335
348.115
347.536
346.233
343.712
339.568
333.801
326.975
319.609
312.376
305.115
298.927
291.035
287.452
280.186
273.807
271.392
268.539
262.737
257.557
255.681
255.849
256.214
255.764
253.5
250.922
249.473
248.812
248.752
249.504
254.629
273.992
306.383
336.368
360.417
377.514
388.762
395.683
399.925
402.486
403.51
403.67
403.479
402.131
399.68
397.423
396.278
394.631
394.696
393.219
392.861
348.432
348.432
348.432
348.432
348.432
348.432
348.431
348.426
348.406
348.335
348.115
347.536
346.233
343.712
339.568
333.801
326.975
319.609
312.376
305.115
298.927
291.035
287.452
280.186
273.807
271.392
268.539
262.737
257.557
255.681
255.849
256.214
255.764
253.5
250.922
249.473
248.812
248.752
249.504
254.629
273.992
306.383
336.368
360.417
377.514
388.762
395.683
399.925
402.486
403.51
403.67
403.484
402.138
399.691
397.428
396.295
394.653
394.713
393.219
392.97
348.432
348.432
348.432
348.432
348.432
348.432
348.431
348.426
348.406
348.335
348.115
347.536
346.233
343.712
339.568
333.801
326.975
319.609
312.376
305.115
298.927
291.035
287.452
280.186
273.807
271.392
268.539
262.737
257.557
255.681
255.849
256.214
255.764
253.5
250.922
249.473
248.812
248.752
249.504
254.629
273.992
306.383
336.368
360.417
377.514
388.762
395.683
399.925
402.486
403.51
403.67
403.494
402.152
399.716
397.438
396.315
394.689
394.749
393.215
393.156
348.432
348.432
348.432
348.432
348.432
348.432
348.431
348.426
348.406
348.335
348.115
347.536
346.233
343.712
339.568
333.801
326.975
319.609
312.376
305.115
298.927
291.035
287.452
280.186
273.807
271.392
268.539
262.737
257.557
255.681
255.849
256.214
255.764
253.5
250.922
249.473
248.812
248.752
249.504
254.629
273.992
306.383
336.368
360.417
377.514
388.762
395.683
399.925
402.486
403.51
403.67
403.51
402.176
399.748
397.463
396.318
394.74
394.842
393.28
393.259
348.432
348.432
348.432
348.432
348.432
348.432
348.431
348.426
348.406
348.335
348.115
347.536
346.233
343.712
339.568
333.801
326.975
319.609
312.376
305.115
298.927
291.035
287.452
280.186
273.807
271.392
268.539
262.737
257.557
255.681
255.849
256.214
255.764
253.5
250.922
249.473
248.812
248.752
249.504
254.629
273.992
306.383
336.368
360.417
377.514
388.762
395.683
399.925
402.486
403.51
403.671
403.531
402.2
399.773
397.504
396.314
394.784
394.926
393.374
393.307
348.432
348.432
348.432
348.432
348.432
348.432
348.431
348.426
348.406
348.335
348.115
347.536
346.233
343.712
339.568
333.801
326.975
319.609
312.376
305.115
298.927
291.035
287.452
280.186
273.807
271.392
268.539
262.737
257.557
255.681
255.849
256.214
255.764
253.5
250.922
249.473
248.812
248.752
249.504
254.629
273.992
306.383
336.368
360.417
377.514
388.762
395.683
399.925
402.486
403.51
403.679
403.548
402.219
399.782
397.538
396.348
394.753
394.976
393.455
393.344
348.432
348.432
348.432
348.432
348.432
348.432
348.431
348.426
348.406
348.335
348.115
347.536
346.233
343.712
339.568
333.801
326.975
319.609
312.376
305.115
298.927
291.035
287.452
280.186
273.807
271.392
268.539
262.737
257.557
255.681
255.849
256.214
255.764
253.5
250.922
249.473
248.812
248.752
249.504
254.629
273.992
306.383
336.368
360.417
377.514
388.762
395.683
399.925
402.486
403.509
403.696
403.565
402.231
399.795
397.545
396.393
394.726
394.995
393.536
393.28
348.432
348.432
348.432
348.432
348.432
348.432
348.431
348.426
348.406
348.335
348.115
347.536
346.233
343.712
339.568
333.801
326.975
319.609
312.376
305.115
298.927
291.035
287.452
280.186
273.807
271.392
268.539
262.737
257.557
255.681
255.849
256.214
255.764
253.5
250.922
249.473
248.812
248.752
249.504
254.629
273.992
306.383
336.368
360.417
377.514
388.762
395.683
399.925
402.486
403.509
403.716
403.588
402.245
399.81
397.54
396.362
394.764
394.987
393.611
393.181
348.432
348.432
348.432
348.432
348.432
348.432
348.431
348.426
348.406
348.335
348.115
347.536
346.233
343.712
339.568
333.801
326.975
319.609
312.376
305.115
298.927
291.035
287.452
280.186
273.807
271.392
268.539
262.737
257.557
255.681
255.849
256.214
255.764
253.5
250.922
249.473
248.812
248.752
249.504
254.629
273.992
306.383
336.368
360.417
377.514
388.762
395.683
399.925
402.486
403.508
403.737
403.606
402.247
399.83
397.526
396.337
394.782
395.01
393.635
393.15
348.432
348.432
348.432
348.432
348.432
348.432
348.431
348.426
348.406
348.335
348.115
347.536
346.233
343.712
339.568
333.801
326.975
319.609
312.376
305.115
298.927
291.035
287.452
280.186
273.807
271.392
268.539
262.737
257.557
255.681
255.849
256.214
255.764
253.5
250.922
249.473
248.812
248.752
249.504
254.629
273.992
306.383
336.368
360.417
377.514
388.762
395.683
399.925
402.486
403.508
403.756
403.618
402.244
399.84
397.533
396.329
394.797
395.028
393.556
393.18
348.432
348.432
348.432
348.432
348.432
348.432
348.431
348.426
348.406
348.335
348.115
347.536
346.233
343.712
339.568
333.801
326.975
319.609
312.376
305.115
298.927
291.035
287.452
280.186
273.807
271.392
268.539
262.737
257.557
255.681
255.849
256.214
255.764
253.5
250.922
249.473
248.812
248.752
249.504
254.629
273.992
306.383
336.368
360.417
377.514
388.762
395.683
399.925
402.486
403.508
403.767
403.625
402.252
399.85
397.544
396.334
394.785
395.065
393.521
393.136
348.432
348.432
348.432
348.432
348.432
348.432
348.431
348.426
348.406
348.335
348.115
347.536
346.233
343.712
339.568
333.801
326.975
319.609
312.376
305.115
298.927
291.035
287.452
280.186
273.807
271.392
268.539
262.737
257.557
255.681
255.849
256.214
255.764
253.5
250.922
249.473
248.812
248.752
249.504
254.629
273.992
306.383
336.368
360.417
377.514
388.762
395.683
399.925
402.486
403.507
403.776
403.631
402.269
399.859
397.558
396.363
394.725
395.081
393.541
393.053
348.432
348.432
348.432
348.432
348.432
348.432
348.431
348.426
348.406
348.335
348.115
347.536
346.233
343.712
339.568
333.801
326.975
319.609
312.376
305.115
298.927
291.035
287.452
280.186
273.807
271.392
268.539
262.737
257.557
255.681
255.849
256.214
255.764
253.5
250.922
249.473
248.812
248.752
249.504
254.629
273.992
306.383
336.368
360.417
377.514
388.762
395.683
399.925
402.486
403.507
403.784
403.638
402.283
399.864
397.563
396.397
394.702
395.045
393.545
392.995
348.432
348.432
348.432
348.432
348.432
348.432
348.431
348.426
348.406
348.335
348.115
347.536
346.233
343.712
339.568
333.801
326.975
319.609
312.376
305.115
298.927
291.035
287.452
280.186
273.807
271.392
268.539
262.737
257.557
255.681
255.849
256.214
255.764
253.5
250.922
249.473
248.812
248.752
249.504
254.629
273.992
306.383
336.368
360.417
377.514
388.762
395.683
399.925
402.486
403.506
403.793
403.643
402.29
399.87
397.558
396.392
394.722
395.016
393.554
392.923
348.432
348.432
348.432
348.432
348.432
348.432
348.431
348.426
348.406
348.335
348.115
347.536
346.233
343.712
339.568
333.801
326.975
319.609
312.376
305.115
298.927
291.035
287.452
280.186
273.807
271.392
268.539
262.737
257.557
255.681
255.849
256.214
255.764
253.5
250.922
249.473
248.812
248.752
249.504
254.629
273.992
306.383
336.368
360.417
377.514
388.762
395.683
399.925
402.486
403.506
403.8
403.647
402.289
399.871
397.56
396.387
394.724
395.01
393.562
392.838
348.432
348.432
348.432
348.432
348.432
348.432
348.431
348.426
348.406
348.335
348.115
347.536
346.233
343.712
339.568
333.801
326.975
319.609
312.376
305.115
298.927
291.035
287.452
280.186
273.807
271.392
268.539
262.737
257.557
255.681
255.849
256.214
255.764
253.5
250.922
249.473
248.812
248.752
249.504
254.629
273.992
306.383
336.368
360.417
377.514
388.762
395.683
399.925
402.486
403.506
403.805
403.648
402.289
399.871
397.557
396.38
394.733
394.984
393.54
392.768
348.432
348.432
348.432
348.432
348.432
348.432
348.431
348.426
348.406
348.335
348.115
347.536
346.233
343.712
339.568
333.801
326.975
319.609
312.376
305.115
298.927
291.035
287.452
280.186
273.807
271.392
268.539
262.737
257.557
255.681
255.849
256.214
255.764
253.5
250.922
249.473
248.812
248.752
249.504
254.629
273.992
306.383
336.368
360.417
377.514
388.762
395.683
399.925
402.485
403.506
403.809
403.647
402.287
399.868
397.552
396.379
394.738
394.944
393.514
392.71
348.432
348.432
348.432
348.432
348.432
348.432
348.431
348.426
348.406
348.335
348.115
347.536
346.233
343.712
339.568
333.801
326.975
319.609
312.376
305.115
298.927
291.035
287.452
280.186
273.807
271.392
268.539
262.737
257.557
255.681
255.849
256.214
255.764
253.5
250.922
249.473
248.812
248.752
249.504
254.629
273.992
306.383
336.368
360.417
377.514
388.762
395.683
399.925
402.485
403.505
403.812
403.646
402.283
399.864
397.546
396.369
394.746
394.906
393.49
392.673
348.432
348.432
348.432
348.432
348.432
348.432
348.431
348.426
348.406
348.335
348.115
347.536
346.233
343.712
339.568
333.801
326.975
319.609
312.376
305.115
298.927
291.035
287.452
280.186
273.807
271.392
268.539
262.737
257.557
255.681
255.849
256.214
255.764
253.5
250.922
249.473
248.812
248.752
249.504
254.629
273.992
306.383
336.368
360.417
377.514
388.762
395.683
399.925
402.485
403.505
403.813
403.644
402.28
399.86
397.543
396.368
394.757
394.862
393.47
392.652
348.432
348.432
348.432
348.432
348.432
348.432
348.431
348.426
348.406
348.335
348.115
347.536
346.233
343.712
339.568
333.801
326.975
319.609
312.376
305.115
298.927
291.035
287.452
280.186
273.807
271.392
268.539
262.737
257.557
255.681
255.849
256.214
255.764
253.5
250.922
249.473
248.812
248.752
249.504
254.629
273.992
306.383
336.368
360.417
377.514
388.762
395.683
399.925
402.485
403.505
403.814
403.642
402.279
399.859
397.544
396.373
394.758
394.822
393.438
392.62
348.432
348.432
348.432
348.432
348.432
348.432
348.431
348.426
348.406
348.335
348.115
347.536
346.233
343.712
339.568
333.801
326.975
319.609
312.376
305.115
298.927
291.035
287.452
280.186
273.807
271.392
268.539
262.737
257.557
255.681
255.849
256.214
255.764
253.5
250.922
249.473
248.812
248.752
249.504
254.629
273.992
306.383
336.368
360.417
377.514
388.762
395.683
399.925
402.486
403.505
403.813
403.64
402.282
399.86
397.544
396.371
394.751
394.79
393.415
392.599
348.432
348.432
348.432
348.432
348.432
348.432
348.431
348.426
348.406
348.335
348.115
347.536
346.233
343.712
339.568
333.801
326.975
319.609
312.376
305.115
298.927
291.035
287.452
280.186
273.807
271.392
268.539
262.737
257.557
255.681
255.849
256.214
255.764
253.5
250.922
249.473
248.812
248.752
249.504
254.629
273.992
306.383
336.368
360.417
377.514
388.762
395.683
399.925
402.486
403.505
403.811
403.639
402.284
399.862
397.544
396.365
394.746
394.769
393.4
392.59
348.432
348.432
348.432
348.432
348.432
348.432
348.431
348.426
348.406
348.335
348.115
347.536
346.233
343.712
339.568
333.801
326.975
319.609
312.376
305.115
298.927
291.035
287.452
280.186
273.807
271.392
268.539
262.737
257.557
255.681
255.849
256.214
255.764
253.5
250.922
249.473
248.812
248.752
249.504
254.629
273.992
306.383
336.368
360.417
377.514
388.762
395.683
399.925
402.486
403.505
403.809
403.637
402.283
399.863
397.545
396.361
394.747
394.757
393.394
392.59
348.432
348.432
348.432
348.432
348.432
348.432
348.431
348.426
348.406
348.335
348.115
347.536
346.233
343.712
339.568
333.801
326.975
319.609
312.376
305.115
298.927
291.035
287.452
280.186
273.807
271.392
268.539
262.737
257.557
255.681
255.849
256.214
255.764
253.5
250.922
249.473
248.812
248.752
249.504
254.629
273.992
306.383
336.368
360.417
377.514
388.762
395.683
399.925
402.486
403.505
403.806
403.634
402.281
399.864
397.549
396.359
394.751
394.75
393.393
392.592
348.432
348.432
348.432
348.432
348.432
348.432
348.431
348.426
348.406
348.335
348.115
347.536
346.233
343.712
339.568
333.801
326.975
319.609
312.376
305.115
298.927
291.035
287.452
280.186
273.807
271.392
268.539
262.737
257.557
255.681
255.849
256.214
255.764
253.5
250.922
249.473
248.812
248.752
249.504
254.629
273.992
306.383
336.368
360.417
377.514
388.762
395.683
399.925
402.486
403.505
403.801
403.631
402.281
399.865
397.553
396.358
394.756
394.742
393.394
392.594
348.432
348.432
348.432
348.432
348.432
348.432
348.431
348.426
348.406
348.335
348.115
347.536
346.233
343.712
339.568
333.801
326.975
319.609
312.376
305.115
298.927
291.035
287.452
280.186
273.807
271.392
268.539
262.737
257.557
255.681
255.849
256.214
255.764
253.5
250.922
249.473
248.812
248.752
249.504
254.629
273.992
306.383
336.368
360.417
377.514
388.762
395.683
399.925
402.486
403.506
403.795
403.629
402.281
399.866
397.557
396.357
394.757
394.734
393.397
392.591
348.432
348.432
348.432
348.432
348.432
348.432
348.431
348.426
348.406
348.335
348.115
347.536
346.233
343.712
339.568
333.801
326.975
319.609
312.376
305.115
298.927
291.035
287.452
280.186
273.807
271.392
268.539
262.737
257.557
255.681
255.849
256.214
255.764
253.5
250.922
249.473
248.812
248.752
249.504
254.629
273.992
306.383
336.368
360.417
377.514
388.762
395.683
399.925
402.486
403.506
403.79
403.627
402.282
399.865
397.559
396.354
394.758
394.725
393.405
392.588
348.432
348.432
348.432
348.432
348.432
348.432
348.431
348.426
348.406
348.335
348.115
347.536
346.233
343.712
339.568
333.801
326.975
319.609
312.376
305.115
298.927
291.035
287.452
280.186
273.807
271.392
268.539
262.737
257.557
255.681
255.849
256.214
255.764
253.5
250.922
249.473
248.812
248.752
249.504
254.629
273.992
306.383
336.368
360.417
377.514
388.762
395.683
399.925
402.486
403.506
403.785
403.625
402.283
399.864
397.557
396.352
394.757
394.716
393.418
392.589
348.432
348.432
348.432
348.432
348.432
348.432
348.431
348.426
348.406
348.335
348.115
347.536
346.233
343.712
339.568
333.801
326.975
319.609
312.376
305.115
298.927
291.035
287.452
280.186
273.807
271.392
268.539
262.737
257.557
255.681
255.849
256.214
255.764
253.5
250.922
249.473
248.812
248.752
249.504
254.629
273.992
306.383
336.368
360.417
377.514
388.762
395.683
399.925
402.486
403.507
403.781
403.623
402.282
399.863
397.554
396.35
394.757
394.71
393.436
392.594
348.432
348.432
348.432
348.432
348.432
348.432
348.431
348.426
348.406
348.335
348.115
347.536
346.233
343.712
339.568
333.801
326.975
319.609
312.376
305.115
298.927
291.035
287.452
280.186
273.807
271.392
268.539
262.737
257.557
255.681
255.849
256.214
255.764
253.5
250.922
249.473
248.812
248.752
249.504
254.629
273.992
306.383
336.368
360.417
377.514
388.762
395.683
399.925
402.486
403.507
403.776
403.62
402.28
399.86
397.55
396.348
394.757
394.707
393.461
392.605
348.432
348.432
348.432
348.432
348.432
348.432
348.431
348.426
348.406
348.335
348.115
347.536
346.233
343.712
339.568
333.801
326.975
319.609
312.376
305.115
298.927
291.035
287.452
280.186
273.807
271.392
268.539
262.737
257.557
255.681
255.849
256.214
255.764
253.5
250.922
249.473
248.812
248.752
249.504
254.629
273.992
306.383
336.368
360.417
377.514
388.762
395.683
399.925
402.486
403.507
403.772
403.618
402.277
399.858
397.546
396.348
394.757
394.704
393.487
392.617
348.432
348.432
348.432
348.432
348.432
348.432
348.431
348.426
348.406
348.335
348.115
347.536
346.233
343.712
339.568
333.801
326.975
319.609
312.376
305.115
298.927
291.035
287.452
280.186
273.807
271.392
268.539
262.737
257.557
255.681
255.849
256.214
255.764
253.5
250.922
249.473
248.812
248.752
249.504
254.629
273.992
306.383
336.368
360.417
377.514
388.762
395.683
399.925
402.486
403.507
403.768
403.615
402.274
399.856
397.543
396.35
394.758
394.699
393.51
392.626
348.432
348.432
348.432
348.432
348.432
348.432
348.431
348.426
348.406
348.335
348.115
347.536
346.233
343.712
339.568
333.801
326.975
319.609
312.376
305.115
298.927
291.035
287.452
280.186
273.807
271.392
268.539
262.737
257.557
255.681
255.849
256.214
255.764
253.5
250.922
249.473
248.812
248.752
249.504
254.629
273.992
306.383
336.368
360.417
377.514
388.762
395.683
399.925
402.486
403.507
403.764
403.613
402.272
399.854
397.541
396.352
394.756
394.688
393.529
392.632
348.432
348.432
348.432
348.432
348.432
348.432
348.431
348.426
348.406
348.335
348.115
347.536
346.233
343.712
339.568
333.801
326.975
319.609
312.376
305.115
298.927
291.035
287.452
280.186
273.807
271.392
268.539
262.737
257.557
255.681
255.849
256.214
255.764
253.5
250.922
249.473
248.812
248.752
249.504
254.629
273.992
306.383
336.368
360.417
377.514
388.762
395.683
399.925
402.486
403.508
403.76
403.611
402.271
399.853
397.539
396.353
394.749
394.674
393.546
392.638
348.432
348.432
348.432
348.432
348.432
348.432
348.431
348.426
348.406
348.335
348.115
347.536
346.233
343.712
339.568
333.801
326.975
319.609
312.376
305.115
298.927
291.035
287.452
280.186
273.807
271.392
268.539
262.737
257.557
255.681
255.849
256.214
255.764
253.5
250.922
249.473
248.812
248.752
249.504
254.629
273.992
306.383
336.368
360.417
377.514
388.762
395.683
399.925
402.486
403.508
403.756
403.609
402.269
399.851
397.535
396.352
394.739
394.66
393.563
392.649
348.432
348.432
348.432
348.432
348.432
348.432
348.431
348.426
348.406
348.335
348.115
347.536
346.233
343.712
339.568
333.801
326.975
319.609
312.376
305.115
298.927
291.035
287.452
280.186
273.807
271.392
268.539
262.737
257.557
255.681
255.849
256.214
255.764
253.5
250.922
249.473
248.812
248.752
249.504
254.629
273.992
306.383
336.368
360.417
377.514
388.762
395.683
399.925
402.486
403.508
403.753
403.607
402.266
399.849
397.531
396.349
394.727
394.649
393.588
392.661
348.432
348.432
348.432
348.432
348.432
348.432
348.431
348.426
348.406
348.335
348.115
347.536
346.233
343.712
339.568
333.801
326.975
319.609
312.376
305.115
298.927
291.035
287.452
280.186
273.807
271.392
268.539
262.737
257.557
255.681
255.849
256.214
255.764
253.5
250.922
249.473
248.812
248.752
249.504
254.629
273.992
306.383
336.368
360.417
377.514
388.762
395.683
399.925
402.486
403.508
403.75
403.606
402.264
399.847
397.527
396.346
394.717
394.642
393.612
392.675
348.432
348.432
348.432
348.432
348.432
348.432
348.431
348.426
348.406
348.335
348.115
347.536
346.233
343.712
339.568
333.801
326.975
319.609
312.376
305.115
298.927
291.035
287.452
280.186
273.807
271.392
268.539
262.737
257.557
255.681
255.849
256.214
255.764
253.5
250.922
249.473
248.812
248.752
249.504
254.629
273.992
306.383
336.368
360.417
377.514
388.762
395.683
399.925
402.486
403.508
403.748
403.604
402.261
399.844
397.522
396.346
394.71
394.637
393.634
392.693
348.432
348.432
348.432
348.432
348.432
348.432
348.431
348.426
348.406
348.335
348.115
347.536
346.233
343.712
339.568
333.801
326.975
319.609
312.376
305.115
298.927
291.035
287.452
280.186
273.807
271.392
268.539
262.737
257.557
255.681
255.849
256.214
255.764
253.5
250.922
249.473
248.812
248.752
249.504
254.629
273.992
306.383
336.368
360.417
377.514
388.762
395.683
399.925
402.486
403.508
403.745
403.603
402.258
399.84
397.516
396.345
394.707
394.637
393.654
392.714
348.432
348.432
348.432
348.432
348.432
348.432
348.431
348.426
348.406
348.335
348.115
347.536
346.233
343.712
339.568
333.801
326.975
319.609
312.376
305.115
298.927
291.035
287.452
280.186
273.807
271.392
268.539
262.737
257.557
255.681
255.849
256.214
255.764
253.5
250.922
249.473
248.812
248.752
249.504
254.629
273.992
306.383
336.368
360.417
377.514
388.762
395.683
399.925
402.486
403.509
403.744
403.601
402.255
399.836
397.511
396.344
394.706
394.642
393.67
392.735
348.432
348.432
348.432
348.432
348.432
348.432
348.431
348.426
348.406
348.335
348.115
347.536
346.233
343.712
339.568
333.801
326.975
319.609
312.376
305.115
298.927
291.035
287.452
280.186
273.807
271.392
268.539
262.737
257.557
255.681
255.849
256.214
255.764
253.5
250.922
249.473
248.812
248.752
249.504
254.629
273.992
306.383
336.368
360.417
377.514
388.762
395.683
399.925
402.486
403.509
403.742
403.6
402.252
399.832
397.509
396.343
394.705
394.649
393.686
392.757
348.432
348.432
348.432
348.432
348.432
348.432
348.431
348.426
348.406
348.335
348.115
347.536
346.233
343.712
339.568
333.801
326.975
319.609
312.376
305.115
298.927
291.035
287.452
280.186
273.807
271.392
268.539
262.737
257.557
255.681
255.849
256.214
255.764
253.5
250.922
249.473
248.812
248.752
249.504
254.629
273.992
306.383
336.368
360.417
377.514
388.762
395.683
399.925
402.486
403.509
403.74
403.598
402.248
399.828
397.509
396.342
394.704
394.658
393.698
392.774
348.432
348.432
348.432
348.432
348.432
348.432
348.431
348.426
348.406
348.335
348.115
347.536
346.233
343.712
339.568
333.801
326.975
319.609
312.376
305.115
298.927
291.035
287.452
280.186
273.807
271.392
268.539
262.737
257.557
255.681
255.849
256.214
255.764
253.5
250.922
249.473
248.812
248.752
249.504
254.629
273.992
306.383
336.368
360.417
377.514
388.762
395.683
399.925
402.486
403.509
403.738
403.596
402.245
399.825
397.51
396.34
394.702
394.664
393.705
392.787
348.432
348.432
348.432
348.432
348.432
348.432
348.431
348.426
348.406
348.335
348.115
347.536
346.233
343.712
339.568
333.801
326.975
319.609
312.376
305.115
298.927
291.035
287.452
280.186
273.807
271.392
268.539
262.737
257.557
255.681
255.849
256.214
255.764
253.5
250.922
249.473
248.812
248.752
249.504
254.629
273.992
306.383
336.368
360.417
377.514
388.762
395.683
399.925
402.486
403.509
403.737
403.595
402.242
399.823
397.511
396.334
394.701
394.67
393.707
392.795
348.432
348.432
348.432
348.432
348.432
348.432
348.431
348.426
348.406
348.335
348.115
347.536
346.233
343.712
339.568
333.801
326.975
319.609
312.376
305.115
298.927
291.035
287.452
280.186
273.807
271.392
268.539
262.737
257.557
255.681
255.849
256.214
255.764
253.5
250.922
249.473
248.812
248.752
249.504
254.629
273.992
306.383
336.368
360.417
377.514
388.762
395.683
399.925
402.486
403.509
403.735
403.593
402.24
399.82
397.514
396.323
394.7
394.675
393.707
392.801
348.432
348.432
348.432
348.432
348.432
348.432
348.431
348.426
348.406
348.335
348.115
347.536
346.233
343.712
339.568
333.801
326.975
319.609
312.376
305.115
298.927
291.035
287.452
280.186
273.807
271.392
268.539
262.737
257.557
255.681
255.849
256.214
255.764
253.5
250.922
249.473
248.812
248.752
249.504
254.629
273.992
306.383
336.368
360.417
377.514
388.762
395.683
399.925
402.487
403.509
403.734
403.592
402.238
399.818
397.517
396.31
394.701
394.676
393.709
392.813
348.432
348.432
348.432
348.432
348.432
348.432
348.431
348.426
348.406
348.335
348.115
347.536
346.233
343.712
339.568
333.801
326.975
319.609
312.376
305.115
298.927
291.035
287.452
280.186
273.807
271.392
268.539
262.737
257.557
255.681
255.849
256.214
255.764
253.5
250.922
249.473
248.812
248.752
249.504
254.629
273.992
306.383
336.368
360.417
377.514
388.762
395.683
399.925
402.487
403.509
403.732
403.591
402.237
399.815
397.524
396.29
394.703
394.676
393.726
392.804
348.432
348.432
348.432
348.432
348.432
348.432
348.431
348.426
348.406
348.335
348.115
347.536
346.233
343.712
339.568
333.801
326.975
319.609
312.376
305.115
298.927
291.035
287.452
280.186
273.807
271.392
268.539
262.737
257.557
255.681
255.849
256.214
255.764
253.5
250.922
249.473
248.812
248.752
249.504
254.629
273.992
306.383
336.368
360.417
377.514
388.762
395.683
399.925
402.487
403.51
403.731
403.59
402.236
399.812
397.533
396.265
394.722
394.662
393.778
392.746
348.432
348.432
348.432
348.432
348.432
348.432
348.431
348.426
348.406
348.335
348.115
347.536
346.233
343.712
339.568
333.801
326.975
319.609
312.376
305.115
298.927
291.035
287.452
280.186
273.807
271.392
268.539
262.737
257.557
255.681
255.849
256.214
255.764
253.5
250.922
249.473
248.812
248.752
249.504
254.629
273.992
306.383
336.368
360.417
377.514
388.762
395.683
399.925
402.487
403.51
403.729
403.589
402.236
399.808
397.54
396.244
394.747
394.638
393.833
392.703
348.432
348.432
348.432
348.432
348.432
348.432
348.431
348.426
348.406
348.335
348.115
347.536
346.233
343.712
339.568
333.801
326.975
319.609
312.376
305.115
298.927
291.035
287.452
280.186
273.807
271.392
268.539
262.737
257.557
255.681
255.849
256.214
255.764
253.5
250.922
249.473
248.812
248.752
249.504
254.629
273.992
306.383
336.368
360.417
377.514
388.762
395.683
399.925
402.487
403.51
403.728
403.588
402.237
399.802
397.546
396.23
394.769
394.622
393.833
392.749
348.432
348.432
348.432
348.432
348.432
348.432
348.431
348.426
348.406
348.335
348.115
347.536
346.233
343.712
339.568
333.801
326.975
319.609
312.376
305.115
298.927
291.035
287.452
280.186
273.807
271.392
268.539
262.737
257.557
255.681
255.849
256.214
255.764
253.5
250.922
249.473
248.812
248.752
249.504
254.629
273.992
306.383
336.368
360.417
377.514
388.762
395.683
399.925
402.487
403.51
403.724
403.584
402.241
399.778
397.582
396.178
394.851
394.545
394.221
392.826
348.432
348.432
348.432
348.432
348.432
348.432
348.431
348.426
348.406
348.335
348.115
347.536
346.233
343.712
339.568
333.801
326.975
319.609
312.376
305.115
298.927
291.035
287.452
280.186
273.807
271.392
268.539
262.737
257.557
255.681
255.849
256.214
255.764
253.5
250.922
249.473
248.812
248.752
249.504
254.629
273.992
306.383
336.368
360.417
377.514
388.762
395.683
399.925
402.487
403.51
403.71
403.571
402.235
399.751
397.623
396.161
394.852
394.503
394.207
393.065
348.432
348.432
348.432
348.432
348.432
348.432
348.431
348.426
348.406
348.335
348.115
347.536
346.233
343.712
339.568
333.801
326.975
319.609
312.376
305.115
298.927
291.035
287.452
280.186
273.807
271.392
268.539
262.737
257.557
255.681
255.849
256.214
255.764
253.5
250.922
249.473
248.812
248.752
249.504
254.629
273.992
306.383
336.368
360.417
377.514
388.762
395.683
399.925
402.487
403.511
403.697
403.556
402.223
399.722
397.643
396.11
394.848
394.509
394.189
393.414
348.432
348.432
348.432
348.432
348.432
348.432
348.431
348.426
348.406
348.335
348.115
347.536
346.233
343.712
339.568
333.801
326.975
319.609
312.376
305.115
298.927
291.035
287.452
280.186
273.807
271.392
268.539
262.737
257.557
255.681
255.849
256.214
255.764
253.5
250.922
249.473
248.812
248.752
249.504
254.629
273.992
306.383
336.368
360.417
377.514
388.762
395.683
399.925
402.487
403.511
403.684
403.543
402.217
399.712
397.631
396.02
394.919
394.502
394.083
393.438
348.432
348.432
348.432
348.432
348.432
348.432
348.431
348.426
348.406
348.335
348.115
347.536
346.233
343.712
339.568
333.801
326.975
319.609
312.376
305.115
298.927
291.035
287.452
280.186
273.807
271.392
268.539
262.737
257.557
255.681
255.849
256.214
255.764
253.5
250.922
249.473
248.812
248.752
249.504
254.629
273.992
306.383
336.368
360.417
377.514
388.762
395.683
399.925
402.487
403.511
403.683
403.523
402.198
399.685
397.612
395.96
395.009
394.378
394.025
393.492
348.432
348.432
348.432
348.432
348.432
348.432
348.431
348.426
348.406
348.335
348.115
347.536
346.233
343.712
339.568
333.801
326.975
319.609
312.376
305.115
298.927
291.035
287.452
280.186
273.807
271.392
268.539
262.737
257.557
255.681
255.849
256.214
255.764
253.5
250.922
249.473
248.812
248.752
249.504
254.629
273.992
306.383
336.368
360.417
377.514
388.762
395.683
399.925
402.487
403.512
403.683
403.499
402.165
399.625
397.609
395.935
395.004
394.262
394.052
393.529
348.432
348.432
348.432
348.432
348.432
348.432
348.431
348.426
348.406
348.335
348.115
347.536
346.233
343.712
339.568
333.801
326.975
319.609
312.376
305.115
298.927
291.035
287.452
280.186
273.807
271.392
268.539
262.737
257.557
255.681
255.849
256.214
255.764
253.5
250.922
249.473
248.812
248.752
249.504
254.629
273.992
306.383
336.368
360.417
377.514
388.762
395.683
399.925
402.487
403.512
403.684
403.489
402.136
399.584
397.57
395.898
395.027
394.206
393.976
393.47
348.432
348.432
348.432
348.432
348.432
348.432
348.431
348.426
348.406
348.335
348.115
347.536
346.233
343.712
339.568
333.801
326.975
319.609
312.376
305.115
298.927
291.035
287.452
280.186
273.807
271.392
268.539
262.737
257.557
255.681
255.849
256.214
255.764
253.5
250.922
249.473
248.812
248.752
249.504
254.629
273.992
306.383
336.368
360.417
377.514
388.762
395.683
399.925
402.487
403.512
403.685
403.487
402.111
399.538
397.534
395.847
394.959
394.156
393.938
393.366
348.432
348.432
348.432
348.432
348.432
348.432
348.431
348.426
348.406
348.335
348.115
347.536
346.233
343.712
339.568
333.801
326.975
319.609
312.376
305.115
298.927
291.035
287.452
280.186
273.807
271.392
268.539
262.737
257.557
255.681
255.849
256.214
255.764
253.5
250.922
249.473
248.812
248.752
249.504
254.629
273.992
306.383
336.368
360.417
377.514
388.762
395.683
399.925
402.487
403.512
403.686
403.489
402.106
399.521
397.484
395.797
394.893
394.07
393.861
393.243
348.432
348.432
348.432
348.432
348.432
348.432
348.431
348.426
348.406
348.335
348.115
347.536
346.233
343.712
339.568
333.801
326.975
319.609
312.376
305.115
298.927
291.035
287.452
280.186
273.807
271.392
268.539
262.737
257.557
255.681
255.849
256.214
255.764
253.5
250.922
249.473
248.812
248.752
249.504
254.629
273.992
306.383
336.368
360.417
377.514
388.762
395.683
399.925
402.487
403.512
403.686
403.493
402.109
399.523
397.436
395.741
394.825
393.993
393.787
393.135
348.432
348.432
348.432
348.432
348.432
348.432
348.431
348.426
348.406
348.335
348.115
347.536
346.233
343.712
339.568
333.801
326.975
319.609
312.376
305.115
298.927
291.035
287.452
280.186
273.807
271.392
268.539
262.737
257.557
255.681
255.849
256.214
255.764
253.5
250.922
249.473
248.812
248.752
249.504
254.629
273.992
306.383
336.368
360.417
377.514
388.762
395.683
399.925
402.487
403.512
403.687
403.498
402.114
399.531
397.429
395.71
394.805
393.931
393.693
393.013
348.432
348.432
348.432
348.432
348.432
348.432
348.431
348.426
348.406
348.335
348.115
347.536
346.233
343.712
339.568
333.801
326.975
319.609
312.376
305.115
298.927
291.035
287.452
280.186
273.807
271.392
268.539
262.737
257.557
255.681
255.849
256.214
255.764
253.5
250.922
249.473
248.812
248.752
249.504
254.629
273.992
306.383
336.368
360.417
377.514
388.762
395.683
399.925
402.487
403.512
403.688
403.503
402.121
399.541
397.439
395.699
394.766
393.956
393.671
392.933
348.432
348.432
348.432
348.432
348.432
348.432
348.431
348.426
348.406
348.335
348.115
347.536
346.233
343.712
339.568
333.801
326.975
319.609
312.376
305.115
298.927
291.035
287.452
280.186
273.807
271.392
268.539
262.737
257.557
255.681
255.849
256.214
255.764
253.5
250.922
249.473
248.812
248.752
249.504
254.629
273.992
306.383
336.368
360.417
377.514
388.762
395.683
399.925
402.487
403.512
403.688
403.508
402.129
399.552
397.458
395.714
394.771
393.932
393.753
392.971
348.432
348.432
348.432
348.432
348.432
348.432
348.431
348.426
348.406
348.335
348.115
347.536
346.233
343.712
339.568
333.801
326.975
319.609
312.376
305.115
298.927
291.035
287.452
280.186
273.807
271.392
268.539
262.737
257.557
255.681
255.849
256.214
255.764
253.5
250.922
249.473
248.812
248.752
249.504
254.629
273.992
306.383
336.368
360.417
377.514
388.762
395.683
399.925
402.487
403.512
403.689
403.512
402.14
399.564
397.489
395.757
394.808
393.954
393.772
393.118
348.432
348.432
348.432
348.432
348.432
348.432
348.431
348.426
348.406
348.335
348.115
347.536
346.233
343.712
339.568
333.801
326.975
319.609
312.376
305.115
298.927
291.035
287.452
280.186
273.807
271.392
268.539
262.737
257.557
255.681
255.849
256.214
255.764
253.5
250.922
249.473
248.812
248.752
249.504
254.629
273.992
306.383
336.368
360.417
377.514
388.762
395.683
399.925
402.487
403.512
403.691
403.517
402.147
399.572
397.53
395.809
394.885
394.011
393.819
393.246
348.432
348.432
348.432
348.432
348.432
348.432
348.431
348.426
348.406
348.335
348.115
347.536
346.233
343.712
339.568
333.801
326.975
319.609
312.376
305.115
298.927
291.035
287.452
280.186
273.807
271.392
268.539
262.737
257.557
255.681
255.849
256.214
255.764
253.5
250.922
249.473
248.812
248.752
249.504
254.629
273.992
306.383
336.368
360.417
377.514
388.762
395.683
399.925
402.487
403.512
403.695
403.529
402.168
399.607
397.566
395.848
394.95
394.091
393.904
393.361
348.432
348.432
348.432
348.432
348.432
348.432
348.431
348.426
348.406
348.335
348.115
347.536
346.233
343.712
339.568
333.801
326.975
319.609
312.376
305.115
298.927
291.035
287.452
280.186
273.807
271.392
268.539
262.737
257.557
255.681
255.849
256.214
255.764
253.5
250.922
249.473
248.812
248.752
249.504
254.629
273.992
306.383
336.368
360.417
377.514
388.762
395.683
399.925
402.487
403.512
403.698
403.539
402.187
399.633
397.608
395.894
394.989
394.173
394.033
393.479
348.432
348.432
348.432
348.432
348.432
348.432
348.431
348.426
348.406
348.335
348.115
347.536
346.233
343.712
339.568
333.801
326.975
319.609
312.376
305.115
298.927
291.035
287.452
280.186
273.807
271.392
268.539
262.737
257.557
255.681
255.849
256.214
255.764
253.5
250.922
249.473
248.812
248.752
249.504
254.629
273.992
306.383
336.368
360.417
377.514
388.762
395.683
399.925
402.487
403.512
403.7
403.545
402.198
399.651
397.641
395.935
395.029
394.256
394.119
393.567
348.432
348.432
348.432
348.432
348.432
348.432
348.431
348.426
348.406
348.335
348.115
347.536
346.233
343.712
339.568
333.801
326.975
319.609
312.376
305.115
298.927
291.035
287.452
280.186
273.807
271.392
268.539
262.737
257.557
255.681
255.849
256.214
255.764
253.5
250.922
249.473
248.812
248.752
249.504
254.629
273.992
306.383
336.368
360.417
377.514
388.762
395.683
399.925
402.487
403.512
403.702
403.549
402.205
399.664
397.659
395.959
395.054
394.312
394.178
393.625
348.432
348.432
348.432
348.432
348.432
348.432
348.431
348.426
348.406
348.335
348.115
347.536
346.233
343.712
339.568
333.801
326.975
319.609
312.376
305.115
298.927
291.035
287.452
280.186
273.807
271.392
268.539
262.737
257.557
255.681
255.849
256.214
255.764
253.5
250.922
249.473
248.812
248.752
249.504
254.629
273.992
306.383
336.368
360.417
377.514
388.762
395.683
399.925
402.487
403.512
403.703
403.551
402.209
399.67
397.668
395.97
395.067
394.34
394.209
393.655
348.432
348.432
348.432
348.432
348.432
348.432
348.431
348.426
348.406
348.335
348.115
347.536
346.233
343.712
339.568
333.801
326.975
319.609
312.376
305.115
298.927
291.035
287.452
280.186
273.807
271.392
268.539
262.737
257.557
255.681
255.849
256.214
255.764
253.5
250.922
249.473
248.812
248.752
249.504
254.629
273.992
306.383
336.368
360.417
377.514
388.762
395.683
399.925
402.487
403.512
403.703
403.553
402.211
399.674
397.672
395.975
395.074
394.355
394.224
393.67
348.432
348.432
348.432
348.432
348.432
348.432
348.431
348.426
348.406
348.335
348.115
347.536
346.233
343.712
339.568
333.801
326.975
319.609
312.376
305.115
298.927
291.035
287.452
280.186
273.807
271.392
268.539
262.737
257.557
255.681
255.849
256.214
255.764
253.5
250.922
249.473
248.812
248.752
249.504
254.629
273.992
306.383
336.368
360.417
377.514
388.762
395.683
399.925
402.487
403.512
403.704
403.553
402.212
399.675
397.674
395.977
395.077
394.361
394.231
393.676
348.432
348.432
348.432
348.432
348.432
348.432
348.431
348.426
348.406
348.335
348.115
347.536
346.233
343.712
339.568
333.801
326.975
319.609
312.376
305.115
298.927
291.035
287.452
280.186
273.807
271.392
268.539
262.737
257.557
255.681
255.849
256.214
255.764
253.5
250.922
249.473
248.812
248.752
249.504
254.629
273.992
306.383
336.368
360.417
377.514
388.762
395.683
399.925
402.487
403.512
403.704
403.553
402.212
399.676
397.674
395.978
395.078
394.363
394.233
393.679
348.432
348.432
348.432
348.432
348.432
348.432
348.431
348.426
348.406
348.335
348.115
347.536
346.233
343.712
339.568
333.801
326.975
319.609
312.376
305.115
298.927
291.035
287.452
280.186
273.807
271.392
268.539
262.737
257.557
255.681
255.849
256.214
255.764
253.5
250.922
249.473
248.812
248.752
249.504
254.629
273.992
306.383
336.368
360.417
377.514
388.762
395.683
399.925
402.487
403.512
403.704
403.553
402.212
399.676
397.675
395.978
395.078
394.364
394.234
393.68
348.432
348.432
348.432
348.432
348.432
348.432
348.431
348.426
348.406
348.335
348.115
347.536
346.233
343.712
339.568
333.801
326.975
319.609
312.376
305.115
298.927
291.035
287.452
280.186
273.807
271.392
268.539
262.737
257.557
255.681
255.849
256.214
255.764
253.5
250.922
249.473
248.812
248.752
249.504
254.629
273.992
306.383
336.368
360.417
377.514
388.762
395.683
399.925
402.487
403.512
403.704
403.553
402.212
399.676
397.675
395.978
395.079
394.364
394.234
393.68
348.432
348.432
348.432
348.432
348.432
348.432
348.431
348.426
348.406
348.335
348.115
347.536
346.233
343.712
339.568
333.801
326.975
319.609
312.376
305.115
298.927
291.035
287.452
280.186
273.807
271.392
268.539
262.737
257.557
255.681
255.849
256.214
255.764
253.5
250.922
249.473
248.812
248.752
249.504
254.629
273.992
306.383
336.368
360.417
377.514
388.762
395.683
399.925
402.487
403.512
403.704
403.553
402.212
399.676
397.675
395.978
395.079
394.364
394.235
393.68
348.432
348.432
348.432
348.432
348.432
348.432
348.431
348.426
348.406
348.335
348.115
347.536
346.233
343.712
339.568
333.801
326.975
319.609
312.376
305.115
298.927
291.035
287.452
280.186
273.807
271.392
268.539
262.737
257.557
255.681
255.849
256.214
255.764
253.5
250.922
249.473
248.812
248.752
249.504
254.629
273.992
306.383
336.368
360.417
377.514
388.762
395.683
399.925
402.487
403.512
403.704
403.553
402.212
399.676
397.675
395.979
395.079
394.364
394.235
393.68
348.432
348.432
348.432
348.432
348.432
348.432
348.431
348.426
348.406
348.335
348.115
347.536
346.233
343.712
339.568
333.801
326.975
319.609
312.376
305.115
298.927
291.035
287.452
280.186
273.807
271.392
268.539
262.737
257.557
255.681
255.849
256.214
255.764
253.5
250.922
249.473
248.812
248.752
249.504
254.629
273.992
306.383
336.368
360.417
377.514
388.762
395.683
399.925
402.487
403.512
403.704
403.553
402.212
399.676
397.675
395.979
395.079
394.364
394.235
393.68
348.432
348.432
348.432
348.432
348.432
348.432
348.431
348.426
348.406
348.335
348.115
347.536
346.233
343.712
339.568
333.801
326.975
319.609
312.376
305.115
298.927
291.035
287.452
280.186
273.807
271.392
268.539
262.737
257.557
255.681
255.849
256.214
255.764
253.5
250.922
249.473
248.812
248.752
249.504
254.629
273.992
306.383
336.368
360.417
377.514
388.762
395.683
399.925
402.487
403.512
403.704
403.553
402.212
399.676
397.675
395.979
395.079
394.364
394.235
393.68
348.432
348.432
348.432
348.432
348.432
348.432
348.431
348.426
348.406
348.335
348.115
347.536
346.233
343.712
339.568
333.801
326.975
319.609
312.376
305.115
298.927
291.035
287.452
280.186
273.807
271.392
268.539
262.737
257.557
255.681
255.849
256.214
255.764
253.5
250.922
249.473
248.812
248.752
249.504
254.629
273.992
306.383
336.368
360.417
377.514
388.762
395.683
399.925
402.487
403.512
403.704
403.553
402.212
399.676
397.675
395.979
395.079
394.364
394.235
393.68
348.432
348.432
348.432
348.432
348.432
348.432
348.431
348.426
348.406
348.335
348.115
347.536
346.233
343.712
339.568
333.801
326.975
319.609
312.376
305.115
298.927
291.035
287.452
280.186
273.807
271.392
268.539
262.737
257.557
255.681
255.849
256.214
255.764
253.5
250.922
249.473
248.812
248.752
249.504
254.629
273.992
306.383
336.368
360.417
377.514
388.762
395.683
399.925
402.487
403.512
403.704
403.553
402.212
399.676
397.675
395.979
395.079
394.364
394.235
393.68
348.432
348.432
348.432
348.432
348.432
348.432
348.431
348.426
348.406
348.335
348.115
347.536
346.233
343.712
339.568
333.801
326.975
319.609
312.376
305.115
298.927
291.035
287.452
280.186
273.807
271.392
268.539
262.737
257.557
255.681
255.849
256.214
255.764
253.5
250.922
249.473
248.812
248.752
249.504
254.629
273.992
306.383
336.368
360.417
377.514
388.762
395.683
399.925
402.487
403.512
403.704
403.553
402.212
399.676
397.675
395.979
395.079
394.364
394.235
393.68
348.432
348.432
348.432
348.432
348.432
348.432
348.431
348.426
348.406
348.335
348.115
347.536
346.233
343.712
339.568
333.801
326.975
319.609
312.376
305.115
298.927
291.035
287.452
280.186
273.807
271.392
268.539
262.737
257.557
255.681
255.849
256.214
255.764
253.5
250.922
249.473
248.812
248.752
249.504
254.629
273.992
306.383
336.368
360.417
377.514
388.762
395.683
399.925
402.487
403.512
403.704
403.553
402.212
399.676
397.675
395.979
395.079
394.364
394.235
393.68
348.432
348.432
348.432
348.432
348.432
348.432
348.431
348.426
348.406
348.335
348.115
347.536
346.233
343.712
339.568
333.801
326.975
319.609
312.376
305.115
298.927
291.035
287.452
280.186
273.807
271.392
268.539
262.737
257.557
255.681
255.849
256.214
255.764
253.5
250.922
249.473
248.812
248.752
249.504
254.629
273.992
306.383
336.368
360.417
377.514
388.762
395.683
399.925
402.487
403.512
403.704
403.553
402.212
399.676
397.675
395.979
395.079
394.364
394.235
393.68
348.432
348.432
348.432
348.432
348.432
348.432
348.431
348.426
348.406
348.335
348.115
347.536
346.233
343.712
339.568
333.801
326.975
319.609
312.376
305.115
298.927
291.035
287.452
280.186
273.807
271.392
268.539
262.737
257.557
255.681
255.849
256.214
255.764
253.5
250.922
249.473
248.812
248.752
249.504
254.629
273.992
306.383
336.368
360.417
377.514
388.762
395.683
399.925
402.487
403.512
403.704
403.553
402.212
399.676
397.675
395.979
395.079
394.364
394.235
393.68
348.432
348.432
348.432
348.432
348.432
348.432
348.431
348.426
348.406
348.335
348.115
347.536
346.233
343.712
339.568
333.801
326.975
319.609
312.376
305.115
298.927
291.035
287.452
280.186
273.807
271.392
268.539
262.737
257.557
255.681
255.849
256.214
255.764
253.5
250.922
249.473
248.812
248.752
249.504
254.629
273.992
306.383
336.368
360.417
377.514
388.762
395.683
399.925
402.487
403.512
403.704
403.553
402.212
399.676
397.675
395.979
395.079
394.364
394.235
393.68
348.432
348.432
348.432
348.432
348.432
348.432
348.431
348.426
348.406
348.335
348.115
347.536
346.233
343.712
339.568
333.801
326.975
319.609
312.376
305.115
298.927
291.035
287.452
280.186
273.807
271.392
268.539
262.737
257.557
255.681
255.849
256.214
255.764
253.5
250.922
249.473
248.812
248.752
249.504
254.629
273.992
306.383
336.368
360.417
377.514
388.762
395.683
399.925
402.487
403.512
403.704
403.553
402.212
399.676
397.675
395.979
395.079
394.364
394.235
393.68
348.432
348.432
348.432
348.432
348.432
348.432
348.431
348.426
348.406
348.335
348.115
347.536
346.233
343.712
339.568
333.801
326.975
319.609
312.376
305.115
298.927
291.035
287.452
280.186
273.807
271.392
268.539
262.737
257.557
255.681
255.849
256.214
255.764
253.5
250.922
249.473
248.812
248.752
249.504
254.629
273.992
306.383
336.368
360.417
377.514
388.762
395.683
399.925
402.487
403.512
403.704
403.553
402.212
399.676
397.675
395.979
395.079
394.364
394.235
393.68
348.432
348.432
348.432
348.432
348.432
348.432
348.431
348.426
348.406
348.335
348.115
347.536
346.233
343.712
339.568
333.801
326.975
319.609
312.376
305.115
298.927
291.035
287.452
280.186
273.807
271.392
268.539
262.737
257.557
255.681
255.849
256.214
255.764
253.5
250.922
249.473
248.812
248.752
249.504
254.629
273.992
306.383
336.368
360.417
377.514
388.762
395.683
399.925
402.487
403.512
403.704
403.553
402.212
399.676
397.675
395.979
395.079
394.364
394.235
393.68
348.432
348.432
348.432
348.432
348.432
348.432
348.431
348.426
348.406
348.335
348.115
347.536
346.233
343.712
339.568
333.801
326.975
319.609
312.376
305.115
298.927
291.035
287.452
280.186
273.807
271.392
268.539
262.737
257.557
255.681
255.849
256.214
255.764
253.5
250.922
249.473
248.812
248.752
249.504
254.629
273.992
306.383
336.368
360.417
377.514
388.762
395.683
399.925
402.487
403.512
403.704
403.553
402.212
399.676
397.675
395.979
395.079
394.364
394.235
393.68
348.432
348.432
348.432
348.432
348.432
348.432
348.431
348.426
348.406
348.335
348.115
347.536
346.233
343.712
339.568
333.801
326.975
319.609
312.376
305.115
298.927
291.035
287.452
280.186
273.807
271.392
268.539
262.737
257.557
255.681
255.849
256.214
255.764
253.5
250.922
249.473
248.812
248.752
249.504
254.629
273.992
306.383
336.368
360.417
377.514
388.762
395.683
399.925
402.487
403.512
403.704
403.553
402.212
399.676
397.675
395.979
395.079
394.364
394.235
393.68
348.432
348.432
348.432
348.432
348.432
348.432
348.431
348.426
348.406
348.335
348.115
347.536
346.233
343.712
339.568
333.801
326.975
319.609
312.376
305.115
298.927
291.035
287.452
280.186
273.807
271.392
268.539
262.737
257.557
255.681
255.849
256.214
255.764
253.5
250.922
249.473
248.812
248.752
249.504
254.629
273.992
306.383
336.368
360.417
377.514
388.762
395.683
399.925
402.487
403.512
403.704
403.553
402.212
399.676
397.675
395.979
395.079
394.364
394.235
393.68
348.432
348.432
348.432
348.432
348.432
348.432
348.431
348.426
348.406
348.335
348.115
347.536
346.233
343.712
339.568
333.801
326.975
319.609
312.376
305.115
298.927
291.035
287.452
280.186
273.807
271.392
268.539
262.737
257.557
255.681
255.849
256.214
255.764
253.5
250.922
249.473
248.812
248.752
249.504
254.629
273.992
306.383
336.368
360.417
377.514
388.762
395.683
399.925
402.487
403.512
403.704
403.553
402.212
399.676
397.675
395.979
395.079
394.364
394.235
393.68
348.432
348.432
348.432
348.432
348.432
348.432
348.431
348.426
348.406
348.335
348.115
347.536
346.233
343.712
339.568
333.801
326.975
319.609
312.376
305.115
298.927
291.035
287.452
280.186
273.807
271.392
268.539
262.737
257.557
255.681
255.849
256.214
255.764
253.5
250.922
249.473
248.812
248.752
249.504
254.629
273.992
306.383
336.368
360.417
377.514
388.762
395.683
399.925
402.487
403.512
403.704
403.553
402.212
399.676
397.675
395.979
395.079
394.364
394.235
393.68
348.432
348.432
348.432
348.432
348.432
348.432
348.431
348.426
348.406
348.335
348.115
347.536
346.233
343.712
339.568
333.801
326.975
319.609
312.376
305.115
298.927
291.035
287.452
280.186
273.807
271.392
268.539
262.737
257.557
255.681
255.849
256.214
255.764
253.5
250.922
249.473
248.812
248.752
249.504
254.629
273.992
306.383
336.368
360.417
377.514
388.762
395.683
399.925
402.487
403.512
403.704
403.553
402.212
399.676
397.675
395.979
395.079
394.364
394.235
393.68
348.432
348.432
348.432
348.432
348.432
348.432
348.431
348.426
348.406
348.335
348.115
347.536
346.233
343.712
339.568
333.801
326.975
319.609
312.376
305.115
298.927
291.035
287.452
280.186
273.807
271.392
268.539
262.737
257.557
255.681
255.849
256.214
255.764
253.5
250.922
249.473
248.812
248.752
249.504
254.629
273.992
306.383
336.368
360.417
377.514
388.762
395.683
399.925
402.487
403.512
403.704
403.553
402.212
399.676
397.675
395.979
395.079
394.364
394.235
393.68
348.432
348.432
348.432
348.432
348.432
348.432
348.431
348.426
348.406
348.335
348.115
347.536
346.233
343.712
339.568
333.801
326.975
319.609
312.376
305.115
298.927
291.035
287.452
280.186
273.807
271.392
268.539
262.737
257.557
255.681
255.849
256.214
255.764
253.5
250.922
249.473
248.812
248.752
249.504
254.629
273.992
306.383
336.368
360.417
377.514
388.762
395.683
399.925
402.487
403.512
403.704
403.553
402.212
399.676
397.675
395.979
395.079
394.364
394.235
393.68
348.432
348.432
348.432
348.432
348.432
348.432
348.431
348.426
348.406
348.335
348.115
347.536
346.233
343.712
339.568
333.801
326.975
319.609
312.376
305.115
298.927
291.035
287.452
280.186
273.807
271.392
268.539
262.737
257.557
255.681
255.849
256.214
255.764
253.5
250.922
249.473
248.812
248.752
249.504
254.629
273.992
306.383
336.368
360.417
377.514
388.762
395.683
399.925
402.487
403.512
403.704
403.553
402.212
399.676
397.675
395.979
395.079
394.364
394.235
393.68
348.432
348.432
348.432
348.432
348.432
348.432
348.431
348.426
348.406
348.335
348.115
347.536
346.233
343.712
339.568
333.801
326.975
319.609
312.376
305.115
298.927
291.035
287.452
280.186
273.807
271.392
268.539
262.737
257.557
255.681
255.849
256.214
255.764
253.5
250.922
249.473
248.812
248.752
249.504
254.629
273.992
306.383
336.368
360.417
377.514
388.762
395.683
399.925
402.487
403.512
403.704
403.553
402.212
399.676
397.675
395.979
395.079
394.364
394.235
393.68
348.432
348.432
348.432
348.432
348.432
348.432
348.431
348.426
348.406
348.335
348.115
347.536
346.233
343.712
339.568
333.801
326.975
319.609
312.376
305.115
298.927
291.035
287.452
280.186
273.807
271.392
268.539
262.737
257.557
255.681
255.849
256.214
255.764
253.5
250.922
249.473
248.812
248.752
249.504
254.629
273.992
306.383
336.368
360.417
377.514
388.762
395.683
399.925
402.487
403.512
403.704
403.553
402.212
399.676
397.675
395.979
395.079
394.364
394.235
393.68
392.061
391.967
391.643
391.359
391.345
391.556
392.781
395.081
395.535
394.279
389.39
384.698
382.164
381.529
381.673
382.307
383.09
383.555
382.88
372.751
392.235
392.16
391.863
391.686
391.56
391.902
392.593
394.545
394.978
393.695
388.993
384.562
382.371
381.976
382.403
382.897
383.311
383.221
382.233
376.45
392.49
392.349
392.085
391.818
391.694
391.913
392.501
393.775
394.036
392.973
388.817
384.776
382.494
381.97
382.406
383.49
383.619
383.403
382.636
378.491
392.722
392.599
392.307
391.989
391.745
392
392.767
393.507
393.68
392.692
388.797
384.85
382.303
381.538
381.68
382.357
383.792
385.355
384.251
380.54
392.93
392.734
392.446
392.09
391.719
391.978
392.318
392.831
393.098
392.514
389.472
385.279
382.511
381.637
381.683
382.311
383.756
385.211
384.973
381.623
392.96
392.793
392.556
392.213
391.769
391.955
392.161
392.595
392.942
392.538
389.558
385.156
382.79
381.995
382.064
382.524
383.444
384.894
385.567
380.763
392.912
392.728
392.613
392.379
391.842
391.95
392.18
392.491
392.804
392.589
389.39
385.045
382.855
382.256
382.799
383.101
383.304
384.479
385.485
380.472
392.829
392.658
392.589
392.45
391.944
392.03
392.27
392.542
392.779
392.384
389.658
385.298
382.897
382.274
382.828
383.139
383.142
384.174
385.135
380.099
392.768
392.598
392.528
392.451
392.01
392.087
392.364
392.735
392.927
392.251
389.171
385.206
382.997
382.582
382.917
382.406
382.942
384.156
384.829
379.819
392.725
392.536
392.427
392.348
391.905
391.943
392.352
392.658
392.79
392.313
389.225
385.071
382.941
382.665
382.191
382.178
383.013
384.243
384.399
379.615
392.667
392.442
392.336
392.099
391.64
391.763
392.201
392.51
392.67
392.195
388.925
384.761
382.553
382.073
382.473
382.257
383.041
384.477
383.764
379.595
392.566
392.281
392.094
391.662
391.288
391.496
391.711
392.116
392.373
391.828
388.45
384.431
382.31
382.045
381.988
381.947
382.934
384.341
382.855
379.646
392.474
392.148
391.787
391.159
390.824
391.059
390.968
391.607
391.915
391.322
388.214
384.257
382.372
381.181
381.068
381.55
382.751
383.591
381.915
379.477
392.431
392.045
391.56
390.814
390.484
390.417
390.222
391.034
391.399
390.826
387.714
383.812
381.987
381.047
380.878
381.638
383.123
382.501
381.707
379.457
392.465
392.062
391.549
390.707
390.352
389.845
389.847
390.671
391.062
390.495
387.411
383.596
381.773
380.673
380.766
381.991
382.048
381.965
382.735
380.936
392.544
392.225
391.739
390.835
390.422
389.778
389.836
390.662
391.065
390.565
387.544
383.753
381.341
380.639
380.994
382.175
381.709
382.225
383.189
381.765
392.603
392.389
391.966
391.128
390.681
390.057
390.177
391.019
391.444
390.928
387.773
383.9
381.519
380.85
381.159
382.503
382.569
382.538
383.55
382.095
392.682
392.503
392.174
391.4
390.778
390.472
390.677
391.513
391.836
391.258
388.12
384.268
381.972
381.45
381.688
382.698
384.068
383.147
382.68
380.481
392.745
392.583
392.264
391.536
390.97
390.576
390.903
392.032
392.256
391.579
388.442
384.621
382.334
381.589
381.841
382.773
384.261
383.554
382.763
380.531
392.784
392.635
392.328
391.625
391.11
390.732
391.062
392.204
392.492
391.789
388.632
384.787
382.518
381.761
381.979
382.829
384.334
383.804
382.85
380.589
392.803
392.658
392.357
391.665
391.179
390.806
391.135
392.283
392.614
391.89
388.703
384.856
382.666
381.847
382.041
382.874
384.381
383.916
382.898
380.622
392.811
392.668
392.37
391.682
391.207
390.835
391.165
392.316
392.669
391.94
388.744
384.898
382.707
381.884
382.073
382.897
384.402
383.961
382.919
380.637
392.814
392.672
392.374
391.688
391.217
390.845
391.177
392.328
392.691
391.962
388.763
384.914
382.722
381.899
382.086
382.907
384.412
383.978
382.928
380.643
392.815
392.673
392.376
391.69
391.221
390.849
391.181
392.332
392.7
391.969
388.769
384.92
382.727
381.905
382.091
382.911
384.415
383.985
382.932
380.645
392.815
392.674
392.376
391.691
391.222
390.85
391.182
392.334
392.703
391.972
388.771
384.922
382.729
381.907
382.093
382.912
384.417
383.987
382.933
380.646
392.815
392.674
392.377
391.691
391.222
390.85
391.183
392.334
392.704
391.973
388.771
384.923
382.73
381.908
382.093
382.912
384.417
383.988
382.933
380.646
392.815
392.674
392.377
391.691
391.223
390.851
391.183
392.334
392.704
391.973
388.772
384.923
382.73
381.908
382.093
382.912
384.417
383.988
382.933
380.647
392.815
392.674
392.377
391.691
391.223
390.851
391.183
392.334
392.704
391.973
388.772
384.923
382.73
381.908
382.093
382.913
384.417
383.989
382.933
380.647
392.815
392.674
392.377
391.691
391.223
390.851
391.183
392.334
392.704
391.973
388.772
384.923
382.73
381.908
382.093
382.913
384.417
383.989
382.934
380.647
392.815
392.674
392.377
391.691
391.223
390.851
391.183
392.334
392.704
391.973
388.772
384.923
382.73
381.908
382.093
382.913
384.417
383.989
382.934
380.647
392.815
392.674
392.377
391.691
391.223
390.851
391.183
392.334
392.704
391.973
388.772
384.923
382.73
381.908
382.093
382.913
384.417
383.989
382.934
380.647
392.815
392.674
392.377
391.691
391.223
390.851
391.183
392.334
392.704
391.973
388.772
384.923
382.73
381.908
382.093
382.913
384.417
383.989
382.934
380.647
392.815
392.674
392.377
391.691
391.223
390.851
391.183
392.334
392.704
391.973
388.772
384.923
382.73
381.908
382.093
382.913
384.417
383.989
382.934
380.647
392.815
392.674
392.377
391.691
391.223
390.851
391.183
392.334
392.704
391.973
388.772
384.923
382.73
381.908
382.093
382.913
384.417
383.989
382.934
380.647
392.815
392.674
392.377
391.691
391.223
390.851
391.183
392.334
392.704
391.973
388.772
384.923
382.73
381.908
382.093
382.913
384.417
383.989
382.934
380.647
392.815
392.674
392.377
391.691
391.223
390.851
391.183
392.334
392.704
391.973
388.772
384.923
382.73
381.908
382.093
382.913
384.417
383.989
382.934
380.647
392.815
392.674
392.377
391.691
391.223
390.851
391.183
392.334
392.704
391.973
388.772
384.923
382.73
381.908
382.093
382.913
384.417
383.989
382.934
380.647
392.815
392.674
392.377
391.691
391.223
390.851
391.183
392.334
392.704
391.973
388.772
384.923
382.73
381.908
382.093
382.913
384.417
383.989
382.934
380.647
392.815
392.674
392.377
391.691
391.223
390.851
391.183
392.334
392.704
391.973
388.772
384.923
382.73
381.908
382.093
382.913
384.417
383.989
382.934
380.647
392.815
392.674
392.377
391.691
391.223
390.851
391.183
392.334
392.704
391.973
388.772
384.923
382.73
381.908
382.093
382.913
384.417
383.989
382.934
380.647
392.815
392.674
392.377
391.691
391.223
390.851
391.183
392.334
392.704
391.973
388.772
384.923
382.73
381.908
382.093
382.913
384.417
383.989
382.934
380.647
392.815
392.674
392.377
391.691
391.223
390.851
391.183
392.334
392.704
391.973
388.772
384.923
382.73
381.908
382.093
382.913
384.417
383.989
382.934
380.647
392.815
392.674
392.377
391.691
391.223
390.851
391.183
392.334
392.704
391.973
388.772
384.923
382.73
381.908
382.093
382.913
384.417
383.989
382.934
380.647
392.815
392.674
392.377
391.691
391.223
390.851
391.183
392.334
392.704
391.973
388.772
384.923
382.73
381.908
382.093
382.913
384.417
383.989
382.934
380.647
392.815
392.674
392.377
391.691
391.223
390.851
391.183
392.334
392.704
391.973
388.772
384.923
382.73
381.908
382.093
382.913
384.417
383.989
382.934
380.647
392.815
392.674
392.377
391.691
391.223
390.851
391.183
392.334
392.704
391.973
388.772
384.923
382.73
381.908
382.093
382.913
384.417
383.989
382.934
380.647
392.815
392.674
392.377
391.691
391.223
390.851
391.183
392.334
392.704
391.973
388.772
384.923
382.73
381.908
382.093
382.913
384.417
383.989
382.934
380.647
392.815
392.674
392.377
391.691
391.223
390.851
391.183
392.334
392.704
391.973
388.772
384.923
382.73
381.908
382.093
382.913
384.417
383.989
382.934
380.647
392.815
392.674
392.377
391.691
391.223
390.851
391.183
392.334
392.704
391.973
388.772
384.923
382.73
381.908
382.093
382.913
384.417
383.989
382.934
380.647
392.815
392.674
392.377
391.691
391.223
390.851
391.183
392.334
392.704
391.973
388.772
384.923
382.73
381.908
382.093
382.913
384.417
383.989
382.934
380.647
278.746
278.746
278.746
278.746
278.746
278.746
278.746
278.746
278.746
278.746
278.746
278.746
278.746
278.746
278.746
278.746
278.746
278.746
278.746
278.746
278.746
278.746
278.746
278.746
278.746
278.746
278.746
278.746
278.746
278.746
278.746
278.746
278.746
278.746
278.746
278.746
278.746
278.746
278.746
278.746
278.746
278.746
278.746
278.746
278.746
278.746
278.746
278.746
278.746
278.746
278.746
278.746
278.746
278.746
278.746
278.746
278.746
278.746
278.746
278.746
278.746
278.746
278.746
278.746
278.746
278.746
278.746
278.746
278.746
278.746
278.746
278.746
278.746
278.746
278.746
278.746
278.746
278.746
278.746
278.746
278.746
278.746
278.746
278.746
278.746
278.746
278.746
278.746
278.746
278.746
278.746
278.746
278.746
278.746
278.746
278.746
278.746
278.746
278.746
278.746
278.746
278.746
278.746
278.746
278.746
278.746
278.746
278.746
278.746
278.746
278.746
278.746
278.746
278.746
278.746
278.746
278.746
278.746
278.746
278.746
278.746
278.746
278.746
278.746
278.746
278.746
278.746
278.746
278.746
278.746
278.746
278.746
278.746
278.746
278.746
278.746
278.746
278.746
278.746
278.746
278.746
278.746
278.746
278.746
278.746
278.746
278.746
278.746
278.746
278.746
278.746
278.746
278.746
278.746
278.746
278.746
278.746
278.746
278.746
278.746
278.746
278.746
278.746
278.746
278.746
278.746
278.746
278.746
278.746
278.746
278.746
278.746
278.746
278.746
278.746
278.746
278.746
278.746
278.746
278.746
278.746
278.746
278.746
278.746
278.746
278.746
278.746
278.746
278.746
278.746
278.746
278.746
278.746
278.746
278.746
278.746
278.746
278.746
278.746
278.746
278.746
278.746
278.746
278.746
278.746
278.746
278.746
278.746
278.746
278.746
278.746
278.746
278.746
278.746
278.746
278.746
278.746
278.746
278.746
278.746
278.746
278.746
278.746
278.746
278.746
278.746
278.746
278.746
278.746
278.746
278.746
278.746
278.746
278.746
278.746
278.746
278.746
278.746
278.746
278.746
278.746
278.746
278.746
278.746
278.746
278.746
278.746
278.746
278.746
278.746
278.746
278.746
278.746
278.746
278.746
278.746
278.746
278.746
278.746
278.746
278.746
278.746
278.746
278.746
278.746
278.746
278.746
278.746
278.746
278.746
278.747
278.746
278.746
278.746
278.746
278.746
278.746
278.746
278.746
278.746
278.746
278.746
278.746
278.746
278.746
278.746
278.746
278.746
278.746
278.746
278.746
278.746
278.746
278.746
278.746
278.746
278.746
278.746
278.746
278.746
278.747
278.747
278.746
278.746
278.746
278.746
278.746
278.746
278.746
278.746
278.746
278.746
278.746
278.746
278.746
278.746
278.746
278.746
278.746
278.746
278.746
278.746
278.746
278.746
278.746
278.746
278.746
278.746
278.746
278.746
278.747
278.747
278.747
278.746
278.746
278.746
278.746
278.746
278.746
278.746
278.746
278.746
278.746
278.746
278.746
278.746
278.746
278.746
278.746
278.746
278.746
278.746
278.746
278.746
278.746
278.746
278.746
278.746
278.746
278.746
278.747
278.747
278.747
278.746
278.746
278.746
278.746
278.746
278.746
278.746
278.746
278.746
278.746
278.746
278.746
278.746
278.746
278.746
278.746
278.746
278.746
278.746
278.746
278.746
278.746
278.746
278.746
278.746
278.746
278.746
278.748
278.747
278.747
278.747
278.746
278.746
278.746
278.746
278.746
278.746
278.746
278.746
278.746
278.746
278.746
278.746
278.746
278.746
278.746
278.746
278.746
278.746
278.746
278.746
278.746
278.746
278.746
278.746
278.746
278.746
278.748
278.748
278.747
278.747
278.746
278.746
278.746
278.746
278.746
278.746
278.746
278.746
278.746
278.746
278.746
278.746
278.746
278.746
278.746
278.746
278.746
278.746
278.746
278.746
278.746
278.746
278.746
278.746
278.746
278.746
278.749
278.748
278.748
278.747
278.747
278.746
278.746
278.746
278.746
278.746
278.746
278.746
278.746
278.746
278.746
278.746
278.746
278.746
278.746
278.746
278.746
278.746
278.746
278.746
278.746
278.746
278.746
278.746
278.746
278.746
278.75
278.749
278.748
278.747
278.747
278.746
278.746
278.746
278.746
278.746
278.746
278.746
278.746
278.746
278.746
278.746
278.746
278.746
278.746
278.746
278.746
278.746
278.746
278.746
278.746
278.746
278.746
278.746
278.746
278.746
278.751
278.749
278.748
278.747
278.747
278.746
278.746
278.746
278.746
278.746
278.746
278.746
278.746
278.746
278.746
278.746
278.746
278.746
278.746
278.746
278.746
278.746
278.746
278.746
278.746
278.746
278.746
278.746
278.746
278.746
278.752
278.75
278.749
278.748
278.747
278.746
278.746
278.746
278.746
278.746
278.746
278.746
278.746
278.746
278.746
278.746
278.746
278.746
278.746
278.746
278.746
278.746
278.746
278.746
278.746
278.746
278.746
278.746
278.746
278.746
278.754
278.752
278.75
278.748
278.747
278.747
278.746
278.746
278.746
278.746
278.746
278.746
278.746
278.746
278.746
278.746
278.746
278.746
278.746
278.746
278.746
278.746
278.746
278.746
278.746
278.746
278.746
278.746
278.746
278.746
278.757
278.753
278.751
278.749
278.747
278.747
278.746
278.746
278.746
278.746
278.746
278.746
278.746
278.746
278.746
278.746
278.746
278.746
278.746
278.746
278.746
278.746
278.746
278.746
278.746
278.746
278.746
278.746
278.746
278.746
278.759
278.755
278.752
278.749
278.748
278.747
278.746
278.746
278.746
278.746
278.746
278.746
278.746
278.746
278.746
278.746
278.746
278.746
278.746
278.746
278.746
278.746
278.746
278.746
278.746
278.746
278.746
278.746
278.746
278.746
278.763
278.757
278.753
278.75
278.748
278.747
278.746
278.746
278.746
278.746
278.746
278.746
278.746
278.746
278.746
278.746
278.746
278.746
278.746
278.746
278.746
278.746
278.746
278.746
278.746
278.746
278.746
278.746
278.746
278.746
278.767
278.759
278.755
278.751
278.748
278.747
278.746
278.746
278.746
278.746
278.746
278.746
278.746
278.746
278.746
278.746
278.746
278.746
278.746
278.746
278.746
278.746
278.746
278.746
278.746
278.746
278.746
278.746
278.746
278.746
278.772
278.762
278.757
278.752
278.749
278.747
278.747
278.746
278.746
278.746
278.746
278.746
278.746
278.746
278.746
278.746
278.746
278.746
278.746
278.746
278.746
278.746
278.746
278.746
278.746
278.746
278.746
278.746
278.746
278.746
278.779
278.766
278.759
278.753
278.749
278.747
278.747
278.746
278.746
278.746
278.746
278.746
278.746
278.746
278.746
278.746
278.746
278.746
278.746
278.746
278.746
278.746
278.746
278.746
278.746
278.746
278.746
278.746
278.746
278.746
278.787
278.771
278.762
278.754
278.75
278.748
278.747
278.746
278.746
278.746
278.746
278.746
278.746
278.746
278.746
278.746
278.746
278.746
278.746
278.746
278.746
278.746
278.746
278.746
278.746
278.746
278.746
278.746
278.746
278.746
278.796
278.776
278.765
278.755
278.751
278.748
278.747
278.746
278.746
278.746
278.746
278.746
278.746
278.746
278.746
278.746
278.746
278.746
278.746
278.746
278.746
278.746
278.746
278.746
278.746
278.746
278.746
278.746
278.746
278.746
278.808
278.782
278.768
278.757
278.751
278.748
278.747
278.746
278.746
278.746
278.746
278.746
278.746
278.746
278.746
278.746
278.746
278.746
278.746
278.746
278.746
278.746
278.746
278.746
278.746
278.746
278.746
278.746
278.746
278.746
278.823
278.789
278.773
278.759
278.752
278.748
278.747
278.746
278.746
278.746
278.746
278.746
278.746
278.746
278.746
278.746
278.746
278.746
278.746
278.746
278.746
278.746
278.746
278.746
278.746
278.746
278.746
278.746
278.746
278.746
278.843
278.799
278.777
278.761
278.753
278.749
278.747
278.746
278.746
278.746
278.746
278.746
278.746
278.746
278.746
278.746
278.746
278.746
278.746
278.746
278.746
278.746
278.746
278.746
278.746
278.746
278.746
278.746
278.746
278.746
278.872
278.81
278.783
278.763
278.754
278.749
278.747
278.746
278.746
278.746
278.746
278.746
278.746
278.746
278.746
278.746
278.746
278.746
278.746
278.746
278.746
278.746
278.746
278.746
278.746
278.746
278.746
278.746
278.746
278.746
278.917
278.825
278.79
278.765
278.755
278.749
278.747
278.746
278.746
278.746
278.746
278.746
278.746
278.746
278.746
278.746
278.746
278.746
278.746
278.746
278.746
278.746
278.746
278.746
278.746
278.746
278.746
278.746
278.746
278.746
278.99
278.846
278.798
278.768
278.756
278.75
278.747
278.746
278.746
278.746
278.746
278.746
278.746
278.746
278.746
278.746
278.746
278.746
278.746
278.746
278.746
278.746
278.746
278.746
278.746
278.746
278.746
278.746
278.746
278.746
279.119
278.878
278.809
278.772
278.757
278.75
278.747
278.747
278.746
278.746
278.746
278.746
278.746
278.746
278.746
278.746
278.746
278.746
278.746
278.746
278.746
278.746
278.746
278.746
278.746
278.746
278.746
278.746
278.746
278.746
279.353
278.927
278.825
278.775
278.758
278.75
278.748
278.747
278.746
278.746
278.746
278.746
278.746
278.746
278.746
278.746
278.746
278.746
278.746
278.746
278.746
278.746
278.746
278.746
278.746
278.746
278.746
278.746
278.746
278.746
279.795
279.009
278.848
278.78
278.759
278.751
278.748
278.747
278.746
278.746
278.746
278.746
278.746
278.746
278.746
278.746
278.746
278.746
278.746
278.746
278.746
278.746
278.746
278.746
278.746
278.746
278.746
278.746
278.746
278.746
280.645
279.151
278.884
278.787
278.761
278.751
278.748
278.747
278.746
278.746
278.746
278.746
278.746
278.746
278.746
278.746
278.746
278.746
278.746
278.746
278.746
278.746
278.746
278.746
278.746
278.746
278.746
278.746
278.746
278.746
282.299
279.409
278.94
278.795
278.763
278.752
278.748
278.747
278.746
278.746
278.746
278.746
278.746
278.746
278.746
278.746
278.746
278.746
278.746
278.746
278.746
278.746
278.746
278.746
278.746
278.746
278.746
278.746
278.746
278.746
285.482
279.896
279.031
278.808
278.765
278.752
278.748
278.747
278.746
278.746
278.746
278.746
278.746
278.746
278.746
278.746
278.746
278.746
278.746
278.746
278.746
278.746
278.746
278.746
278.746
278.746
278.746
278.746
278.746
278.746
291.16
280.842
279.178
278.826
278.768
278.753
278.748
278.747
278.746
278.746
278.746
278.746
278.746
278.746
278.746
278.746
278.746
278.746
278.746
278.746
278.746
278.746
278.746
278.746
278.746
278.746
278.746
278.746
278.746
278.746
299.616
282.667
279.413
278.854
278.772
278.753
278.748
278.747
278.746
278.746
278.746
278.746
278.746
278.746
278.746
278.746
278.746
278.746
278.746
278.746
278.746
278.746
278.746
278.746
278.746
278.746
278.746
278.746
278.746
278.746
309.045
285.922
279.775
278.897
278.776
278.754
278.749
278.747
278.746
278.746
278.746
278.746
278.746
278.746
278.746
278.746
278.746
278.746
278.746
278.746
278.746
278.746
278.746
278.746
278.746
278.746
278.746
278.746
278.746
278.746
316.142
290.827
280.3
278.962
278.783
278.755
278.749
278.747
278.746
278.746
278.746
278.746
278.746
278.746
278.746
278.746
278.746
278.746
278.746
278.746
278.746
278.746
278.746
278.746
278.746
278.746
278.746
278.746
278.746
278.746
319.715
296.689
280.992
279.053
278.791
278.756
278.749
278.747
278.746
278.746
278.746
278.746
278.746
278.746
278.746
278.746
278.746
278.746
278.746
278.746
278.746
278.746
278.746
278.746
278.746
278.746
278.746
278.746
278.746
278.746
322.969
302.395
281.831
279.168
278.801
278.757
278.749
278.747
278.746
278.746
278.746
278.746
278.746
278.746
278.746
278.746
278.746
278.746
278.746
278.746
278.746
278.746
278.746
278.746
278.746
278.746
278.746
278.746
278.746
278.746
330.479
308.015
282.809
279.295
278.813
278.758
278.749
278.747
278.746
278.746
278.746
278.746
278.746
278.746
278.746
278.746
278.746
278.746
278.746
278.746
278.746
278.746
278.746
278.746
278.746
278.746
278.746
278.746
278.746
278.746
347.669
315.626
283.932
279.427
278.826
278.76
278.749
278.747
278.746
278.746
278.746
278.746
278.746
278.746
278.746
278.746
278.746
278.746
278.746
278.746
278.746
278.746
278.746
278.746
278.746
278.746
278.746
278.746
278.746
278.746
366.272
328.319
285.202
279.561
278.84
278.761
278.749
278.747
278.746
278.746
278.746
278.746
278.746
278.746
278.746
278.746
278.746
278.746
278.746
278.746
278.746
278.746
278.746
278.746
278.746
278.746
278.746
278.746
278.746
278.746
368.308
334.993
286.596
279.691
278.854
278.762
278.75
278.747
278.746
278.746
278.746
278.746
278.746
278.746
278.746
278.746
278.746
278.746
278.746
278.746
278.746
278.746
278.746
278.746
278.746
278.746
278.746
278.746
278.746
278.746
364.957
324.965
288.624
279.996
278.89
278.766
278.75
278.747
278.746
278.746
278.746
278.746
278.746
278.746
278.746
278.746
278.746
278.746
278.746
278.746
278.746
278.746
278.746
278.746
278.746
278.746
278.746
278.746
278.746
278.746
372.975
343.446
291.361
280.337
278.926
278.77
278.751
278.747
278.746
278.746
278.746
278.746
278.746
278.746
278.746
278.746
278.746
278.746
278.746
278.746
278.746
278.746
278.746
278.746
278.746
278.746
278.746
278.746
278.746
278.746
375.936
353.503
293.093
280.572
278.947
278.773
278.751
278.747
278.746
278.746
278.746
278.746
278.746
278.746
278.746
278.746
278.746
278.746
278.746
278.746
278.746
278.746
278.746
278.746
278.746
278.746
278.746
278.746
278.746
278.746
377.55
356.093
293.583
280.648
278.958
278.775
278.752
278.748
278.746
278.746
278.746
278.746
278.746
278.746
278.746
278.746
278.746
278.746
278.746
278.746
278.746
278.746
278.746
278.746
278.746
278.746
278.746
278.746
278.746
278.746
378.03
356.616
293.896
280.705
278.966
278.776
278.752
278.748
278.746
278.746
278.746
278.746
278.746
278.746
278.746
278.746
278.746
278.746
278.746
278.746
278.746
278.746
278.746
278.746
278.746
278.746
278.746
278.746
278.746
278.746
377.517
357.657
294.22
280.757
278.973
278.777
278.752
278.748
278.746
278.746
278.746
278.746
278.746
278.746
278.746
278.746
278.746
278.746
278.746
278.746
278.746
278.746
278.746
278.746
278.746
278.746
278.746
278.746
278.746
278.746
377.246
358.261
294.525
280.808
278.98
278.778
278.753
278.748
278.747
278.746
278.746
278.746
278.746
278.746
278.746
278.746
278.746
278.746
278.746
278.746
278.746
278.746
278.746
278.746
278.746
278.746
278.746
278.746
278.746
278.746
377.055
359.176
294.878
280.861
278.986
278.779
278.753
278.748
278.747
278.746
278.746
278.746
278.746
278.746
278.746
278.746
278.746
278.746
278.746
278.746
278.746
278.746
278.746
278.746
278.746
278.746
278.746
278.746
278.746
278.746
376.974
360.237
295.26
280.917
278.992
278.78
278.753
278.748
278.747
278.746
278.746
278.746
278.746
278.746
278.746
278.746
278.746
278.746
278.746
278.746
278.746
278.746
278.746
278.746
278.746
278.746
278.746
278.746
278.746
278.746
376.914
361.236
295.711
280.986
278.999
278.781
278.753
278.748
278.747
278.746
278.746
278.746
278.746
278.746
278.746
278.746
278.746
278.746
278.746
278.746
278.746
278.746
278.746
278.746
278.746
278.746
278.746
278.746
278.746
278.746
377.012
361.787
296.078
281.051
279.006
278.781
278.753
278.748
278.747
278.746
278.746
278.746
278.746
278.746
278.746
278.746
278.746
278.746
278.746
278.746
278.746
278.746
278.746
278.746
278.746
278.746
278.746
278.746
278.746
278.746
377.211
362.538
296.461
281.115
279.013
278.782
278.753
278.748
278.747
278.746
278.746
278.746
278.746
278.746
278.746
278.746
278.746
278.746
278.746
278.746
278.746
278.746
278.746
278.746
278.746
278.746
278.746
278.746
278.746
278.746
377.366
364.478
297.074
281.188
279.019
278.783
278.753
278.748
278.747
278.746
278.746
278.746
278.746
278.746
278.746
278.746
278.746
278.746
278.746
278.746
278.746
278.746
278.746
278.746
278.746
278.746
278.746
278.746
278.746
278.746
377.693
365.7
297.579
281.259
279.024
278.783
278.753
278.748
278.747
278.746
278.746
278.746
278.746
278.746
278.746
278.746
278.746
278.746
278.746
278.746
278.746
278.746
278.746
278.746
278.746
278.746
278.746
278.746
278.746
278.746
378.346
366.04
297.886
281.299
279.028
278.783
278.754
278.748
278.747
278.746
278.746
278.746
278.746
278.746
278.746
278.746
278.746
278.746
278.746
278.746
278.746
278.746
278.746
278.746
278.746
278.746
278.746
278.746
278.746
278.746
378.99
365.987
297.86
281.295
279.029
278.783
278.754
278.748
278.747
278.746
278.746
278.746
278.746
278.746
278.746
278.746
278.746
278.746
278.746
278.746
278.746
278.746
278.746
278.746
278.746
278.746
278.746
278.746
278.746
278.746
379.072
365.73
298.012
281.329
279.03
278.784
278.754
278.748
278.747
278.746
278.746
278.746
278.746
278.746
278.746
278.746
278.746
278.746
278.746
278.746
278.746
278.746
278.746
278.746
278.746
278.746
278.746
278.746
278.746
278.746
378.65
366.859
298.124
281.333
279.03
278.784
278.754
278.748
278.747
278.746
278.746
278.746
278.746
278.746
278.746
278.746
278.746
278.746
278.746
278.746
278.746
278.746
278.746
278.746
278.746
278.746
278.746
278.746
278.746
278.746
378.72
366.943
298.127
281.331
279.03
278.784
278.754
278.748
278.747
278.746
278.746
278.746
278.746
278.746
278.746
278.746
278.746
278.746
278.746
278.746
278.746
278.746
278.746
278.746
278.746
278.746
278.746
278.746
278.746
278.746
378.77
366.927
298.113
281.329
279.03
278.784
278.754
278.748
278.747
278.746
278.746
278.746
278.746
278.746
278.746
278.746
278.746
278.746
278.746
278.746
278.746
278.746
278.746
278.746
278.746
278.746
278.746
278.746
278.746
278.746
378.793
366.904
298.104
281.328
279.03
278.784
278.754
278.748
278.747
278.746
278.746
278.746
278.746
278.746
278.746
278.746
278.746
278.746
278.746
278.746
278.746
278.746
278.746
278.746
278.746
278.746
278.746
278.746
278.746
278.746
378.803
366.891
298.099
281.327
279.03
278.784
278.754
278.748
278.747
278.746
278.746
278.746
278.746
278.746
278.746
278.746
278.746
278.746
278.746
278.746
278.746
278.746
278.746
278.746
278.746
278.746
278.746
278.746
278.746
278.746
378.807
366.886
298.097
281.327
279.03
278.784
278.754
278.748
278.747
278.746
278.746
278.746
278.746
278.746
278.746
278.746
278.746
278.746
278.746
278.746
278.746
278.746
278.746
278.746
278.746
278.746
278.746
278.746
278.746
278.746
378.808
366.884
298.097
281.327
279.03
278.784
278.754
278.748
278.747
278.746
278.746
278.746
278.746
278.746
278.746
278.746
278.746
278.746
278.746
278.746
278.746
278.746
278.746
278.746
278.746
278.746
278.746
278.746
278.746
278.746
378.809
366.883
298.096
281.327
279.03
278.784
278.754
278.748
278.747
278.746
278.746
278.746
278.746
278.746
278.746
278.746
278.746
278.746
278.746
278.746
278.746
278.746
278.746
278.746
278.746
278.746
278.746
278.746
278.746
278.746
378.809
366.883
298.096
281.327
279.03
278.784
278.754
278.748
278.747
278.746
278.746
278.746
278.746
278.746
278.746
278.746
278.746
278.746
278.746
278.746
278.746
278.746
278.746
278.746
278.746
278.746
278.746
278.746
278.746
278.746
378.809
366.883
298.096
281.327
279.03
278.784
278.754
278.748
278.747
278.746
278.746
278.746
278.746
278.746
278.746
278.746
278.746
278.746
278.746
278.746
278.746
278.746
278.746
278.746
278.746
278.746
278.746
278.746
278.746
278.746
378.809
366.883
298.096
281.327
279.03
278.784
278.754
278.748
278.747
278.746
278.746
278.746
278.746
278.746
278.746
278.746
278.746
278.746
278.746
278.746
278.746
278.746
278.746
278.746
278.746
278.746
278.746
278.746
278.746
278.746
378.809
366.883
298.096
281.327
279.03
278.784
278.754
278.748
278.747
278.746
278.746
278.746
278.746
278.746
278.746
278.746
278.746
278.746
278.746
278.746
278.746
278.746
278.746
278.746
278.746
278.746
278.746
278.746
278.746
278.746
378.809
366.883
298.096
281.327
279.03
278.784
278.754
278.748
278.747
278.746
278.746
278.746
278.746
278.746
278.746
278.746
278.746
278.746
278.746
278.746
278.746
278.746
278.746
278.746
278.746
278.746
278.746
278.746
278.746
278.746
378.809
366.883
298.096
281.327
279.03
278.784
278.754
278.748
278.747
278.746
278.746
278.746
278.746
278.746
278.746
278.746
278.746
278.746
278.746
278.746
278.746
278.746
278.746
278.746
278.746
278.746
278.746
278.746
278.746
278.746
378.809
366.883
298.096
281.327
279.03
278.784
278.754
278.748
278.747
278.746
278.746
278.746
278.746
278.746
278.746
278.746
278.746
278.746
278.746
278.746
278.746
278.746
278.746
278.746
278.746
278.746
278.746
278.746
278.746
278.746
378.809
366.883
298.096
281.327
279.03
278.784
278.754
278.748
278.747
278.746
278.746
278.746
278.746
278.746
278.746
278.746
278.746
278.746
278.746
278.746
278.746
278.746
278.746
278.746
278.746
278.746
278.746
278.746
278.746
278.746
378.809
366.883
298.096
281.327
279.03
278.784
278.754
278.748
278.747
278.746
278.746
278.746
278.746
278.746
278.746
278.746
278.746
278.746
278.746
278.746
278.746
278.746
278.746
278.746
278.746
278.746
278.746
278.746
278.746
278.746
378.809
366.883
298.096
281.327
279.03
278.784
278.754
278.748
278.747
278.746
278.746
278.746
278.746
278.746
278.746
278.746
278.746
278.746
278.746
278.746
278.746
278.746
278.746
278.746
278.746
278.746
278.746
278.746
278.746
278.746
378.809
366.883
298.096
281.327
279.03
278.784
278.754
278.748
278.747
278.746
278.746
278.746
278.746
278.746
278.746
278.746
278.746
278.746
278.746
278.746
278.746
278.746
278.746
278.746
278.746
278.746
278.746
278.746
278.746
278.746
378.809
366.883
298.096
281.327
279.03
278.784
278.754
278.748
278.747
278.746
278.746
278.746
278.746
278.746
278.746
278.746
278.746
278.746
278.746
278.746
278.746
278.746
278.746
278.746
278.746
278.746
278.746
278.746
278.746
278.746
378.809
366.883
298.096
281.327
279.03
278.784
278.754
278.748
278.747
278.746
278.746
278.746
278.746
278.746
278.746
278.746
278.746
278.746
278.746
278.746
278.746
278.746
278.746
278.746
278.746
278.746
278.746
278.746
278.746
278.746
378.809
366.883
298.096
281.327
279.03
278.784
278.754
278.748
278.747
278.746
278.746
278.746
278.746
278.746
278.746
278.746
278.746
278.746
278.746
278.746
278.746
278.746
278.746
278.746
278.746
278.746
278.746
278.746
278.746
278.746
378.809
366.883
298.096
281.327
279.03
278.784
278.754
278.748
278.747
278.746
278.746
278.746
278.746
278.746
278.746
278.746
278.746
278.746
278.746
278.746
278.746
278.746
278.746
278.746
278.746
278.746
278.746
278.746
278.746
278.746
378.809
366.883
298.096
281.327
279.03
278.784
278.754
278.748
278.747
278.746
278.746
278.746
278.746
278.746
278.746
278.746
278.746
278.746
278.746
278.746
278.746
278.746
278.746
278.746
278.746
278.746
278.746
278.746
278.746
278.746
378.809
366.883
298.096
281.327
279.03
278.784
278.754
278.748
278.747
278.746
278.746
278.746
278.746
278.746
278.746
278.746
278.746
278.746
278.746
278.746
278.746
278.746
278.746
278.746
278.746
278.746
278.746
278.746
278.746
278.746
378.809
366.883
298.096
281.327
279.03
278.784
278.754
278.748
278.747
278.746
278.746
278.746
278.746
278.746
278.746
278.746
278.746
278.746
278.746
278.746
278.746
278.746
278.746
278.746
278.746
278.746
278.746
278.746
278.746
278.746
378.809
366.883
298.096
281.327
279.03
278.784
278.754
278.748
278.747
278.746
278.746
278.746
278.746
278.746
278.746
278.746
278.746
278.746
278.746
278.746
278.746
278.746
278.746
278.746
278.746
278.746
278.746
278.746
278.746
278.746
378.809
366.883
298.096
281.327
279.03
278.784
278.754
278.748
278.747
278.746
278.746
278.746
278.746
278.746
278.746
278.746
278.746
278.746
278.746
278.746
278.746
278.746
278.746
278.746
278.746
278.746
278.746
278.746
278.746
278.746
378.809
366.883
298.096
281.327
279.03
278.784
278.754
278.748
278.747
278.746
278.746
278.746
278.746
278.746
278.746
278.746
278.746
278.746
278.746
278.746
278.746
278.746
278.746
278.746
278.746
278.746
278.746
278.746
278.746
278.746
378.809
366.883
298.096
281.327
279.03
278.784
278.754
278.748
278.747
278.746
278.746
278.746
278.746
278.746
278.746
278.746
278.746
278.746
278.746
278.746
278.746
278.746
278.746
278.746
278.746
278.746
278.746
278.746
278.746
278.746
378.809
366.883
298.096
281.327
279.03
278.784
278.754
278.748
278.747
278.746
278.746
278.746
278.746
278.746
278.746
278.746
278.746
278.746
278.746
278.746
278.746
278.746
278.746
278.746
278.746
278.746
278.746
278.746
278.746
278.746
378.809
366.883
298.096
281.327
279.03
278.784
278.754
278.748
278.747
278.746
278.746
278.746
278.746
278.746
278.746
278.746
278.746
278.746
278.746
278.746
278.746
278.746
278.746
278.746
278.746
278.746
278.746
278.746
278.746
278.746
378.809
366.883
298.096
281.327
279.03
278.784
278.754
278.748
278.747
278.746
278.746
278.746
278.746
278.746
278.746
278.746
278.746
278.746
278.746
278.746
278.746
278.746
278.746
278.746
278.746
278.746
278.746
278.746
278.746
278.746
)
;

boundaryField
{
    inlet
    {
        type            zeroGradient;
    }
    outlet
    {
        type            zeroGradient;
    }
    bottom
    {
        type            symmetryPlane;
    }
    top
    {
        type            symmetryPlane;
    }
    obstacle
    {
        type            zeroGradient;
    }
    defaultFaces
    {
        type            empty;
    }
}


// ************************************************************************* //
