/*--------------------------------*- C++ -*----------------------------------*\
| =========                 |                                                 |
| \\      /  F ield         | OpenFOAM: The Open Source CFD Toolbox           |
|  \\    /   O peration     | Version:  5.x                                   |
|   \\  /    A nd           | Web:      www.OpenFOAM.org                      |
|    \\/     M anipulation  |                                                 |
\*---------------------------------------------------------------------------*/
/*   Windows 32 and 64 bit porting by blueCAPE: http://www.bluecape.com.pt   *\
|  Based on Windows porting (2.0.x v4) by Symscape: http://www.symscape.com   |
\*---------------------------------------------------------------------------*/
FoamFile
{
    version     2.0;
    format      ascii;
    class       volScalarField;
    location    "0.005";
    object      mag(U);
}
// * * * * * * * * * * * * * * * * * * * * * * * * * * * * * * * * * * * * * //

dimensions      [0 1 -1 0 0 0 0];

internalField   nonuniform List<scalar> 
10000
(
3.5062e-008
3.13859e-007
2.10566e-006
1.41857e-005
8.30008e-005
0.000469629
0.0023507
0.0110648
0.0463962
0.178091
0.595729
1.74426
4.43697
9.92262
19.4188
33.4293
51.177
71.0235
91.5739
111.901
131.679
150.733
169.055
186.326
202.625
217.925
231.896
244.378
255.474
265.128
273.36
279.915
284.365
287.359
289.737
291.665
293.443
295.572
298.252
301.343
304.653
308.017
311.559
315.45
319.648
323.988
328.244
332.227
335.723
338.397
339.944
340.16
338.84
335.662
330.25
321.868
313.04
304.666
295.183
282.184
3.44165e-008
3.06906e-007
2.04135e-006
1.37092e-005
7.96975e-005
0.000450088
0.00224395
0.0105559
0.0442041
0.170011
0.570102
1.67485
4.27442
9.59755
18.8648
32.622
50.1576
69.876
90.3809
110.726
130.558
149.705
168.137
185.542
202.032
217.545
231.718
244.417
255.802
265.815
274.405
281.304
286.08
289.31
291.825
293.746
295.241
296.733
298.481
300.388
302.315
304.149
305.921
307.72
309.502
311.14
312.475
313.378
313.711
313.336
312.146
310.088
307.104
303.064
297.563
289.237
280.859
273.84
267.647
259.393
3.42135e-008
3.05198e-007
2.0278e-006
1.36247e-005
7.91814e-005
0.000447468
0.00223136
0.0105045
0.0440132
0.169379
0.568362
1.67092
4.26702
9.58496
18.8458
32.5952
50.1154
69.7999
90.2498
110.517
130.243
149.304
167.537
184.896
201.224
216.467
230.511
243.18
254.43
264.178
272.54
279.368
284.208
287.457
289.862
291.579
292.684
293.648
294.766
295.951
297.083
298.042
298.882
299.839
301.068
302.567
304.214
305.9
307.445
308.572
308.99
308.483
306.893
304.082
299.546
292.297
284.047
276.466
268.802
259.585
3.36505e-008
2.995e-007
1.97628e-006
1.32482e-005
7.65746e-005
0.000432048
0.00214666
0.0100982
0.042246
0.162801
0.547298
1.61328
4.13032
9.30876
18.3699
31.8928
49.2169
68.7788
89.1791
109.459
129.225
148.387
166.656
184.231
200.713
216.017
230.263
243.292
254.874
264.843
273.339
280.347
285.536
289.159
291.843
293.67
294.592
295.018
295.331
295.549
295.602
295.382
294.894
294.392
294.138
294.247
294.733
295.544
296.519
297.422
297.983
297.913
296.959
294.95
291.49
285.518
278.071
271.448
265.315
257.768
3.33018e-008
2.96554e-007
1.95306e-006
1.31014e-005
7.567e-005
0.000427358
0.00212373
0.0100019
0.0418781
0.161546
0.543703
1.60467
4.11286
9.27716
18.3208
31.8269
49.1335
68.6638
89.0163
109.226
128.901
147.968
166.116
183.556
199.922
215.076
229.147
242.02
253.473
263.299
271.673
278.605
283.696
287.179
289.723
291.475
292.377
292.833
293.222
293.538
293.675
293.488
292.948
292.301
291.859
291.805
292.185
292.969
294.025
295.122
295.979
296.313
295.875
294.444
291.599
286.319
279.173
272.53
266.337
259.089
3.27799e-008
2.9161e-007
1.90979e-006
1.27927e-005
7.3552e-005
0.000414919
0.00205539
0.00967352
0.0404419
0.156153
0.526304
1.55664
3.99765
9.04206
17.9114
31.2151
48.3394
67.7517
88.0522
108.268
127.984
147.104
165.365
182.907
199.372
214.734
229.048
242.091
253.685
263.748
272.399
279.596
285.005
288.687
291.343
293.191
294.097
294.459
294.688
294.854
294.858
294.546
293.833
292.905
292.039
291.41
291.135
291.263
291.716
292.324
292.84
292.998
292.56
291.29
288.843
284.423
277.927
271.705
266.15
259.894
3.23568e-008
2.88059e-007
1.8818e-006
1.26147e-005
7.24451e-005
0.00040911
0.00202661
0.00955047
0.0399635
0.154498
0.521463
1.54478
3.97292
8.99638
17.8395
31.1189
48.224
67.6081
87.8675
108.02
127.655
146.697
164.837
182.265
198.639
213.847
227.983
240.897
252.398
262.34
270.876
277.99
283.277
286.833
289.4
291.247
292.28
292.899
293.512
294.157
294.695
294.946
294.791
294.351
293.876
293.547
293.468
293.667
294.084
294.571
294.914
294.902
294.347
293.038
290.592
286.274
279.802
273.343
267.662
261.755
3.18563e-008
2.83574e-007
1.84387e-006
1.23517e-005
7.06659e-005
0.000398793
0.00197019
0.0092802
0.0387801
0.150025
0.506961
1.50447
3.87538
8.79551
17.4863
30.5852
47.5214
66.791
86.9955
107.15
126.818
145.903
164.148
181.666
198.123
213.519
227.875
240.95
252.587
262.732
271.482
278.807
284.388
288.148
290.843
292.818
293.91
294.515
295.054
295.626
296.101
296.304
296.115
295.627
295.048
294.519
294.148
294.009
294.086
294.276
294.396
294.221
293.552
292.233
289.994
286.248
280.298
274.039
268.637
263.354
3.14019e-008
2.79799e-007
1.81415e-006
1.21623e-005
6.94799e-005
0.000392516
0.00193873
0.00914395
0.0382423
0.148143
0.501369
1.49052
3.84573
8.73995
17.3978
30.466
47.381
66.6261
86.7969
106.894
126.491
145.509
163.636
181.057
197.441
212.69
226.879
239.84
251.397
261.444
270.113
277.375
282.845
286.483
289.081
291.019
292.174
292.928
293.698
294.563
295.367
295.921
296.082
295.916
295.63
295.385
295.283
295.376
295.619
295.882
295.997
295.797
295.128
293.815
291.557
287.9
281.99
275.604
270.163
265.224
3.09169e-008
2.75631e-007
1.77991e-006
1.19311e-005
6.79405e-005
0.000383725
0.00189104
0.00891695
0.0372509
0.144381
0.48914
1.45639
3.7626
8.56742
17.092
29.9992
46.7587
65.8927
86.0052
106.101
125.724
144.777
163.004
180.502
196.95
212.37
226.762
239.876
251.56
261.776
270.61
278.049
283.783
287.62
290.336
292.361
293.516
294.178
294.781
295.465
296.093
296.484
296.5
296.197
295.758
295.326
295.011
294.882
294.944
295.12
295.236
295.076
294.453
293.232
291.231
288.106
282.882
276.776
271.41
266.917
3.04556e-008
2.71845e-007
1.75021e-006
1.1742e-005
6.67505e-005
0.000377391
0.001859
0.0087767
0.03669
0.142398
0.48317
1.44127
3.72993
8.50544
16.9921
29.8635
46.5996
65.7121
85.7987
105.844
125.404
144.398
162.508
179.931
196.325
211.596
225.827
238.847
250.473
260.616
269.393
276.782
282.44
286.208
288.856
290.869
292.102
292.887
293.651
294.528
295.365
295.966
296.171
296.014
295.679
295.345
295.146
295.162
295.353
295.589
295.726
295.612
295.09
293.982
292.06
289.019
284.037
278.078
272.698
268.558
2.99864e-008
2.67933e-007
1.71876e-006
1.15345e-005
6.53883e-005
0.000369731
0.00181782
0.00858231
0.0358453
0.139186
0.472729
1.41205
3.65853
8.35631
16.7259
29.454
46.0475
65.0532
85.0774
105.117
124.697
143.72
161.928
179.412
195.85
211.284
225.706
238.863
250.595
260.875
269.782
277.335
283.224
287.17
289.955
292.057
293.297
294.018
294.663
295.41
296.128
296.622
296.729
296.455
295.95
295.372
294.866
294.544
294.464
294.585
294.75
294.728
294.316
293.356
291.7
289.124
284.862
279.321
273.981
270.134
2.9533e-008
2.64252e-007
1.69002e-006
1.1352e-005
6.42365e-005
0.000363579
0.00178647
0.00844397
0.0352859
0.13719
0.46665
1.39646
3.62431
8.29067
16.6189
29.3071
45.8749
64.8614
84.8675
104.863
124.388
143.36
161.452
178.878
195.279
210.567
224.834
237.915
249.608
259.835
268.702
276.204
282.042
285.967
288.699
290.81
292.17
293.055
293.902
294.889
295.876
296.65
297.017
296.962
296.619
296.15
295.703
295.405
295.288
295.271
295.257
295.114
294.69
293.791
292.208
289.691
285.642
280.412
275.183
271.592
2.90821e-008
2.60573e-007
1.66092e-006
1.11634e-005
6.30125e-005
0.000356789
0.00175027
0.00827466
0.0345544
0.13441
0.457619
1.37117
3.56244
8.16084
16.3859
28.9464
45.384
64.2685
84.2087
104.194
123.734
142.728
160.92
178.389
194.816
210.261
224.709
237.909
249.684
260.022
268.994
276.651
282.695
286.781
289.662
291.87
293.258
294.129
294.93
295.88
296.86
297.668
298.105
298.121
297.807
297.278
296.654
296.084
295.69
295.497
295.406
295.217
294.745
293.84
292.365
290.114
286.563
281.772
276.562
273.089
2.86444e-008
2.57057e-007
1.63359e-006
1.09907e-005
6.19207e-005
0.000350949
0.00172035
0.00814176
0.034012
0.132458
0.451616
1.3556
3.52779
8.09369
16.2753
28.7928
45.2026
64.0694
83.9987
103.946
123.439
142.387
160.465
177.892
194.295
209.602
223.906
237.038
248.789
259.092
268.045
275.658
281.663
285.754
288.608
290.844
292.376
293.45
294.486
295.703
296.982
298.102
298.843
299.148
299.096
298.792
298.337
297.878
297.485
297.115
296.746
296.313
295.686
294.708
293.175
290.872
287.43
282.911
277.835
274.533
2.8214e-008
2.53602e-007
1.60658e-006
1.0818e-005
6.08101e-005
0.000344857
0.0016881
0.00799221
0.0333695
0.13002
0.44371
1.33348
3.47371
7.97977
16.0701
28.4737
44.7648
63.5349
83.3954
103.329
122.832
141.797
159.975
177.43
193.842
209.301
223.777
237.009
248.819
259.211
268.254
276.013
282.207
286.44
289.416
291.744
293.32
294.404
295.438
296.668
297.998
299.211
300.083
300.529
300.589
300.322
299.798
299.159
298.566
298.083
297.648
297.126
296.389
295.316
293.773
291.614
288.481
284.292
279.283
276.039
2.77963e-008
2.50281e-007
1.58089e-006
1.06564e-005
5.97879e-005
0.000339389
0.00165996
0.00786666
0.0328533
0.128149
0.437905
1.31825
3.43945
7.91274
15.9586
28.3172
44.5786
63.332
83.1877
103.089
122.553
141.475
159.544
176.97
193.368
208.699
223.041
236.215
248.011
258.384
267.421
275.142
281.296
285.542
288.517
290.869
292.58
293.876
295.145
296.63
298.232
299.723
300.86
301.56
301.873
301.841
301.518
301.035
300.481
299.841
299.141
298.39
297.492
296.313
294.691
292.464
289.385
285.418
280.573
277.468
2.73888e-008
2.47046e-007
1.55582e-006
1.04979e-005
5.87742e-005
0.000333878
0.00163095
0.00773313
0.0322823
0.125988
0.430908
1.29871
3.39174
7.81202
15.7767
28.0334
44.1868
62.849
82.6342
102.518
121.987
140.924
159.089
176.529
192.925
208.399
222.903
236.163
248
258.443
267.557
275.41
281.738
286.109
289.172
291.597
293.344
294.634
295.889
297.374
299.009
300.566
301.799
302.608
303.022
303.05
302.714
302.133
301.472
300.811
300.106
299.298
298.313
297.053
295.415
293.267
290.391
286.669
281.95
278.923
2.69934e-008
2.4393e-007
1.53182e-006
1.03476e-005
5.78243e-005
0.0003288
0.00160474
0.00761581
0.0317969
0.124218
0.425374
1.28406
3.35844
7.74629
15.6664
27.8769
43.9992
62.6453
82.4305
102.288
121.725
140.621
158.683
176.108
192.498
207.851
222.23
235.442
247.277
257.712
266.827
274.644
280.931
285.318
288.397
290.832
292.68
294.148
295.577
297.233
299.034
300.759
302.152
303.118
303.703
303.91
303.749
303.338
302.742
301.98
301.119
300.186
299.123
297.82
296.159
294.012
291.222
287.691
283.181
280.304
2.66098e-008
2.40912e-007
1.50857e-006
1.02018e-005
5.68959e-005
0.000323788
0.00157847
0.00749558
0.0312848
0.122285
0.419122
1.26663
3.31599
7.65657
15.5039
27.623
43.6472
62.2076
81.9218
101.759
121.195
140.104
158.258
175.685
192.064
207.552
222.084
235.368
247.229
257.718
266.902
274.839
281.281
285.778
288.907
291.383
293.231
294.634
295.976
297.543
299.281
300.981
302.394
303.417
304.077
304.357
304.235
303.8
303.197
302.511
301.712
300.781
299.696
298.379
296.743
294.689
292.062
288.748
284.444
281.664
2.62381e-008
2.38003e-007
1.48625e-006
1.00627e-005
5.6017e-005
0.000319096
0.00155419
0.0073867
0.0308319
0.120625
0.413901
1.25271
3.28404
7.59299
15.3964
27.4691
43.461
62.0056
81.7236
101.538
120.95
139.82
157.879
175.302
191.679
207.056
221.473
234.717
246.584
257.075
266.264
274.17
280.572
285.083
288.231
290.68
292.564
294.054
295.446
297.033
298.78
300.496
301.951
303.051
303.838
304.297
304.403
304.224
303.776
303.09
302.261
301.316
300.231
298.925
297.309
295.297
292.774
289.666
285.601
282.933
2.58785e-008
2.35193e-007
1.46471e-006
9.92847e-006
5.51652e-005
0.000314521
0.00153027
0.0072778
0.0303692
0.118883
0.40827
1.23704
3.24596
7.51247
15.2504
27.2406
43.1433
61.6077
81.2553
101.047
120.453
139.334
157.479
174.894
191.255
206.759
221.317
234.622
246.505
257.036
266.29
274.307
280.847
285.46
288.625
291.068
292.881
294.197
295.372
296.728
298.263
299.815
301.178
302.252
303.066
303.612
303.853
303.81
303.551
303.105
302.459
301.623
300.598
299.336
297.777
295.859
293.47
290.566
286.722
284.14
2.55307e-008
2.32487e-007
1.44402e-006
9.8001e-006
5.4354e-005
0.000310198
0.00150787
0.00717717
0.0299489
0.117337
0.403378
1.2239
3.21559
7.45162
15.1467
27.0909
42.9608
61.4097
81.0635
100.837
120.227
139.07
157.131
174.545
190.909
206.318
220.775
234.044
245.938
256.481
265.744
273.743
280.26
284.902
288.092
290.473
292.251
293.556
294.655
295.896
297.303
298.731
299.995
300.988
301.765
302.375
302.79
303.018
303.011
302.742
302.263
301.587
300.701
299.556
298.096
296.273
294.023
291.321
287.733
285.264
2.5195e-008
2.29878e-007
1.42409e-006
9.67651e-006
5.35715e-005
0.000306013
0.00148603
0.00707808
0.0295285
0.115758
0.398274
1.20972
3.18118
7.37887
15.0147
26.8842
42.6726
61.0467
80.6315
100.38
119.76
138.605
156.772
174.112
190.52
206.064
220.581
233.89
245.857
256.477
265.784
273.844
280.469
285.235
288.497
290.921
292.647
293.768
294.62
295.586
296.725
297.908
298.97
299.786
300.408
300.931
301.352
301.659
301.856
301.887
301.684
301.242
300.543
299.554
298.237
296.56
294.48
291.969
288.662
286.287
2.48709e-008
2.27367e-007
1.40495e-006
9.55816e-006
5.28241e-005
0.000302035
0.00146538
0.00698532
0.0291398
0.114323
0.393713
1.19741
3.15254
7.32111
14.9157
26.7401
42.4957
60.8544
80.4471
100.182
119.552
138.354
156.479
173.744
190.241
205.729
220.027
233.262
245.366
256.123
265.419
273.332
279.816
284.584
287.957
290.464
292.295
293.512
294.348
295.217
296.205
297.207
298.08
298.698
299.123
299.5
299.873
300.245
300.572
300.753
300.749
300.538
300.066
299.283
298.15
296.644
294.754
292.45
289.44
287.15
2.45584e-008
2.2495e-007
1.38653e-006
9.44441e-006
5.21048e-005
0.000298201
0.00144539
0.00689485
0.0287562
0.112885
0.389061
1.18449
3.12125
7.25496
14.7956
26.5518
42.233
60.5219
80.0478
99.7557
119.111
137.919
156.12
173.352
189.832
205.446
219.831
233.079
245.213
256.039
265.393
273.352
279.898
284.741
288.168
290.747
292.615
293.776
294.489
295.177
295.949
296.712
297.341
297.719
297.904
298.077
298.315
298.631
299.026
299.4
299.619
299.629
299.377
298.804
297.871
296.56
294.874
292.778
290.065
287.862
2.4257e-008
2.22623e-007
1.36884e-006
9.33539e-006
5.14165e-005
0.000294544
0.00142639
0.00680947
0.0283974
0.111557
0.384825
1.17301
3.09438
7.2005
14.7016
26.4144
42.063
60.3368
79.8715
99.5689
118.92
137.696
155.827
173.069
189.558
205.095
219.388
232.601
244.761
255.623
264.992
272.924
279.428
284.284
287.757
290.354
292.289
293.544
294.285
294.92
295.567
296.148
296.561
296.7
296.636
296.585
296.669
296.931
297.345
297.802
298.182
298.414
298.404
298.067
297.361
296.267
294.798
292.925
290.505
288.405
2.39667e-008
2.20386e-007
1.35183e-006
9.2307e-006
5.0755e-005
0.000291027
0.00140806
0.00672664
0.0280462
0.110242
0.380567
1.16119
3.06577
7.14
14.5917
26.2419
41.8223
60.031
79.5013
99.1707
118.502
137.283
155.479
172.697
189.164
204.799
219.19
232.433
244.594
255.48
264.9
272.904
279.505
284.454
287.978
290.62
292.564
293.762
294.389
294.856
295.299
295.647
295.812
295.689
295.348
295.039
294.92
295.057
295.462
296.038
296.601
297.039
297.257
297.156
296.684
295.817
294.57
292.924
290.795
288.807
2.36872e-008
2.18235e-007
1.3355e-006
9.13033e-006
5.01215e-005
0.000287666
0.00139059
0.00664811
0.0277155
0.109016
0.376643
1.15051
3.04069
7.08894
14.5032
26.1118
41.6604
59.8543
79.334
98.9959
118.327
137.082
155.211
172.447
188.925
204.483
218.797
232.022
244.208
255.12
264.547
272.535
279.107
284.074
287.635
290.29
292.281
293.539
294.174
294.585
294.915
295.101
295.067
294.714
294.115
293.553
293.227
293.235
293.591
294.195
294.879
295.508
295.95
296.087
295.85
295.214
294.191
292.778
290.929
289.058
2.34183e-008
2.16166e-007
1.3198e-006
9.03396e-006
4.95128e-005
0.000284435
0.00137374
0.00657212
0.0273931
0.107809
0.372731
1.13965
3.01438
7.0333
14.402
25.9529
41.4385
59.5717
78.9899
98.6228
117.931
136.689
154.874
172.088
188.546
204.182
218.584
231.847
244.032
254.954
264.42
272.468
279.136
284.199
287.82
290.514
292.507
293.716
294.257
294.533
294.704
294.713
294.485
293.916
293.073
292.258
291.703
291.537
291.809
292.439
293.231
294.01
294.637
294.983
294.965
294.545
293.734
292.547
290.961
289.21
2.31596e-008
2.14178e-007
1.30473e-006
8.94157e-006
4.89297e-005
0.000281347
0.00135767
0.00649992
0.0270885
0.106679
0.369104
1.12975
2.99106
6.98567
14.3192
25.8305
41.2855
59.4044
78.8319
98.4602
117.772
136.508
154.632
171.866
188.336
203.901
218.237
231.492
243.705
254.646
264.115
272.158
278.809
283.896
287.549
290.257
292.294
293.555
294.114
294.368
294.482
294.4
294.051
293.326
292.288
291.251
290.48
290.138
290.294
290.873
291.701
292.589
293.367
293.892
294.064
293.837
293.221
292.242
290.892
289.26
2.29109e-008
2.12268e-007
1.29026e-006
8.85286e-006
4.83694e-005
0.000278376
0.00134218
0.00643007
0.0267918
0.105568
0.365497
1.11972
2.96676
6.93423
14.2255
25.6833
41.0799
59.142
78.5111
98.1096
117.396
136.133
154.306
171.518
187.968
203.601
218.015
231.301
243.511
254.457
263.96
272.056
278.795
283.973
287.69
290.436
292.478
293.718
294.228
294.413
294.456
294.299
293.864
293.026
291.83
290.593
289.601
289.053
289.056
289.569
290.406
291.353
292.232
292.893
293.219
293.155
292.708
291.915
290.773
289.254
2.26715e-008
2.10432e-007
1.27636e-006
8.76783e-006
4.78329e-005
0.000275538
0.00132741
0.00636371
0.0265115
0.104527
0.362151
1.11058
2.94516
6.89
14.1484
25.5689
40.9364
58.9847
78.363
97.9591
117.252
135.971
154.089
171.322
187.785
203.353
217.711
230.998
243.236
254.197
263.701
271.795
278.522
283.72
287.462
290.219
292.306
293.607
294.17
294.396
294.468
294.327
293.888
293.009
291.716
290.32
289.121
288.356
288.171
288.547
289.324
290.282
291.222
291.98
292.425
292.496
292.191
291.558
290.591
289.177
2.24418e-008
2.08669e-007
1.26301e-006
8.68613e-006
4.73166e-005
0.000272804
0.00131313
0.00629936
0.0262377
0.1035
0.358813
1.10128
2.9226
6.84221
14.0612
25.4317
40.7448
58.74
78.063
97.629
116.895
135.613
153.772
170.986
187.428
203.052
217.479
230.797
243.03
253.99
263.522
271.663
278.473
283.76
287.564
290.361
292.463
293.773
294.342
294.577
294.677
294.572
294.167
293.298
291.961
290.447
289.056
288.053
287.633
287.832
288.503
289.416
290.367
291.177
291.706
291.885
291.7
291.204
290.385
289.071
2.2221e-008
2.06975e-007
1.2502e-006
8.60788e-006
4.6823e-005
0.000270195
0.00129956
0.00623842
0.0259801
0.102543
0.355734
1.09285
2.90267
6.80133
13.9897
25.3255
40.6111
58.5932
77.925
97.4906
116.765
135.469
153.58
170.814
187.27
202.837
217.217
230.539
242.798
253.771
263.303
271.449
278.253
283.556
287.377
290.18
292.327
293.714
294.37
294.698
294.899
294.897
294.59
293.798
292.487
290.92
289.388
288.171
287.504
287.47
287.958
288.763
289.672
290.486
291.058
291.314
291.223
290.836
290.138
288.917
2.20088e-008
2.05347e-007
1.23788e-006
8.53258e-006
4.63468e-005
0.000267675
0.00128637
0.00617897
0.0257267
0.101592
0.352633
1.0842
2.88162
6.75668
13.9081
25.197
40.4316
58.3638
77.6434
97.1788
116.426
135.125
153.272
170.486
186.923
202.537
216.977
230.327
242.578
253.547
263.104
271.293
278.173
283.555
287.433
290.273
292.44
293.853
294.547
294.928
295.206
295.301
295.102
294.417
293.181
291.623
290.013
288.628
287.73
287.455
287.732
288.375
289.183
289.949
290.522
290.82
290.796
290.495
289.892
288.759
2.18052e-008
2.03784e-007
1.22608e-006
8.4606e-006
4.58929e-005
0.00026528
0.00127391
0.00612308
0.0254904
0.100714
0.349807
1.07647
2.86331
6.71909
13.8423
25.0989
40.3079
58.2278
77.5158
97.0524
116.31
134.998
153.104
170.337
186.787
202.354
216.754
230.108
242.384
253.364
262.925
271.121
277.995
283.387
287.271
290.106
292.308
293.787
294.56
295.031
295.414
295.625
295.551
294.995
293.875
292.386
290.774
289.302
288.235
287.741
287.793
288.242
288.906
289.581
290.112
290.412
290.423
290.176
289.643
288.585
2.1609e-008
2.02282e-007
1.21471e-006
8.39111e-006
4.54529e-005
0.00026295
0.00126171
0.00606799
0.025255
0.099829
0.346914
1.06837
2.84358
6.67716
13.7656
24.9779
40.1389
58.0118
77.2507
96.7572
115.986
134.668
152.804
170.018
186.448
202.056
216.507
229.883
242.151
253.128
262.713
270.943
277.88
283.34
287.275
290.142
292.352
293.846
294.641
295.148
295.588
295.878
295.903
295.461
294.459
293.067
291.506
290.014
288.848
288.197
288.065
288.329
288.835
289.393
289.851
290.119
290.136
289.918
289.434
288.439
2.14215e-008
2.00841e-007
1.20385e-006
8.32497e-006
4.50361e-005
0.000260755
0.00125029
0.00601687
0.0250389
0.0990266
0.34433
1.06131
2.82685
6.64278
13.7053
24.888
40.0253
57.8868
77.1334
96.6426
115.884
134.558
152.658
169.891
186.334
201.902
216.321
229.702
241.993
252.983
262.572
270.808
277.736
283.202
287.138
289.99
292.22
293.751
294.59
295.144
295.642
296
296.105
295.76
294.866
293.579
292.098
290.642
289.448
288.703
288.435
288.547
288.907
289.345
289.712
289.927
289.924
289.709
289.252
288.307
2.12409e-008
1.99453e-007
1.19334e-006
8.26069e-006
4.46284e-005
0.000258594
0.00123894
0.00596556
0.0248191
0.0981983
0.341615
1.05369
2.80823
6.60317
13.6327
24.7734
39.8652
57.6825
76.8831
96.3624
115.575
134.24
152.365
169.579
186.003
201.607
216.067
229.464
241.749
252.74
262.351
270.613
277.592
283.118
287.106
289.994
292.229
293.764
294.604
295.161
295.672
296.057
296.205
295.922
295.107
293.906
292.506
291.106
289.923
289.141
288.8
288.811
289.058
289.394
289.675
289.829
289.795
289.569
289.127
288.22
2.1068e-008
1.98127e-007
1.18335e-006
8.20005e-006
4.42469e-005
0.000256589
0.00122853
0.00591902
0.0246225
0.0974691
0.339269
1.04728
2.79305
6.57196
13.5779
24.6915
39.7617
57.5684
76.7761
96.2594
115.485
134.145
152.241
169.472
185.909
201.481
215.914
229.316
241.623
252.629
262.246
270.514
277.485
283.016
287.003
289.875
292.122
293.678
294.535
295.103
295.625
296.026
296.199
295.956
295.198
294.065
292.738
291.402
290.256
289.474
289.101
289.052
289.223
289.48
289.689
289.786
289.714
289.467
289.032
288.154
2.0901e-008
1.96842e-007
1.17361e-006
8.14034e-006
4.38669e-005
0.000254572
0.00121791
0.0058709
0.0244157
0.0966883
0.3367
1.04005
2.77536
6.5343
13.5088
24.5824
39.6094
57.3743
76.5389
95.9926
115.19
133.839
151.954
169.167
185.586
201.185
215.653
229.07
241.371
252.377
262.012
270.305
277.323
282.91
286.949
289.855
292.106
293.661
294.509
295.058
295.564
295.954
296.128
295.901
295.177
294.091
292.821
291.543
290.441
289.679
289.307
289.239
289.369
289.575
289.733
289.785
289.68
289.414
288.983
288.127
2.0742e-008
1.95624e-007
1.16448e-006
8.08506e-006
4.352e-005
0.000252755
0.00120849
0.00582888
0.0242384
0.0960318
0.334589
1.03429
2.76172
6.50622
13.4595
24.5085
39.5158
57.2711
76.4422
95.9009
115.111
133.759
151.85
169.081
185.512
201.084
215.533
228.957
241.277
252.294
261.936
270.237
277.253
282.847
286.882
289.765
292.015
293.576
294.42
294.958
295.446
295.821
295.988
295.764
295.056
294.003
292.78
291.557
290.507
289.781
289.428
289.361
289.475
289.654
289.778
289.797
289.663
289.38
288.948
288.114
2.05877e-008
1.9443e-007
1.15538e-006
8.0291e-006
4.31626e-005
0.000250852
0.00119844
0.00578325
0.0240419
0.0952883
0.332136
1.02738
2.74477
6.47014
13.3933
24.404
39.3702
57.086
76.2168
95.6462
114.829
133.464
151.567
168.783
185.195
200.786
215.266
228.706
241.02
252.032
261.689
270.016
277.079
282.726
286.807
289.717
291.963
293.515
294.342
294.85
295.307
295.654
295.799
295.564
294.857
293.819
292.626
291.447
290.443
289.76
289.445
289.404
289.529
289.702
289.813
289.815
289.665
289.373
288.947
288.137
2.04419e-008
1.9332e-007
1.1471e-006
7.9793e-006
4.28514e-005
0.000249228
0.00119004
0.0057459
0.0238844
0.0947058
0.330265
1.02227
2.73268
6.44518
13.3493
24.3379
39.2864
56.9935
76.1301
95.5657
114.761
133.398
151.483
168.716
185.141
200.71
215.176
228.625
240.955
251.975
261.639
269.978
277.041
282.693
286.764
289.64
291.867
293.406
294.212
294.693
295.118
295.435
295.555
295.302
294.585
293.546
292.371
291.228
290.271
289.638
289.367
289.365
289.518
289.706
289.821
289.818
289.663
289.371
288.954
288.17
2.02981e-008
1.92196e-007
1.13849e-006
7.92602e-006
4.25094e-005
0.000247403
0.00118037
0.00570193
0.0236948
0.0939879
0.327892
1.01558
2.71628
6.41034
13.2855
24.2373
39.1466
56.8162
75.9152
95.3217
114.491
133.112
151.206
168.421
184.828
200.413
214.903
228.364
240.689
251.704
261.384
269.747
276.85
282.547
286.653
289.546
291.763
293.286
294.069
294.516
294.905
295.187
295.277
294.997
294.256
293.203
292.028
290.903
289.979
289.389
289.172
289.226
289.427
289.651
289.791
289.803
289.659
289.381
288.985
288.235
2.01661e-008
1.91203e-007
1.13116e-006
7.88231e-006
4.22378e-005
0.000245993
0.0011731
0.00566963
0.0235585
0.0934836
0.326271
1.01116
2.70576
6.38851
13.2469
24.179
39.0723
56.7342
75.8384
95.2521
114.434
133.059
151.141
168.372
184.792
200.361
214.84
228.308
240.648
251.675
261.364
269.735
276.836
282.531
286.625
289.479
291.666
293.162
293.913
294.325
294.677
294.924
294.978
294.662
293.882
292.795
291.604
290.489
289.597
289.055
288.893
289.007
289.267
289.541
289.72
289.761
289.641
289.388
289.022
288.317
2.00301e-008
1.9012e-007
1.12277e-006
7.83004e-006
4.19011e-005
0.000244192
0.00116355
0.00562625
0.0233716
0.0927777
0.323938
1.00459
2.68972
6.35457
13.1849
24.0815
38.9374
56.5636
75.6325
95.0172
114.174
132.78
150.866
168.08
184.481
200.064
214.561
228.038
240.378
251.409
261.115
269.506
276.637
282.372
286.498
289.37
291.551
293.038
293.769
294.151
294.468
294.676
294.687
294.321
293.483
292.336
291.1
289.969
289.093
288.591
288.493
288.684
289.018
289.361
289.6
289.69
289.612
289.4
289.083
288.436
1.99146e-008
1.89272e-007
1.11663e-006
7.79389e-006
4.16777e-005
0.000243037
0.00115759
0.00559972
0.0232591
0.0923591
0.322588
1.00088
2.68082
6.33591
13.1515
24.0307
38.8716
56.4899
75.5622
94.9543
114.122
132.736
150.814
168.045
184.463
200.037
214.529
228.016
240.378
251.428
261.145
269.542
276.668
282.399
286.514
289.353
291.507
292.971
293.676
294.024
294.302
294.467
294.43
294.006
293.093
291.855
290.529
289.345
288.47
288.017
287.994
288.274
288.7
289.127
289.442
289.596
289.574
289.413
289.159
288.581
1.97791e-008
1.88169e-007
1.108e-006
7.73993e-006
4.13303e-005
0.000241185
0.00114781
0.00555553
0.0230697
0.0916481
0.320245
0.994315
2.66479
6.30186
13.0886
23.9298
38.7292
56.3079
75.3425
94.7036
113.845
132.441
150.516
167.735
184.139
199.725
214.234
227.732
240.099
251.158
260.89
269.302
276.453
282.221
286.373
289.246
291.425
292.91
293.617
293.944
294.187
294.31
294.23
293.757
292.777
291.435
289.963
288.624
287.647
287.192
287.258
287.669
288.23
288.784
289.212
289.464
289.525
289.438
289.266
288.78
1.95183e-008
1.8634e-007
1.09537e-006
7.66684e-006
4.08852e-005
0.000238869
0.00113583
0.00550138
0.0228366
0.0907652
0.31736
0.98627
2.64522
6.26063
13.0159
23.8221
38.5944
56.1571
75.1977
94.5654
113.73
132.324
150.399
167.646
184.081
199.646
214.137
227.654
240.066
251.164
260.926
269.354
276.506
282.302
286.485
289.355
291.531
292.993
293.653
293.926
294.116
294.196
294.086
293.594
292.591
291.193
289.591
287.994
286.611
285.658
285.262
285.347
285.724
286.209
286.643
286.949
287.083
287.09
287.143
287.956
1.91998e-008
1.84123e-007
1.08479e-006
7.61449e-006
4.07349e-005
0.000238492
0.00113754
0.00551966
0.0229659
0.0913978
0.319895
0.994642
2.66869
6.31523
13.1221
23.9971
38.8432
56.465
75.5362
94.9082
114.078
132.668
150.746
167.953
184.345
199.952
214.453
227.918
240.263
251.316
261.033
269.412
276.504
282.219
286.33
289.093
291.15
292.533
293.126
293.349
293.507
293.576
293.479
293.028
292.1
290.819
289.371
287.948
286.725
285.877
285.495
285.499
285.733
286.052
286.337
286.534
286.614
286.618
286.671
287.203
1.88368e-008
1.81548e-007
1.06883e-006
7.52466e-006
4.02291e-005
0.000235937
0.00112475
0.00546259
0.0227188
0.0904464
0.316673
0.985272
2.64458
6.26152
13.0199
23.8316
38.6085
56.1691
75.1979
94.5573
113.708
132.301
150.413
167.658
184.079
199.66
214.162
227.679
240.078
251.164
260.927
269.319
276.439
282.244
286.428
289.252
291.359
292.753
293.32
293.499
293.609
293.634
293.502
293.03
292.09
290.794
289.313
287.83
286.528
285.598
285.175
285.19
285.45
285.792
286.089
286.3
286.412
286.472
286.617
287.204
1.84893e-008
1.79042e-007
1.05523e-006
7.44989e-006
3.99111e-005
0.000234542
0.00112074
0.00545258
0.0227236
0.0906102
0.317661
0.98949
2.65856
6.29784
13.0975
23.97
38.8248
56.4594
75.55
94.9242
114.117
132.695
150.751
167.963
184.345
199.946
214.436
227.895
240.242
251.293
261.011
269.378
276.438
282.132
286.219
288.91
290.9
292.25
292.801
292.989
293.14
293.238
293.218
292.906
292.178
291.156
290
288.851
287.863
287.182
286.895
286.954
287.181
287.44
287.648
287.775
287.822
287.83
287.904
288.293
1.81416e-008
1.76493e-007
1.04064e-006
7.36829e-006
3.94971e-005
0.000232534
0.00111159
0.0054139
0.022564
0.0900161
0.315628
0.983519
2.64258
6.26058
13.0223
23.8406
38.6258
56.1873
75.2059
94.5537
113.687
132.276
150.421
167.669
184.077
199.666
214.182
227.702
240.084
251.15
260.909
269.269
276.366
282.184
286.377
289.166
291.223
292.597
293.144
293.314
293.449
293.543
293.533
293.25
292.564
291.579
290.456
289.332
288.365
287.716
287.5
287.67
288.008
288.349
288.629
288.817
288.91
288.95
289.032
289.393
1.77946e-008
1.73916e-007
1.02628e-006
7.28648e-006
3.91156e-005
0.000230711
0.00110481
0.00538893
0.0224973
0.0898854
0.315569
0.984681
2.64903
6.28135
13.0735
23.9423
38.8038
56.4493
75.5585
94.9373
114.155
132.725
150.761
167.977
184.347
199.939
214.42
227.875
240.22
251.269
260.991
269.349
276.387
282.066
286.129
288.766
290.714
292.057
292.611
292.811
292.989
293.136
293.191
292.985
292.387
291.503
290.498
289.507
288.685
288.187
288.102
288.374
288.8
289.218
289.576
289.839
289.993
290.071
290.142
290.397
1.7454e-008
1.71318e-007
1.01189e-006
7.20356e-006
3.87194e-005
0.000228787
0.00109682
0.00535659
0.0223768
0.0894744
0.314217
0.980899
2.63893
6.25719
13.0217
23.8477
38.6451
56.2114
75.2233
94.5567
113.672
132.252
150.423
167.678
184.077
199.676
214.205
227.726
240.089
251.136
260.886
269.21
276.285
282.114
286.315
289.082
291.104
292.465
293.002
293.162
293.292
293.392
293.398
293.154
292.517
291.559
290.453
289.35
288.416
287.83
287.723
288.064
288.618
289.169
289.651
290.029
290.276
290.42
290.522
290.77
1.71172e-008
1.68704e-007
9.97546e-007
7.11949e-006
3.83224e-005
0.00022683
0.00108904
0.00532547
0.0222768
0.0891854
0.313552
0.980061
2.63994
6.26565
13.0503
23.9148
38.7811
56.4354
75.561
94.9465
114.189
132.756
150.78
167.993
184.349
199.932
214.404
227.856
240.198
251.245
260.976
269.325
276.343
282.009
286.046
288.639
290.555
291.885
292.433
292.634
292.82
292.989
293.092
292.983
292.52
291.777
290.925
290.086
289.402
289.015
288.991
289.292
289.775
290.257
290.669
290.999
291.218
291.344
291.443
291.671
1.67895e-008
1.66079e-007
9.83304e-007
7.03449e-006
3.79235e-005
0.000224838
0.00108105
0.00529298
0.0221652
0.0888271
0.312483
0.977392
2.63345
6.25075
13.0173
23.8511
38.6642
56.2407
75.2513
94.5685
113.665
132.23
150.419
167.685
184.078
199.689
214.228
227.749
240.095
251.123
260.862
269.153
276.193
282.029
286.249
289.003
290.999
292.343
292.87
293.027
293.167
293.296
293.366
293.239
292.763
291.995
291.105
290.22
289.493
289.075
289.068
289.447
290.022
290.584
291.038
291.361
291.541
291.592
291.59
291.683
1.64681e-008
1.63448e-007
9.69211e-007
6.94871e-006
3.75239e-005
0.000222811
0.00107295
0.00525959
0.0220529
0.0884693
0.311532
0.975454
2.63104
6.25045
13.028
23.8881
38.7581
56.419
75.5577
94.9502
114.215
132.788
150.808
168.015
184.353
199.924
214.387
227.84
240.177
251.218
260.958
269.297
276.306
281.973
285.976
288.526
290.42
291.74
292.284
292.479
292.656
292.812
292.901
292.786
292.312
291.545
290.656
289.767
289.045
288.652
288.666
289.047
289.647
290.287
290.853
291.31
291.639
291.855
292.023
292.287
1.6158e-008
1.60817e-007
9.5532e-007
6.86232e-006
3.71248e-005
0.000220753
0.00106475
0.00522532
0.0219374
0.0880937
0.310493
0.973068
2.62615
6.24081
13.008
23.8494
38.6808
56.2732
75.2899
94.5915
113.671
132.214
150.409
167.69
184.083
199.704
214.25
227.771
240.101
251.113
260.841
269.106
276.104
281.934
286.171
288.911
290.885
292.219
292.74
292.883
293.003
293.112
293.159
293.007
292.497
291.682
290.732
289.772
288.968
288.498
288.472
288.861
289.515
290.224
290.837
291.294
291.576
291.702
291.737
291.815
1.58579e-008
1.58192e-007
9.41685e-007
6.77549e-006
3.67274e-005
0.000218668
0.00105647
0.00519021
0.0218191
0.0877024
0.309424
0.970641
2.62197
6.23528
13.0063
23.8625
38.7359
56.4018
75.5496
94.9477
114.232
132.815
150.843
168.043
184.359
199.914
214.369
227.824
240.155
251.187
260.933
269.261
276.275
281.954
285.911
288.411
290.286
291.61
292.159
292.351
292.536
292.713
292.828
292.75
292.331
291.627
290.798
289.947
289.234
288.831
288.829
289.171
289.727
290.363
290.949
291.412
291.74
291.959
292.125
292.385
1.5572e-008
1.55579e-007
9.28365e-007
6.68842e-006
3.63333e-005
0.00021656
0.00104812
0.00515434
0.0216982
0.0872959
0.308315
0.968074
2.61724
6.2273
12.9934
23.841
38.6921
56.3063
75.3383
94.6275
113.694
132.21
150.394
167.69
184.09
199.721
214.272
227.795
240.111
251.106
260.822
269.072
276.032
281.845
286.078
288.792
290.752
292.098
292.63
292.768
292.894
293.026
293.102
292.981
292.512
291.736
290.808
289.845
289.009
288.487
288.403
288.762
289.408
290.106
290.734
291.25
291.596
291.751
291.77
291.784
1.52996e-008
1.52986e-007
9.15417e-007
6.60132e-006
3.59437e-005
0.000214432
0.00103972
0.00511776
0.0215746
0.0868747
0.307166
0.96537
2.61228
6.2193
12.9847
23.8381
38.7156
56.3861
75.5387
94.9391
114.234
132.835
150.885
168.079
184.369
199.905
214.351
227.811
240.131
251.151
260.899
269.219
276.235
281.938
285.878
288.323
290.171
291.505
292.068
292.265
292.471
292.682
292.835
292.79
292.408
291.74
290.927
290.067
289.305
288.825
288.738
289.043
289.576
290.148
290.686
291.163
291.523
291.762
291.93
292.16
1.50441e-008
1.5042e-007
9.029e-007
6.51444e-006
3.55604e-005
0.00021229
0.00103131
0.00508056
0.0214487
0.0864401
0.305981
0.962525
2.60703
6.21064
12.9735
23.8248
38.6951
56.3361
75.3934
94.6772
113.735
132.221
150.377
167.686
184.1
199.741
214.298
227.822
240.127
251.106
260.812
269.051
275.989
281.772
285.969
288.664
290.631
291.997
292.56
292.713
292.858
293.037
293.176
293.131
292.759
292.088
291.249
290.346
289.523
288.965
288.814
289.067
289.576
290.188
290.787
291.281
291.616
291.767
291.762
291.731
1.48049e-008
1.47886e-007
8.90875e-007
6.42799e-006
3.51851e-005
0.00021014
0.00102292
0.00504282
0.0213205
0.0859933
0.30476
0.95954
2.60146
6.20137
12.9618
23.8138
38.6976
56.3748
75.529
94.9263
114.225
132.844
150.929
168.123
184.383
199.898
214.337
227.798
240.108
251.117
260.865
269.174
276.181
281.914
285.883
288.303
290.112
291.437
292.014
292.227
292.454
292.707
292.91
292.92
292.603
291.999
291.231
290.388
289.605
289.065
288.909
289.108
289.513
290.002
290.492
290.929
291.276
291.52
291.672
291.871
1.45855e-008
1.45396e-007
8.79399e-007
6.34228e-006
3.48193e-005
0.000207987
0.00101456
0.00500463
0.0211904
0.0855354
0.303502
0.956419
2.59557
6.19147
12.9491
23.8009
38.6881
56.3582
75.4499
94.7392
113.797
132.253
150.368
167.684
184.112
199.767
214.328
227.85
240.144
251.112
260.809
269.036
275.962
281.715
285.865
288.537
290.509
291.887
292.471
292.638
292.786
292.986
293.163
293.168
292.863
292.266
291.482
290.613
289.796
289.203
288.966
289.08
289.461
289.996
290.549
291.025
291.365
291.537
291.543
291.489
1.43848e-008
1.42954e-007
8.68531e-007
6.25756e-006
3.4465e-005
0.000205838
0.0010063
0.00496608
0.0210588
0.0850676
0.302206
0.953169
2.58935
6.18091
12.9354
23.7868
38.6809
56.3701
75.5255
94.9136
114.209
132.841
150.968
168.169
184.399
199.898
214.328
227.784
240.08
251.08
260.824
269.121
276.117
281.874
285.889
288.295
290.058
291.366
291.95
292.165
292.392
292.665
292.905
292.969
292.723
292.197
291.505
290.727
289.983
289.434
289.208
289.285
289.555
289.94
290.364
290.752
291.055
291.261
291.366
291.475
1.42048e-008
1.40571e-007
8.58321e-007
6.17416e-006
3.41238e-005
0.000203701
0.000998154
0.00492728
0.0209261
0.0845909
0.30087
0.949797
2.58281
6.16967
12.9205
23.7712
38.6717
56.3688
75.5008
94.8084
113.877
132.308
150.373
167.679
184.124
199.791
214.357
227.877
240.163
251.12
260.807
269.025
275.939
281.663
285.768
288.394
290.359
291.762
292.376
292.553
292.699
292.916
293.132
293.198
292.976
292.482
291.805
291.024
290.263
289.675
289.375
289.378
289.632
290.046
290.5
290.902
291.189
291.336
291.33
291.233
1.40459e-008
1.38255e-007
8.48822e-007
6.0924e-006
3.37976e-005
0.000201584
0.000990175
0.00488837
0.020793
0.0841065
0.299497
0.946307
2.57593
6.15775
12.9044
23.7542
38.6611
56.3701
75.5344
94.9089
114.187
132.822
151
168.222
184.421
199.903
214.324
227.77
240.054
251.044
260.784
269.07
276.051
281.81
285.863
288.296
290.039
291.328
291.918
292.14
292.37
292.666
292.943
293.065
292.892
292.444
291.836
291.131
290.418
289.83
289.499
289.454
289.632
289.943
290.296
290.617
290.861
291.018
291.068
291.084
1.39078e-008
1.36013e-007
8.40073e-007
6.01262e-006
3.3488e-005
0.000199497
0.000982403
0.0048495
0.0206602
0.0836156
0.298093
0.942711
2.56871
6.14512
12.8869
23.7356
38.6487
56.3692
75.5395
94.8753
113.971
132.393
150.402
167.681
184.139
199.822
214.392
227.909
240.184
251.127
260.804
269.011
275.911
281.614
285.706
288.276
290.199
291.64
292.302
292.51
292.672
292.917
293.18
293.305
293.149
292.73
292.139
291.424
290.695
290.096
289.731
289.628
289.757
290.044
290.399
290.738
290.982
291.092
291.048
290.889
1.37916e-008
1.33857e-007
8.32111e-007
5.93517e-006
3.31967e-005
0.000197449
0.000974881
0.00481083
0.0205284
0.0831198
0.296663
0.939022
2.56116
6.13176
12.8681
23.7153
38.6344
56.3666
75.5552
94.9228
114.169
132.792
151.018
168.276
184.456
199.918
214.329
227.771
240.041
251.016
260.742
269.011
275.976
281.733
285.827
288.301
290.054
291.339
291.91
292.136
292.39
292.706
293.016
293.19
293.079
292.706
292.182
291.544
290.865
290.268
289.877
289.731
289.796
289.997
290.257
290.517
290.719
290.815
290.785
290.665
1.36961e-008
1.31792e-007
8.2496e-007
5.86042e-006
3.29251e-005
0.000195451
0.000967653
0.00477258
0.0203985
0.082621
0.295217
0.935246
2.5533
6.11764
12.8479
23.6931
38.6179
56.362
75.5669
94.9312
114.071
132.504
150.461
167.696
184.155
199.856
214.435
227.95
240.212
251.138
260.8
268.995
275.881
281.567
285.653
288.185
290.059
291.512
292.219
292.457
292.639
292.911
293.203
293.37
293.275
292.926
292.41
291.769
291.087
290.488
290.075
289.888
289.908
290.072
290.307
290.553
290.742
290.811
290.734
290.526
1.36211e-008
1.2983e-007
8.18636e-007
5.78875e-006
3.26747e-005
0.000193514
0.000960762
0.00473498
0.0202711
0.0821217
0.293761
0.931389
2.54515
6.10278
12.8263
23.6689
38.5989
56.3551
75.5783
94.9568
114.172
132.762
151.011
168.319
184.501
199.94
214.342
227.785
240.049
251.007
260.71
268.953
275.894
281.638
285.76
288.256
290.013
291.328
291.927
292.153
292.405
292.738
293.068
293.268
293.197
292.858
292.379
291.816
291.199
290.616
290.185
289.965
289.932
290.026
290.177
290.333
290.46
290.51
290.425
290.209
1.35661e-008
1.27979e-007
8.13136e-007
5.72053e-006
3.24466e-005
0.00019165
0.000954251
0.00469827
0.0201471
0.0816252
0.292306
0.92746
2.53676
6.08722
12.8033
23.6423
38.5772
56.3455
75.5875
94.9773
114.16
132.627
150.58
167.758
184.163
199.876
214.465
227.984
240.24
251.153
260.803
268.985
275.859
281.533
285.614
288.113
289.939
291.378
292.124
292.404
292.595
292.882
293.193
293.382
293.318
292.992
292.508
291.935
291.322
290.76
290.349
290.138
290.091
290.141
290.233
290.335
290.419
290.447
290.368
290.149
1.35284e-008
1.26248e-007
8.08452e-007
5.65612e-006
3.22415e-005
0.00018987
0.000948163
0.00466271
0.0200273
0.081135
0.290859
0.923481
2.52817
6.07099
12.7789
23.6133
38.5526
56.3329
75.5944
94.9993
114.207
132.758
150.964
168.32
184.571
199.999
214.383
227.82
240.071
251.009
260.692
268.909
275.824
281.55
285.686
288.202
289.98
291.329
291.956
292.199
292.457
292.793
293.127
293.341
293.297
292.978
292.512
291.986
291.428
290.897
290.49
290.251
290.145
290.121
290.123
290.138
290.166
290.167
290.097
289.898
1.3507e-008
1.24644e-007
8.04552e-007
5.59589e-006
3.206e-005
0.000188186
0.000942535
0.00462856
0.0199126
0.0806554
0.289431
0.919481
2.51942
6.05414
12.7531
23.5818
38.5247
56.3167
75.598
95.0199
114.233
132.739
150.741
167.887
184.208
199.901
214.496
228.015
240.261
251.159
260.797
268.968
275.835
281.507
285.603
288.093
289.878
291.301
292.059
292.368
292.597
292.914
293.247
293.45
293.401
293.098
292.647
292.123
291.572
291.063
290.67
290.437
290.348
290.329
290.306
290.273
290.241
290.189
290.073
289.838
1.34987e-008
1.23177e-007
8.01394e-007
5.54016e-006
3.1902e-005
0.000186607
0.000937401
0.00459606
0.0198041
0.0801901
0.288033
0.915497
2.51057
6.03677
12.726
23.5477
38.4933
56.2964
75.5977
95.0392
114.267
132.8
150.934
168.292
184.612
200.061
214.454
227.896
240.13
251.039
260.696
268.886
275.777
281.483
285.621
288.14
289.917
291.305
291.992
292.259
292.522
292.875
293.22
293.435
293.4
293.105
292.665
292.174
291.676
291.218
290.862
290.626
290.487
290.391
290.282
290.161
290.049
289.949
289.817
289.598
1.35026e-008
1.21851e-007
7.9892e-007
5.48924e-006
3.17672e-005
0.000185146
0.000932788
0.00456547
0.0197025
0.0797431
0.286677
0.911564
2.50169
6.01899
12.6977
23.5111
38.4579
56.2713
75.593
95.0557
114.299
132.832
150.896
168.07
184.318
199.94
214.519
228.042
240.284
251.172
260.8
268.957
275.812
281.475
285.576
288.069
289.836
291.244
291.992
292.318
292.586
292.927
293.266
293.465
293.417
293.14
292.719
292.214
291.711
291.292
290.995
290.802
290.669
290.557
290.424
290.265
290.108
289.953
289.772
289.52
1.35137e-008
1.20671e-007
7.97057e-007
5.44336e-006
3.16547e-005
0.000183811
0.00092871
0.00453703
0.0196088
0.0793185
0.285378
0.90772
2.49285
6.00096
12.6682
23.4721
38.418
56.241
75.5831
95.0681
114.33
132.878
150.978
168.272
184.623
200.152
214.559
227.991
240.202
251.087
260.722
268.886
275.753
281.433
285.559
288.078
289.846
291.24
291.953
292.255
292.548
292.907
293.245
293.442
293.398
293.134
292.731
292.252
291.798
291.442
291.193
291.022
290.879
290.717
290.521
290.287
290.044
289.818
289.597
289.348
1.35315e-008
1.19639e-007
7.95721e-007
5.4027e-006
3.15631e-005
0.000182609
0.000925171
0.00451097
0.0195237
0.0789202
0.28415
0.904003
2.48416
5.98288
12.6378
23.4307
38.3736
56.205
75.5669
95.0747
114.359
132.921
151.018
168.247
184.485
200.031
214.575
228.101
240.338
251.21
260.817
268.949
275.787
281.436
285.534
288.033
289.795
291.2
291.931
292.255
292.568
292.937
293.271
293.454
293.388
293.099
292.681
292.219
291.816
291.523
291.327
291.2
291.093
290.949
290.741
290.468
290.157
289.851
289.561
289.263
1.35518e-008
1.18757e-007
7.94821e-007
5.36733e-006
3.14905e-005
0.000181546
0.000922164
0.00448746
0.0194477
0.0785522
0.283005
0.900452
2.4757
5.96492
12.6068
23.3871
38.3247
56.1627
75.5433
95.0741
114.383
132.965
151.077
168.336
184.652
200.226
214.687
228.123
240.313
251.174
260.783
268.914
275.752
281.397
285.493
288.006
289.792
291.211
291.927
292.241
292.57
292.947
293.272
293.444
293.371
293.079
292.68
292.265
291.923
291.677
291.511
291.393
291.28
291.123
290.888
290.583
290.233
289.867
289.519
289.203
1.35739e-008
1.18019e-007
7.94263e-007
5.33724e-006
3.14348e-005
0.000180624
0.00091967
0.00446666
0.0193813
0.0782181
0.281957
0.897113
2.4676
5.94729
12.5757
23.3418
38.2717
56.1135
75.5113
95.0648
114.399
133.006
151.134
168.393
184.668
200.201
214.697
228.197
240.415
251.273
260.862
268.963
275.771
281.383
285.446
287.945
289.735
291.161
291.91
292.26
292.595
292.975
293.301
293.456
293.353
293.029
292.604
292.208
291.92
291.744
291.64
291.565
291.485
291.368
291.166
290.857
290.458
290.016
289.577
289.181
1.35947e-008
1.17421e-007
7.93957e-007
5.31227e-006
3.13935e-005
0.000179844
0.000917653
0.00444864
0.0193245
0.0779208
0.281016
0.894027
2.45998
5.93025
12.5448
23.2952
38.2146
56.0571
75.4698
95.0448
114.405
133.04
151.191
168.465
184.758
200.327
214.827
228.285
240.463
251.307
260.89
268.98
275.773
281.359
285.388
287.882
289.689
291.135
291.923
292.295
292.605
292.955
293.264
293.408
293.305
293.002
292.608
292.239
291.976
291.836
291.779
291.731
291.65
291.525
291.345
291.06
290.654
290.18
289.679
289.222
1.36122e-008
1.1695e-007
7.93825e-007
5.29218e-006
3.13639e-005
0.0001792
0.000916069
0.0044334
0.0192771
0.077662
0.280189
0.891235
2.45293
5.91407
12.5146
23.248
38.1541
55.9939
75.4184
95.0117
114.398
133.065
151.243
168.535
184.839
200.4
214.892
228.367
240.568
251.416
260.983
269.049
275.818
281.369
285.354
287.831
289.646
291.118
291.937
292.317
292.618
292.942
293.214
293.339
293.246
292.961
292.564
292.15
291.847
291.723
291.724
291.743
291.749
291.704
291.549
291.277
290.893
290.425
289.901
289.387
1.36265e-008
1.16595e-007
7.93792e-007
5.27654e-006
3.13435e-005
0.000178686
0.000914864
0.00442088
0.0192388
0.0774426
0.279483
0.888766
2.44657
5.89904
12.4858
23.2012
38.0912
55.9243
75.3558
94.9642
114.374
133.075
151.284
168.601
184.93
200.511
215.015
228.483
240.672
251.518
261.079
269.131
275.88
281.393
285.325
287.773
289.591
291.075
291.924
292.333
292.632
292.922
293.129
293.183
293.07
292.874
292.618
292.274
291.945
291.78
291.794
291.811
291.797
291.793
291.693
291.439
291.049
290.57
289.997
289.383
1.3639e-008
1.16339e-007
7.93813e-007
5.26489e-006
3.13299e-005
0.000178289
0.000913977
0.00441092
0.0192087
0.0772622
0.278896
0.886643
2.44099
5.88541
12.4589
23.1557
38.0271
55.8495
75.2822
94.9021
114.332
133.063
151.307
168.655
185.017
200.628
215.149
228.617
240.806
251.657
261.21
269.236
275.964
281.433
285.294
287.693
289.49
290.964
291.884
292.359
292.644
292.923
293.086
293.086
292.938
292.747
292.575
292.334
292.041
291.791
291.655
291.668
291.748
291.798
291.774
291.609
291.274
290.809
290.25
289.613
1.36455e-008
1.16163e-007
7.93843e-007
5.25659e-006
3.13211e-005
0.000177997
0.000913347
0.0044033
0.019186
0.0771188
0.278426
0.884875
2.43624
5.8734
12.4345
23.1128
37.9637
55.7712
75.199
94.8239
114.272
133.027
151.299
168.682
185.088
200.742
215.303
228.802
241.012
251.871
261.412
269.404
276.101
281.509
285.289
287.639
289.39
290.858
291.83
292.346
292.637
292.907
293.026
292.925
292.691
292.524
292.493
292.425
292.148
291.8
291.613
291.622
291.728
291.815
291.821
291.662
291.335
290.913
290.421
289.858
1.36512e-008
1.16052e-007
7.93875e-007
5.25102e-006
3.13155e-005
0.000177791
0.000912915
0.00439772
0.0191695
0.0770095
0.278063
0.883456
2.43234
5.86319
12.4131
23.0735
37.9029
55.6921
75.1083
94.7311
114.191
132.965
151.255
168.668
185.119
200.82
215.43
228.983
241.253
252.164
261.734
269.711
276.361
281.684
285.371
287.653
289.345
290.798
291.739
292.258
292.624
292.913
292.979
292.777
292.439
292.214
292.263
292.2
291.909
291.698
291.568
291.56
291.686
291.849
291.923
291.831
291.538
291.088
290.585
290.077
1.36518e-008
1.15984e-007
7.93888e-007
5.24751e-006
3.13119e-005
0.000177656
0.00091263
0.00439384
0.019158
0.0769299
0.277795
0.882365
2.42928
5.85486
12.3952
23.0389
37.847
55.6154
75.014
94.6271
114.091
132.878
151.181
168.61
185.093
200.832
215.484
229.094
241.442
252.43
262.076
270.12
276.791
282.045
285.613
287.783
289.378
290.728
291.609
292.23
292.674
292.881
292.853
292.599
292.19
291.876
291.886
292.06
291.873
291.499
291.383
291.468
291.687
291.896
291.952
291.829
291.613
291.33
290.943
290.471
1.36574e-008
1.1595e-007
7.93895e-007
5.24547e-006
3.13097e-005
0.000177572
0.000912449
0.00439132
0.0191504
0.0768751
0.277607
0.881568
2.42698
5.84837
12.3809
23.0097
37.798
55.5446
74.9211
94.5181
113.976
132.764
151.075
168.52
185.021
200.776
215.454
229.106
241.513
252.571
262.314
270.48
277.249
282.577
286.084
288.1
289.508
290.71
291.671
292.424
292.842
292.838
292.631
292.338
291.851
291.431
291.399
291.613
291.679
291.5
291.355
291.431
291.7
291.959
292.032
291.847
291.464
291.113
290.883
290.59
1.3655e-008
1.1593e-007
7.93892e-007
5.24436e-006
3.13083e-005
0.000177524
0.000912339
0.00438978
0.0191456
0.0768396
0.277482
0.881018
2.42536
5.8436
12.37
22.9866
37.7575
55.4828
74.8352
94.412
113.856
132.633
150.94
168.393
184.907
200.674
215.364
229.037
241.478
252.578
262.388
270.665
277.579
283.102
286.713
288.615
289.887
291.098
292.08
292.735
292.979
292.765
292.466
292.186
291.621
290.937
290.523
290.663
291.092
291.31
291.334
291.423
291.692
291.999
292.098
291.886
291.505
291.154
290.934
290.726
1.36628e-008
1.15924e-007
7.93889e-007
5.24382e-006
3.13075e-005
0.000177499
0.000912276
0.00438892
0.0191428
0.0768184
0.277404
0.880662
2.42428
5.84029
12.3623
22.9692
37.7262
55.4322
74.7614
94.3167
113.741
132.499
150.795
168.242
184.755
200.523
215.223
228.914
241.375
252.492
262.333
270.676
277.691
283.394
287.235
289.272
290.526
291.628
292.502
293.105
293.381
293.262
292.768
291.966
291.243
290.52
289.794
289.831
290.494
290.829
290.848
291.202
291.733
292.163
292.358
292.297
291.979
291.648
291.311
290.858
1.36573e-008
1.15916e-007
7.93888e-007
5.24358e-006
3.1307e-005
0.000177487
0.000912243
0.00438848
0.0191413
0.0768067
0.277359
0.880451
2.42361
5.83817
12.3572
22.9572
37.7038
55.3937
74.7026
94.2374
113.64
132.376
150.654
168.088
184.587
200.345
215.04
228.733
241.2
252.329
262.192
270.573
277.64
283.441
287.425
289.676
291.1
292.149
292.882
293.401
293.673
293.67
293.538
293.019
292.164
290.658
289.04
288.823
289.493
290.227
290.821
291.325
291.745
292.169
292.489
292.505
292.235
291.781
291.285
290.906
1.36685e-008
1.15916e-007
7.93886e-007
5.24349e-006
3.13068e-005
0.000177482
0.000912226
0.00438827
0.0191405
0.0768008
0.277335
0.880335
2.42322
5.83693
12.3541
22.9496
37.689
55.3668
74.6599
94.1767
113.559
132.273
150.532
167.947
184.425
200.166
214.847
228.526
240.979
252.099
261.96
270.358
277.458
283.326
287.404
289.794
291.42
292.511
293.148
293.618
293.901
294.012
294.093
294.076
293.461
292.05
289.81
288.752
289.704
290.6
290.966
291.115
291.286
291.618
292.039
292.161
291.937
291.557
291.126
290.982
1.36663e-008
1.15916e-007
7.93885e-007
5.24345e-006
3.13067e-005
0.00017748
0.000912219
0.00438819
0.0191401
0.0767981
0.277324
0.880278
2.42302
5.83626
12.3524
22.9451
37.6801
55.3499
74.6321
94.1347
113.5
132.196
150.437
167.833
184.289
200.012
214.673
228.33
240.76
251.858
261.699
270.08
277.171
283.051
287.177
289.684
291.533
292.751
293.341
293.74
294
294.183
294.362
294.47
294.182
293.284
292.059
290.745
290.49
291.121
291.307
291.271
291.214
291.195
291.21
291.183
291.049
290.69
290.091
289.555
1.36719e-008
1.15913e-007
7.93884e-007
5.24344e-006
3.13066e-005
0.000177479
0.000912216
0.00438815
0.01914
0.076797
0.277319
0.880252
2.42293
5.83594
12.3515
22.9429
37.6753
55.3404
74.616
94.1092
113.463
132.145
150.371
167.752
184.19
199.897
214.541
228.176
240.582
251.658
261.475
269.822
276.882
282.732
286.848
289.39
291.322
292.778
293.513
293.817
293.99
294.191
294.436
294.616
294.512
294.008
293.176
292.397
292.051
291.887
291.69
291.539
291.396
291.223
290.994
290.707
290.389
290.018
289.552
289.009
1.36681e-008
1.15915e-007
7.93886e-007
5.24343e-006
3.13066e-005
0.000177479
0.000912215
0.00438814
0.0191399
0.0767966
0.277317
0.880241
2.42289
5.83581
12.3511
22.9418
37.673
55.3358
74.6078
94.0957
113.442
132.117
150.333
167.703
184.129
199.824
214.456
228.075
240.462
251.522
261.32
269.636
276.661
282.468
286.546
289.076
291.022
292.527
293.398
293.798
293.902
294.042
294.352
294.635
294.679
294.423
293.915
293.276
292.681
292.218
291.896
291.687
291.532
291.371
291.17
290.912
290.601
290.251
289.839
289.317
1.36763e-008
1.15913e-007
7.93885e-007
5.24343e-006
3.13066e-005
0.000177479
0.000912214
0.00438814
0.0191399
0.0767964
0.277316
0.880238
2.42287
5.83575
12.351
22.9414
37.672
55.3337
74.604
94.0895
113.433
132.103
150.314
167.679
184.097
199.786
214.41
228.02
240.396
251.447
261.233
269.528
276.528
282.3
286.34
288.838
290.756
292.256
293.161
293.594
293.694
293.826
294.119
294.412
294.544
294.494
294.384
294.02
293.319
292.665
292.249
291.975
291.753
291.536
291.284
290.966
290.598
290.223
289.837
289.379
1.36775e-008
1.15919e-007
7.93888e-007
5.24343e-006
3.13066e-005
0.000177478
0.000912214
0.00438814
0.0191399
0.0767964
0.277316
0.880237
2.42287
5.83574
12.3509
22.9412
37.6716
55.333
74.6027
94.0872
113.429
132.097
150.307
167.669
184.084
199.771
214.392
227.998
240.369
251.416
261.196
269.481
276.47
282.223
286.243
288.72
290.616
292.096
292.989
293.425
293.538
293.692
293.996
294.295
294.439
294.446
294.505
294.199
293.428
292.79
292.386
292.102
291.892
291.694
291.432
291.082
290.696
290.342
289.965
289.483
288.946
291.58
295.867
299.517
300.859
300.969
300.824
300.557
300.203
299.788
299.367
299.167
299.615
301.491
305.778
312.193
320.081
330.227
342.445
362.018
287.886
289.725
293.165
296.796
298.84
299.457
299.45
299.287
299.035
298.744
298.489
298.451
299.017
300.948
305.036
310.985
318.255
327.187
338.115
352.428
287.847
289.503
292.72
296.236
298.339
299.116
299.213
299.101
298.913
298.701
298.532
298.568
299.17
301.058
304.866
310.336
317.028
325.03
334.598
345.703
288.767
289.959
292.445
295.508
297.714
298.746
298.923
298.771
298.553
298.331
298.174
298.228
298.82
300.597
303.938
308.697
314.672
321.714
329.95
338.853
289.779
290.793
293.013
295.913
298.142
299.261
299.561
299.51
299.37
299.228
299.156
299.3
299.953
301.58
304.469
308.619
313.893
320.038
327.048
334.241
290.707
291.563
293.452
295.946
297.9
298.911
299.188
299.095
298.868
298.61
298.405
298.412
298.87
300.164
302.544
306.028
310.563
315.887
321.904
327.879
291.041
291.776
293.395
295.585
297.41
298.497
298.951
299.026
298.949
298.84
298.78
298.913
299.42
300.592
302.666
305.681
309.631
314.263
319.373
324.299
291.915
292.559
293.972
295.882
297.444
298.349
298.707
298.712
298.558
298.359
298.172
298.124
298.36
299.132
300.656
302.999
306.172
309.949
314.179
318.234
291.857
292.347
293.454
295.032
296.453
297.403
297.887
298.041
298.04
298.003
297.991
298.097
298.418
299.149
300.458
302.432
305.075
308.197
311.688
315.038
292.502
292.99
294.009
295.431
296.668
297.443
297.814
297.912
297.871
297.78
297.677
297.625
297.714
298.079
298.867
300.193
302.049
304.338
307.031
309.609
291.973
292.33
293.056
294.149
295.234
296.04
296.524
296.762
296.868
296.929
296.989
297.095
297.292
297.667
298.342
299.393
300.846
302.682
304.87
307.011
292.601
293.025
293.741
294.743
295.708
296.363
296.713
296.873
296.936
296.95
296.946
296.937
296.948
297.052
297.322
297.823
298.61
299.743
301.23
302.773
291.893
292.207
292.795
293.553
294.244
294.79
295.211
295.516
295.734
295.897
296.039
296.181
296.337
296.545
296.85
297.288
297.885
298.738
299.925
301.227
292.34
292.715
293.319
294.032
294.701
295.235
295.554
295.73
295.861
295.964
296.047
296.11
296.156
296.208
296.3
296.438
296.631
296.986
297.632
298.411
291.815
292.052
292.487
293.017
293.577
294.067
294.338
294.506
294.708
294.955
295.21
295.441
295.639
295.823
296.015
296.232
296.459
296.751
297.205
297.751
292.031
292.376
292.93
293.544
294.066
294.47
294.715
294.866
295.009
295.15
295.282
295.394
295.479
295.562
295.653
295.768
295.872
295.965
296.129
296.33
291.559
291.791
292.232
292.771
293.258
293.674
293.943
294.064
294.157
294.273
294.419
294.6
294.829
295.109
295.381
295.65
295.881
296.002
296.065
296.102
291.599
291.94
292.541
293.263
293.752
293.95
294.078
294.197
294.316
294.427
294.539
294.664
294.811
295.002
295.203
295.399
295.555
295.599
295.554
295.498
291.274
291.474
291.933
292.629
293.221
293.482
293.613
293.758
293.879
293.958
294.021
294.117
294.243
294.446
294.726
295.009
295.252
295.377
295.428
295.487
291.204
291.565
292.21
293.014
293.682
293.945
293.988
294.074
294.139
294.155
294.163
294.231
294.393
294.606
294.9
295.259
295.454
295.525
295.578
295.602
290.925
291.143
291.644
292.406
293.147
293.601
293.822
293.984
294.113
294.188
294.269
294.4
294.532
294.63
294.727
294.848
295.006
295.148
295.28
295.369
290.745
291.076
291.735
292.574
293.435
293.936
294.053
294.197
294.315
294.356
294.411
294.538
294.735
294.92
295.076
295.256
295.412
295.541
295.613
295.589
290.524
290.663
291.042
291.731
292.562
293.09
293.321
293.577
293.832
294.023
294.189
294.376
294.602
294.857
295.095
295.303
295.458
295.572
295.603
295.56
290.212
290.37
290.793
291.554
292.404
292.99
293.341
293.592
293.769
293.891
294.023
294.207
294.444
294.738
295.026
295.268
295.469
295.621
295.648
295.569
290.131
290.238
290.575
291.225
291.981
292.451
292.68
292.912
293.133
293.277
293.38
293.529
293.764
294.047
294.366
294.775
295.181
295.412
295.448
295.415
289.878
289.956
290.228
290.802
291.6
292.179
292.431
292.643
292.851
293.011
293.165
293.39
293.615
293.859
294.17
294.401
294.614
294.849
295.071
295.291
289.808
289.881
290.143
290.684
291.462
292.049
292.315
292.54
292.736
292.853
292.93
293.051
293.275
293.587
293.954
294.24
294.441
294.674
294.95
295.199
289.576
289.659
289.918
290.432
291.155
291.721
292.061
292.375
292.59
292.691
292.761
292.884
293.132
293.483
293.882
294.185
294.405
294.642
294.93
295.171
289.486
289.545
289.761
290.221
290.891
291.461
291.867
292.198
292.368
292.453
292.551
292.715
293
293.416
293.908
294.363
294.72
294.998
295.219
295.291
289.325
289.404
289.64
290.098
290.75
291.271
291.54
291.762
291.984
292.18
292.366
292.551
292.753
293.008
293.311
293.656
294.082
294.587
295.12
295.387
289.238
289.333
289.601
290.027
290.565
291.113
291.473
291.696
291.903
292.054
292.164
292.302
292.539
292.823
293.117
293.49
293.961
294.489
295.024
295.386
289.195
289.296
289.522
289.908
290.409
290.955
291.359
291.565
291.73
291.884
292.023
292.2
292.435
292.702
292.998
293.356
293.706
294.031
294.36
294.677
289.148
289.251
289.555
290.066
290.688
291.126
291.344
291.528
291.663
291.771
291.914
292.106
292.348
292.676
293.164
293.682
294.018
294.237
294.345
294.299
289.18
289.292
289.592
290.069
290.58
291.022
291.371
291.564
291.637
291.673
291.744
291.89
292.112
292.369
292.608
292.904
293.217
293.502
293.855
294.152
289.352
289.492
289.803
290.127
290.472
290.891
291.209
291.385
291.494
291.565
291.648
291.809
291.964
292.058
292.255
292.592
293.032
293.435
293.646
293.751
289.289
289.359
289.667
290.178
290.56
290.683
290.737
290.766
290.789
290.785
290.752
290.771
290.902
291.187
291.539
291.971
292.621
293.41
293.973
294.052
289.514
289.535
289.676
290.026
290.535
290.941
291.136
291.144
291.014
290.843
290.748
290.74
290.821
291.019
291.338
291.755
292.186
292.586
292.88
293.046
289.775
289.844
290.14
290.62
291.124
291.44
291.503
291.42
291.288
291.187
291.148
291.187
291.332
291.59
291.934
292.361
292.733
292.961
293.098
293.095
290.017
290.093
290.296
290.599
291.002
291.393
291.677
291.831
291.794
291.7
291.71
291.799
291.943
292.131
292.353
292.588
292.823
293.075
293.287
293.345
290.373
290.334
290.384
290.534
290.805
291.119
291.348
291.49
291.568
291.599
291.544
291.432
291.419
291.532
291.683
291.818
291.968
292.186
292.411
292.523
290.499
290.462
290.495
290.583
290.801
291.115
291.363
291.452
291.45
291.444
291.457
291.503
291.585
291.718
291.892
292.119
292.357
292.572
292.754
292.774
290.717
290.695
290.74
290.945
291.283
291.576
291.761
291.904
292.005
292.061
292.084
292.123
292.159
292.227
292.38
292.577
292.732
292.887
293.142
293.413
290.774
290.757
290.811
290.954
291.145
291.38
291.65
291.896
292.125
292.369
292.666
292.947
293.233
293.541
293.759
293.891
293.977
294.029
294.093
294.013
290.878
290.978
291.325
291.87
292.325
292.563
292.675
292.744
292.829
292.913
292.973
293.041
293.158
293.349
293.605
293.883
294.14
294.378
294.359
293.952
291.272
291.896
292.36
292.489
292.535
292.534
292.486
292.431
292.398
292.413
292.491
292.627
292.807
293.01
293.213
293.399
293.544
293.672
293.7
293.613
289.623
290.004
290.602
291.186
291.633
291.905
292.009
292.017
292.016
292.029
292.06
292.156
292.267
292.365
292.529
292.748
293.023
293.203
293.029
292.776
288.978
289.17
289.654
290.278
290.68
290.994
291.329
291.391
291.281
291.188
291.133
291.161
291.333
291.612
291.877
292.091
292.325
292.566
292.792
292.949
289.216
289.166
289.159
289.236
289.505
289.925
290.333
290.528
290.52
290.514
290.56
290.663
290.833
291.054
291.282
291.366
291.338
291.414
291.556
291.633
289.274
289.201
289.14
289.059
289.078
289.292
289.62
289.943
290.175
290.241
290.22
290.243
290.315
290.401
290.482
290.581
290.7
290.894
291.17
291.381
289.371
289.277
289.179
289.103
289.117
289.226
289.419
289.623
289.752
289.792
289.804
289.875
290.015
290.218
290.434
290.592
290.758
291.013
291.337
291.516
0.0172194
0.00448211
0.0125427
0.0318834
0.0933638
0.12478
0.106344
0.0655175
0.0329519
0.0147224
0.00619722
0.00248271
0.00091931
0.000305108
8.93799e-005
2.30069e-005
5.2115e-006
1.0428e-006
1.8516e-007
2.93156e-008
4.15741e-009
5.26098e-010
5.98519e-011
3.60201e-012
4.03931e-012
1.39877e-011
1.89837e-012
3.81788e-012
4.49405e-012
2.62531e-012
0.0870865
0.0101952
0.0732736
0.157299
0.434623
0.514188
0.404933
0.230012
0.104069
0.039247
0.0129308
0.00389231
0.00110773
0.000300119
7.6228e-005
1.77751e-005
3.75487e-006
7.14549e-007
1.22413e-007
1.89187e-008
2.64514e-009
3.32345e-010
3.78303e-011
2.07906e-012
5.61193e-012
1.36847e-011
2.46299e-012
4.26661e-012
4.02737e-012
1.98388e-012
0.304024
0.0623595
0.333513
0.515373
1.28094
1.40042
1.07025
0.589945
0.258813
0.093276
0.0287166
0.00784748
0.00198058
0.000474773
0.000108776
2.34953e-005
4.69914e-006
8.58898e-007
1.42567e-007
2.1462e-008
2.93161e-009
3.60466e-010
3.98839e-011
1.40138e-012
3.08888e-013
1.40486e-011
3.98055e-012
3.28676e-012
6.83452e-012
1.49143e-012
0.986565
0.354405
1.22859
1.43944
3.27563
3.31365
2.48972
1.34518
0.579489
0.202597
0.0591714
0.0148304
0.00329269
0.000670725
0.000129329
2.39535e-005
4.24009e-006
7.06515e-007
1.09344e-007
1.56129e-008
2.05192e-009
2.44882e-010
2.69613e-011
4.72259e-012
4.05272e-012
1.37338e-011
5.1162e-012
4.90289e-012
3.7073e-012
3.29002e-012
3.12019
1.50424
3.72227
3.46933
7.32501
6.85879
5.11776
2.74519
1.17781
0.408674
0.117152
0.0283478
0.0059349
0.00111027
0.000192761
3.21429e-005
5.23081e-006
8.24262e-007
1.23402e-007
1.7272e-008
2.23676e-009
2.6337e-010
2.82916e-011
3.48836e-013
1.52049e-012
1.38106e-011
1.54602e-012
1.41098e-012
6.14243e-012
1.20411e-012
9.47528
4.92183
9.24671
7.14729
13.325
12.1363
9.14118
4.93811
2.13324
0.746146
0.213595
0.0509993
0.0103236
0.00181347
0.000284658
4.14207e-005
5.79729e-006
7.97316e-007
1.07354e-007
1.3907e-008
1.70292e-009
1.9212e-010
2.01508e-011
3.17787e-012
1.09549e-012
1.36635e-011
5.572e-012
2.77259e-012
4.71504e-012
3.21412e-012
26.6519
12.012
16.258
12.2603
17.1333
17.4833
13.5408
7.67398
3.37822
1.21003
0.351261
0.084474
0.0170128
0.00292576
0.000439639
5.96203e-005
7.6088e-006
9.5235e-007
1.19235e-007
1.47912e-008
1.77212e-009
1.99154e-010
2.08772e-011
6.67209e-013
1.73783e-012
1.368e-011
1.2347e-012
1.63585e-012
5.08338e-012
1.15578e-012
64.3104
18.8288
19.6383
16.2038
15.0957
19.0044
15.7339
9.98315
4.56866
1.71073
0.510373
0.12545
0.0255434
0.00438582
0.000645608
8.33991e-005
9.76604e-006
1.08281e-006
1.1872e-007
1.31524e-008
1.45278e-009
1.53185e-010
1.57448e-011
2.77156e-012
1.50572e-012
1.34468e-011
2.18437e-012
1.8363e-012
5.9877e-012
8.79795e-013
114.649
23.8225
19.4454
15.741
8.1243
15.0462
14.0164
10.4857
5.15812
2.06921
0.644499
0.164382
0.0343352
0.00599364
0.00088642
0.000113258
1.28376e-005
1.34286e-006
1.36382e-007
1.40561e-008
1.47833e-009
1.52486e-010
1.581e-011
4.98924e-012
2.35786e-012
1.30183e-011
1.19499e-012
1.82691e-012
5.20662e-012
4.1125e-012
147.214
93.6062
28.4575
11.5149
1.96254
6.6489
9.24668
8.77093
4.8018
2.11317
0.699196
0.187838
0.0407486
0.00732311
0.00110295
0.000141639
1.58186e-005
1.58291e-006
1.48203e-007
1.37244e-008
1.30321e-009
1.2457e-010
1.26637e-011
4.72944e-012
1.84197e-012
1.33286e-011
2.82463e-012
1.81089e-012
5.02942e-012
9.65276e-013
162.728
140.81
78.7374
12.899
3.69715
5.04846
5.16211
5.80575
3.74339
1.83759
0.653763
0.187326
0.0426293
0.00797096
0.00123702
0.000162208
1.82869e-005
1.81876e-006
1.65809e-007
1.46584e-008
1.32072e-009
1.21017e-010
1.22381e-011
4.84319e-012
2.28859e-012
1.27518e-011
7.06467e-013
2.80904e-012
6.31015e-012
3.74331e-012
173.434
156.407
130.798
38.3597
2.27402
6.70437
4.89459
3.95421
2.68609
1.44266
0.547267
0.167236
0.0399644
0.0078054
0.00125401
0.000168979
1.93805e-005
1.93344e-006
1.72823e-007
1.45371e-008
1.21451e-009
1.03367e-010
1.06836e-011
5.15901e-012
2.27281e-012
1.29091e-011
2.59153e-012
2.13765e-012
6.06065e-012
2.53408e-012
183.912
168.056
152.888
97.22
8.65786
4.74554
3.55848
3.40268
2.14276
1.16354
0.447713
0.142174
0.0351052
0.007105
0.00117726
0.000163106
1.91315e-005
1.93923e-006
1.74373e-007
1.45672e-008
1.18962e-009
9.79607e-011
1.01055e-011
2.81883e-012
2.50431e-012
1.2417e-011
1.88868e-012
2.63385e-012
5.87161e-012
1.19139e-012
193.704
179.846
164.285
143.32
30.6363
5.37077
4.74267
3.83785
2.09064
1.0618
0.392338
0.124072
0.0307041
0.00630943
0.00106261
0.000149975
1.78795e-005
1.83528e-006
1.65508e-007
1.36654e-008
1.07824e-009
8.43732e-011
8.55962e-012
3.37293e-012
2.71347e-012
1.28578e-011
7.03852e-013
4.77947e-012
5.16441e-012
2.31381e-012
202.277
190.12
173.232
161.536
85.6519
12.2668
6.82287
4.91065
2.368
1.08589
0.375395
0.114693
0.0277587
0.00567446
0.000955373
0.000135667
1.62982e-005
1.68797e-006
1.53262e-007
1.27145e-008
9.98645e-010
7.78612e-011
7.8769e-012
2.32988e-012
2.56834e-012
1.23902e-011
7.45554e-013
3.34762e-012
5.78825e-012
4.68934e-013
209.67
199.272
182.268
171.365
134.938
28.7708
7.79009
5.6805
2.64381
1.14715
0.373633
0.109788
0.0257523
0.0051863
0.000864174
0.000122393
1.46885e-005
1.5236e-006
1.38067e-007
1.1399e-008
8.77576e-010
6.62133e-011
8.58226e-012
3.42508e-012
2.7975e-012
1.264e-011
2.30242e-012
2.42222e-012
6.46011e-012
1.8572e-012
215.089
208.006
191.091
178.379
155.51
58.9608
3.53927
5.36882
2.66345
1.20516
0.379753
0.107386
0.0242785
0.00478175
0.00078304
0.000110022
1.31353e-005
1.36143e-006
1.23213e-007
1.01972e-008
7.81194e-010
5.98351e-011
7.05957e-012
3.37433e-012
2.6881e-012
1.23962e-011
2.01187e-012
4.38936e-012
5.54286e-012
1.41804e-012
218.71
216.048
199.404
185.438
169.106
112.696
15.573
6.22961
1.67075
1.0628
0.364745
0.105588
0.0233738
0.00449581
0.000717296
9.9129e-005
1.16754e-005
1.20301e-006
1.08025e-007
8.91889e-009
6.70777e-010
4.99438e-011
6.85359e-012
3.47919e-012
2.66198e-012
1.24793e-011
3.95601e-012
3.33535e-012
6.79206e-012
1.53371e-012
222.387
223.549
208.157
193.297
177.616
143.205
30.6235
13.5545
3.37183
0.921402
0.262535
0.0888314
0.0211051
0.00418399
0.000664002
9.05123e-005
1.04635e-005
1.06427e-006
9.43949e-008
7.79032e-009
5.79156e-010
4.37357e-011
4.63614e-012
3.59835e-012
2.69403e-012
1.2317e-011
3.04763e-012
3.47297e-012
5.81797e-012
7.01386e-013
227.06
229.84
217.125
201.184
183.31
161.344
52.0897
11.9628
5.49267
1.80512
0.371893
0.0724912
0.0155661
0.00340179
0.000573917
8.08697e-005
9.35498e-006
9.4609e-007
8.23401e-008
6.75908e-009
4.87614e-010
3.65729e-011
6.17981e-012
3.28376e-012
3.74256e-012
1.23683e-011
5.94634e-012
2.44373e-012
6.03045e-012
1.14293e-012
233.123
234.867
225.463
208.769
188.721
175.058
98.1606
16.9636
1.58829
1.33219
0.462932
0.098938
0.0156521
0.0025678
0.000427684
6.51799e-005
7.90071e-006
8.20964e-007
7.13755e-008
5.8871e-009
4.1378e-010
3.19078e-011
3.64464e-012
2.4621e-012
2.92925e-012
1.21792e-011
3.66322e-012
3.0358e-012
6.0217e-012
1.61571e-012
241.485
239.714
233.061
216.07
194.453
183.049
120.493
35.5774
10.2447
1.6538
0.0594811
0.0429919
0.0126974
0.00224683
0.000323832
4.79311e-005
6.04762e-006
6.69578e-007
5.91756e-008
5.04212e-009
3.40797e-010
2.68335e-011
5.08843e-012
3.5708e-012
2.94231e-012
1.21878e-011
4.30697e-012
2.26176e-012
6.03736e-012
1.02873e-012
252.464
245.253
240.202
223.325
200.652
189.692
136.488
42.0445
15.5332
4.94249
0.944294
0.126169
0.00954712
0.000996267
0.000200239
3.47387e-005
4.41502e-006
5.1843e-007
4.66762e-008
4.21737e-009
2.75997e-010
2.3184e-011
3.08428e-012
3.59444e-012
2.91696e-012
1.18957e-011
3.9985e-012
3.27485e-012
6.56103e-012
9.96347e-013
265.798
252.018
247.258
231.008
207.396
196.977
158.131
53.767
9.21677
5.2897
1.37531
0.267855
0.0353228
0.00365576
0.000293701
3.10152e-005
3.45475e-006
4.10458e-007
3.57311e-008
3.49316e-009
2.10293e-010
1.98612e-011
3.61629e-012
4.11836e-012
2.87012e-012
1.23159e-011
5.96307e-012
2.61231e-012
5.38664e-012
9.4018e-013
279.989
261.116
254.785
239.009
214.502
203.589
175.527
93.3607
10.7592
2.91514
0.818503
0.252077
0.0428386
0.00564828
0.000548765
4.80321e-005
3.89103e-006
3.74379e-007
2.91295e-008
2.95315e-009
1.5835e-010
1.74528e-011
2.53772e-012
4.04884e-012
2.84372e-012
1.18041e-011
5.8993e-012
3.5534e-012
6.72561e-012
1.06959e-012
293.428
272.747
263.297
247.094
221.574
208.338
184.17
121.046
26.7005
5.92955
0.594044
0.134003
0.0256919
0.00489617
0.000565193
5.67963e-005
4.46552e-006
3.86613e-007
2.59575e-008
2.62977e-009
1.16003e-010
1.60371e-011
3.34004e-012
3.74146e-012
3.82807e-012
1.21987e-011
6.87854e-012
3.42357e-012
5.51523e-012
1.15424e-012
305.768
285.507
272.652
255.433
228.722
212.292
189.205
132.843
35.8714
9.41539
1.78667
0.243835
0.0191115
0.00299247
0.000384942
4.83999e-005
4.13473e-006
3.67351e-007
2.30277e-008
2.40614e-009
8.12023e-011
1.47755e-011
2.69667e-012
3.64649e-012
3.06821e-012
1.21674e-011
6.79511e-012
4.06907e-012
6.37972e-012
1.50401e-012
316.89
298.333
282.231
263.992
236.368
216.708
193.653
144.026
40.2307
9.34508
2.32223
0.362404
0.0411201
0.00362246
0.000245884
3.60106e-005
3.10503e-006
3.26275e-007
1.83758e-008
2.22056e-009
4.74162e-011
1.49641e-011
2.97293e-012
3.28799e-012
4.13336e-012
1.2366e-011
7.83654e-012
4.36885e-012
6.00772e-012
2.12914e-012
326.59
310.479
291.474
272.77
244.56
222.002
198.764
156.344
48.7817
6.28267
2.11355
0.352852
0.0500447
0.00481166
0.000321143
2.93861e-005
2.07835e-006
2.73673e-007
1.36965e-008
2.05503e-009
2.03891e-011
1.41645e-011
2.35041e-012
3.20464e-012
2.56093e-012
1.23749e-011
5.64094e-012
4.85703e-012
7.10253e-012
2.23586e-012
334.979
321.375
300.295
281.361
253.025
228.085
204.5
168.754
69.3872
7.31178
1.73652
0.20939
0.0464363
0.00451984
0.000390736
2.80856e-005
1.33264e-006
2.34634e-007
8.33399e-009
1.9475e-009
2.5028e-011
1.56128e-011
2.70294e-012
3.38523e-012
3.8622e-012
1.20891e-011
7.48022e-012
4.54791e-012
6.91569e-012
1.53304e-012
342.206
330.74
308.716
289.289
261.382
234.735
210.214
179.174
93.3558
13.9254
2.24482
0.0712121
0.0359964
0.00311161
0.000353535
2.52246e-005
9.81697e-007
2.00561e-007
3.77782e-009
1.87946e-009
4.97701e-011
1.5226e-011
2.48509e-012
3.10525e-012
2.72062e-012
1.22221e-011
4.44611e-012
4.90168e-012
6.52691e-012
2.04326e-012
348.371
338.581
316.638
296.58
269.296
241.644
215.674
186.831
112.001
20.7721
3.20678
0.312566
0.0369525
0.000940828
0.000323014
1.90163e-005
1.00723e-006
1.86344e-007
9.71153e-010
1.88232e-009
7.97888e-011
1.738e-011
2.37068e-012
3.43427e-012
3.36905e-012
1.23066e-011
6.38445e-012
5.78814e-012
7.1307e-012
1.41463e-012
353.661
345.143
323.978
303.29
276.66
248.49
221.057
192.889
125.314
27.1532
3.97013
0.51603
0.0491783
0.0026326
0.000311156
1.67705e-005
1.08709e-006
1.82412e-007
4.57841e-009
1.92699e-009
1.08298e-010
1.75878e-011
1.425e-012
3.08755e-012
2.4487e-012
1.17363e-011
4.46912e-012
6.02214e-012
6.13449e-012
1.3888e-012
358.251
350.715
330.67
309.361
283.358
255.093
226.443
198.359
135.877
33.4877
4.39541
0.705757
0.0583245
0.00536892
0.000375598
2.61106e-005
1.59968e-006
2.0788e-007
8.64058e-009
2.04111e-009
1.39114e-010
2.01422e-011
1.61207e-012
3.59613e-012
2.7981e-012
1.22562e-011
6.79717e-012
6.15668e-012
6.84166e-012
1.13824e-012
362.256
355.493
336.737
314.846
289.297
261.319
231.807
203.525
145.617
40.131
4.63553
0.85864
0.0646599
0.00724745
0.000447455
3.60672e-005
2.0756e-006
2.34077e-007
1.23458e-008
2.1946e-009
1.68586e-010
2.1356e-011
1.44953e-012
3.44154e-012
2.26058e-012
1.15803e-011
3.87969e-012
6.38712e-012
5.00236e-012
1.26401e-012
365.766
359.65
342.21
319.865
294.549
267.06
237.093
208.46
154.849
48.5633
5.24902
1.02461
0.0695585
0.00983087
0.000559647
5.32221e-005
2.96503e-006
2.93914e-007
1.71974e-008
2.43409e-009
2.01652e-010
2.4515e-011
1.13614e-012
4.06455e-012
2.41521e-012
1.20376e-011
5.98137e-012
6.25834e-012
5.43708e-012
1.32262e-012
368.851
363.309
347.145
324.491
299.183
272.28
242.217
213.213
163.244
58.838
6.81674
1.17884
0.0845549
0.0118972
0.00070729
6.64764e-005
3.82544e-006
3.45528e-007
2.18762e-008
2.69829e-009
2.34491e-010
2.61712e-011
1.76418e-012
4.15921e-012
2.35409e-012
1.10266e-011
3.6914e-012
6.12615e-012
4.30878e-012
1.65674e-012
371.578
366.541
351.594
328.784
303.319
276.949
247.095
217.844
170.901
69.7675
9.19144
1.39172
0.112171
0.0150274
0.0009637
9.04362e-005
5.36325e-006
4.43161e-007
2.85414e-008
3.07673e-009
2.72331e-010
2.96745e-011
7.60481e-013
4.55824e-012
2.78275e-012
1.18669e-011
6.30851e-012
6.2722e-012
5.10811e-012
1.56514e-012
374.012
369.413
355.601
332.772
307.085
281.083
251.646
222.391
178.002
81.1449
12.0143
1.64425
0.149534
0.0178601
0.0012365
0.000109969
6.77714e-006
5.29906e-007
3.50471e-008
3.47415e-009
3.10257e-010
3.21156e-011
1.18708e-012
4.81969e-012
2.47013e-012
1.10979e-011
3.734e-012
7.51389e-012
4.06537e-012
1.46196e-012
376.214
371.997
359.198
336.481
310.517
284.758
255.809
226.834
184.572
92.5807
15.358
1.95149
0.202979
0.0222911
0.00169724
0.000144624
9.24391e-006
6.7995e-007
4.45835e-008
4.02634e-009
3.55685e-010
3.60646e-011
4.08325e-013
4.53174e-012
2.79914e-012
1.1669e-011
5.89088e-012
6.64638e-012
4.69617e-012
1.69862e-012
378.247
374.371
362.441
339.932
313.649
288.053
259.568
231.11
190.639
103.278
18.9352
2.30565
0.256048
0.0265878
0.00210745
0.000174607
1.14439e-005
8.16211e-007
5.38027e-008
4.58985e-009
4.0129e-010
3.91628e-011
1.80692e-012
5.08116e-012
2.38025e-012
1.11993e-011
4.25755e-012
8.63032e-012
3.9694e-012
1.5287e-012
380.13
376.562
365.404
343.146
316.543
291.045
262.952
235.139
196.346
112.946
22.9076
2.75128
0.328528
0.033194
0.00278542
0.000225452
1.51248e-005
1.04017e-006
6.7402e-008
5.36631e-009
4.56951e-010
4.36852e-011
5.65265e-013
5.00505e-012
2.92643e-012
1.16583e-011
5.37775e-012
6.49085e-012
4.12562e-012
2.02466e-012
381.842
378.543
368.09
346.143
319.252
293.766
266.014
238.827
201.83
121.878
27.0473
3.27177
0.397479
0.0394149
0.00337134
0.000269615
1.8345e-005
1.24229e-006
8.02604e-008
6.13556e-009
5.1233e-010
4.75448e-011
1.36473e-012
5.33618e-012
2.53177e-012
1.12484e-011
3.73013e-012
8.00111e-012
4.18431e-012
1.72476e-012
383.402
380.343
370.448
348.907
321.78
296.236
268.832
242.095
207.12
130.202
31.4958
3.91163
0.490298
0.0489999
0.00431219
0.00034287
2.36147e-005
1.56629e-006
9.93508e-008
7.20195e-009
5.81367e-010
5.27148e-011
1.71861e-012
5.24561e-012
2.4598e-012
1.19337e-011
4.75193e-012
6.80693e-012
3.97545e-012
2.13866e-012
384.735
381.915
372.503
351.403
324.117
298.565
271.473
244.928
212.127
138.086
36.0883
4.62594
0.577108
0.0576502
0.00510536
0.000405107
2.81063e-005
1.85154e-006
1.16821e-007
8.21942e-009
6.48374e-010
5.72614e-011
1.92649e-012
5.24554e-012
2.61392e-012
1.15448e-011
2.8453e-012
7.59635e-012
3.95853e-012
1.4402e-012
385.947
383.358
374.331
353.68
326.349
300.848
274.005
247.397
216.686
145.712
40.8891
5.49771
0.696495
0.0709373
0.00638247
0.000507527
3.54311e-005
2.30665e-006
1.43124e-007
9.65691e-009
7.34365e-010
6.34079e-011
2.45579e-012
5.08945e-012
2.22966e-012
1.24175e-011
4.1603e-012
7.04016e-012
4.15232e-012
1.6135e-012
387.327
384.929
376.077
355.919
328.654
303.12
276.496
249.649
220.609
153.371
45.8825
6.42126
0.805157
0.0822677
0.00742223
0.000591055
4.14514e-005
2.69114e-006
1.66107e-007
1.09612e-008
8.14436e-010
6.86016e-011
2.64452e-012
5.18614e-012
2.54976e-012
1.21343e-011
2.35686e-012
7.42649e-012
3.27984e-012
1.65905e-012
389.32
386.875
377.752
358.084
330.881
305.276
278.926
251.825
223.71
161.084
51.0311
7.53096
0.959411
0.100066
0.00912753
0.000730122
5.14001e-005
3.31352e-006
2.01678e-007
1.28678e-008
9.218e-010
7.57102e-011
3.36515e-012
5.45038e-012
2.11191e-012
1.28087e-011
4.36129e-012
7.44529e-012
3.56898e-012
1.54633e-012
391.511
388.893
379.19
359.813
332.711
306.705
281.079
253.937
225.967
168.173
56.962
8.65835
1.09217
0.114237
0.0104438
0.000837442
5.91473e-005
3.80929e-006
2.30807e-007
1.44817e-008
1.01534e-009
8.15236e-011
3.4948e-012
5.43131e-012
2.23106e-012
1.22105e-011
2.21172e-012
6.99398e-012
2.91108e-012
1.73777e-012
390.866
388.941
379.581
360.986
334.014
307.301
282.667
255.886
228.09
174.466
63.5083
10.093
1.29178
0.137553
0.0126855
0.00102198
7.23943e-005
4.64184e-006
2.78098e-007
1.69768e-008
1.1498e-009
8.96308e-011
3.94427e-012
5.15767e-012
2.22857e-012
1.29771e-011
4.18556e-012
6.99766e-012
3.26283e-012
1.60328e-012
387.36
387.259
378.891
361.762
335.148
308.071
283.968
257.777
230.684
181.283
77.7493
13.4801
1.73223
0.185985
0.0172455
0.00139607
9.93542e-005
6.36118e-006
3.77429e-007
2.23502e-008
1.44628e-009
1.07451e-010
4.99727e-012
5.00647e-012
3.02395e-012
1.16753e-011
1.96045e-012
6.2156e-012
3.18692e-012
3.85296e-012
372.644
376.969
371.157
359.284
336.72
309.335
285.11
259.353
232.309
183.461
82.8392
13.8124
1.7291
0.179917
0.016413
0.00131199
9.24133e-005
5.88881e-006
3.49015e-007
2.07322e-008
1.35316e-009
1.01518e-010
4.29613e-012
4.22663e-012
2.18893e-012
1.37557e-011
6.28463e-012
7.76709e-012
2.67513e-012
1.97107e-012
360.65
366.73
363.427
353.997
336.996
311.471
286.897
261.436
234.937
190.309
94.5217
16.9069
2.09034
0.216808
0.0197894
0.00157697
0.000110914
7.04103e-006
4.14448e-007
2.42498e-008
1.54912e-009
1.13719e-010
5.97545e-012
4.45172e-012
1.92955e-012
9.76683e-012
1.59072e-012
7.00397e-012
2.27635e-012
1.91068e-012
350.713
357.185
355.972
348.05
334.79
313.338
288.785
263.515
237.17
194.662
102.14
19.3093
2.35738
0.242744
0.0220484
0.00174405
0.000121951
7.6899e-006
4.48785e-007
2.58946e-008
1.62522e-009
1.17568e-010
4.8271e-012
5.18132e-012
4.76277e-012
1.19663e-011
3.31303e-012
7.17234e-012
2.39917e-012
2.90038e-012
343.436
348.929
349.038
342.49
331.279
314.024
290.896
265.872
239.969
200.063
110.698
22.2757
2.68128
0.274757
0.0248468
0.00195339
0.000136005
8.52959e-006
4.94364e-007
2.82081e-008
1.74459e-009
1.24529e-010
5.77101e-012
3.55463e-012
2.41694e-012
8.75564e-012
3.36157e-012
6.64051e-012
2.4313e-012
9.7201e-013
335.456
340.438
341.808
337.17
327.326
313.13
292.725
268.448
242.81
204.676
118.101
25.2625
3.00976
0.307368
0.0276507
0.00216056
0.000149769
9.34079e-006
5.37502e-007
3.03189e-008
1.84569e-009
1.30138e-010
6.98027e-012
3.60152e-012
2.28322e-012
1.00053e-011
3.5367e-012
9.10535e-012
2.026e-012
6.069e-012
330.312
334.218
335.653
332.463
323.843
311.462
293.95
271.21
246.164
209.589
125.274
28.3229
3.34383
0.340423
0.0304409
0.00236439
0.000163205
1.01262e-005
5.78918e-007
3.23287e-008
1.94126e-009
1.34583e-010
7.10566e-012
2.97958e-012
2.288e-012
9.53768e-012
1.73739e-012
5.31651e-012
1.69026e-012
5.36872e-012
323.267
326.835
328.71
326.998
320.217
309.492
294.453
273.77
249.535
214.253
131.85
31.3021
3.66917
0.372482
0.0331039
0.00255707
0.000175827
1.0858e-005
6.17099e-007
3.41553e-008
2.0248e-009
1.3949e-010
1.00192e-011
4.46926e-012
3.23707e-012
9.8977e-012
1.72339e-012
9.76117e-012
3.44352e-012
4.6485e-012
319.225
322.217
323.824
322.642
317.083
307.706
294.777
276.397
253.194
218.996
138.149
34.2012
3.97763
0.402543
0.0355493
0.00273281
0.0001873
1.15187e-005
6.51239e-007
3.57545e-008
2.09599e-009
1.41274e-010
7.57113e-012
4.53893e-012
3.61298e-012
8.89567e-012
5.67298e-012
6.29581e-012
7.98576e-013
3.00364e-012
312.935
315.706
317.501
317.098
313.019
305.25
294.501
278.685
256.763
223.387
143.886
36.9174
4.25696
0.42946
0.0376977
0.00288736
0.0001974
1.20975e-005
6.80894e-007
3.71127e-008
2.15258e-009
1.45296e-010
6.52262e-012
2.64379e-012
6.62112e-012
1.0218e-011
3.16942e-012
1.27654e-011
1.52265e-012
2.83949e-012
309.688
312.129
313.866
313.625
310.249
303.512
294.459
281.091
260.678
227.825
149.2
39.4309
4.50386
0.452955
0.0395281
0.00302016
0.000206078
1.25925e-005
7.0596e-007
3.82168e-008
2.19478e-009
1.45298e-010
7.76967e-012
2.50467e-012
1.5327e-012
7.69188e-012
4.90656e-012
5.49563e-012
2.86749e-012
3.45042e-012
304.638
306.46
308.157
308.531
306.138
300.684
293.414
282.602
264.21
231.946
153.756
41.5996
4.71502
0.473044
0.0410683
0.0031333
0.000213399
1.30066e-005
7.26487e-007
3.908e-008
2.22369e-009
1.48099e-010
7.13931e-012
2.53775e-012
7.91389e-012
1.2494e-011
4.93537e-012
1.05083e-011
1.47563e-012
3.02077e-012
302.492
303.356
304.578
305.769
304.387
299.5
293.32
284.453
268.142
236.492
157.789
43.272
4.89708
0.490482
0.0424281
0.00323204
0.000219605
1.33494e-005
7.42883e-007
3.97259e-008
2.24073e-009
1.46085e-010
8.2236e-012
3.97459e-012
5.61422e-012
8.00588e-012
7.91957e-012
5.55794e-012
4.3523e-012
2.29436e-012
298.961
299.287
299.884
300.746
300.311
296.779
291.872
284.979
271.147
240.805
161.14
44.3725
5.0521
0.505491
0.0436702
0.00331906
0.000224885
1.363e-005
7.55674e-007
4.01908e-008
2.24745e-009
1.47307e-010
7.56926e-012
3.3248e-012
8.26089e-012
1.5201e-011
6.90292e-012
5.64888e-012
5.74466e-012
2.91089e-012
297.915
297.879
298.056
298.338
298.26
295.97
291.891
286.022
274.046
244.989
164.147
45.1143
5.18499
0.518328
0.0447805
0.0033956
0.000229454
1.38687e-005
7.66205e-007
4.05396e-008
2.24854e-009
1.44148e-010
8.29902e-012
4.72012e-012
8.30472e-012
1.02144e-011
1.02761e-011
6.11886e-012
1.92224e-012
3.58386e-012
296.028
295.518
295.23
294.997
294.835
293.598
290.688
285.848
275.567
248.112
166.736
45.6925
5.29741
0.529078
0.0457472
0.00346147
0.000233474
1.40754e-005
7.75263e-007
4.08077e-008
2.24367e-009
1.45639e-010
9.4847e-012
7.85513e-012
1.35836e-011
1.63005e-011
1.44251e-012
5.51773e-012
6.02677e-012
8.25791e-012
295.854
295.464
295.151
294.815
294.286
293.086
290.745
286.359
276.706
250.12
169.136
46.4574
5.3915
0.537437
0.0464689
0.00351115
0.000236818
1.42503e-005
7.83438e-007
4.10249e-008
2.23694e-009
1.41904e-010
7.66052e-012
7.39358e-012
1.01918e-011
1.39736e-011
1.93641e-012
5.61268e-012
3.04505e-012
1.00531e-011
295.152
294.605
294.103
293.547
292.758
291.55
289.701
286.044
277.073
251.181
170.821
47.2618
5.45992
0.544851
0.0470515
0.00356438
0.000240264
1.44508e-005
7.92138e-007
4.12485e-008
2.22836e-009
1.43628e-010
8.69032e-012
1.28472e-011
8.14735e-012
1.36371e-011
4.1438e-012
2.51965e-012
4.0295e-012
5.52556e-012
295.386
295.031
294.571
294.053
293.278
291.964
290.075
286.645
277.882
251.922
171.205
47.324
5.51354
0.550397
0.0475944
0.00359851
0.000242255
1.45469e-005
7.95086e-007
4.126e-008
2.21357e-009
1.38419e-010
5.28577e-012
1.01149e-011
1.84932e-011
9.81312e-012
9.01407e-012
7.38658e-012
4.55311e-012
1.32318e-012
295.228
294.597
293.995
293.21
292.166
290.886
289.253
286.18
278.007
253.064
172.393
47.4608
5.57621
0.5592
0.0485535
0.0036767
0.000246437
1.47643e-005
8.01281e-007
4.13691e-008
2.19862e-009
1.3944e-010
7.6253e-012
8.60919e-012
7.72059e-012
1.01151e-011
1.02604e-011
1.43059e-012
8.40735e-012
4.7729e-012
295.12
294.755
294.393
293.811
292.971
291.718
289.63
285.774
277.289
252.721
173.12
48.4049
5.6364
0.562044
0.0484086
0.00364793
0.000244309
1.46084e-005
7.93628e-007
4.09043e-008
2.17085e-009
1.33923e-010
1.31391e-011
1.00687e-011
1.53412e-011
7.42501e-012
6.85415e-012
1.3054e-011
9.66575e-012
2.05804e-012
295.198
294.614
294.011
293.239
292.208
290.829
288.906
285.515
277.598
253.364
173.903
49.2782
5.77471
0.577595
0.0495617
0.0037225
0.000247948
1.47406e-005
7.96366e-007
4.07989e-008
2.15407e-009
1.33498e-010
9.97119e-012
8.61085e-012
6.05067e-012
8.34087e-012
6.54931e-012
7.17759e-012
7.9806e-012
1.03424e-011
295.202
294.683
294.217
293.68
292.914
291.622
289.385
285.388
276.952
252.92
174.579
49.859
5.7789
0.572999
0.048849
0.00365146
0.000243003
1.4446e-005
7.81431e-007
4.01179e-008
2.12334e-009
1.30108e-010
1.74072e-011
8.92466e-012
1.35202e-011
4.47874e-012
3.5379e-012
6.01005e-012
4.78407e-012
4.96729e-012
295.182
294.732
294.32
293.699
292.793
291.445
289.228
285.21
276.806
253.248
175.693
50.3098
5.815
0.576317
0.0491787
0.00367234
0.000243891
1.44589e-005
7.79426e-007
3.99176e-008
2.10618e-009
1.28978e-010
1.28563e-011
9.56718e-012
9.85975e-013
6.57261e-012
1.49564e-011
3.43826e-012
3.61127e-012
1.23627e-012
295.096
294.697
294.415
294.027
293.359
292.154
289.972
285.864
277.188
253.133
174.977
49.7074
5.72861
0.56674
0.0483345
0.00360925
0.000239806
1.42264e-005
7.67893e-007
3.93928e-008
2.08928e-009
1.27123e-010
2.55284e-011
7.70646e-012
5.31426e-012
6.83519e-012
1.40907e-011
6.08413e-012
2.5584e-012
2.263e-012
295.31
295.101
294.839
294.339
293.424
291.946
289.554
285.54
277.315
253.659
175.317
49.7558
5.74996
0.567881
0.0483229
0.0035967
0.000238388
1.4113e-005
7.6106e-007
3.905e-008
2.07312e-009
1.25458e-010
1.78816e-011
5.14705e-012
3.29774e-012
1.07574e-011
1.75057e-011
1.47334e-011
1.00192e-011
1.22347e-011
295.19
295.023
294.767
294.295
293.562
292.305
290.088
286.077
277.576
253.532
174.836
49.2619
5.67416
0.559654
0.0476535
0.0035507
0.000235666
1.39717e-005
7.54702e-007
3.88104e-008
2.06849e-009
1.24988e-010
1.65537e-011
5.81915e-012
4.94465e-012
9.31829e-012
2.00542e-011
3.77803e-012
6.6844e-012
7.07412e-012
295.079
294.81
294.445
293.984
293.391
292.313
290.305
286.454
277.926
253.51
174.273
48.8499
5.61494
0.553764
0.0471805
0.00351976
0.000233843
1.38755e-005
7.50115e-007
3.8636e-008
2.06283e-009
1.23149e-010
1.784e-011
2.52489e-012
1.46724e-011
1.35457e-011
1.28929e-011
8.46815e-012
4.88276e-012
1.3148e-011
294.95
294.553
294.211
293.773
293.115
292.029
290.235
286.75
278.457
253.931
173.984
48.3066
5.56789
0.55027
0.0469754
0.00350811
0.000232903
1.3817e-005
7.46383e-007
3.84949e-008
2.06278e-009
1.2317e-010
1.13685e-011
4.36812e-012
6.39542e-012
8.79566e-012
3.05103e-012
8.76422e-013
8.73381e-013
1.329e-011
295.076
294.67
294.361
293.911
293.198
292.099
290.26
286.704
278.423
253.799
173.551
48.0178
5.52469
0.546029
0.0465839
0.00347966
0.000230873
1.36902e-005
7.3934e-007
3.81938e-008
2.05462e-009
1.23692e-010
7.51043e-012
5.72154e-012
2.65249e-012
1.29793e-011
2.6036e-012
9.17265e-012
1.55906e-012
8.38076e-013
295.18
294.723
294.327
293.822
293.144
292.09
290.222
286.488
277.923
253.34
173.994
48.6226
5.55193
0.545388
0.0462634
0.00344068
0.000227906
1.34986e-005
7.29777e-007
3.78166e-008
2.04985e-009
1.2474e-010
8.70174e-012
9.17203e-012
6.20068e-012
7.86036e-012
6.65461e-013
2.02654e-012
2.18673e-012
1.43674e-011
294.833
294.645
294.318
293.818
293.066
291.925
290.022
286.328
277.958
253.568
173.718
48.236
5.53153
0.543454
0.046043
0.00341278
0.000224821
1.32717e-005
7.15795e-007
3.71857e-008
2.03188e-009
1.25796e-010
1.00354e-011
2.26829e-012
3.73984e-012
9.32309e-012
9.92026e-013
1.21036e-011
4.52275e-012
1.71484e-012
294.234
294.163
293.934
293.532
292.902
291.754
289.71
285.95
277.675
253.505
174.218
48.5762
5.49119
0.535773
0.045115
0.00333724
0.000219954
1.29952e-005
7.02966e-007
3.66934e-008
2.02224e-009
1.23817e-010
1.22118e-011
6.45879e-012
1.68409e-012
7.51463e-012
5.24799e-012
5.32056e-012
2.69431e-012
1.05759e-011
294.26
294.102
293.864
293.61
293.18
292.207
290.277
286.373
277.591
252.779
172.765
47.4496
5.36154
0.522763
0.0441165
0.00326422
0.000215275
1.27259e-005
6.89787e-007
3.61573e-008
2.01369e-009
1.24553e-010
1.10083e-011
1.03734e-011
1.20831e-011
1.4435e-011
8.07026e-012
1.35373e-011
4.01837e-012
2.79108e-012
293.802
293.765
293.67
293.384
292.847
291.797
289.881
286.287
278.143
253.568
172.601
46.8357
5.31498
0.519724
0.0440091
0.00325757
0.000214332
1.26394e-005
6.83181e-007
3.5837e-008
2.00225e-009
1.2463e-010
1.44495e-011
6.29823e-012
6.43325e-012
1.98161e-012
1.23881e-011
9.48235e-012
6.63276e-012
1.38668e-011
293.913
293.835
293.764
293.476
292.778
291.434
289.199
285.412
277.548
253.599
173.016
47.2695
5.31823
0.51611
0.0432209
0.00317531
0.000207957
1.22233e-005
6.6235e-007
3.4912e-008
1.97836e-009
1.21426e-010
2.89084e-012
4.4279e-012
4.94613e-012
5.22898e-012
2.64266e-012
8.29052e-012
1.5207e-011
4.39482e-012
293.064
293.027
293.046
292.98
292.638
291.742
289.944
286.391
278.193
253.288
171.464
45.7764
5.16473
0.503174
0.0425584
0.00315253
0.000207872
1.2293e-005
6.6829e-007
3.53119e-008
1.99683e-009
1.24811e-010
1.17128e-011
3.04702e-012
7.53564e-012
1.41248e-011
1.30787e-011
2.04305e-011
1.03691e-011
3.9911e-012
292.815
292.6
292.504
292.354
291.974
291.162
289.674
286.528
278.355
252.749
170.133
45.3457
5.20576
0.509944
0.0432385
0.0031922
0.000209599
1.23162e-005
6.6623e-007
3.50552e-008
1.98455e-009
1.25273e-010
6.03431e-012
6.98669e-012
1.03075e-011
8.04141e-012
9.46019e-012
9.89142e-012
1.87524e-011
2.41728e-012
293.071
292.645
292.129
291.627
291.081
290.155
288.516
285.246
277.229
252.494
171.868
46.9557
5.28147
0.509535
0.0424588
0.00309385
0.000201439
1.17882e-005
6.37614e-007
3.38131e-008
1.93692e-009
1.26028e-010
1.37471e-011
6.07647e-012
4.83325e-012
1.48776e-011
7.53353e-012
6.51331e-012
2.07617e-011
1.11415e-012
292.418
292.23
292.007
291.69
291.246
290.4
288.79
285.474
277.463
252.51
170.023
44.6035
4.9706
0.478117
0.0400396
0.00293574
0.000192313
1.13527e-005
6.2e-007
3.32569e-008
1.92248e-009
1.29195e-010
7.55174e-012
4.56112e-012
1.18745e-011
2.26327e-012
8.16419e-012
7.81564e-012
1.08124e-011
8.70017e-012
292.81
292.768
292.438
291.834
291.024
290.057
288.603
285.539
277.725
251.675
167.09
42.6519
4.73008
0.455435
0.038476
0.00284857
0.000189372
1.13143e-005
6.2679e-007
3.38885e-008
1.96459e-009
1.26363e-010
7.80788e-012
5.93682e-012
8.46112e-012
4.86821e-012
6.6182e-012
1.20736e-011
4.90836e-012
7.99397e-012
293.579
293.355
292.853
292.179
291.33
290.265
288.71
285.484
276.869
249.463
164.303
41.5324
4.65363
0.453159
0.0388243
0.00291996
0.000196963
1.1927e-005
6.66352e-007
3.6045e-008
2.05866e-009
1.32965e-010
1.15459e-011
7.40279e-012
4.57008e-012
3.83125e-012
9.56031e-012
1.092e-011
7.39438e-012
4.79054e-012
293.408
292.748
292.221
291.666
290.836
289.677
288.065
284.732
275.932
248.363
162.917
41.4963
4.81026
0.479618
0.0417866
0.00318704
0.00021635
1.31668e-005
7.34055e-007
3.93126e-008
2.19875e-009
1.35827e-010
8.89681e-012
7.97373e-012
1.11675e-011
1.18404e-011
4.67707e-012
1.10744e-011
2.51592e-011
8.52002e-012
293.034
292.333
291.827
291.091
290.089
288.696
286.68
282.991
274.143
248.127
166.535
44.6866
5.24883
0.529342
0.0464147
0.00355808
0.000242617
1.47835e-005
8.21812e-007
4.3515e-008
2.37649e-009
1.47491e-010
8.10326e-012
6.24248e-012
8.51944e-012
1.90251e-012
1.4292e-011
1.05399e-012
1.12884e-011
1.5427e-012
292.911
291.872
290.863
289.652
288.181
286.482
284.51
281.344
273.736
250.139
173.193
50.3165
5.98125
0.607884
0.0532164
0.00407159
0.000277636
1.68292e-005
9.29402e-007
4.84206e-008
2.57973e-009
1.58896e-010
1.30054e-011
2.24962e-012
3.4635e-012
1.57691e-011
2.51038e-012
2.82088e-012
2.49558e-012
2.28068e-012
292.104
291.248
290.624
289.879
288.797
287.16
284.82
281.147
273.45
251.365
176.767
52.5236
6.33371
0.646095
0.056602
0.00432091
0.000293057
1.7699e-005
9.70301e-007
5.02429e-008
2.64247e-009
1.61844e-010
1.25046e-011
1.20219e-011
1.02776e-011
9.29537e-012
2.51874e-012
1.61655e-012
5.87233e-012
3.07531e-012
292.405
291.506
290.751
289.943
288.842
287.133
284.689
280.959
273.476
252.695
182.009
57.9496
7.01589
0.713951
0.061637
0.00465201
0.000313197
1.87466e-005
1.0217e-006
5.24011e-008
2.73254e-009
1.66725e-010
4.83417e-012
1.62235e-012
4.04582e-012
2.28874e-012
5.33566e-012
1.16343e-011
1.56102e-012
1.9203e-012
291.53
291.207
290.746
290.148
289.183
287.583
285.272
281.834
274.751
254.824
185.392
59.8405
7.17726
0.724836
0.0620005
0.00465368
0.000310536
1.85026e-005
1.00112e-006
5.12818e-008
2.67456e-009
1.57076e-010
1.51236e-011
7.74694e-012
6.52746e-012
8.83594e-012
5.60121e-012
1.47714e-012
9.42789e-012
3.31467e-012
291.491
291.482
291.314
290.859
290.038
288.632
286.423
282.837
275.755
256.167
186.698
60.157
7.19566
0.724707
0.0619562
0.00463677
0.000308942
1.83391e-005
9.90821e-007
5.06368e-008
2.64525e-009
1.56195e-010
1.01603e-011
1.19704e-011
3.59433e-012
4.41493e-013
9.7399e-013
1.0238e-011
1.35864e-012
1.02309e-012
291.301
291.108
291.16
291.15
290.801
289.767
287.712
284.053
276.796
256.734
185.881
58.7124
6.90745
0.692136
0.0590847
0.00444353
0.00029759
1.77912e-005
9.67547e-007
4.97754e-008
2.61182e-009
1.57359e-010
2.03787e-011
2.53353e-012
1.07638e-012
9.48629e-013
1.1161e-012
5.74866e-013
3.66018e-012
9.79986e-013
)
;

boundaryField
{
    inlet
    {
        type            calculated;
        value           nonuniform List<scalar> 
100
(
1.95183e-008
1.91998e-008
1.88368e-008
1.84893e-008
1.81416e-008
1.77946e-008
1.7454e-008
1.71172e-008
1.67895e-008
1.64681e-008
1.6158e-008
1.58579e-008
1.5572e-008
1.52996e-008
1.50441e-008
1.48049e-008
1.45855e-008
1.43848e-008
1.42048e-008
1.40459e-008
1.39078e-008
1.37916e-008
1.36961e-008
1.36211e-008
1.35661e-008
1.35284e-008
1.3507e-008
1.34987e-008
1.35026e-008
1.35137e-008
1.35315e-008
1.35518e-008
1.35739e-008
1.35947e-008
1.36122e-008
1.36265e-008
1.3639e-008
1.36455e-008
1.36512e-008
1.36518e-008
1.36574e-008
1.3655e-008
1.36628e-008
1.36573e-008
1.36685e-008
1.36663e-008
1.36719e-008
1.36681e-008
1.36763e-008
1.36775e-008
3.5062e-008
3.44165e-008
3.42135e-008
3.36505e-008
3.33018e-008
3.27799e-008
3.23568e-008
3.18563e-008
3.14019e-008
3.09169e-008
3.04556e-008
2.99864e-008
2.9533e-008
2.90821e-008
2.86444e-008
2.8214e-008
2.77963e-008
2.73888e-008
2.69934e-008
2.66098e-008
2.62381e-008
2.58785e-008
2.55307e-008
2.5195e-008
2.48709e-008
2.45584e-008
2.4257e-008
2.39667e-008
2.36872e-008
2.34183e-008
2.31596e-008
2.29109e-008
2.26715e-008
2.24418e-008
2.2221e-008
2.20088e-008
2.18052e-008
2.1609e-008
2.14215e-008
2.12409e-008
2.1068e-008
2.0901e-008
2.0742e-008
2.05877e-008
2.04419e-008
2.02981e-008
2.01661e-008
2.00301e-008
1.99146e-008
1.97791e-008
)
;
    }
    outlet
    {
        type            calculated;
        value           nonuniform List<scalar> 
100
(
3.85296e-012
1.97107e-012
1.91068e-012
2.90038e-012
9.7201e-013
6.069e-012
5.36872e-012
4.6485e-012
3.00364e-012
2.83949e-012
3.45042e-012
3.02077e-012
2.29436e-012
2.91089e-012
3.58386e-012
8.25791e-012
1.00531e-011
5.52556e-012
1.32318e-012
4.7729e-012
2.05804e-012
1.03424e-011
4.96729e-012
1.23627e-012
2.263e-012
1.22347e-011
7.07412e-012
1.3148e-011
1.329e-011
8.38076e-013
1.43674e-011
1.71484e-012
1.05759e-011
2.79108e-012
1.38668e-011
4.39482e-012
3.9911e-012
2.41728e-012
1.11415e-012
8.70017e-012
7.99397e-012
4.79054e-012
8.52002e-012
1.5427e-012
2.28068e-012
3.07531e-012
1.9203e-012
3.31467e-012
1.02309e-012
9.79986e-013
2.62531e-012
1.98388e-012
1.49143e-012
3.29002e-012
1.20411e-012
3.21412e-012
1.15578e-012
8.79795e-013
4.1125e-012
9.65276e-013
3.74331e-012
2.53408e-012
1.19139e-012
2.31381e-012
4.68934e-013
1.8572e-012
1.41804e-012
1.53371e-012
7.01386e-013
1.14293e-012
1.61571e-012
1.02873e-012
9.96347e-013
9.4018e-013
1.06959e-012
1.15424e-012
1.50401e-012
2.12914e-012
2.23586e-012
1.53304e-012
2.04326e-012
1.41463e-012
1.3888e-012
1.13824e-012
1.26401e-012
1.32262e-012
1.65674e-012
1.56514e-012
1.46196e-012
1.69862e-012
1.5287e-012
2.02466e-012
1.72476e-012
2.13866e-012
1.4402e-012
1.6135e-012
1.65905e-012
1.54633e-012
1.73777e-012
1.60328e-012
)
;
    }
    bottom
    {
        type            symmetryPlane;
    }
    top
    {
        type            symmetryPlane;
    }
    obstacle
    {
        type            calculated;
        value           nonuniform List<scalar> 
120
(
282.184
259.393
259.585
257.768
259.089
259.894
261.755
263.354
265.224
266.917
268.558
270.134
271.592
273.089
274.533
276.039
277.468
278.923
280.304
281.664
282.933
284.14
285.264
286.287
287.15
287.862
288.405
288.807
289.058
289.21
289.26
289.254
289.177
289.071
288.917
288.759
288.585
288.439
288.307
288.22
288.154
288.127
288.114
288.137
288.17
288.235
288.317
288.436
288.581
288.78
0.0172194
0.0870865
0.304024
0.986565
3.12019
9.47528
26.6519
64.3104
114.649
147.214
162.728
173.434
183.912
193.704
202.277
209.67
215.089
218.71
222.387
227.06
233.123
241.485
252.464
265.798
279.989
293.428
305.768
316.89
326.59
334.979
342.206
348.371
353.661
358.251
362.256
365.766
368.851
371.578
374.012
376.214
378.247
380.13
381.842
383.402
384.735
385.947
387.327
389.32
391.511
390.866
288.946
291.58
295.867
299.517
300.859
300.969
300.824
300.557
300.203
299.788
299.367
299.167
299.615
301.491
305.778
312.193
320.081
330.227
342.445
362.018
)
;
    }
    defaultFaces
    {
        type            empty;
    }
}


// ************************************************************************* //
