/*--------------------------------*- C++ -*----------------------------------*\
| =========                 |                                                 |
| \\      /  F ield         | OpenFOAM: The Open Source CFD Toolbox           |
|  \\    /   O peration     | Version:  5.x                                   |
|   \\  /    A nd           | Web:      www.OpenFOAM.org                      |
|    \\/     M anipulation  |                                                 |
\*---------------------------------------------------------------------------*/
/*   Windows 32 and 64 bit porting by blueCAPE: http://www.bluecape.com.pt   *\
|  Based on Windows porting (2.0.x v4) by Symscape: http://www.symscape.com   |
\*---------------------------------------------------------------------------*/
FoamFile
{
    version     2.0;
    format      ascii;
    class       volScalarField;
    location    "0.005";
    object      p;
}
// * * * * * * * * * * * * * * * * * * * * * * * * * * * * * * * * * * * * * //

dimensions      [1 -1 -2 0 0 0 0];

internalField   nonuniform List<scalar> 
10000
(
100000
100000
100000
100000
100000
99999.8
99999.2
99996.1
99983.2
99935.8
99779.1
99350.1
98337.5
96311.7
92858.1
87974.9
82134.6
75996.7
70116.9
64670.3
59735
55276.6
51279.1
47732.4
44571
41796.7
39378.3
37312
35577.2
34119.7
32969
32072.7
31371
30956.5
30724.4
30591.4
30508.4
30490
30490.2
30492.6
30498.2
30491.3
30499.2
30517.3
30524.1
30524.2
30524.7
30526.2
30529.6
30536.8
30565.8
30632.2
30738
30914.8
31260.5
31867.6
32422.5
32403.3
32330.5
32158.3
100000
100000
100000
100000
100000
99999.8
99999.2
99996.3
99983.9
99938.6
99788.1
99374.7
98394.8
96425.2
93046.6
88238.6
82454.7
76344.1
70469.1
65017.4
60070.4
55599.5
51586.3
48020.5
44841.9
42048.2
39609.2
37515.6
35758.3
34277.6
33100.7
32180
31452.9
31009.6
30748.5
30605.1
30517.1
30494.4
30494.4
30495.6
30500.4
30494.8
30500.8
30515.4
30526.8
30527.8
30528.1
30528.5
30529.4
30535.5
30559.7
30612.6
30706.5
30850.1
31135.8
31620.6
32311.3
32350.4
32321.4
32219.5
100000
100000
100000
100000
100000
99999.8
99999.2
99996.3
99984
99938.9
99788.9
99376.8
98399.1
96433
93058.3
88252.6
82468.2
76356
70480.2
65025.6
60077.5
55604.8
51588.8
48026.5
44846.5
42050.2
39608.8
37519.9
35761.2
34275.6
33094.2
32175.4
31448.1
30995.2
30746
30598.6
30510.1
30490.7
30491.6
30494.6
30502.2
30502.2
30501.7
30506.8
30523.8
30526
30526
30526.9
30529.4
30538.9
30558.7
30596
30673.6
30850
31150.8
31556.7
32255.8
32333.8
32307
32220
100000
100000
100000
100000
100000
99999.8
99999.2
99996.4
99984.6
99941.2
99796.4
99397.3
98447.4
96530
93221.2
88484.2
82754.1
76670.2
70800.6
65344.3
60385.9
55904.4
51875.2
48293.5
45098.6
42286.2
39827.1
37709.3
35930.4
34430.1
33220
32282
31539.3
31045.9
30776.3
30620.2
30522.4
30495.2
30495.4
30497.1
30502.3
30505.6
30502.6
30509.1
30529.1
30529.4
30528.8
30529.2
30530
30533.8
30551.4
30585.4
30643.4
30797.5
31074.2
31434.4
32121
32318.3
32300.7
32241.1
100000
100000
100000
100000
100000
99999.9
99999.2
99996.4
99984.7
99941.7
99797.8
99401
98454.9
96543.7
93242.1
88509.1
82778.3
76691.7
70820.3
65359
60399.2
55912.9
51880.9
48302.1
45105.5
42289.3
39827.7
37716.3
35937
34425.8
33219.4
32272.1
31527.6
31041.5
30773.8
30614.5
30515.6
30488.7
30489.3
30492
30499.1
30503.5
30499.1
30504.1
30522.5
30523.5
30522.8
30522.8
30523.9
30526.8
30540.4
30572.6
30626.6
30778.8
31036.5
31390.4
32067
32300.4
32286.1
32243.6
100000
100000
100000
100000
100000
99999.9
99999.2
99996.6
99985.2
99943.6
99804
99418.2
98495.8
96626.7
93383.1
88712.5
83033.6
76975.9
71112.6
65652.2
60682.9
56191.6
52148
48548.5
45339.8
42510.5
40032.3
37893.9
36092.2
34574.3
33336.1
32384.4
31618.1
31085
30811.7
30639.1
30532.4
30494.1
30494.2
30495.9
30501.4
30509.4
30502.5
30506.8
30522.1
30526
30526.9
30529
30529.6
30532
30542.4
30572
30625.9
30752.7
30954.9
31276.5
31916.3
32258.9
32250.3
32231.9
100000
100000
100000
100000
100000
99999.9
99999.3
99996.6
99985.4
99944.2
99805.9
99422.9
98505.7
96644.8
93411
88746.1
83066.7
77004.6
71138.8
65672.1
60702
56201.3
52155.7
48562.4
45350.2
42515.6
40034.7
37902.6
36102.2
34572.9
33340
32370.4
31608
31088.7
30805
30634.7
30527.8
30488.6
30489
30491.3
30497.2
30505.8
30498.7
30502.5
30506
30517.3
30518.4
30520.1
30521.8
30525.2
30534.6
30558.5
30618.5
30728.3
30891.7
31220.3
31825.8
32211.1
32225.5
32217.5
100000
100000
100000
100000
100000
99999.9
99999.3
99996.7
99985.8
99945.8
99811
99437.4
98540.4
96716.3
93533.3
88925
83294.6
77262.9
71405.9
65942
60963.4
56462.8
52405.8
48787.6
45569.1
42723.2
40227.1
38070.1
36247.1
34710
33450.9
32479.9
31701.7
31134.4
30850.8
30657.6
30546
30497.2
30495.6
30496.9
30501.5
30511
30504.8
30508.6
30509.2
30520.5
30525.7
30528.5
30530.1
30533.9
30544.7
30565.3
30620
30713.1
30851.1
31121.6
31670.6
32141.3
32217.3
32212.3
100000
100000
100000
100000
100000
99999.9
99999.3
99996.7
99986
99946.5
99813.1
99442.8
98551.9
96737.4
93566.4
88965.3
83334.9
77297.2
71436.9
65965.6
60986.4
56472.5
52416
48807.8
45580.9
42728.5
40231.5
38080.3
36258
34711.9
33455.8
32465.4
31689.4
31133.4
30838.2
30646.5
30537.3
30489.6
30489.8
30491.3
30496.2
30505.5
30500.1
30501.4
30502.4
30510
30517.2
30519.9
30522.2
30525.8
30533.3
30550.7
30601.4
30689
30817.3
31069
31555
32092.6
32218
32215.7
100000
100000
100000
100000
100000
99999.9
99999.3
99996.8
99986.3
99947.8
99817.5
99455.1
98581.5
96799.1
93672.8
89122.7
83538.2
77531.5
71681.7
66214.7
61227.9
56716.8
52648
49016.1
45788.4
42925.8
40413.3
38238.3
36394.4
34839.7
33561.8
32572.5
31778.5
31188
30887.1
30672.2
30553.2
30498.7
30495.7
30496.7
30500.6
30509.4
30505.5
30508.5
30510.9
30514.9
30525.2
30526.8
30529.9
30534.3
30541.6
30556.2
30597.7
30671.1
30779.3
31008.4
31439.9
32022.9
32224
32218
100000
100000
100000
100000
100000
99999.9
99999.3
99996.9
99986.5
99948.5
99819.7
99460.9
98594
96822.1
93709.4
89168.1
83584.3
77570.7
71716.2
66240.8
61253.1
56730.7
52661.4
49037.8
45799.5
42930.6
40418.3
38249.2
36406.4
34844
33567.8
32556.4
31768.9
31171.1
30861.6
30660.4
30542.6
30489.2
30489.3
30490.4
30494.1
30501.8
30498.3
30500.7
30505.7
30512.1
30517.6
30517.2
30517.5
30519.3
30525.3
30542.8
30582
30644.9
30744.6
30966.2
31346.6
31942.1
32218.1
32218.6
100000
100000
100000
100000
100000
99999.9
99999.3
99996.9
99986.8
99949.6
99823.5
99471.4
98619.6
96875.7
93802.4
89307
83765.8
77782.9
71940.5
66471.1
61476.7
56956
52876.3
49227.6
45989.4
43113.1
40586.8
38396
36534.2
34963.5
33668.1
32657.9
31851.7
31245.3
30916
30687.2
30557.4
30497.5
30493.5
30494.1
30496.6
30503.6
30500.9
30504.6
30511.9
30524.3
30526.6
30526.8
30527.3
30528.5
30535.7
30551.4
30580.1
30633.7
30724.2
30929.6
31249
31811.9
32186.7
32210.6
100000
100000
100000
100000
100000
99999.9
99999.3
99997
99987
99950.3
99825.7
99477.3
98632.5
96899.9
93841.1
89355.9
83816.3
77826.2
71977.9
66498.7
61503.3
56971.8
52892.1
49253.6
46004.4
43120.7
40594.4
38407.3
36547.5
34968.2
33673.1
32642.7
31838
31213.7
30884.8
30678
30550.1
30489.8
30485.9
30486.8
30489.9
30495.2
30491.1
30495.1
30503.4
30520.1
30519.7
30517.8
30516.2
30515.4
30517
30532.3
30563.3
30613.6
30706.2
30886.4
31166.1
31691.8
32110.7
32164.8
100000
100000
100000
100000
100000
99999.9
99999.4
99997
99987.3
99951.3
99829
99486.5
98654.7
96946.8
93922.8
89478.7
83978.4
78018.2
72183.4
66712.2
61710.8
57180.2
53091.4
49430.2
46180.9
43291.3
40751
38544.6
36667
35080.8
33768.5
32737.4
31920.7
31291.4
30930.1
30706.1
30565.3
30498.3
30487.5
30488.2
30490.8
30497.7
30494.5
30498.9
30508.4
30524.1
30524.3
30524.4
30526.1
30527.4
30529.5
30539.5
30565.5
30613.9
30699.2
30844.1
31083.1
31578
31999.8
32107.3
100000
100000
100000
100000
100000
99999.9
99999.4
99997.1
99987.5
99952
99831.2
99492.3
98667.7
96971.3
93962.5
89529.7
84032
78064.8
72223
66740.6
61738.6
57196.3
53109.7
49457.8
46199.6
43300.9
40761
38557.3
36681
35086.3
33772.7
32725.1
31906
31274.1
30918.9
30694.3
30561.7
30494.1
30481.1
30481.9
30484.8
30491.3
30486.6
30490.8
30501.6
30516.3
30515.7
30514.5
30514
30514.7
30520.1
30530.5
30557.7
30601
30673.4
30802.4
31013.1
31472.3
31896.2
32049.8
100000
100000
100000
100000
100000
99999.9
99999.4
99997.1
99987.7
99952.9
99834.1
99500.4
98687.2
97012.6
94034.8
89638.9
84177
78238.5
72411.2
66939
61931.2
57388.9
53293.5
49619.9
46359.8
43459.8
40906.9
38685.7
36792.7
35191.9
33863.2
32810
31985.4
31330.5
30954
30731
30578
30503.5
30484.8
30485.3
30487.8
30494.5
30491.3
30495.1
30505.4
30517.8
30518.2
30519.5
30521
30527.9
30532.2
30539.4
30559.9
30598.5
30660.7
30773.7
30963.3
31383.7
31796
31996.8
100000
100000
100000
100000
100000
99999.9
99999.4
99997.2
99987.9
99953.5
99836.2
99506
98700
97037
94074.7
89690.9
84232.7
78287.6
72452.5
66967.3
61959.5
57409.2
53314.4
49648.6
46381
43470.7
40918.8
38700
36807.7
35199
33867.6
32804.9
31972.6
31327.6
30944.6
30711.8
30576.3
30502.3
30481.9
30482.5
30484.7
30490.3
30485.1
30489.2
30500.6
30510.8
30511
30510.8
30510.5
30511
30520.3
30533.4
30554.1
30584.2
30638
30735.9
30915.4
31304.4
31707.2
31956
100000
100000
100000
100000
100000
99999.9
99999.4
99997.2
99988.1
99954.3
99838.8
99513.1
98717.3
97073.5
94138.9
89788.3
84362.7
78444.9
72624.9
67151.9
62138.5
57586.9
53484.3
49798.3
46528.7
43618.4
41053.8
38819.8
36911.5
35297.1
33953.7
32883.5
32046.5
31378.7
30981.3
30752.4
30592.1
30512.1
30487.2
30487.5
30489
30493.8
30489.3
30493.5
30504.1
30511.3
30512.5
30515.3
30517.2
30521.1
30526
30535.5
30554.6
30580.1
30628.5
30715.7
30887.2
31245.5
31629.2
31922.4
100000
100000
100000
100000
100000
99999.9
99999.4
99997.3
99988.2
99954.9
99840.8
99518.6
98729.7
97097.3
94178.3
89840.4
84419.4
78495.6
72667.4
67179.5
62166.7
57608.8
53506.7
49827.8
46552.1
43630.7
41067.5
38835.2
36927.1
35305.5
33958.4
32880.8
32035.6
31378.3
30972.4
30729
30591.9
30512.6
30486.3
30486.7
30488.1
30492.1
30486.1
30490.5
30501.3
30505.5
30505.4
30506.3
30506.8
30508.1
30512.8
30523.2
30541.1
30564.4
30608.9
30689.2
30848.9
31179.9
31565.8
31896.6
100000
100000
100000
100000
100000
99999.9
99999.4
99997.3
99988.4
99955.6
99843.1
99524.9
98745.1
97129.9
94235.8
89927.7
84536.3
78638.2
72825.5
67352.1
62333.2
57775.3
53663.7
49966.4
46688
43767.9
41192
38946.4
37023.6
35396.9
34040.3
32953
32105.1
31423.1
31007
30772.9
30606.9
30522
30491.6
30491.7
30492.8
30496.5
30490.8
30494.7
30504.2
30507.1
30507.9
30510.2
30513.2
30514.8
30516.1
30522.4
30538.2
30560.7
30601.8
30678.7
30822.1
31124.6
31516.5
31875.8
100000
100000
100000
100000
100000
99999.9
99999.4
99997.4
99988.6
99956.2
99845.1
99530.1
98757
97152.9
94274.2
89979.2
84593.2
78689.8
72868.5
67378.7
62361.1
57795.6
53687.6
49996.3
46712.7
43781.2
41206.7
38962.6
37039.5
35406.1
34044.7
32952.5
32096.1
31425.9
31001.7
30744.9
30607.6
30523.4
30491.8
30492.1
30493.1
30496.4
30490.8
30493
30500
30503.9
30503.9
30502.6
30501
30501.6
30503
30509.4
30525.9
30547.2
30585
30654.8
30784.1
31060.9
31459.2
31848.6
100000
100000
100000
100000
100000
99999.9
99999.4
99997.4
99988.7
99956.8
99847.1
99535.8
98770.9
97182.1
94326
90057.9
84698.6
78819.3
73013.7
67539.8
62516
57947.7
53832.8
50125.4
46838.4
43908.9
41322.3
39066.1
37129.4
35491.3
34121.9
33020
32160.1
31469.8
31036.3
30790.4
30620.6
30531.4
30496.6
30496.6
30497.3
30501
30500
30494.3
30499.9
30507.7
30507.6
30506.8
30506.5
30506.1
30505.7
30509.7
30522.6
30545.4
30577.6
30637.4
30756.8
31005.5
31387.1
31814.2
100000
100000
100000
100000
100000
99999.9
99999.4
99997.4
99988.9
99957.4
99849
99540.6
98782.1
97204.2
94363
90108
84754.9
78871
73056.7
67565.8
62544
57969.1
53857.8
50154.7
46863.5
43923.1
41337.6
39083
37145.3
35501.4
34126.3
33020
32153.3
31473.8
31033.6
30762.3
30622.1
30532.9
30497.8
30498
30498.8
30501
30500
30492.2
30498.3
30507
30506
30503.1
30501.3
30495.6
30494.8
30500.1
30508.9
30533.9
30562
30613.9
30720
30940
31301
31789.6
100000
100000
100000
100000
100000
99999.9
99999.4
99997.5
99989
99957.9
99850.8
99545.8
98794.7
97230.5
94410
90179.3
84850.5
78989
73190.2
67715.8
62687.9
58110.7
53992.1
50274.6
46980.8
44042.5
41445.3
39178.6
37229.5
35580.5
34199.2
33084.8
32213.4
31515.5
31066.4
30798.4
30632.2
30539.2
30501.3
30501.2
30501.5
30503
30502.8
30496.8
30501.8
30510.9
30510
30507.4
30502
30499.9
30498
30502.6
30504.4
30529.2
30553.4
30595.6
30685.8
30877.2
31215.8
31727.2
100000
100000
100000
100000
100000
99999.9
99999.4
99997.5
99989.2
99958.4
99852.5
99550.3
98805.3
97251.4
94445.3
90227.7
84905.5
79040.2
73232.9
67741.2
62715.7
58133.2
54017.5
50303.1
47004.7
44056.6
41460.7
39195.9
37245.7
35591.6
34203.9
33085
32208.1
31518
31065.5
30779.4
30634.1
30539.9
30502
30502.1
30502.8
30504.3
30504.5
30497.8
30501.6
30509.8
30508.4
30505
30498
30492.7
30490.1
30495
30494.2
30518.7
30539.2
30574.1
30648.9
30816.6
31127.7
31625.2
100000
100000
100000
100000
100000
99999.9
99999.5
99997.5
99989.3
99958.9
99854.3
99555.1
98816.8
97275.4
94488.1
90292.6
84992.6
79148
73355.7
67880.7
62849.4
58265.3
54142.2
50414.2
47112.9
44167.1
41560.4
39284.2
37323.8
35664.9
34272.9
33146.7
32264.6
31556.3
31094.2
30812
30642.7
30545.6
30504
30503.8
30504.2
30505.3
30507.3
30501
30504.1
30511.7
30511
30508.1
30502.1
30500.4
30491.3
30494.3
30492.2
30514.8
30531.4
30558.1
30616.8
30761.7
31041.3
31510.3
100000
100000
100000
100000
100000
99999.9
99999.5
99997.6
99989.4
99959.4
99855.8
99559.3
98826.8
97295.1
94521.7
90338.9
85045.8
79198.1
73397.6
67905.7
62876.8
58287.3
54167.2
50442.3
47136.5
44182
41576.1
39301.7
37340.3
35676.3
34277.4
33147.9
32257.2
31558.2
31093.1
30791.3
30643.3
30545.6
30504.2
30504.1
30504.6
30506.1
30508.8
30502.6
30504.9
30511.2
30510.5
30506.8
30499.2
30495.2
30485.9
30487.9
30486.9
30507.9
30520.8
30541.4
30588.9
30711.7
30960.1
31389.6
100000
100000
100000
100000
100000
99999.9
99999.5
99997.6
99989.6
99959.9
99857.4
99563.6
98837.3
97317.1
94560.9
90398.4
85125.6
79297
73510.9
68035.3
63001.1
58410.8
54283
50545.3
47236.9
44283.3
41668.3
39383.5
37412.7
35744.4
34342.5
33205.2
32312.6
31594.8
31119.9
30823.7
30652.9
30549.9
30505.3
30504.4
30504.9
30506.6
30509.7
30504
30506.2
30512.2
30512.2
30509.5
30503.8
30499
30489.4
30487.6
30485.9
30505.1
30514.3
30528.2
30566.7
30669.7
30882.5
31272.6
100000
100000
100000
100000
100000
99999.9
99999.5
99997.6
99989.7
99960.3
99858.9
99567.5
98846.5
97335.6
94592.5
90442.4
85176.5
79345.5
73551.8
68060
63027.7
58431.3
54307.4
50573.1
47260.5
44299.4
41684.4
39401.1
37429.1
35756
34347.1
33206.7
32304.6
31598
31118.7
30806.8
30652.4
30549.7
30504.4
30503.9
30504.5
30506.3
30509.7
30504.5
30506.7
30512.6
30512.4
30509.3
30502.8
30495
30488.5
30485.1
30483.5
30501
30506.9
30515.8
30547.2
30633.9
30814.6
31160.9
100000
100000
100000
100000
100000
99999.9
99999.5
99997.6
99989.8
99960.7
99860.3
99571.5
98856.2
97355.7
94628.6
90497.2
85249.9
79436.5
73656.4
68180.3
63143.4
58546.9
54415.2
50669
47353.7
44392.6
41769.7
39476.9
37496.1
35819.5
34408.3
33259.7
32358.5
31632.4
31143.8
30831.4
30661.2
30553.8
30504.8
30503.3
30503.8
30505.8
30509.6
30504.6
30507.2
30513.5
30513.4
30510.6
30505.5
30498
30493.2
30485
30482.4
30499.1
30502.1
30506.6
30530.3
30602.7
30757.3
31057.7
100000
100000
100000
100000
100000
99999.9
99999.5
99997.7
99989.9
99961.1
99861.7
99575.1
98864.8
97373
94658.2
90538.6
85298.3
79483.1
73695.9
68204.5
63169.2
58566.9
54438.8
50696.4
47376.9
44409.4
41786.2
39494.5
37512.5
35831.2
34413.3
33262.1
32350.4
31635.8
31142.4
30821.8
30660.6
30553.4
30503.2
30502
30502.7
30504.9
30509.2
30504.2
30507
30513.9
30513.4
30510.1
30504.9
30494.3
30494.2
30484
30480.3
30496.8
30497.5
30498.9
30515.9
30575.3
30707.6
30963.7
100000
100000
100000
100000
100000
99999.9
99999.5
99997.7
99990
99961.5
99863
99578.8
98873.8
97391.7
94691.7
90589.4
85366.2
79567.2
73792.8
68316.3
63276.8
58674.4
54539.3
50785.9
47464.6
44496
41865.5
39564.9
37574.7
35890.5
34470.6
33311.3
32402.6
31667.1
31166.3
30838.8
30668.5
30557.1
30503.3
30501.1
30501.7
30503.9
30508.8
30503.8
30506.5
30514.2
30513.3
30510.3
30506.3
30496.6
30495.5
30483
30479.3
30494.8
30494.8
30492.9
30504.3
30551.6
30663.7
30881.6
100000
100000
100000
100000
100000
99999.9
99999.5
99997.7
99990.1
99961.9
99864.3
99582.1
98881.8
97407.7
94719.3
90628.3
85411.9
79611.6
73830.8
68340
63301.9
58693.8
54562.1
50812.4
47487
44513
41882
39582.4
37590.9
35902.3
34476
33314.7
32394.3
31670.3
31164.7
30834.6
30668.5
30556.9
30501.8
30500
30500.5
30502.9
30508.2
30503.2
30505.9
30513.7
30512.5
30509.9
30506
30495.8
30493.9
30480.5
30478.3
30490.6
30492.6
30488.4
30495.5
30532.4
30625.3
30811.9
100000
100000
100000
100000
100000
99999.9
99999.5
99997.7
99990.2
99962.3
99865.5
99585.5
98890.1
97425
94750.5
90675.6
85475.1
79689.7
73920.7
68443.8
63402.1
58793.7
54655.8
50895.8
47569.3
44593.8
41956.1
39648.1
37648.8
35957.9
34529.6
33360.5
32442.5
31699.2
31188.9
30848.1
30676.4
30560.2
30501.9
30499.2
30499.7
30501.9
30507.4
30502.6
30505.5
30512.9
30511.8
30510
30506.8
30498
30493.4
30478.6
30477.9
30485.5
30490
30485.8
30489.3
30517.3
30592.8
30754.4
100000
100000
100000
100000
100000
99999.9
99999.5
99997.8
99990.3
99962.6
99866.7
99588.6
98897.5
97439.9
94776.1
90711.7
85517.8
79731.6
73957
68466.9
63426.4
58812.6
54677.7
50921.2
47590.6
44610.4
41972.2
39665.2
37664.9
35969.5
34535.3
33364.7
32435.5
31703.3
31186.9
30845
30677.2
30560
30500.7
30498.4
30499
30501.1
30506.4
30502.1
30505
30511.8
30511
30509.7
30506.9
30498.9
30490.3
30476.8
30477.4
30480.8
30485
30484.3
30485.6
30506.3
30565.9
30706.5
100000
100000
100000
100000
100000
99999.9
99999.5
99997.8
99990.4
99962.9
99867.8
99591.8
98905.2
97456
94805.3
90756
85576.9
79804.4
74040.6
68563.4
63519.7
58905.7
54765.1
50999
47667.5
44685.6
42041.4
39726.6
37719
36021.5
34585.3
33407.4
32480.3
31730.1
31212.4
30857.9
30684.6
30563.4
30501
30498.1
30498.6
30500.5
30505.7
30501.8
30504.6
30510.8
30510.3
30509.5
30507.3
30500.3
30489.5
30476
30477.2
30477.3
30477.4
30483.8
30483.7
30499.4
30544.5
30665.5
100000
100000
100000
100000
100000
99999.9
99999.5
99997.8
99990.4
99963.3
99868.9
99594.6
98912
97469.8
94828.9
90789.5
85616.6
79843.7
74075
68585.8
63543.1
58924.4
54786.2
51023.2
47687.7
44701.8
42057.1
39743.1
37734.6
36033
34591.2
33412.2
32474.9
31734.8
31208.6
30855.9
30685.9
30563.7
30500.3
30497.8
30498.2
30500.2
30505.2
30501.5
30504.2
30510
30509.7
30509
30506.8
30499.8
30487
30474.9
30476
30473.1
30470.5
30483.5
30483
30495.3
30528.4
30628.7
100000
100000
100000
100000
100000
99999.9
99999.5
99997.8
99990.5
99963.6
99870
99597.6
98919.2
97484.9
94856.3
90831.1
85672.1
79911.9
74153.1
68675.4
63630
59010.9
54867.6
51095.7
47759.5
44771.7
42121.6
39800.7
37785.1
36081.8
34637.9
33452
32516.7
31759.6
31236.4
30868.5
30692.8
30567.1
30500.9
30497.9
30498.3
30500.2
30505.1
30501.4
30504
30509.4
30509.4
30508.7
30506.4
30499.9
30486.8
30474.6
30473.4
30469.1
30465.9
30482
30483.7
30493
30517.9
30595
100000
100000
100000
100000
100000
99999.9
99999.5
99997.8
99990.6
99963.9
99871
99600.2
98925.5
97497.5
94878.1
90861.9
85708.9
79948.5
74185.5
68697.2
63652.5
59029.1
54887.9
51118.9
47778.6
44787.3
42136.7
39816.5
37800
36093.1
34643.9
33457.1
32512.5
31764.7
31232
30867.8
30694.5
30567.9
30500.8
30497.8
30498.3
30500.2
30505.2
30501.7
30504
30509.1
30509.2
30508.3
30505.7
30498.8
30485.8
30473.8
30469.7
30466
30462.7
30479
30485.3
30491.7
30511.2
30564.4
100000
100000
100000
100000
100000
99999.9
99999.5
99997.9
99990.7
99964.1
99872
99603
98932.3
97511.7
94903.9
90901.2
85761.3
80012.5
74258.4
68780.5
63733.4
59109.5
54963.8
51186.5
47845.7
44852.3
42197
39870.4
37847.4
36138.7
34687.7
33494.2
32551.9
31787.8
31256.7
30879.6
30701.1
30571.5
30501.9
30498.3
30498.8
30500.6
30505.6
30502.2
30504.2
30509.1
30509.1
30508
30505.4
30498
30487
30473.1
30466.5
30463.8
30460.7
30475.9
30487.2
30490.7
30506.7
30538.2
100000
100000
100000
100000
100000
99999.9
99999.5
99997.9
99990.8
99964.4
99872.8
99605.4
98938
97523.2
94923.8
90929.4
85795
80046.4
74288.8
68801.5
63755.1
59126.9
54983.2
51208.6
47863.8
44867.4
42211.4
39885.5
37861.5
36149.5
34693.5
33499.4
32548.4
31793.1
31257.3
30879.9
30703.1
30572.7
30502.5
30498.7
30499.2
30501
30506
30502.8
30504.6
30509.1
30509.1
30507.7
30505.2
30496.5
30487.2
30471.9
30464.2
30462
30459.5
30473.2
30489.1
30489.3
30501.9
30516.7
100000
100000
100000
100000
100000
99999.9
99999.5
99997.9
99990.8
99964.7
99873.8
99608
98944.4
97536.7
94948.3
90966.8
85844.7
80106.7
74357.1
68878.9
63830.5
59202.1
55054
51271.7
47926.5
44927.9
42267.7
39936.1
37905.9
36192.2
34734.6
33533.9
32585
31814.4
31275.7
30890.9
30709.4
30576.4
30504.1
30499.7
30500
30501.7
30506.6
30503.6
30505.2
30509.2
30509.1
30507.6
30505.1
30495.7
30487.8
30471.5
30463
30461.3
30459.5
30471.5
30490.8
30487.8
30495.9
30499.8
100000
100000
100000
100000
100000
99999.9
99999.5
99997.9
99990.9
99964.9
99874.6
99610.1
98949.6
97547.1
94966.4
90992.4
85875.4
80137.9
74385.5
68899.3
63851.2
59218.9
55072.7
51292.7
47943.7
44942.5
42281.5
39950.3
37919.2
36202.5
34740.3
33539.1
32582.2
31819.9
31277.6
30892
30711.6
30577.8
30505.3
30500.4
30500.8
30502.5
30507.2
30504.7
30505.9
30509.4
30509.2
30507.7
30504.9
30494.9
30487.3
30470.9
30462.5
30461.2
30460.1
30470.3
30492
30486.5
30488.3
30485
100000
100000
100000
100000
100000
99999.9
99999.5
99997.9
99991
99965.2
99875.5
99612.6
98955.7
97560
94989.7
91028
85922.6
80194.9
74449.6
68971.2
63921.4
59289.6
55138.5
51351.7
48002.3
44999.1
42334.1
39997.9
37961.1
36242.4
34778.7
33571.3
32615.7
31839.7
31294.7
30902.5
30717.7
30581.5
30507.3
30501.8
30502.1
30503.5
30507.9
30505.5
30506.8
30509.7
30509.6
30508
30504.8
30494.6
30488.8
30470.8
30462.9
30462.1
30461.7
30469.7
30492.1
30485.8
30481.1
30470.5
100000
100000
100000
100000
100000
99999.9
99999.5
99997.9
99991
99965.4
99876.2
99614.6
98960.3
97569.3
95006
91051.2
85950.5
80223.5
74476.1
68990.9
63941.4
59305.2
55156.5
51371.6
48018.7
45013
42347.2
40011.2
37973.5
36252.2
34784.4
33576.5
32613.9
31845.4
31297.5
30904
30719.9
30583.1
30508.8
30503
30503.3
30504.6
30508.6
30506.2
30507.9
30510.3
30510.1
30508.4
30504.8
30494.8
30488.1
30470.4
30463.2
30463.1
30463.5
30469.4
30491.1
30485.5
30473.5
30457.1
100000
100000
100000
100000
100000
99999.9
99999.5
99998
99991.1
99965.6
99877
99617
98966.2
97581.7
95028.4
91085.3
85995.6
80277.5
74536.2
69057.6
64006.7
59371.6
55217.9
51426.8
48073.6
45066.1
42396.5
40055.9
38012.9
36289.5
34820.2
33606.4
32644.4
31863.9
31313
30913.8
30725.6
30586.9
30511
30504.7
30504.8
30505.9
30509.6
30507
30509.1
30511.1
30510.8
30509
30504.9
30495.4
30490.3
30470.9
30464.2
30464.6
30465.5
30469.7
30489.2
30485.1
30466.7
30446.4
100000
100000
100000
100000
100000
99999.9
99999.5
99998
99991.1
99965.8
99877.7
99618.7
98970.3
97589.9
95042.9
91105.9
86020.7
80303.6
74560.9
69076.7
64025.8
59386.1
55235.1
51445.5
48089
45079.2
42408.9
40068.4
38024.5
36298.7
34825.9
33611.6
32643.6
31869.7
31316
30915.7
30727.8
30588.4
30512.8
30506.1
30506.2
30507.2
30510.6
30507.9
30510.2
30512.1
30511.7
30509.8
30504.9
30496.1
30491.3
30471
30464.9
30465.7
30467.1
30470.3
30486.2
30483.5
30461.1
30437.8
100000
100000
100000
100000
100000
99999.9
99999.6
99998
99991.2
99966.1
99878.5
99621
98976
97601.9
95064.5
91138.8
86063.8
80354.7
74617.3
69138.5
64086.7
59448.2
55292.3
51497.3
48140.6
45129.2
42455.1
40110.5
38061.7
36333.7
34859.2
33639.5
32671.4
31887.1
31330.5
30924.9
30733.2
30592.2
30515
30508
30508
30508.7
30511.8
30509
30511.4
30513.2
30512.7
30510.9
30505.1
30497.1
30492.4
30471.8
30466.4
30467.1
30468.9
30471.3
30482.9
30481.1
30457.7
30432.6
100000
100000
100000
100000
100000
99999.9
99999.6
99998
99991.2
99966.2
99879.1
99622.5
98979.6
97609.1
95077.3
91157.1
86086.3
80378.5
74640.2
69157.1
64104.9
59462
55308.9
51514.7
48155
45141.4
42466.7
40122.1
38072.4
36342.3
34864.9
33644.6
32671.7
31892.8
31333.4
30927
30735.2
30593.7
30516.7
30509.5
30509.4
30510.1
30512.9
30510
30512.5
30514.3
30513.8
30511.9
30505.4
30498
30493.6
30472.5
30467.2
30467.8
30470.1
30471.5
30478.7
30477.3
30454.9
30428.9
100000
100000
100000
100000
100000
99999.9
99999.6
99998
99991.3
99966.5
99879.9
99624.7
98985.1
97620.7
95098.3
91188.8
86127.7
80426.9
74693.2
69214.4
64161.7
59519.7
55362.1
51563.4
48203.5
45188.5
42510.2
40161.6
38107.7
36375
34895.8
33670.6
32696.5
31909.4
31347
30935.6
30740.4
30597.5
30519.1
30511.4
30511.4
30512
30514.5
30511.5
30513.9
30515.9
30515.3
30513.3
30505.9
30499.2
30495.7
30474
30469
30469.2
30471.3
30471.9
30475.5
30473.8
30454.3
30428.8
100000
100000
100000
100000
100000
99999.9
99999.6
99998
99991.4
99966.8
99881.1
99628.2
98993.5
97637.8
95128.5
91232.4
86181.8
80486.1
74751.5
69263.7
64209.4
59555.7
55405.8
51608.4
48240.1
45219.7
42539.8
40191.9
38135
36397.5
34912.1
33684.9
32699.1
31923.9
31354.1
30941.5
30744.2
30599.7
30521.4
30513.7
30513.6
30514.3
30516.6
30514.7
30515.9
30519.3
30518.6
30516.1
30507.3
30501.9
30498.9
30476.6
30471.4
30470.5
30471.6
30470.7
30467.1
30462.9
30450.2
30420.3
100000
100000
100000
100000
100000
99999.9
99999.6
99998
99991.3
99966.6
99880.1
99624.6
98984
97615.8
95087.9
91168
86095.4
80385.2
74649.1
69170.8
64124
59487
55329.7
51531.3
48180.3
45168.8
42489.8
40141
38088.1
36358
34881.6
33658.5
32677.1
31909.3
31343.9
30933.5
30740.7
30599.8
30525.7
30520.4
30520.7
30522.1
30525.4
30522
30524.6
30527.4
30526.5
30522.7
30514.5
30508.5
30505.4
30488.6
30477.9
30473.6
30472.7
30469.3
30454.4
30453.1
30448
30428.4
100000
100000
100000
100000
100000
99999.9
99999.6
99998
99991.4
99966.9
99881.4
99628.3
98993.4
97636.1
95126
91227
86175.1
80481.8
74752.2
69271.1
64216.8
59562.7
55413.9
51609.2
48241.2
45219.7
42541.4
40195.9
38137.7
36402.6
34922.8
33692.2
32710
31934.7
31355.6
30945
30746.1
30603.2
30529.1
30524.1
30524.2
30525.5
30529.2
30527
30529.5
30533.5
30532.3
30528.5
30521.3
30513.9
30510.2
30502.8
30484.3
30478.6
30472.2
30466.2
30451.2
30449.4
30452.5
30436.9
100000
100000
100000
100000
100000
99999.9
99999.6
99998.1
99991.4
99966.8
99881
99626.3
98987.6
97621
95095.8
91174.1
86096.9
80380.3
74640.8
69156.9
64113.7
59469.8
55321.1
51524.5
48177.8
45166.7
42486.8
40139
38086.1
36355
34879.3
33655.5
32666.6
31914.1
31344.6
30930.8
30737.8
30597.6
30525.7
30523
30523.4
30525.3
30530.4
30530.4
30529.2
30536
30535.6
30532.2
30526.9
30516
30508.3
30505
30488.5
30476.7
30461
30459.8
30451.9
30456.7
30466.4
30435
100000
100000
100000
100000
100000
99999.9
99999.6
99998.1
99991.5
99967.1
99881.8
99628.6
98993.9
97635.1
95124.3
91221.2
86166.6
80474.1
74750
69276.3
64224
59575.7
55423.8
51612.1
48242.9
45221.1
42542.5
40197.2
38139
36404.5
34930.4
33698.6
32719.1
31944.7
31359.9
30944.8
30745.2
30601.3
30526.4
30522.5
30522.8
30524.6
30529.8
30533.9
30528.7
30534.7
30536.1
30534
30528.8
30517.7
30509.9
30507.8
30496.6
30474.8
30461.3
30459.9
30455.1
30462.9
30468.3
30415.8
100000
100000
100000
100000
100000
99999.9
99999.6
99998.1
99991.5
99967.1
99881.8
99628
98991.1
97626.3
95103.5
91180.8
86099.8
80377.3
74634
69144.1
64103
59449.9
55310.3
51517.9
48175.9
45166
42485.2
40137.5
38085.2
36351.4
34876.9
33652.7
32659.8
31912.8
31342.7
30926.5
30734.5
30595.2
30520.3
30516.5
30517.1
30519.5
30526.4
30532
30524.4
30528.5
30532.6
30531.7
30527
30515.2
30503.5
30502.7
30492.5
30469.2
30461.9
30457.1
30453.1
30461
30458.4
30398.8
100000
100000
100000
100000
100000
99999.9
99999.6
99998.1
99991.5
99967.3
99882.3
99629.5
98994.9
97635.3
95123.2
91215.8
86156.7
80462.9
74743.9
69278.4
64230.2
59592.7
55435.7
51614.3
48241.7
45220.8
42542.4
40196.9
38139
36404.5
34935.4
33703.4
32727.2
31953.5
31367.6
30947.4
30749.6
30606.9
30527.8
30519.5
30519.8
30521.6
30527.1
30534.9
30524.3
30525
30530.1
30529.7
30526.7
30516.5
30503.5
30501.4
30491
30468.1
30465.4
30461.3
30456.4
30461.3
30455.8
30404
100000
100000
100000
100000
100000
99999.9
99999.6
99998.1
99991.6
99967.4
99882.6
99629.7
98994.3
97631.5
95110.7
91187.9
86103.6
80376.1
74629.1
69133.1
64092.4
59423.7
55296.5
51510.5
48172.3
45164.1
42483
40135.6
38084
36347.8
34874.5
33648
32657.6
31912.4
31340.3
30924.2
30734
30600
30524
30517.4
30517.9
30520.2
30526
30529.9
30519.8
30520.6
30522.8
30522.9
30519.9
30514.3
30500.4
30488.9
30467.5
30460.4
30459.3
30458.8
30454.2
30452.8
30452.1
30415.3
100000
100000
100000
100000
100000
99999.9
99999.6
99998.1
99991.6
99967.5
99883
99630.7
98996.6
97637
95122.9
91211.6
86146.1
80448.4
74733.2
69276
64234.3
59605.8
55448.4
51615.9
48239.4
45219.8
42544.2
40200.7
38142.7
36408.7
34942.9
33710.8
32737.2
31961.6
31373.1
30947.8
30751.8
30611.8
30533.4
30525.3
30525.3
30526.3
30529.4
30532.1
30521.8
30522
30521.1
30520.8
30519.7
30516.6
30502.1
30480.3
30470.1
30468.4
30466.2
30466.6
30464.5
30463.5
30468.9
30442
100000
100000
100000
100000
100000
99999.9
99999.6
99998.1
99991.7
99967.7
99883.3
99631.5
98997.4
97636.7
95117.3
91195
86107.9
80376.3
74626.5
69124.7
64083
59404.5
55281.2
51502.5
48168.2
45161.7
42481.8
40135.9
38084.4
36346.9
34875.9
33645.4
32655.4
31908.8
31335.7
30920.3
30729.3
30596.9
30522.1
30517.1
30517.4
30519
30523.2
30527.9
30517
30516.7
30515.7
30515.5
30514.8
30510.3
30491.6
30468.8
30464.6
30466.8
30466.5
30465.9
30462.9
30459.7
30467.7
30448.4
100000
100000
100000
100000
100000
99999.9
99999.6
99998.1
99991.7
99967.8
99883.7
99632.4
98999
97640
95123.8
91209
86135.4
80431
74717.6
69267.6
64234.8
59617.5
55462.4
51619.1
48238
45219.3
42547.1
40207.4
38149.5
36417.4
34953.5
33719.6
32750.8
31981
31388.9
30952
30751
30606.5
30529.3
30521.1
30521.3
30522.6
30526.5
30531
30519.8
30519.5
30518.3
30518.1
30517.8
30511.2
30503
30477.1
30476.4
30475.7
30487.6
30485.3
30476.1
30472.6
30480.7
30476.6
100000
100000
100000
100000
100000
99999.9
99999.6
99998.1
99991.8
99967.9
99884
99633.3
99000.5
97641.8
95123.2
91202
86111.7
80376.8
74625.7
69119.4
64075.4
59383.3
55265.3
51493.2
48164.6
45160
42482.6
40139
38085.5
36348.1
34879.1
33643.6
32653.5
31899.5
31328.2
30914.2
30725.8
30587.4
30513.5
30507.4
30507.9
30510
30515.3
30524.6
30513.2
30514
30513
30514.5
30514.1
30507.5
30499.8
30475.7
30471.3
30470
30481.9
30477.7
30466.2
30462.5
30462.7
30463.8
100000
100000
100000
100000
100000
99999.9
99999.6
99998.2
99991.8
99968.1
99884.4
99634.2
99002.1
97644.4
95126.6
91209.1
86125.6
80411.8
74697.3
69252
64229.7
59620.3
55472.3
51625.2
48240.7
45221.4
42548.9
40210
38151.3
36422.2
34961.1
33729.5
32764.9
32010.9
31412.9
30960
30754.5
30601.5
30521.1
30511
30511.3
30513.1
30518.1
30528.2
30516.3
30517.8
30517.7
30521.7
30521.2
30517.7
30509.1
30501.6
30501.3
30496.6
30484.1
30479.9
30476.6
30471.1
30466.2
30467.4
100000
100000
100000
100000
100000
99999.9
99999.6
99998.2
99991.9
99968.2
99884.9
99635.3
99003.8
97647
95128.8
91208.6
86114.2
80376.6
74626
69118
64070.9
59369.5
55250.2
51482.7
48160
45157.9
42482.7
40141.2
38084.4
36348.9
34880.7
33642.3
32654
31885.4
31314.6
30899.3
30716.4
30573.3
30493.6
30488.2
30488.9
30491.6
30498.5
30513.4
30501.8
30504.2
30507.1
30513.6
30513
30509.3
30500.9
30493
30492.6
30494.7
30480.2
30471.3
30460
30456.3
30448
30455.8
100000
100000
100000
100000
100000
99999.9
99999.6
99998.2
99991.9
99968.4
99885.3
99636.3
99005.6
97649.8
95131.6
91211.8
86118
80392.6
74672.7
69228.8
64217.7
59616.9
55479.7
51625.4
48237.9
45217.1
42543
40203.8
38144.7
36418.5
34961
33733
32769
32031.2
31434.1
30970.7
30758.7
30597.6
30505
30490.4
30490.9
30493.2
30499.5
30512.3
30501.7
30504.3
30506.3
30513.9
30513.6
30512.5
30508.8
30505.5
30500.5
30500.1
30488.3
30478.9
30479.7
30481.2
30470.7
30478.5
100000
100000
100000
100000
100000
99999.9
99999.6
99998.2
99992
99968.6
99885.8
99637.4
99007.5
97652.8
95134.9
91214
86114.7
80374.2
74625.2
69119.4
64069.5
59371.2
55240.9
51472.6
48153.5
45153.3
42481
40142.2
38083.2
36350.1
34883.9
33645.1
32657.2
31888.4
31307.9
30890.7
30715.6
30577.2
30490.7
30474.8
30475.3
30477.5
30483.4
30495.4
30485.3
30488.1
30490.5
30497.9
30498.2
30496.4
30493.6
30486.9
30484.1
30480.1
30469.1
30464.2
30463.4
30466.6
30458.7
30459.8
100000
100000
100000
100000
100000
99999.9
99999.6
99998.2
99992
99968.7
99886.3
99638.6
99009.6
97655.9
95138.5
91216.4
86114
80375.6
74645.9
69198.7
64197.9
59599
55479.8
51627.9
48237.9
45217
42545.2
40208.7
38149.6
36422.7
34965.9
33739.1
32774.7
32035.4
31446.4
30988.6
30773.1
30611.8
30515.2
30484.3
30484
30485.4
30490.4
30493.5
30486
30488.6
30488
30491.5
30493.4
30493.4
30488.4
30481.8
30480.7
30483.4
30475.7
30471.2
30469.1
30474.7
30472.8
30471.1
100000
100000
100000
100000
100000
99999.9
99999.6
99998.2
99992.1
99968.9
99886.8
99639.7
99011.9
97659.2
95142.6
91218.9
86113.3
80367.9
74620.6
69121
64071.7
59374.6
55233.3
51462.3
48148.3
45149.8
42481
40146.3
38087.7
36356.4
34892.1
33654.5
32667.4
31902
31313
30894
30725
30587.7
30502.2
30474.4
30473.4
30474.8
30479.9
30482.3
30475.5
30478.1
30476.2
30478.4
30479.2
30478.7
30470.8
30463.7
30456.3
30449.6
30448.3
30448.3
30447.7
30451.2
30452.1
30443.1
100000
100000
100000
100000
100000
99999.9
99999.6
99998.2
99992.1
99969
99887.3
99640.9
99014.3
97662.8
95147.1
91221.7
86113.2
80362.7
74620.2
69163
64168.7
59573.4
55473.9
51632.1
48241.8
45218.6
42547.1
40213.9
38156.7
36430.8
34974.5
33747.4
32780.5
32037.9
31457.3
31002.1
30784.3
30616.5
30520.9
30486.4
30483.5
30484.8
30489.7
30489.5
30483.1
30484.7
30481.7
30480.4
30480.9
30479.1
30476.1
30460
30460.4
30461.7
30456.4
30457.3
30457.1
30464.5
30469
30463.6
100000
100000
100000
100000
100000
99999.9
99999.6
99998.3
99992.2
99969.2
99887.8
99642.1
99016.8
97666.7
95152.1
91224.7
86113.6
80357
74608.6
69118.5
64075.9
59378.8
55229.6
51447.3
48137.7
45144.2
42477.9
40145.4
38089
36360.8
34899.8
33664.6
32680.7
31919.4
31327.5
30892
30712.5
30572.4
30488.9
30463.7
30464.3
30465.9
30469.7
30475.7
30469.7
30472.1
30470.5
30470.6
30473.5
30472.6
30473.3
30458.8
30451
30446.9
30452.4
30454.5
30441.8
30439.4
30439
30437.9
100000
100000
100000
100000
100000
99999.9
99999.6
99998.3
99992.2
99969.4
99888.4
99643.4
99019.6
97670.7
95157.4
91228.3
86114.6
80351.4
74599.3
69126.2
64131.2
59540.5
55458.2
51627
48236
45211.2
42535.3
40200.2
38144
36421.8
34970
33747
32781.5
32038.2
31458.9
31007.4
30798.4
30635.9
30542.2
30501.1
30491.4
30492.6
30497.1
30496.7
30489.8
30492.4
30490.3
30488.7
30488.9
30488.9
30484.7
30472.6
30471.9
30469.8
30467.5
30467.9
30467.2
30467.3
30478.7
30471.9
100000
100000
100000
100000
100000
99999.9
99999.6
99998.3
99992.3
99969.6
99888.9
99644.8
99022.4
97675.1
95163.1
91232.6
86116
80345.9
74589.2
69106.2
64076.7
59386.4
55232.9
51434.8
48129.2
45140.6
42475.8
40144.2
38089
36362.7
34904.8
33671.3
32688.2
31927.3
31335.5
30895.5
30707.8
30568.2
30490.1
30474.5
30474.8
30476.4
30480.7
30486.9
30481.5
30483.9
30484.1
30485.5
30490.3
30490.2
30488.6
30480.6
30472.9
30466.8
30463.5
30465.7
30466.5
30455.7
30453.9
30452.4
100000
100000
100000
100000
100000
99999.9
99999.6
99998.3
99992.3
99969.7
99889.5
99646.2
99025.3
97679.8
95169.3
91237.8
86117.5
80340.8
74578.8
69094.8
64090.1
59495.9
55427.4
51636.2
48243.8
45215.5
42542.9
40210.7
38153.1
36428.2
34975.2
33751.7
32784.6
32040.9
31465.7
31015.4
30809.7
30647.9
30546
30501.2
30493.3
30494.3
30497.9
30501.2
30496.9
30499.3
30500.8
30500
30505.2
30504.5
30502.6
30493.9
30491.2
30484.4
30480.5
30481.5
30488
30483
30481.6
30480.2
100000
100000
100000
100000
100000
99999.9
99999.6
99998.3
99992.4
99969.9
99890.1
99647.6
99028.3
97684.8
95176
91243.9
86119.4
80336.2
74568
69079.8
64065.7
59393.8
55243.4
51401.8
48094.8
45120
42467.9
40147.2
38098.5
36375.7
34920.4
33689
32707.3
31947.1
31358.5
30909.7
30720
30579
30497.9
30472.3
30472.7
30474.6
30479.5
30489.7
30484.3
30486.1
30490.3
30495.5
30503.2
30503.1
30501.8
30496.9
30484.1
30478.7
30475
30473.8
30477.2
30483.9
30464.1
30459.6
100000
100000
100000
100000
100000
99999.9
99999.6
99998.3
99992.4
99970.1
99890.6
99649.1
99031.4
97690.2
95183.2
91251
86121.6
80332.7
74557.2
69064.5
64053.8
59442.1
55380.6
51632
48259.8
45219.9
42536.5
40202.6
38147.1
36425.1
34974.6
33752.6
32784.6
32039.9
31468
31017.2
30814.9
30653
30553.7
30503.8
30496.4
30497.1
30499.8
30508.5
30502.5
30505
30510.7
30511.8
30519.1
30519
30516.7
30511.1
30497
30493.4
30491.3
30491.1
30489.3
30492.1
30496.1
30480.9
100000
100000
100000
100000
100000
99999.9
99999.6
99998.3
99992.5
99970.3
99891.2
99650.6
99034.6
97695.9
95191
91258.8
86124.7
80330.1
74546.4
69048.1
64035.9
59393.8
55258.4
51390
48066.7
45097.7
42451.4
40136.2
38092.7
36376.9
34928.3
33703.8
32727.4
31970
31382.3
30922.8
30721
30573
30489.8
30471.6
30472.1
30474.7
30481.8
30497.2
30491.7
30495.5
30503.1
30508.7
30520.7
30520.2
30518.1
30513
30499.6
30499.2
30498.2
30498.5
30500.6
30498.8
30501
30495
100000
100000
100000
100000
100000
99999.9
99999.6
99998.3
99992.5
99970.4
99891.8
99652.1
99037.9
97701.9
95199.4
91267.5
86129.1
80328.1
74535.7
69031
64017.5
59390.6
55318.4
51586.2
48263.4
45238.5
42552.5
40210.9
38148.9
36425.2
34974.9
33753.3
32784.7
32038.2
31465.8
31016.1
30819.3
30672
30578.1
30525.7
30515.4
30516
30518.5
30526.4
30520.7
30523.2
30529.2
30530.2
30538.2
30537.6
30536.3
30527.6
30526.8
30526.3
30518.9
30518.5
30522.9
30532.2
30528.5
30506.5
100000
100000
100000
100000
100000
99999.9
99999.6
99998.3
99992.6
99970.6
99892.4
99653.6
99041.3
97708.1
95208.5
91277.1
86135.1
80326.6
74525.6
69013.6
63997
59366.8
55262.3
51422.6
48049.6
45071.6
42440
40139.6
38100.7
36389.7
34943.5
33721.6
32749.8
31998.1
31419.2
30963.9
30761.3
30615.8
30523.9
30485.9
30486.3
30488.5
30494.4
30506.7
30501.5
30504.7
30512.7
30522.4
30533.2
30532.6
30531.6
30529.5
30526.9
30529.5
30526.2
30522.7
30529.6
30545.3
30544.5
30525.9
100000
100000
100000
100000
100000
99999.9
99999.6
99998.4
99992.6
99970.8
99892.9
99655.1
99044.7
97714.4
95218.2
91287.8
86142.8
80325.8
74516.8
68996.2
63975.2
59345.4
55259.9
51505.8
48215.1
45211.4
42530.1
40195.2
38138.2
36420.8
34974.7
33754.9
32787.1
32040.1
31468.1
31017.7
30816.1
30671.5
30574.5
30527.5
30519.7
30520.8
30524.6
30529.2
30525.2
30528.6
30532.4
30533.5
30543.5
30545.3
30544.5
30543.6
30542.1
30544.8
30543.8
30539.8
30544.4
30549.7
30551.3
30541.1
100000
100000
100000
100000
100000
99999.9
99999.7
99998.4
99992.7
99970.9
99893.5
99656.5
99048.2
97721
95228.6
91299.6
86152.1
80326.5
74509.7
68978.8
63951.8
59319.9
55232.2
51434.5
48063.3
45071.7
42439
40142.9
38106.7
36400.7
34960.3
33743.5
32777
32028.9
31454.4
31001.6
30798.2
30657.9
30563.3
30520
30518.6
30519.9
30524.4
30527.4
30523.5
30526.9
30529.3
30528.9
30539.3
30540.6
30540.3
30539.7
30538.6
30537.1
30538.6
30538.6
30532.6
30533
30541.4
30537.8
100000
100000
100000
100000
100000
99999.9
99999.7
99998.4
99992.7
99971
99894
99658
99051.6
97727.8
95239.5
91312.6
86163
80329.7
74504.3
68962.2
63927.4
59292.3
55206.8
51431.5
48135.7
45168.9
42507
40181.4
38129.9
36418.5
34977.4
33761.7
32797.5
32051
31480
31031.4
30831.5
30696.1
30605
30558.9
30552.4
30553.5
30557.7
30558
30553.4
30555.3
30554.7
30552.8
30558
30559.4
30559.1
30558.4
30553.2
30545.2
30542.4
30547.1
30546.1
30544.3
30546.2
30544.2
100000
100000
100000
100000
100000
99999.9
99999.7
99998.4
99992.8
99971.2
99894.5
99659.3
99055
97734.6
95250.8
91326.9
86175.8
80335.8
74500.5
68947.2
63902.9
59262.2
55175.7
51397.7
48068.2
45061.4
42424
40131.8
38101.6
36401.6
34967.3
33757
32798.7
32054.6
31483.9
31032
30821.8
30680.7
30582.7
30543
30543.1
30544.6
30548.6
30555.7
30551.2
30553.1
30552.8
30552
30561
30561.7
30561.8
30559.8
30560.4
30561.3
30554.9
30554.7
30558
30559.9
30557
30560.2
100000
100000
100000
100000
100000
99999.9
99999.7
99998.4
99992.8
99971.3
99894.9
99660.7
99058.3
97741.4
95262.4
91342.4
86190.7
80344.9
74498.8
68934.5
63878.8
59230.3
55141.1
51365.2
48053.1
45092.3
42462.3
40156
38114.4
36410.3
34976.1
33767
32811.9
32069.5
31499.3
31046.6
30830.3
30683.6
30581.6
30542.3
30542.8
30544.2
30548.9
30551.6
30548
30551.4
30550.7
30554.2
30561.8
30562.1
30560.4
30560.8
30566.6
30570.1
30565.3
30556.3
30555.7
30555.4
30568.4
30561.8
100000
100000
100000
100000
100000
99999.9
99999.7
99998.4
99992.8
99971.4
99895.3
99661.9
99061.5
97748.2
95274.2
91359
86207.8
80357.1
74501.3
68925.3
63855.8
59197.5
55103.2
51325.3
48013
45039.4
42397.6
40105.5
38082.4
36394.8
34972.1
33772.4
32827.6
32092.2
31528.6
31080.8
30862.9
30712.6
30615.6
30578.4
30575.1
30576.6
30581.5
30581.2
30574.9
30573
30571.8
30573.3
30576.7
30578.1
30567.1
30560.3
30556.6
30547.7
30549.9
30561.7
30550.8
30541.6
30544.3
30536.6
100000
100000
100000
100000
100000
99999.9
99999.7
99998.4
99992.8
99971.5
99895.7
99663
99064.6
97754.7
95286.2
91376.5
86227.3
80372.8
74508.4
68919.3
63835.5
59165.8
55063
51280
47968.5
45006.8
42386.3
40097.5
38071.6
36383
34966.3
33774
32841.8
32114.5
31559.9
31117.9
30902.5
30749.6
30653.9
30614.9
30614.5
30615.8
30620.2
30620.6
30614.8
30612.6
30609.7
30609.2
30608.1
30602.3
30588.4
30565.5
30554.5
30545.5
30546.3
30545.2
30546.5
30549.1
30537.5
30542.1
100000
100000
100000
100000
100000
99999.9
99999.7
99998.4
99992.9
99971.5
99896
99664
99067.4
97761
95298
91394.5
86248.8
80392.4
74520.6
68917.3
63821.9
59136.5
55021.4
51229.9
47914.2
44954.7
42338.3
40055.1
38039.2
36358.6
34948.6
33763.7
32843.4
32122.1
31573.9
31134.4
30919.3
30755.3
30644.9
30601.3
30601.8
30604.2
30609.7
30608.2
30599.3
30601.4
30599.4
30601.7
30601.5
30598.7
30587.4
30560.1
30552.7
30550.1
30549.4
30541.9
30542.7
30561.2
30545.6
30522.7
100000
100000
100000
100000
100000
99999.9
99999.7
99998.4
99992.9
99971.6
99896.3
99664.8
99069.9
97766.8
95309.4
91412.8
86272.1
80416
74538.4
68922.8
63813.9
59113.4
54981.4
51175.5
47851.2
44888.9
42277.8
40009.1
38010.4
36346
34948.1
33772.5
32865.4
32148.2
31607.6
31174.4
30962
30784.6
30669.7
30616.5
30617
30617.9
30620.2
30618.4
30604.6
30603.2
30599.8
30598.9
30594.5
30582.8
30580.4
30584.4
30550.9
30537.3
30536.3
30535.1
30533.7
30529.7
30521.3
30507.8
100000
100000
100000
100000
100000
99999.9
99999.7
99998.4
99992.9
99971.6
99896.5
99665.6
99072.1
97772
95320.1
91430.9
86296.6
80443.4
74562.3
68936.4
63813.3
59101.6
54948.3
51122.9
47782.3
44808.8
42190.8
39920.4
37933.6
36292.5
34925.4
33778.3
32901.2
32199.9
31684.5
31270.5
31068.6
30894.5
30789.6
30714.7
30697.1
30697.5
30699.4
30698
30686.1
30659.2
30640.5
30615.2
30600.7
30598.3
30594.8
30588.7
30572.6
30562.2
30557.9
30550
30544.9
30544.2
30542.5
30537.5
100000
100000
100000
100000
100000
99999.9
99999.7
99998.4
99992.9
99971.7
99896.7
99666.2
99073.9
97776.6
95330
91448.2
86321.6
80473.9
74592.2
68959.1
63824.7
59096.9
54930.6
51083
47720
44724.7
42085.9
39795.7
37799.4
36157.7
34800.3
33683.3
32854.5
32194.9
31719.2
31334
31149.4
30998.1
30885.4
30797.6
30778.6
30779
30781.3
30780.1
30768
30740.1
30701.7
30634.8
30606.8
30603.4
30597.4
30593
30594.4
30596.5
30585.2
30603.7
30609.7
30580.1
30564.5
30569
100000
100000
100000
100000
100000
99999.9
99999.7
99998.4
99992.9
99971.7
99896.9
99666.6
99075.5
97780.4
95338.6
91464.2
86346
80506.2
74627.4
68991.1
63849.1
59107.2
54922.5
51063
47680.7
44659.1
41992.8
39672.1
37644.4
35972.3
34593.1
33466.4
32644.4
32020.4
31613.3
31277.1
31134.4
30997.6
30882.3
30826.1
30825
30825.4
30827.2
30824.6
30809
30777.9
30746.6
30684.5
30553.5
30552.3
30549.3
30546.6
30537.1
30539.2
30544.4
30536.2
30549.6
30559.5
30527.7
30509.9
100000
100000
100000
100000
100000
99999.9
99999.7
99998.4
99992.9
99971.7
99897
99667
99076.6
97783.4
95345.9
91478.2
86369
80538.7
74665.8
69031.4
63886.9
59135.2
54934.9
51058.1
47662
44626.1
41937.3
39589.2
37531.3
35820.9
34399.2
33230.9
32373.8
31749.4
31359.3
31070.7
30982.7
30888.2
30850.3
30847.4
30846.7
30845.4
30845.8
30841.9
30821.9
30768.2
30674.7
30623.4
30553.1
30455.2
30444.9
30446.4
30449.9
30452.1
30446.5
30477.2
30467.2
30448.3
30449.5
30439.7
100000
100000
100000
100000
100000
99999.9
99999.7
99998.4
99992.9
99971.7
99897
99667.2
99077.5
97785.8
95351.6
91489.8
86389.3
80569.3
74704.7
69077
63935.3
59179.8
54971.4
51083.7
47670.7
44615.4
41912.5
39550.9
37473.3
35735.1
34280.9
33072
32156.4
31485
31053.7
30792.8
30755
30751.3
30752.3
30758.2
30774.3
30808.5
30882
30880.2
30861.8
30812.4
30734
30621
30522.1
30465.2
30438.8
30432.6
30379.1
30375.6
30377.2
30384.1
30401.4
30437.1
30510.1
30585.8
100000
100000
100000
100000
100000
99999.9
99999.7
99998.4
99992.9
99971.7
99897.1
99667.3
99078.1
97787.4
95355.9
91498.7
86406.2
80596.1
74741.1
69123.5
63988.5
59235.5
55026.8
51135
47713.1
44645.1
41926.3
39546.4
37451.9
35698.9
34228.1
32992.7
32035.3
31316
30808.3
30482.1
30469.8
30471.6
30476.1
30489
30520.5
30587.3
30720.7
30821.5
30838.1
30836.2
30827.5
30796.8
30718.2
30567.7
30448.8
30439.1
30440.2
30447
30458.4
30496.7
30559.7
30657.4
30665.6
30660.7
100000
100000
100000
100000
100000
99999.9
99999.7
99998.4
99992.9
99971.7
99897.1
99667.4
99078.5
97788.5
95359
91505.2
86419.2
80617.6
74772.7
69166.4
64040.6
59295
55091.9
51202.2
47778.9
44706.4
41980.8
39591.1
37481.7
35708.9
34217.4
32963.1
31982.9
31238.6
30677
30289.6
30199.4
30183
30185.2
30193.7
30215.8
30263.8
30359.2
30533.7
30769
30821
30794.2
30777.8
30769.5
30755.7
30727
30667.4
30618.8
30621.6
30633.1
30643.3
30667.3
30693.7
30743.4
30759.9
100000
100000
100000
100000
100000
99999.9
99999.7
99998.4
99992.9
99971.7
99897.1
99667.5
99078.7
97789.2
95360.9
91509.5
86428.4
80633.4
74797.9
69202.3
64086.5
59351.2
55157.4
51274.7
47856.5
44786.8
42062.1
39671.2
37557
35776.8
34275.3
33004.5
31998.2
31224.9
30626.5
30201.3
30063.4
29983.3
29984.1
29988.2
30000
30027.6
30086.4
30221.7
30276.5
30391.7
30530.7
30803.5
30882.1
30880.5
30876
30866.8
30850.9
30827.9
30790.6
30740.5
30734.9
30723.9
30702.4
30656.6
100000
100000
100000
100000
100000
99999.9
99999.7
99998.4
99992.9
99971.8
99897.1
99667.5
99078.9
97789.5
95362
91512.1
86434.3
80643.9
74815.8
69229.1
64123.5
59398.7
55215.5
51342.4
47933.6
44872.1
42154.4
39769.8
37659.9
35883.2
34383.5
33111.4
32099.2
31314.3
30688
30226.1
30027.8
29896.7
29895.1
29896.2
29901.4
29916
29948.6
30015.8
30038.3
30089.4
30184.4
30348.4
30638.2
30672.3
30672.1
30671
30667.9
30660.5
30644.1
30610.4
30565.9
30508
30435.3
30383.7
100000
100000
100000
100000
100000
99999.9
99999.7
99998.4
99992.9
99971.8
99897.1
99667.5
99078.9
97789.7
95362.6
91513.5
86437.7
80650.1
74827.1
69246.5
64149.3
59433.8
55260.8
51397.4
47999
44947.7
42239.8
39865.3
37765.1
35998.8
34508.9
33245.7
32242.5
31461.1
30834.5
30363.4
30138.2
29964.3
29865.6
29865.7
29871.5
29880
29895
29924.5
29924.1
29943.8
29993.2
30094.5
30240.8
30252.4
30252.1
30249.3
30241
30237.4
30230.4
30211.1
30215.7
30200.1
30176.2
30168.6
100000
100000
100000
100000
100000
99999.9
99999.7
99998.4
99992.9
99971.8
99897.1
99667.5
99078.9
97789.8
95362.9
91514.2
86439.4
80653.5
74833.3
69256.5
64164.8
59455.5
55290.3
51435
48045.7
45003.8
42304.9
39940.3
37850.5
36095.8
34617.3
33366.1
32378
31608.5
30996.2
30533
30306.1
30116.7
29992
29928.5
29883.7
29884.3
29890
29895.4
29891.8
29897.9
29914.5
29920.5
29947.5
29954.6
29970.2
29977
29979.5
29956.4
29952.5
29950.9
29954.1
29953.9
29941.6
29945.5
100000
100000
100000
100000
100000
99999.9
99999.7
99998.4
99992.9
99971.8
99897.1
99667.5
99078.9
97789.8
95363
91514.6
86440.2
80655
74836.3
69261.5
64172.7
59466.8
55306.3
51455.9
48072.5
45037
42344.6
39987.2
37905.1
36159.3
34689.3
33447.9
32472.7
31714.9
31119.3
30670
30455.1
30267.3
30137.8
30053.8
29986.4
29977
29968.9
29953.7
29920.3
29888.1
29867.4
29848.9
29846.5
29805.5
29803.2
29803.6
29805.9
29812.9
29828.4
29838.2
29845.4
29839.8
29840.1
29845.5
100000
100000
100000
100000
100000
99999.9
99999.7
99998.4
99992.9
99971.8
99897.1
99667.5
99079
97789.9
95363
91514.7
86440.5
80655.6
74837.4
69263.4
64175.8
59471.5
55312.9
51464.6
48083.9
45051.4
42362
40008.3
37930.1
36188.8
34723.2
33486.7
32518.4
31767.2
31181.4
30740.7
30534.8
30350.6
30227.7
30132.5
30053.9
30041.9
30033.7
30016
29973.8
29935.2
29881.6
29784
29735.7
29735.9
29737.5
29742
29749.3
29761.2
29774.4
29782.2
29807.1
29823.3
29823.7
29817.9
30332.7
30201.6
29914.9
29538.8
29327.3
29280.5
29281.3
29284.8
29292.4
29290.6
29279.9
29245.2
29157.6
28963.5
28563.7
27887.6
27099.5
26201
25064.4
23826.9
30372.9
30276.3
30052.2
29692.3
29453.8
29361.6
29354
29354.3
29353.6
29349.1
29334.1
29294.5
29202.4
29006.3
28608.9
27976.6
27243.9
26414.7
25427.3
24281
30379.6
30273.3
30020.1
29695.3
29477.5
29388.6
29376.3
29376.5
29375.4
29370
29353.5
29312.1
29219.4
29025
28633.8
28055.9
27379.1
26611.1
25725
24694.4
30355.6
30245.8
30065.8
29810.5
29606
29492.2
29456.2
29452.6
29447.7
29437.1
29414.1
29365.7
29266.1
29065
28688.5
28177.4
27566.4
26868.1
26079
25169.8
30325.8
30246.6
30117.2
29884.6
29682.4
29560.4
29511.1
29499.1
29492.7
29479.5
29452.5
29399.4
29293.8
29092.6
28758.9
28306.8
27765.5
27140.9
26437
25630.9
30323.8
30266.2
30160
29960.1
29774.1
29650.9
29590.9
29569.1
29557.6
29538.9
29507.6
29453.4
29347.4
29157.8
28862.2
28453.2
27970.9
27413.5
26781.1
26063.9
30344.5
30298
30210.5
30041.3
29869.3
29747.5
29677.2
29642
29619.1
29592
29553.7
29494.3
29393.6
29223.6
28967.3
28601.7
28177.4
27686.9
27124.6
26497.4
30355.7
30307
30226.1
30078.4
29923.5
29817.6
29749.7
29707.4
29678.6
29648
29605.5
29547.3
29448.7
29297.4
29072.3
28751.9
28377.7
27939.3
27431.3
26871.4
30389.1
30342.2
30273.2
30154.4
30022.3
29918.1
29842.7
29791.7
29754.5
29720.1
29676.4
29615.8
29523.6
29390.1
29193.2
28927
28599.2
28204.9
27748
27256.5
30400.1
30345.9
30277.2
30169.2
30046.8
29957.3
29895.2
29851.5
29815.9
29781.5
29740
29686
29603.9
29492
29326.5
29107.5
28823.4
28475.2
28061.5
27617.7
30450.7
30395.8
30320.1
30225.9
30125.2
30040.6
29975.5
29928
29890.9
29855.8
29816.5
29768.8
29702
29614
29486.4
29312.7
29082.2
28795.6
28439.6
28062.2
30449.5
30409.6
30316.2
30228.2
30133.2
30055.1
30003.7
29965.6
29933
29900.7
29866.2
29825.5
29773.5
29703
29602.4
29466
29283.5
29050.1
28751.6
28426.4
30461.9
30448.7
30410.4
30341.4
30225.4
30159
30105.5
30058.1
30016.5
29978.7
29941.2
29899.3
29850.2
29790.2
29711.6
29607.4
29471
29298.4
29065.5
28809.3
30451.6
30440
30407.9
30324.9
30225.9
30166
30114.3
30073
30040.9
30009.2
29974.5
29934
29887.7
29834.7
29770.6
29687.4
29582.1
29450.8
29274.7
29086
30476.3
30468.5
30441.9
30376
30296
30251.7
30208.8
30173.1
30137.7
30099.2
30053.8
30004.1
29952.7
29899.6
29842.4
29776.2
29691.6
29587
29458.3
29330.4
30455.5
30446.2
30416.9
30355.2
30267.8
30230.2
30196.5
30165.9
30136.7
30103.8
30064.6
30019.7
29970.5
29921.6
29874.1
29823.1
29754.2
29673.7
29578
29491
30468.4
30461.6
30437.8
30403
30308.3
30278.7
30259.2
30242.2
30223.3
30198.7
30165.1
30125.5
30070.3
30013
29942.5
29885.2
29833.4
29768.2
29708.7
29635.4
30436.3
30427.8
30408.4
30378
30303.5
30256.8
30238.4
30228.9
30219.8
30205.2
30180.4
30147.1
30098.9
30049.5
29982.7
29920.2
29864
29801.2
29746.6
29691.9
30450.8
30438.2
30422.7
30392.4
30348.1
30286.8
30269.6
30263.8
30254.7
30239.7
30218.1
30191.2
30150.4
30101.6
30037.5
29970.8
29902.2
29843.2
29796
29766.4
30429.7
30412.1
30373.5
30326.4
30307.4
30249.2
30215.6
30211.4
30209.5
30206.3
30199.7
30186.6
30161
30109.8
30065.2
30030.3
29951.8
29891.6
29849.7
29826.7
30459
30448.5
30430.4
30386.3
30328.9
30245.6
30212.7
30206.7
30205.7
30203.7
30199
30190.7
30165.3
30119
30076.6
30030.6
29981.6
29940.9
29904.3
29887.6
30445.1
30428.6
30383.4
30305.7
30259.8
30192
30117
30110.8
30108.9
30108.5
30109
30106
30102.6
30046.1
29990
29950
29906.2
29867.9
29843.7
29824.3
30474.9
30465.2
30443.9
30407.7
30351.3
30254.6
30193.2
30174.9
30164.5
30145.4
30111.2
30067.6
30021.5
29976.9
29930.9
29888.4
29842.1
29798.6
29768.6
29749.2
30456.3
30449.2
30428.1
30380.6
30292.6
30192.2
30136
30108.9
30087.5
30060.4
30028.1
29992
29954.7
29917.6
29874.6
29828.6
29781.9
29734.9
29703.1
29681.8
30471.2
30463.9
30449.9
30421.7
30363.5
30263.6
30208.2
30185
30175.2
30158.9
30127.3
30093.5
30057.7
30014.7
29969.4
29934
29903
29829.5
29780.1
29751.6
30482.3
30473
30459.1
30434.9
30391.2
30300.2
30229.5
30193
30171.9
30157.8
30141.8
30123.1
30060.2
29994.3
29940.3
29879.6
29819.3
29768.3
29731.8
29729.2
30501.7
30498.2
30490.6
30472.2
30432.6
30344.9
30277.2
30252.5
30242.3
30227.6
30200.3
30165.7
30123.4
30065.4
30012.6
29947.8
29891.8
29850.7
29820.9
29823.1
30518.4
30515.5
30510.1
30495.9
30458.9
30368.5
30309
30291.6
30280.6
30262.2
30236.1
30203.4
30162.9
30109.5
30053.1
29985.4
29931.1
29893.6
29870.4
29870.1
30529
30523
30514.9
30500.7
30467.7
30397.7
30342.1
30326.9
30312.8
30298.5
30277.9
30256
30224.6
30183.1
30132.1
30076.7
30021.1
29979.6
29937.5
29915
30526.3
30515.3
30502.6
30485.5
30449.8
30388.1
30315.4
30286.7
30276.7
30271.6
30274
30245.6
30193.1
30145.7
30091.4
30043.5
30023.3
30011.3
30014.6
30032.3
30538.7
30530.2
30512.9
30480.2
30429.5
30409.1
30339.2
30300.9
30293.7
30288.8
30265.8
30237.3
30209.4
30161.5
30106.7
30061.8
30028.6
30020.1
30018.1
30057.2
30556.4
30542.3
30505.5
30476.2
30431.4
30416.8
30383.2
30322.3
30308.4
30292.3
30246.9
30209
30166.3
30115.9
30061.6
30022
29986.1
29980.3
29978.6
29975.4
30545.1
30529.5
30514.3
30480.3
30453.9
30382.1
30328.4
30307.7
30285.1
30260
30235.4
30206.5
30174
30138.9
30110.2
30056.4
29985.7
29937
29894.8
29866.6
30532.4
30525.7
30508.4
30478.5
30403.1
30334.3
30304.2
30281.8
30258.3
30232.4
30202
30172.1
30137.6
30097.7
30058.5
30030.2
29996.7
29979.4
29959.8
29919.1
30538.9
30530.7
30505.5
30445.2
30356.2
30311.9
30277.5
30264.7
30261.6
30254.6
30247.9
30256.3
30238.6
30142.4
30103.3
30066
30034.9
29985.3
29942.3
29903.4
30508.4
30497.5
30477.4
30441.5
30375.1
30330.3
30315.2
30311.2
30315
30304
30254.8
30226.8
30197.5
30169.9
30109
30058.7
30038.7
30035.7
30060.6
29932.8
30489.3
30474
30434.8
30395.1
30359.8
30330.1
30325.3
30333.8
30320.4
30275.6
30265.5
30254.4
30232.7
30198.7
30152.1
30095.8
30033.6
29983.6
29940
29921.4
30528.2
30516
30487.8
30427.4
30379.4
30327.9
30296.2
30274
30256.1
30244.4
30235.6
30225
30206.6
30181.8
30147.7
30126.1
30082.9
30047.5
30011.4
30001.8
30566.3
30557.7
30542
30483.7
30436.6
30390.7
30367.9
30363.7
30316.9
30264
30240.5
30216.7
30189.6
30159.1
30124.7
30088.1
30050.8
30021
29985.1
29973.6
30507.4
30505.1
30499.3
30485.2
30469
30436.4
30378.9
30347
30322
30305.3
30268.2
30181.5
30138.7
30104.3
30071.5
30035.9
30004.8
29982.9
29967.6
29933.3
30436.3
30465.2
30482.7
30481.2
30471.9
30447.1
30407.3
30368.7
30326.7
30285.6
30246.4
30211.2
30177.2
30150.5
30117.4
30107.4
30096.1
30096.4
30115.8
30041.3
30585.5
30583.9
30578.7
30565.8
30538.7
30502.1
30473.2
30449.5
30423.9
30393.7
30360.5
30332.3
30298.7
30274.6
30242.4
30205.3
30166.9
30148.1
30134.8
30135.3
30650.9
30643.5
30628.1
30618.4
30570.9
30539.2
30537
30538
30549.8
30549.5
30554.2
30514.2
30450.8
30421.8
30394.3
30367.9
30335.2
30289.2
30236.2
30194.7
30757.9
30752.2
30737.4
30706.3
30666.8
30646.6
30637.8
30624.6
30607.1
30571
30523.6
30470.7
30422.2
30383.2
30356.1
30338.9
30328
30346.4
30312.3
30141.6
30600.7
30549.9
30452
30366.1
30326.2
30301.5
30284.8
30270.6
30253.6
30231.8
30199.7
30160.4
30110.5
30054.2
29991.1
29927.6
29864.3
29806.8
29756.2
29720.8
30319.1
30265.6
30184.7
30103
30032.4
29987.3
29955.6
29935.2
29922.5
29908.4
29885.8
29863.6
29822.8
29776.2
29744.7
29726.7
29733.6
29724.1
29533.2
29454.7
30156.8
30140.2
30103.3
30049.6
29922.3
29867.2
29843.9
29790.8
29759.3
29738.7
29722.5
29706.5
29691
29668.5
29574.2
29510.4
29457.4
29413.8
29393.1
29368.7
29944.2
29941.8
29919.9
29886.9
29868.5
29842.6
29816.2
29764.4
29693.6
29653.4
29617.7
29585.3
29554.3
29536.3
29544.6
29483.3
29385.2
29375.2
29374.6
29352.8
29845.6
29842.2
29832.8
29787.9
29772
29768.1
29767.5
29764.5
29758.7
29708.9
29639.3
29592.9
29549
29510.7
29474.6
29441.9
29413.3
29403.4
29387.7
29391.4
29808
29801.8
29783.4
29766.8
29760.4
29757.3
29754.4
29747.5
29747.1
29718.7
29669.6
29649.3
29629
29612.6
29595.9
29559.7
29535.7
29527
29534.3
29541.4
10001.3
10000.1
10000.6
9997.73
10007.2
9990.72
10007.7
9995.24
10002.4
9998.9
10000.5
9999.83
10000.1
9999.98
10000
10000
10000
10000
10000
10000
10000
10000
10000
10000
10000
10000
10000
10000
10000
10000
10003.6
9999.84
10002.9
9993.89
10017.8
9978.73
10016.9
9990.35
10004.5
9998.24
10000.6
9999.8
10000.1
9999.98
10000
10000
10000
10000
10000
10000
10000
10000
10000
10000
10000
10000
10000
10000
10000
10000
10011.7
9997.71
10012.8
9981.24
10049.2
9945.48
10041.9
9977.01
10010.1
9996.31
10001.2
9999.68
10000.1
9999.98
10000
10000
10000
10000
10000
10000
10000
10000
10000
10000
10000
10000
10000
10000
10000
10000
10038
9986.88
10047.5
9947.39
10125.6
9872.05
10096.7
9948.26
10022.4
9992.19
10002.3
9999.42
10000.1
9999.97
10000
10000
10000
10000
10000
10000
10000
10000
10000
10000
10000
10000
10000
10000
10000
10000
10119.9
9943.97
10145.7
9872.24
10281.6
9736.1
10199.2
9894.98
10045.3
9984.36
10004.5
9998.91
10000.2
9999.96
10000
10000
10000
10000
10000
10000
10000
10000
10000
10000
10000
10000
10000
10000
10000
10000
10365.1
9816.38
10359.4
9736.68
10547.9
9537.61
10356.8
9812.43
10082.1
9971.54
10008.2
9998.05
10000.4
9999.93
10000
10000
10000
10000
10000
10000
10000
10000
10000
10000
10000
10000
10000
10000
10000
10000
11028.1
9557.39
10716.8
9546.59
10703.1
9345.53
10548.1
9712.09
10130.2
9954.06
10013.4
9996.79
10000.6
9999.89
10000
10000
10000
10000
10000
10000
10000
10000
10000
10000
10000
10000
10000
10000
10000
10000
12486.8
9393.32
10821.3
9409.96
10578.4
9307.22
10629.6
9632.11
10176.6
9935.6
10019.4
9995.25
10001
9999.83
10000
10000
10000
10000
10000
10000
10000
10000
10000
10000
10000
10000
10000
10000
10000
10000
15047.4
10343.8
10846.9
9483.88
10231.7
9476.88
10544.4
9624.06
10197.1
9923.26
10024.4
9993.82
10001.3
9999.77
10000
10000
10000
10000
10000
10000
10000
10000
10000
10000
10000
10000
10000
10000
10000
10000
16728.6
14748.8
11186.5
9723.75
9892.33
9814.79
10306.8
9702.56
10178.3
9923.85
10026.1
9993.02
10001.5
9999.73
10000
9999.99
10000
10000
10000
10000
10000
10000
10000
10000
10000
10000
10000
10000
10000
10000
17527.9
16993
13552.8
10171.3
9794.76
10203.3
10035.2
9836.51
10127.3
9937.49
10023.8
9993.2
10001.6
9999.7
10000
9999.99
10000
10000
10000
10000
10000
10000
10000
10000
10000
10000
10000
10000
10000
10000
17901.3
17699.6
16892.9
11249.5
9907.86
10274.4
9918.51
9958.69
10074.4
9956.16
10018.9
9994.15
10001.4
9999.72
10000
9999.99
10000
10000
10000
10000
10000
10000
10000
10000
10000
10000
10000
10000
10000
10000
18312.3
17998.2
17901.7
14826.7
10061.7
10148.9
10011.3
9966.91
10053.7
9968.26
10014.7
9995.24
10001.2
9999.75
10000
9999.99
10000
10000
10000
10000
10000
10000
10000
10000
10000
10000
10000
10000
10000
10000
18625.3
18450.2
18339.8
17539.2
10801.4
10093
10185.7
9898.06
10066.2
9969.1
10013.1
9995.89
10001.1
9999.78
10000
9999.99
10000
10000
10000
10000
10000
10000
10000
10000
10000
10000
10000
10000
10000
10000
18850.1
18787.8
18637.1
18514.8
14103.8
10105.3
10317.2
9844.58
10089.2
9964.44
10013.4
9996.09
10001
9999.8
10000
10000
10000
10000
10000
10000
10000
10000
10000
10000
10000
10000
10000
10000
10000
10000
19015.3
19035.4
18882.2
18928.6
17327.8
10373.1
10461.6
9819.55
10107.2
9960.1
10014.1
9996.14
10000.9
9999.81
10000
10000
10000
10000
10000
10000
10000
10000
10000
10000
10000
10000
10000
10000
10000
10000
19200.5
19266.8
19141.9
19211.3
18317.5
12133.1
10374.1
9871.75
10116.2
9956.82
10014.9
9996.11
10000.9
9999.83
10000
10000
10000
10000
10000
10000
10000
10000
10000
10000
10000
10000
10000
10000
10000
10000
19286.4
19433.1
19349.7
19441.7
19279.4
16160.9
10020.8
10158.4
10057.7
9965.53
10014.5
9996.13
10000.9
9999.83
10000
10000
10000
10000
10000
10000
10000
10000
10000
10000
10000
10000
10000
10000
10000
10000
19317.5
19614
19601.1
19765.7
19749
17511.4
10202.5
10643.4
9917.33
10008.5
10007
9997.15
10000.8
9999.85
10000
10000
10000
10000
10000
10000
10000
10000
10000
10000
10000
10000
10000
10000
10000
10000
19321.5
19775.8
19869
20040.4
19986.5
18619.7
12096
10614.2
9839.87
10063.2
9992.45
10000
10000.4
9999.89
10000
10000
10000
10000
10000
10000
10000
10000
10000
10000
10000
10000
10000
10000
10000
10000
19282.5
19855.9
20074.6
20222.6
20118.1
19388
15856.4
9982.74
10054.5
10052.9
9986.81
10002.6
9999.86
9999.97
10000
10000
10000
10000
10000
10000
10000
10000
10000
10000
10000
10000
10000
10000
10000
10000
19239.9
19882.8
20210.1
20351.5
20222.6
19732.5
16644.9
9630.98
10541.9
9939
10007.3
10000.8
9999.81
10000
10000
10000
10000
10000
10000
10000
10000
10000
10000
10000
10000
10000
10000
10000
10000
10000
19224.4
19885.5
20305.2
20455.9
20339.2
19906
17301.8
10155
10871.4
9827.11
10042.7
9994.63
10000.6
9999.96
10000
10000
10000
10000
10000
10000
10000
10000
10000
10000
10000
10000
10000
10000
10000
10000
19184.1
19874.6
20384.2
20587.9
20514.9
20243.6
18656.3
11801.9
10659.3
9841.76
10060.5
9989.7
10001.6
9999.84
10000
10000
10000
10000
10000
10000
10000
10000
10000
10000
10000
10000
10000
10000
10000
10000
19155.7
19786.2
20418.1
20732.4
20726.5
20673.9
20010.1
15101.9
10133.3
10015.5
10040.9
9991.25
10001.8
9999.78
10000
10000
10000
10000
10000
10000
10000
10000
10000
10000
10000
10000
10000
10000
10000
10000
19143.6
19728.4
20427.6
20848.1
20915.9
20866.4
20419.3
16983.1
9792.35
10271.7
9991.92
9999.25
10001.1
9999.83
10000
10000
10000
10000
10000
10000
10000
10000
10000
10000
10000
10000
10000
10000
10000
10000
19112.8
19652.5
20429.7
20942
21043.2
20969.6
20575.4
17415.8
9882.92
10475.1
9951.01
10008.8
9999.83
9999.96
10000
10000
10000
10000
10000
10000
10000
10000
10000
10000
10000
10000
10000
10000
10000
10000
19095.9
19570.5
20426.6
20998.2
21149.6
21064.4
20670.1
17826.6
10433.5
10532.3
9942.03
10015.1
9998.92
10000.1
10000
10000
10000
10000
10000
10000
10000
10000
10000
10000
10000
10000
10000
10000
10000
10000
19086.5
19496.6
20407.2
21026.4
21245.3
21178.2
20826.8
18416.8
11555.8
10442.6
9970.41
10016.2
9998.67
10000.2
10000
10000
10000
10000
10000
10000
10000
10000
10000
10000
10000
10000
10000
10000
10000
10000
19076
19441.2
20355.6
21072.4
21331.9
21309
21057.9
19216.7
13188.4
10238.3
10029.8
10013.4
9999.12
10000.2
9999.99
10000
10000
10000
10000
10000
10000
10000
10000
10000
10000
10000
10000
10000
10000
10000
19069.8
19397.4
20293.7
21096.5
21406.6
21451.5
21282.4
19977.2
14884.8
10131.9
10103.7
10006.6
10000.1
10000.2
10000
10000
10000
10000
10000
10000
10000
10000
10000
10000
10000
10000
10000
10000
10000
10000
19066.2
19365.1
20224.9
21106.6
21463.1
21596
21456.1
20498.6
16207.6
10152.2
10174.6
10001.2
10001.4
10000.1
10000
10000
10000
10000
10000
10000
10000
10000
10000
10000
10000
10000
10000
10000
10000
10000
19060
19334.4
20158.9
21109.2
21503.5
21720.2
21596.1
20848.3
17152.2
10284.3
10233.2
9998.95
10002.5
10000.1
10000
10000
10000
10000
10000
10000
10000
10000
10000
10000
10000
10000
10000
10000
10000
10000
19053.2
19308.3
20093.4
21108.9
21539.1
21823.6
21713.3
21102
17816.9
10544.1
10280.5
10001.7
10003.5
10000.1
10000
10000
10000
10000
10000
10000
10000
10000
10000
10000
10000
10000
10000
10000
10000
10000
19047
19285.2
20030.8
21097.3
21564.9
21912.9
21810.5
21288
18359.4
10962.1
10306.4
10007.6
10004.3
10000.1
10000
10000
10000
10000
10000
10000
10000
10000
10000
10000
10000
10000
10000
10000
10000
10000
19039.4
19264.3
19973.6
21078.5
21583.9
21984.3
21893.5
21434.9
18847.7
11633.6
10315.2
10017.8
10005
10000.2
10000
10000
10000
10000
10000
10000
10000
10000
10000
10000
10000
10000
10000
10000
10000
10000
19030.5
19244.1
19920.6
21052.7
21595.2
22047.2
21965.8
21558.6
19282.9
12378.9
10320.6
10030.1
10005.5
10000.3
10000
10000
10000
10000
10000
10000
10000
10000
10000
10000
10000
10000
10000
10000
10000
10000
19021.8
19226.6
19873.4
21020.6
21599.8
22102.6
22029.7
21669
19672.5
13116.8
10341.5
10049.2
10006.3
10000.4
10000.1
10000
10000
10000
10000
10000
10000
10000
10000
10000
10000
10000
10000
10000
10000
10000
19013.8
19212.1
19833
20984
21600.6
22149.1
22087
21773.3
20035.9
13897.9
10385.7
10066.9
10007.1
10000.6
10000.1
10000
10000
10000
10000
10000
10000
10000
10000
10000
10000
10000
10000
10000
10000
10000
19006.1
19199.8
19799.9
20943.4
21598.5
22188
22138.3
21871.8
20371.7
14704
10455.9
10086
10008.7
10000.8
10000.1
10000
10000
10000
10000
10000
10000
10000
10000
10000
10000
10000
10000
10000
10000
10000
18997.5
19188.1
19770.9
20901.7
21590
22218.3
22182.2
21962
20668.3
15452.8
10540.1
10106
10010.2
10001
10000.1
10000
10000
10000
10000
10000
10000
10000
10000
10000
10000
10000
10000
10000
10000
10000
18991.3
19181
19745.4
20857.5
21577
22240.7
22221.4
22043.7
20926.6
16126.6
10681.4
10128.9
10012.8
10001.3
10000.1
10000
10000
10000
10000
10000
10000
10000
10000
10000
10000
10000
10000
10000
10000
10000
18988.7
19178.7
19732.4
20811.5
21559.6
22259.2
22256.4
22117
21153.1
16749
10842.4
10150.8
10015.2
10001.6
10000.1
10000
10000
10000
10000
10000
10000
10000
10000
10000
10000
10000
10000
10000
10000
10000
18989.8
19180.3
19727.6
20766.9
21541.3
22272.2
22292.4
22182.9
21351.2
17321.4
11026.5
10178.3
10019.1
10002
10000.2
10000
10000
10000
10000
10000
10000
10000
10000
10000
10000
10000
10000
10000
10000
10000
19008.3
19199.1
19727.5
20726.7
21523.5
22276.6
22332.5
22243
21524.4
17848.8
11221.1
10205.3
10022.3
10002.3
10000.2
10000
10000
10000
10000
10000
10000
10000
10000
10000
10000
10000
10000
10000
10000
10000
19017.4
19208.2
19729.1
20683.8
21495.9
22276.1
22368.6
22299.6
21676.7
18333.4
11446.7
10240.9
10027.5
10002.9
10000.3
10000
10000
10000
10000
10000
10000
10000
10000
10000
10000
10000
10000
10000
10000
10000
19004.9
19202.1
19721.3
20622.1
21447.6
22263.3
22399.5
22351.3
21810.6
18775.3
11672.8
10273.7
10031.6
10003.3
10000.3
10000
10000
10000
10000
10000
10000
10000
10000
10000
10000
10000
10000
10000
10000
10000
18921.2
19152.4
19707.9
20564.1
21412.5
22258.9
22428.1
22400
21937.4
19171.1
11943.6
10319.8
10038.4
10004.1
10000.4
10000
10000
10000
10000
10000
10000
10000
10000
10000
10000
10000
10000
10000
10000
10000
18883.7
19135
19705.3
20541
21401.7
22319.5
22473.1
22455.8
22062.4
19539.8
12217.1
10357.7
10043.3
10004.6
10000.4
10000
10000
10000
10000
10000
10000
10000
10000
10000
10000
10000
10000
10000
10000
10000
19208
19364.8
19813.7
20539.8
21427.6
22405.9
22547.6
22521.9
22147.8
19836.8
12542.9
10416.9
10052
10005.5
10000.5
10000
10000
10000
10000
10000
10000
10000
10000
10000
10000
10000
10000
10000
10000
10000
20552.1
20057.7
20189.2
20582.7
21448.4
22464.6
22706.7
22651.7
22250.2
20267.5
13138.4
10526.4
10067.5
10007.3
10000.7
10000.1
10000
10000
10000
10000
10000
10000
10000
10000
10000
10000
10000
10000
10000
10000
22160.2
20912.4
20896
21035.2
21482.9
22473.1
22859.1
22798.9
22406.3
20622.2
13469.4
10547.9
10067.3
10007.1
10000.6
10000.1
10000
10000
10000
10000
10000
10000
10000
10000
10000
10000
10000
10000
10000
10000
23128.9
21923.3
21540.3
21594.3
21834.8
22458
23006.4
22952
22609.1
21057.7
14182.2
10646.8
10080.3
10008.5
10000.8
10000.1
10000
10000
10000
10000
10000
10000
10000
10000
10000
10000
10000
10000
10000
10000
23934
22806.4
22173.8
22177.9
22259.7
22545.2
23133.8
23096.3
22813.4
21411.1
14757.8
10727.3
10090.7
10009.6
10000.9
10000.1
10000
10000
10000
10000
10000
10000
10000
10000
10000
10000
10000
10000
10000
10000
24598
23573.6
22883.4
22704.7
22737.2
22878.5
23232.1
23238.9
23043.5
21791
15394.1
10820.2
10103.4
10010.8
10001
10000.1
10000
10000
10000
10000
10000
10000
10000
10000
10000
10000
10000
10000
10000
10000
25174.2
24256.2
23562.6
23190.9
23197.4
23246.8
23402
23442.3
23280.9
22139.9
15999.8
10914.3
10116.7
10012.1
10001.1
10000.1
10000
10000
10000
10000
10000
10000
10000
10000
10000
10000
10000
10000
10000
10000
25712.3
24886.9
24211.2
23713.9
23612.3
23620.8
23666.3
23691.4
23554.5
22510.3
16600
11009.5
10130.4
10013.4
10001.2
10000.1
10000
10000
10000
10000
10000
10000
10000
10000
10000
10000
10000
10000
10000
10000
26186.3
25448.5
24797.1
24246.3
24029.5
23970.3
23980.4
23984.1
23868.3
22900.8
17182.7
11102.8
10144
10014.6
10001.3
10000.1
10000
10000
10000
10000
10000
10000
10000
10000
10000
10000
10000
10000
10000
10000
26646.1
25997.6
25372.7
24796.7
24474.5
24326.3
24327.5
24327.8
24231
23332.2
17758.6
11192.8
10157
10015.8
10001.4
10000.1
10000
10000
10000
10000
10000
10000
10000
10000
10000
10000
10000
10000
10000
10000
27042.4
26482
25895.9
25320.4
24923.9
24701
24684
24691.1
24623.4
23811.5
18336.9
11278.1
10169.1
10016.9
10001.5
10000.1
10000
10000
10000
10000
10000
10000
10000
10000
10000
10000
10000
10000
10000
10000
27482.6
26983.6
26463.6
25888.5
25422.7
25106.5
25071.7
25077.9
25039.7
24319.7
18902.4
11357.5
10179.9
10017.8
10001.5
10000.1
10000
10000
10000
10000
10000
10000
10000
10000
10000
10000
10000
10000
10000
10000
27918.8
27459
27018.7
26484.7
25958.2
25556.8
25495.3
25504.2
25476.9
24802.1
19396.1
11427.6
10189.2
10018.5
10001.6
10000.1
10000
10000
10000
10000
10000
10000
10000
10000
10000
10000
10000
10000
10000
10000
28394.1
27948.3
27514.4
27253.4
26654.8
26129.1
25996.9
25990.5
25934.3
25214.7
19742.5
11485.5
10196.8
10019.2
10001.6
10000.1
10000
10000
10000
10000
10000
10000
10000
10000
10000
10000
10000
10000
10000
10000
28763.8
28431.6
28052.7
27771.4
27469.9
26815.2
26626.3
26561.2
26391.4
25526.7
19921.9
11529.7
10202.7
10019.8
10001.7
10000.1
10000
10000
10000
10000
10000
10000
10000
10000
10000
10000
10000
10000
10000
10000
29099.4
28908.1
28618.4
28360.2
28149.1
27659
27372
27227.5
26900.5
25800
19992.6
11565.4
10207.4
10020.3
10001.7
10000.1
10000
10000
10000
10000
10000
10000
10000
10000
10000
10000
10000
10000
10000
10000
29332.2
29239.9
29033.6
28876.2
28732.6
28455
28134.8
27923.1
27455.8
26116.9
20046.6
11594.8
10211.2
10020.8
10001.8
10000.1
10000
10000
10000
10000
10000
10000
10000
10000
10000
10000
10000
10000
10000
10000
29536
29491
29405.6
29286.6
29182.5
29098.5
28738.8
28475.8
27938.3
26476.6
20200.6
11624.4
10214.8
10021.1
10001.8
10000.1
10000
10000
10000
10000
10000
10000
10000
10000
10000
10000
10000
10000
10000
10000
29616.8
29600.8
29578.9
29536
29468.5
29435.7
29188.2
28899.2
28319.4
26774.3
20390.9
11649.9
10218.1
10021.4
10001.8
10000.1
10000
10000
10000
10000
10000
10000
10000
10000
10000
10000
10000
10000
10000
10000
29724.7
29724.5
29707.9
29695.6
29693.6
29535.3
29423.3
29262.4
28774.7
27003.2
20315.3
11658.1
10219.8
10021.6
10001.9
10000.1
10000
10000
10000
10000
10000
10000
10000
10000
10000
10000
10000
10000
10000
10000
29781.3
29780.7
29774.8
29759
29711.7
29631.3
29529.4
29302.8
28762.1
27157.5
20452.8
11671
10221.4
10022
10001.9
10000.1
10000
10000
10000
10000
10000
10000
10000
10000
10000
10000
10000
10000
10000
10000
29868.9
29867
29903.9
29812.9
29739.7
29669.2
29574.7
29355
28816.3
27184
20553.2
11693.9
10224.9
10022.1
10001.9
10000.1
10000
10000
10000
10000
10000
10000
10000
10000
10000
10000
10000
10000
10000
10000
29795.4
29797.7
29797.3
29788.7
29766.2
29693.9
29577.6
29319.9
28721.1
27045.3
20532.1
11718.1
10230.6
10022.6
10001.9
10000.1
10000
10000
10000
10000
10000
10000
10000
10000
10000
10000
10000
10000
10000
10000
29702.3
29703.4
29700.8
29701.3
29672.2
29602.9
29517.5
29322.6
28801
27088.5
20684.4
11733.3
10231.3
10022.5
10001.9
10000.1
10000
10000
10000
10000
10000
10000
10000
10000
10000
10000
10000
10000
10000
10000
29636.3
29638.4
29641.1
29642.7
29616.2
29568
29477
29267
28747.9
27230.1
20934.4
11748.4
10232.5
10022.6
10001.9
10000.1
10000
10000
10000
10000
10000
10000
10000
10000
10000
10000
10000
10000
10000
10000
29701.3
29701.3
29700.4
29694.8
29669.7
29640.4
29573.2
29362.3
28826.4
27295.5
20884.7
11730.5
10229.1
10022.2
10001.9
10000.1
10000
10000
10000
10000
10000
10000
10000
10000
10000
10000
10000
10000
10000
10000
29738.4
29739.2
29780.6
29747
29692
29658.6
29604.4
29469
29002.5
27336.7
20809.6
11733.3
10229.7
10022.3
10001.9
10000.1
10000
10000
10000
10000
10000
10000
10000
10000
10000
10000
10000
10000
10000
10000
29818.4
29843.1
29845.5
29759.4
29744.3
29713.4
29668.9
29552.1
29052.3
27340.4
20772.3
11717.7
10226.6
10022
10001.9
10000.1
10000
10000
10000
10000
10000
10000
10000
10000
10000
10000
10000
10000
10000
10000
29861
29895.2
29840.5
29771.4
29761.1
29738.1
29675.3
29526.1
29094.9
27445.8
20721.5
11703.5
10224.4
10021.7
10001.8
10000.1
10000
10000
10000
10000
10000
10000
10000
10000
10000
10000
10000
10000
10000
10000
29861.5
29859.3
29846
29818.8
29800.4
29767.1
29712.9
29539.7
29003
27432.2
20684.7
11688.6
10222.1
10021.6
10001.8
10000.1
10000
10000
10000
10000
10000
10000
10000
10000
10000
10000
10000
10000
10000
10000
29915.4
29895.5
29923.3
29885.1
29824.1
29791.9
29728.5
29523.7
29001.6
27453.9
20645.7
11678.3
10220.5
10021.4
10001.8
10000.1
10000
10000
10000
10000
10000
10000
10000
10000
10000
10000
10000
10000
10000
10000
29932.6
29888.2
29887
29870.7
29851.4
29841
29783.5
29509.8
28917.9
27326.7
20732.7
11692.1
10222
10021.4
10001.8
10000.1
10000
10000
10000
10000
10000
10000
10000
10000
10000
10000
10000
10000
10000
10000
29976.1
29886.4
29871
29872
29856.9
29848.1
29824
29542.9
28884.5
27250.5
20643.1
11683.3
10220.7
10021.3
10001.8
10000.1
10000
10000
10000
10000
10000
10000
10000
10000
10000
10000
10000
10000
10000
10000
29846.7
29850.7
29846.8
29850.5
29843
29812.8
29799.5
29626.6
28961.4
27322.9
20793.5
11686.8
10219.7
10021
10001.8
10000.1
10000
10000
10000
10000
10000
10000
10000
10000
10000
10000
10000
10000
10000
10000
29941
29934.9
29856.3
29850.2
29844
29799.1
29782.6
29686.7
29105.8
27393.5
20652
11653.4
10214.2
10020.5
10001.7
10000.1
10000
10000
10000
10000
10000
10000
10000
10000
10000
10000
10000
10000
10000
10000
29879.5
29876.4
29882.1
29866.8
29876.8
29848.6
29698.6
29500.9
29024.2
27495.7
20600.9
11637
10211.8
10020.4
10001.7
10000.1
10000
10000
10000
10000
10000
10000
10000
10000
10000
10000
10000
10000
10000
10000
29858.2
29857
29856.5
29854.7
29851.7
29822.4
29739.9
29566.1
29105.5
27520.1
20633.1
11645.7
10212.5
10020.2
10001.7
10000.1
10000
10000
10000
10000
10000
10000
10000
10000
10000
10000
10000
10000
10000
10000
29901.9
29902.9
29906.1
29891.2
29875.9
29850.5
29794
29640.5
29182.4
27571.9
20452.5
11603.5
10205.7
10019.8
10001.7
10000.1
10000
10000
10000
10000
10000
10000
10000
10000
10000
10000
10000
10000
10000
10000
29971.8
29973.5
29964.5
29952.3
29940.3
29906.7
29827.8
29623.4
29042.7
27308.8
20152.4
11596.1
10206.8
10020
10001.7
10000.1
10000
10000
10000
10000
10000
10000
10000
10000
10000
10000
10000
10000
10000
10000
29939
29938.3
29924.3
29916.3
29907
29821.9
29702.7
29449.3
28845.7
27163.6
20476.8
11633.5
10210.7
10020
10001.6
10000.1
10000
10000
10000
10000
10000
10000
10000
10000
10000
10000
10000
10000
10000
10000
29894.1
29899.5
29892.6
29890.5
29909.6
29816.1
29722.7
29555.2
29107.2
27531.9
20332.7
11562.4
10197.7
10018.8
10001.6
10000.1
10000
10000
10000
10000
10000
10000
10000
10000
10000
10000
10000
10000
10000
10000
30006.5
30006.6
29998.5
30025.3
30004.4
29922.7
29866.7
29730.7
29314.6
27615.8
20024.7
11499.9
10188
10017.9
10001.5
10000.1
10000
10000
10000
10000
10000
10000
10000
10000
10000
10000
10000
10000
10000
10000
30133.5
30149.7
30160.2
30123.1
30106.8
30047.3
29983.1
29855.3
29213.2
27216.4
19700.8
11467.1
10184.7
10017.9
10001.5
10000.1
10000
10000
10000
10000
10000
10000
10000
10000
10000
10000
10000
10000
10000
10000
30132.7
30127.6
30100.4
30064.5
30041.3
29943.8
29857.8
29685.8
29123.5
27002
19383.6
11477.6
10190.6
10018.9
10001.6
10000.1
10000
10000
10000
10000
10000
10000
10000
10000
10000
10000
10000
10000
10000
10000
30046.4
30020.3
29953.2
29859.6
29799.7
29655.9
29497.2
29194
28519
26743.8
19865.7
11577.4
10208.6
10020.8
10001.8
10000.1
10000
10000
10000
10000
10000
10000
10000
10000
10000
10000
10000
10000
10000
10000
29645.1
29640.5
29630.5
29590.8
29510
29377.6
29242.7
28954.4
28317.6
26703.3
20625.9
11753.3
10239.2
10023.8
10002.1
10000.2
10000
10000
10000
10000
10000
10000
10000
10000
10000
10000
10000
10000
10000
10000
29359.8
29343.7
29324.4
29286.5
29269.5
29223.5
29147.2
28973.3
28528
27042.7
20990.8
11836
10252.9
10025.4
10002.2
10000.2
10000
10000
10000
10000
10000
10000
10000
10000
10000
10000
10000
10000
10000
10000
29327.7
29287.9
29271.3
29267.7
29261.1
29207.2
29116.7
28935.2
28492.8
27102.4
21651.1
12004.1
10282.3
10027.9
10002.4
10000.2
10000
10000
10000
10000
10000
10000
10000
10000
10000
10000
10000
10000
10000
10000
29385.9
29336.5
29281.5
29284.1
29288.6
29266.5
29229.9
29131.8
28667.9
27281.3
22132.5
12067.7
10289
10028.3
10002.4
10000.2
10000
10000
10000
10000
10000
10000
10000
10000
10000
10000
10000
10000
10000
10000
29390.5
29418.7
29409.4
29375.2
29375.5
29390.1
29370
29199
28759.4
27543.4
22314.1
12079.9
10289.5
10028.3
10002.4
10000.2
10000
10000
10000
10000
10000
10000
10000
10000
10000
10000
10000
10000
10000
10000
29394.7
29369.1
29369
29370.1
29371.8
29366.8
29344.8
29273.9
28996
27811.2
22273.7
12026.8
10278.3
10027
10002.3
10000.2
10000
10000
10000
10000
10000
10000
10000
10000
10000
10000
10000
10000
10000
10000
)
;

boundaryField
{
    inlet
    {
        type            zeroGradient;
    }
    outlet
    {
        type            zeroGradient;
    }
    bottom
    {
        type            symmetryPlane;
    }
    top
    {
        type            symmetryPlane;
    }
    obstacle
    {
        type            zeroGradient;
    }
    defaultFaces
    {
        type            empty;
    }
}


// ************************************************************************* //
