/*--------------------------------*- C++ -*----------------------------------*\
| =========                 |                                                 |
| \\      /  F ield         | OpenFOAM: The Open Source CFD Toolbox           |
|  \\    /   O peration     | Version:  5.x                                   |
|   \\  /    A nd           | Web:      www.OpenFOAM.org                      |
|    \\/     M anipulation  |                                                 |
\*---------------------------------------------------------------------------*/
/*   Windows 32 and 64 bit porting by blueCAPE: http://www.bluecape.com.pt   *\
|  Based on Windows porting (2.0.x v4) by Symscape: http://www.symscape.com   |
\*---------------------------------------------------------------------------*/
FoamFile
{
    version     2.0;
    format      ascii;
    class       volScalarField;
    location    "0.005";
    object      T;
}
// * * * * * * * * * * * * * * * * * * * * * * * * * * * * * * * * * * * * * //

dimensions      [0 0 0 1 0 0 0];

internalField   nonuniform List<scalar> 
10000
(
348.432
348.432
348.432
348.432
348.432
348.432
348.431
348.428
348.415
348.368
348.211
347.782
346.767
344.72
341.167
335.979
329.495
322.313
315.069
307.889
301.426
293.85
290.033
282.181
276.284
273.907
270.458
264.447
259.074
256.727
256.698
257.392
257.338
254.748
250.32
248.086
247.191
247.022
247.192
248.327
253.202
269.527
298.699
329.482
358.702
384.476
405.082
420.082
430.041
435.731
437.99
438.313
437.299
431.95
424.748
422.401
420.145
416.361
415.389
409.405
348.432
348.432
348.432
348.432
348.432
348.432
348.431
348.428
348.416
348.371
348.22
347.807
346.824
344.835
341.359
336.252
329.832
322.681
315.432
308.244
301.682
294.208
290.197
282.052
276.573
274.17
270.01
263.628
258.554
256.543
256.572
257.069
256.393
252.288
248.573
247.249
246.893
246.911
247.309
248.79
254.005
270.899
300.838
332.119
360.783
383.97
400.14
409.538
414.063
415.556
415.21
411.921
407.432
404.052
402.818
403.024
403.353
402.915
403.289
401.439
348.432
348.432
348.432
348.432
348.432
348.432
348.431
348.428
348.416
348.371
348.221
347.809
346.829
344.844
341.375
336.278
329.872
322.742
315.522
308.387
301.74
294.906
289.313
283.802
277.046
273.069
270.52
266.041
260.445
256.688
255.906
256.3
256.692
256.224
253.726
251.229
249.864
249.406
249.385
249.794
252.531
263.928
290.258
319.285
346.497
369.564
387.348
399.81
407.674
411.828
413.276
413.487
412.43
409.314
407.348
407.133
407.212
406.026
405.324
401.571
348.432
348.432
348.432
348.432
348.432
348.432
348.431
348.428
348.417
348.373
348.229
347.83
346.877
344.941
341.54
336.518
330.172
323.073
315.851
308.728
301.874
295.689
288.34
284.854
277.929
271.598
269.03
266.864
262.138
256.794
254.036
253.825
254.18
254.518
254.238
252.66
251.03
250.316
250.199
250.557
253.679
267.429
296.691
326.43
352.351
372.439
387.021
396.817
402.994
406.614
408.127
408.402
407.855
405.593
403.642
403.537
404.034
403.867
403.669
401.093
348.432
348.432
348.432
348.432
348.432
348.432
348.431
348.428
348.417
348.374
348.23
347.833
346.885
344.956
341.566
336.555
330.222
323.141
315.946
308.849
302.046
295.868
288.647
285.147
278.271
272.081
269.56
267.415
262.783
257.55
254.838
254.598
254.954
255.395
255.166
253.617
251.881
251.09
250.934
251.255
254.268
267.761
296.437
325.542
351.065
370.819
384.939
394.744
401.127
405.193
407.455
408.212
408.223
407.666
405.77
405.499
405.777
405.036
404.318
401.117
348.432
348.432
348.432
348.432
348.432
348.432
348.431
348.429
348.417
348.376
348.236
347.851
346.926
345.039
341.709
336.764
330.49
323.44
316.248
309.139
302.329
296.012
288.993
285.232
277.962
272.258
270.004
267.177
261.762
256.665
254.503
254.534
255.04
255.11
253.974
251.757
250.432
249.891
249.829
250.206
253.247
266.708
296.277
326.357
352.24
372.388
386.327
395.134
400.576
404.035
405.869
406.394
406.326
405.437
403.381
403.265
403.917
404.067
403.587
401.011
348.432
348.432
348.432
348.432
348.432
348.432
348.431
348.429
348.417
348.376
348.238
347.855
346.936
345.058
341.741
336.809
330.547
323.511
316.343
309.257
302.48
296.217
289.19
285.514
278.418
272.609
270.295
267.697
262.558
257.457
255.148
255.082
255.563
255.793
254.96
252.592
250.916
250.182
250.055
250.33
252.74
263.916
291.532
321.264
347.404
368.421
383.42
393.406
399.825
403.9
406.134
406.939
407.148
406.684
404.745
404.315
404.749
404.546
403.803
401.077
348.432
348.432
348.432
348.432
348.432
348.432
348.431
348.429
348.418
348.378
348.243
347.87
346.971
345.13
341.865
336.993
330.786
323.784
316.621
309.529
302.732
296.406
289.445
285.611
278.292
272.734
270.515
267.464
261.928
256.887
254.824
254.887
255.46
255.464
253.932
251.327
249.884
249.288
249.212
249.549
252.174
263.922
292.162
322.552
348.977
369.57
384.625
394.366
400.226
403.936
405.818
406.508
406.54
405.535
403.262
402.714
403.295
403.845
403.41
401.089
348.432
348.432
348.432
348.432
348.432
348.432
348.431
348.429
348.418
348.379
348.245
347.875
346.982
345.152
341.901
337.044
330.848
323.857
316.713
309.64
302.875
296.579
289.636
285.867
278.678
273.052
270.804
267.925
262.587
257.538
255.37
255.357
255.919
256.056
254.83
251.895
250.055
249.247
249.102
249.358
251.638
262.292
289.259
319.31
345.689
366.849
382.392
392.724
399.414
403.627
405.886
406.908
407.145
406.61
404.641
403.349
403.667
404.008
403.566
401.196
348.432
348.432
348.432
348.432
348.432
348.432
348.431
348.429
348.418
348.38
348.25
347.888
347.012
345.214
342.01
337.206
331.061
324.105
316.97
309.897
303.105
296.798
289.818
286.009
278.675
273.105
270.881
267.811
262.239
257.142
255.028
255.084
255.709
255.753
254.14
251.086
249.4
248.702
248.596
248.897
251.308
262.281
289.751
320.233
347.053
368.021
383.542
393.716
399.89
403.782
405.841
406.687
406.811
405.953
403.688
402.38
402.757
403.502
403.493
401.291
348.432
348.432
348.432
348.432
348.432
348.432
348.431
348.429
348.419
348.381
348.252
347.893
347.025
345.238
342.049
337.261
331.127
324.179
317.059
310
303.232
296.972
289.953
286.262
279.058
273.329
271.056
268.251
262.885
257.733
255.45
255.408
256.004
256.126
254.823
251.625
249.654
248.798
248.641
248.888
251.11
261.58
288.41
318.494
344.899
365.906
381.581
392.092
398.934
403.287
405.714
406.84
407.141
406.656
404.764
402.89
402.968
403.422
403.596
401.337
348.432
348.432
348.432
348.432
348.432
348.432
348.431
348.429
348.419
348.382
348.256
347.904
347.05
345.292
342.144
337.405
331.318
324.405
317.297
310.242
303.45
297.187
290.121
286.407
279.088
273.373
271.115
268.198
262.657
257.426
255.147
255.151
255.795
255.921
254.408
251.042
249.099
248.275
248.121
248.378
250.668
261.405
288.784
319.222
345.798
366.471
381.699
392.054
398.508
402.692
405.232
406.38
406.713
406.293
404.41
402.479
402.452
402.866
403.655
401.407
348.432
348.432
348.432
348.432
348.432
348.432
348.431
348.429
348.419
348.382
348.258
347.91
347.063
345.317
342.185
337.461
331.386
324.479
317.382
310.337
303.563
297.351
290.226
286.631
279.478
273.55
271.207
268.59
263.29
257.967
255.467
255.358
255.948
256.141
255.011
251.648
249.325
248.274
248.03
248.208
250.079
259.335
284.989
315.463
342.542
363.903
379.475
390.214
397.159
401.615
404.358
405.884
406.472
406.414
405.326
403.154
402.504
402.712
403.488
401.255
348.432
348.432
348.432
348.432
348.432
348.432
348.431
348.429
348.419
348.383
348.261
347.919
347.085
345.364
342.269
337.589
331.558
324.686
317.603
310.566
303.774
297.55
290.404
286.772
279.504
273.62
271.303
268.569
263.099
257.719
255.23
255.154
255.799
256.012
254.72
251.213
248.924
247.917
247.679
247.856
249.641
258.378
283.277
313.943
341.624
363.61
379.455
390.24
397.098
401.398
404.094
405.662
406.245
406.203
405.055
402.945
402.114
402.397
403.305
401.156
348.432
348.432
348.432
348.432
348.432
348.432
348.431
348.429
348.419
348.384
348.264
347.925
347.099
345.389
342.311
337.647
331.627
324.758
317.684
310.652
303.879
297.689
290.512
286.961
279.84
273.799
271.408
268.881
263.616
258.175
255.524
255.36
255.939
256.205
255.136
251.644
249.114
247.962
247.659
247.786
249.257
256.743
279.645
310.214
338.375
361.335
377.987
389.344
396.783
401.243
404.137
405.734
406.345
406.355
405.367
403.235
401.954
402.14
402.977
400.957
348.432
348.432
348.432
348.432
348.432
348.432
348.431
348.429
348.42
348.385
348.266
347.933
347.118
345.431
342.384
337.761
331.781
324.947
317.889
310.868
304.081
297.871
290.702
287.098
279.837
273.901
271.564
268.872
263.407
257.963
255.375
255.239
255.89
256.101
254.839
251.199
248.75
247.687
247.413
247.546
248.944
255.922
277.884
308.693
337.455
361.091
378.171
389.612
396.984
401.413
404.343
405.968
406.513
406.462
405.164
403.038
401.692
401.887
402.799
400.9
348.432
348.432
348.432
348.432
348.432
348.432
348.431
348.429
348.42
348.386
348.269
347.938
347.131
345.455
342.426
337.819
331.85
325.019
317.967
310.947
304.179
297.994
290.81
287.265
280.119
274.075
271.688
269.131
263.806
258.333
255.648
255.468
256.041
256.304
255.109
251.393
248.816
247.672
247.356
247.449
248.59
254.553
274.639
305.485
334.807
359.231
377.149
389.161
396.79
401.438
404.413
406.031
406.594
406.56
405.384
403.212
401.626
401.688
402.451
400.747
348.432
348.432
348.432
348.432
348.432
348.432
348.431
348.429
348.42
348.386
348.271
347.946
347.148
345.492
342.492
337.92
331.989
325.191
318.157
311.151
304.372
298.166
290.998
287.399
280.121
274.188
271.855
269.138
263.635
258.173
255.546
255.381
256.024
256.236
254.899
251.056
248.498
247.417
247.123
247.219
248.307
253.954
273.344
304.298
334.006
358.869
377.153
389.24
396.827
401.494
404.51
406.146
406.691
406.626
405.303
403.126
401.531
401.571
402.278
400.747
348.432
348.432
348.432
348.432
348.432
348.432
348.431
348.429
348.42
348.387
348.273
347.951
347.161
345.517
342.533
337.978
332.058
325.263
318.231
311.221
304.461
298.274
291.1
287.549
280.365
274.344
271.973
269.363
263.963
258.478
255.782
255.59
256.159
256.415
255.101
251.148
248.516
247.388
247.073
247.153
248.143
253.381
271.863
302.715
332.621
357.674
376.227
388.573
396.338
401.133
404.226
405.948
406.584
406.61
405.59
403.406
401.658
401.375
402.027
400.69
348.432
348.432
348.432
348.432
348.432
348.432
348.431
348.429
348.42
348.388
348.275
347.957
347.176
345.549
342.592
338.069
332.183
325.42
318.407
311.416
304.645
298.44
291.288
287.678
280.365
274.475
272.158
269.378
263.813
258.357
255.729
255.547
256.186
256.382
254.927
250.882
248.286
247.238
246.956
247.048
248.035
253.114
271.12
302.036
332.325
357.813
376.636
388.872
396.354
400.964
404.003
405.745
406.415
406.493
405.625
403.556
401.79
401.282
402.005
400.781
348.432
348.432
348.432
348.432
348.432
348.432
348.431
348.429
348.421
348.388
348.277
347.963
347.188
345.573
342.632
338.126
332.251
325.49
318.478
311.478
304.727
298.529
291.387
287.813
280.57
274.619
272.277
269.571
264.073
258.607
255.936
255.741
256.311
256.541
255.099
250.961
248.353
247.265
246.946
247.005
247.844
252.363
268.989
299.688
330.336
356.456
375.943
388.767
396.45
400.996
403.931
405.652
406.362
406.496
405.829
403.861
401.95
401.093
401.843
400.758
348.432
348.432
348.432
348.432
348.432
348.432
348.431
348.429
348.421
348.389
348.279
347.968
347.202
345.602
342.685
338.208
332.365
325.633
318.642
311.663
304.904
298.677
291.586
287.93
280.565
274.776
272.48
269.589
263.97
258.531
255.903
255.71
256.338
256.559
255.153
251.058
248.309
247.117
246.705
246.702
247.256
250.743
264.75
295.195
326.96
354.385
375.071
388.716
396.796
401.405
404.265
405.899
406.541
406.662
405.93
403.916
402.029
400.985
401.729
400.83
348.432
348.432
348.432
348.432
348.432
348.432
348.431
348.429
348.421
348.389
348.281
347.973
347.213
345.625
342.724
338.263
332.431
325.701
318.709
311.719
304.985
298.732
291.739
288.016
280.688
274.982
272.678
269.735
264.177
258.732
256.049
255.834
256.417
256.758
255.715
251.889
248.732
246.969
246.156
245.982
246.185
248.145
257.779
285.366
318.954
348.325
371.115
386.623
396.074
401.376
404.495
406.226
406.868
406.992
406.173
404.031
402.065
400.739
401.409
400.805
348.432
348.432
348.432
348.432
348.432
348.432
348.431
348.429
348.421
348.39
348.283
347.978
347.226
345.651
342.772
338.338
332.534
325.833
318.861
311.89
305.184
298.712
292.467
287.119
281.527
275.603
272.091
269.292
264.706
259.47
256.132
255.484
255.868
256.385
256.177
253.989
250.251
247.686
246.401
246.094
246.221
247.586
254.311
276.331
309.595
340.572
365.605
383.247
394.417
400.724
404.477
406.498
407.218
407.362
406.513
404.262
402.186
400.638
401.233
400.781
348.432
348.432
348.432
348.432
348.432
348.432
348.431
348.43
348.421
348.391
348.285
347.983
347.237
345.672
342.808
338.39
332.598
325.898
318.926
311.935
305.298
298.552
293.311
285.799
282.614
276.739
270.859
268.006
265.634
261.642
257.305
254.766
254.395
254.647
255.166
255.031
253.33
250.457
248.82
248.34
248.371
249.286
254.586
273.542
304.427
334.302
359.685
378.763
391.637
399.254
403.677
406.273
407.267
407.506
406.81
404.593
402.329
400.497
400.945
400.481
348.432
348.432
348.432
348.432
348.432
348.432
348.431
348.43
348.421
348.391
348.287
347.988
347.248
345.697
342.852
338.458
332.692
326.019
319.067
312.1
305.46
298.665
293.585
285.751
282.526
277.361
270.783
267.427
265.623
262.306
257.867
254.664
253.835
253.943
254.49
254.614
253.686
251.527
250.31
250.025
250.104
251.049
256.17
274.316
304.005
332.575
357.12
376.14
389.378
397.93
402.843
405.749
407.118
407.49
407.013
405.043
402.626
400.522
400.814
400.286
348.432
348.432
348.432
348.432
348.432
348.432
348.431
348.43
348.421
348.392
348.288
347.992
347.258
345.717
342.887
338.508
332.753
326.082
319.128
312.146
305.527
298.711
293.7
285.812
282.573
277.62
270.901
267.27
265.639
262.664
258.267
254.843
253.701
253.75
254.185
254.244
253.552
252.129
251.327
251.124
251.182
252.05
257.152
275.482
304.805
332.482
356.098
374.517
387.605
396.427
401.878
405.082
406.7
407.32
407.045
405.451
402.916
400.509
400.612
399.909
348.432
348.432
348.432
348.432
348.432
348.432
348.431
348.43
348.422
348.392
348.29
347.996
347.269
345.739
342.927
338.571
332.84
326.194
319.259
312.302
305.675
298.856
293.863
285.911
282.609
277.833
271.025
267.202
265.605
262.785
258.351
254.891
253.737
253.742
254.043
254.056
253.365
252.276
251.632
251.456
251.501
252.331
257.462
276.189
305.387
332.734
356.101
374
386.632
395.244
400.9
404.387
406.156
406.987
406.95
405.975
403.5
400.732
400.614
399.66
348.432
348.432
348.432
348.432
348.432
348.432
348.431
348.43
348.422
348.392
348.291
348
347.278
345.757
342.96
338.618
332.898
326.253
319.316
312.344
305.731
298.908
293.927
285.995
282.711
277.939
271.112
267.218
265.656
262.996
258.583
254.974
253.614
253.604
253.917
253.95
253.45
252.449
251.811
251.616
251.646
252.429
257.564
276.409
305.268
332.241
355.428
373.254
385.703
394.146
399.881
403.602
405.586
406.512
406.623
406.047
403.89
400.851
400.538
399.303
348.432
348.432
348.432
348.432
348.432
348.432
348.431
348.43
348.422
348.393
348.293
348.004
347.288
345.778
342.997
338.676
332.978
326.357
319.439
312.493
305.868
299.064
294.047
286.123
282.822
278.027
271.202
267.318
265.744
263.055
258.577
254.939
253.644
253.624
253.914
253.947
253.431
252.512
251.916
251.721
251.731
252.469
257.554
276.202
304.917
331.736
354.79
372.613
384.944
393.312
399.087
402.941
405.151
406.21
406.371
406.095
404.504
401.191
400.657
399.1
348.432
348.432
348.432
348.432
348.432
348.432
348.431
348.43
348.422
348.393
348.294
348.008
347.296
345.795
343.027
338.72
333.033
326.413
319.492
312.531
305.918
299.114
294.09
286.204
282.94
278.063
271.249
267.417
265.859
263.163
258.651
254.958
253.584
253.586
253.92
253.964
253.521
252.598
251.981
251.755
251.741
252.453
257.45
276.003
304.847
331.696
354.674
372.457
384.639
392.823
398.551
402.449
404.8
405.985
406.166
405.978
404.667
401.294
400.613
398.81
348.432
348.432
348.432
348.432
348.432
348.432
348.431
348.43
348.422
348.394
348.295
348.011
347.305
345.814
343.062
338.774
333.107
326.51
319.607
312.671
306.049
299.263
294.208
286.33
283.052
278.154
271.341
267.525
265.959
263.226
258.638
254.925
253.637
253.633
253.964
254.005
253.545
252.594
251.923
251.635
251.606
252.325
257.319
275.897
304.834
331.729
354.719
372.558
384.708
392.708
398.367
402.233
404.654
405.939
406.177
406.014
404.945
401.576
400.697
398.628
348.432
348.432
348.432
348.432
348.432
348.432
348.431
348.43
348.422
348.394
348.297
348.015
347.313
345.83
343.09
338.815
333.158
326.562
319.656
312.706
306.092
299.313
294.228
286.414
283.178
278.138
271.361
267.659
266.096
263.284
258.648
254.905
253.577
253.605
254.006
254.067
253.609
252.554
251.834
251.548
251.519
252.217
257.149
275.598
304.533
331.397
354.358
372.322
384.633
392.562
398.215
402.096
404.568
405.913
406.204
406.028
405.005
401.609
400.621
398.38
348.432
348.432
348.432
348.432
348.432
348.432
348.432
348.43
348.422
348.394
348.298
348.018
347.322
345.848
343.122
338.865
333.228
326.653
319.765
312.838
306.216
299.459
294.334
286.547
283.31
278.19
271.447
267.838
266.247
263.295
258.566
254.879
253.708
253.753
254.152
254.15
253.535
252.457
251.784
251.54
251.522
252.183
256.887
274.778
303.572
330.341
353.313
371.476
384.097
392.145
397.865
401.856
404.429
405.848
406.203
406.059
405.108
401.744
400.631
398.224
348.432
348.432
348.432
348.432
348.432
348.432
348.432
348.43
348.422
348.395
348.299
348.021
347.329
345.863
343.149
338.903
333.275
326.702
319.81
312.869
306.254
299.501
294.348
286.623
283.417
278.158
271.462
267.979
266.372
263.291
258.514
254.87
253.719
253.808
254.23
254.173
253.411
252.35
251.741
251.562
251.567
252.187
256.696
274.21
303.172
329.827
352.377
370.356
383.145
391.366
397.146
401.367
404.136
405.681
406.101
406.004
405.101
401.763
400.55
398.01
348.432
348.432
348.432
348.432
348.432
348.432
348.432
348.43
348.422
348.395
348.3
348.024
347.337
345.879
343.179
338.95
333.341
326.786
319.912
312.994
306.374
299.64
294.454
286.753
283.546
278.212
271.557
268.173
266.523
263.273
258.414
254.893
253.928
254.039
254.418
254.199
253.154
252.197
251.698
251.571
251.595
252.199
256.546
273.75
302.963
329.785
352.138
369.765
382.425
390.648
396.352
400.7
403.663
405.368
405.879
405.865
405.094
401.89
400.574
397.89
348.432
348.432
348.432
348.432
348.432
348.432
348.432
348.43
348.422
348.395
348.301
348.027
347.344
345.893
343.203
338.986
333.384
326.831
319.954
313.022
306.407
299.674
294.47
286.814
283.626
278.188
271.571
268.288
266.613
263.236
258.355
254.911
253.967
254.113
254.465
254.157
252.971
252.032
251.548
251.422
251.447
252.035
256.236
273.209
302.774
329.921
352.232
369.604
382.058
390.137
395.619
399.872
402.931
404.794
405.432
405.52
404.943
401.977
400.567
397.714
348.432
348.432
348.432
348.432
348.432
348.432
348.432
348.43
348.423
348.396
348.302
348.03
347.351
345.908
343.231
339.03
333.446
326.912
320.05
313.14
306.522
299.806
294.578
286.938
283.748
278.26
271.676
268.459
266.743
263.244
258.322
254.962
254.138
254.289
254.63
254.224
252.879
251.83
251.251
251.074
251.087
251.67
255.806
272.657
302.485
330.02
352.498
369.749
382.017
389.938
395.232
399.302
402.366
404.32
405.066
405.224
404.825
402.15
400.675
397.634
348.432
348.432
348.432
348.432
348.432
348.432
348.432
348.43
348.423
348.396
348.303
348.033
347.357
345.921
343.253
339.062
333.486
326.953
320.088
313.165
306.551
299.834
294.588
286.99
283.81
278.235
271.689
268.541
266.804
263.235
258.305
254.944
254.095
254.277
254.651
254.302
252.929
251.706
251.019
250.803
250.812
251.382
255.4
271.89
301.733
329.58
352.37
369.764
382.061
389.936
395.047
398.896
401.837
403.805
404.611
404.819
404.575
402.19
400.698
397.497
348.432
348.432
348.432
348.432
348.432
348.432
348.432
348.43
348.423
348.396
348.304
348.035
347.364
345.935
343.28
339.104
333.545
327.029
320.18
313.277
306.662
299.957
294.704
287.103
283.919
278.346
271.801
268.653
266.907
263.326
258.36
254.976
254.171
254.347
254.759
254.42
253.018
251.7
250.965
250.737
250.744
251.297
255.165
271.159
300.841
328.846
351.897
369.494
381.927
389.9
394.982
398.721
401.551
403.507
404.336
404.565
404.416
402.226
400.739
397.421
348.432
348.432
348.432
348.432
348.432
348.432
348.432
348.43
348.423
348.396
348.305
348.038
347.37
345.947
343.3
339.134
333.581
327.066
320.213
313.299
306.687
299.978
294.711
287.144
283.964
278.329
271.806
268.697
266.944
263.334
258.358
254.954
254.115
254.314
254.755
254.442
253.059
251.702
250.956
250.728
250.739
251.285
255.044
270.644
300.178
328.285
351.526
369.27
381.811
389.866
394.951
398.617
401.357
403.263
404.074
404.306
404.222
402.146
400.674
397.288
348.432
348.432
348.432
348.432
348.432
348.432
348.432
348.43
348.423
348.397
348.306
348.04
347.376
345.96
343.326
339.174
333.637
327.138
320.301
313.405
306.793
300.101
294.817
287.264
284.079
278.422
271.919
268.83
267.058
263.41
258.404
255.002
254.212
254.403
254.845
254.511
253.077
251.732
251.013
250.799
250.811
251.336
254.935
269.996
299.39
327.679
351.194
369.128
381.753
389.859
394.952
398.574
401.265
403.137
403.935
404.174
404.126
402.101
400.635
397.216
348.432
348.432
348.432
348.432
348.432
348.432
348.432
348.43
348.423
348.397
348.307
348.043
347.381
345.971
343.344
339.2
333.669
327.171
320.33
313.424
306.813
300.119
294.812
287.305
284.121
278.37
271.917
268.901
267.096
263.36
258.35
254.985
254.199
254.42
254.868
254.501
253.005
251.696
251.031
250.848
250.867
251.387
254.9
269.633
298.794
327.128
350.9
369.098
381.874
390.009
395.06
398.626
401.259
403.076
403.839
404.074
404.031
402.001
400.528
397.095
348.432
348.432
348.432
348.432
348.432
348.432
348.432
348.43
348.423
348.397
348.308
348.045
347.387
345.984
343.368
339.238
333.723
327.241
320.414
313.525
306.914
300.242
294.906
287.436
284.247
278.43
272.035
269.092
267.232
263.377
258.354
255.056
254.356
254.581
255.002
254.542
252.907
251.667
251.063
250.9
250.919
251.43
254.913
269.584
298.654
326.897
350.662
368.982
381.934
390.178
395.234
398.736
401.315
403.085
403.825
404.05
404.005
401.98
400.492
397.034
348.432
348.432
348.432
348.432
348.432
348.432
348.432
348.43
348.423
348.397
348.308
348.047
347.392
345.993
343.385
339.262
333.752
327.27
320.44
313.541
306.93
300.254
294.896
287.471
284.278
278.361
272.032
269.18
267.259
263.267
258.256
255.052
254.393
254.653
255.049
254.489
252.736
251.541
250.981
250.83
250.846
251.35
254.851
269.647
298.806
327.018
350.7
368.98
381.977
390.278
395.365
398.863
401.412
403.132
403.844
404.052
403.989
401.939
400.43
396.948
348.432
348.432
348.432
348.432
348.432
348.432
348.432
348.43
348.423
348.398
348.309
348.049
347.398
346.006
343.408
339.299
333.804
327.337
320.52
313.638
307.029
300.369
295.002
287.586
284.393
278.454
272.155
269.347
267.38
263.3
258.289
255.15
254.557
254.816
255.187
254.551
252.68
251.427
250.81
250.616
250.616
251.095
254.645
269.737
299.141
327.387
350.973
369.134
382.058
390.317
395.414
398.936
401.513
403.217
403.9
404.081
404
401.949
400.417
396.922
348.432
348.432
348.432
348.432
348.432
348.432
348.432
348.43
348.423
348.398
348.31
348.051
347.402
346.014
343.422
339.32
333.829
327.362
320.542
313.65
307.042
300.37
295.001
287.596
284.4
278.417
272.141
269.369
267.372
263.238
258.235
255.127
254.537
254.822
255.215
254.609
252.697
251.274
250.523
250.255
250.236
250.708
254.356
269.854
299.496
327.725
351.204
369.315
382.222
390.431
395.472
398.982
401.574
403.278
403.958
404.122
404.016
401.962
400.419
396.908
348.432
348.432
348.432
348.432
348.432
348.432
348.432
348.43
348.423
348.398
348.311
348.053
347.408
346.026
343.445
339.356
333.879
327.427
320.62
313.743
307.141
300.479
295.12
287.702
284.511
278.562
272.272
269.479
267.49
263.379
258.36
255.216
254.631
254.911
255.349
254.811
252.853
251.225
250.36
250.059
250.039
250.514
254.22
269.922
299.69
327.865
351.223
369.273
382.167
390.365
395.39
398.93
401.554
403.278
403.98
404.14
404.027
402.035
400.496
396.966
348.432
348.432
348.432
348.432
348.432
348.432
348.432
348.43
348.423
348.398
348.311
348.055
347.411
346.033
343.458
339.374
333.901
327.45
320.643
313.757
307.158
300.487
295.12
287.73
284.535
278.549
272.271
269.493
267.523
263.427
258.383
255.209
254.594
254.892
255.359
254.85
252.894
251.214
250.331
250.028
250.008
250.475
254.193
269.988
300
328.092
351.138
369.049
381.982
390.198
395.209
398.794
401.459
403.218
403.954
404.119
403.991
402.062
400.535
397.003
348.432
348.432
348.432
348.432
348.432
348.432
348.432
348.43
348.423
348.399
348.312
348.057
347.417
346.046
343.481
339.413
333.96
327.526
320.735
313.869
307.273
300.635
295.239
287.878
284.688
278.715
272.408
269.597
267.664
263.629
258.533
255.263
254.607
254.886
255.374
254.915
253.021
251.306
250.387
250.062
250.034
250.483
254.162
269.868
300.102
328.393
351.287
368.826
381.489
389.69
394.81
398.573
401.364
403.21
404.016
404.219
404.106
402.384
400.915
397.351
348.432
348.432
348.432
348.432
348.432
348.432
348.432
348.43
348.423
348.399
348.313
348.061
347.425
346.062
343.509
339.451
334.001
327.565
320.761
313.878
307.259
300.61
295.196
287.817
284.625
278.653
272.264
269.387
267.499
263.552
258.415
255.041
254.285
254.583
255.13
254.805
253.18
251.454
250.473
250.097
250.046
250.436
253.892
268.963
299.198
328.053
351.502
369.062
381.225
388.915
393.637
397.048
399.85
401.847
402.829
403.111
403.063
401.498
400.03
396.692
348.432
348.432
348.432
348.432
348.432
348.432
348.432
348.43
348.423
348.399
348.312
348.057
347.416
346.04
343.469
339.387
333.915
327.463
320.66
313.785
307.191
300.53
295.191
287.722
284.542
278.765
272.306
269.301
267.486
263.745
258.634
255.162
254.37
254.662
255.294
255.139
253.849
251.951
250.74
250.221
250.126
250.513
254.069
269.417
299.276
327.718
351.129
368.97
381.479
389.41
394.192
397.488
400.019
401.801
402.652
402.889
402.752
401.14
399.585
396.731
348.432
348.432
348.432
348.432
348.432
348.432
348.432
348.43
348.423
348.399
348.314
348.061
347.425
346.06
343.507
339.446
333.995
327.562
320.764
313.889
307.277
300.605
295.264
287.774
284.59
278.78
272.286
269.259
267.463
263.756
258.59
255.025
254.16
254.44
255.089
254.991
253.839
251.905
250.62
250.048
249.93
250.303
253.836
269.131
299.11
327.594
350.967
368.739
381.152
389.005
393.801
397.223
399.792
401.55
402.338
402.548
402.381
400.801
399.46
396.677
348.432
348.432
348.432
348.432
348.432
348.432
348.432
348.43
348.423
348.399
348.313
348.059
347.419
346.046
343.477
339.393
333.916
327.456
320.648
313.765
307.178
300.496
295.187
287.696
284.517
278.795
272.292
269.23
267.445
263.787
258.664
255.101
254.238
254.551
255.245
255.174
254.097
252.118
250.752
250.131
250.005
250.369
253.681
268.167
297.811
326.688
350.81
369.33
382.279
390.359
395.113
398.376
400.753
402.319
402.991
403.194
403.042
401.705
399.789
397.047
348.432
348.432
348.432
348.432
348.432
348.432
348.432
348.43
348.424
348.399
348.314
348.061
347.426
346.06
343.506
339.441
333.986
327.554
320.764
313.898
307.292
300.616
295.308
287.764
284.574
278.838
272.31
269.227
267.459
263.829
258.67
255.059
254.168
254.453
255.135
255.09
254.073
252.104
250.709
250.048
249.899
250.217
253.295
267.216
296.916
325.931
350.069
368.683
381.769
389.989
394.901
398.391
401.039
402.688
403.452
403.661
403.522
402.359
400.622
397.448
348.432
348.432
348.432
348.432
348.432
348.432
348.432
348.43
348.424
348.399
348.314
348.061
347.423
346.051
343.485
339.4
333.918
327.452
320.638
313.746
307.164
300.457
295.181
287.67
284.492
278.829
272.28
269.166
267.408
263.811
258.696
255.073
254.157
254.475
255.205
255.174
254.233
252.261
250.809
250.109
249.943
250.243
253.171
266.671
296.246
325.219
349.216
367.732
380.939
389.343
394.379
398.023
400.89
402.801
403.878
404.26
404.242
403.588
401.483
398.123
348.432
348.432
348.432
348.432
348.432
348.432
348.432
348.43
348.424
348.399
348.315
348.062
347.427
346.06
343.505
339.435
333.977
327.543
320.758
313.903
307.306
300.633
295.352
287.757
284.551
278.894
272.332
269.185
267.448
263.904
258.761
255.09
254.166
254.444
255.142
255.128
254.218
252.283
250.832
250.102
249.917
250.169
252.853
265.687
295.128
324.369
348.404
366.775
379.871
388.176
393.213
396.97
400.114
402.286
403.625
404.15
404.202
403.808
402.074
398.54
348.432
348.432
348.432
348.432
348.432
348.432
348.432
348.43
348.424
348.399
348.315
348.062
347.426
346.056
343.492
339.407
333.922
327.449
320.631
313.729
307.151
300.405
295.183
287.633
284.45
278.893
272.278
269.06
267.353
263.891
258.789
255.063
254.075
254.379
255.119
255.12
254.306
252.401
250.909
250.161
249.971
250.205
252.628
264.315
292.868
322.651
347.711
367.128
380.964
389.571
394.53
397.926
400.653
402.645
403.908
404.481
404.566
404.271
402.721
399.127
348.432
348.432
348.432
348.432
348.432
348.432
348.432
348.43
348.424
348.4
348.315
348.063
347.428
346.061
343.504
339.431
333.966
327.528
320.747
313.901
307.317
300.644
295.399
287.746
284.519
278.963
272.359
269.127
267.427
263.993
258.862
255.131
254.176
254.432
255.115
255.116
254.267
252.367
250.896
250.134
249.931
250.133
252.389
263.608
292.019
322.1
347.239
366.69
380.56
389.201
394.243
397.768
400.721
402.827
404.12
404.653
404.737
404.347
402.603
399.244
348.432
348.432
348.432
348.432
348.432
348.432
348.432
348.43
348.424
348.4
348.316
348.064
347.429
346.061
343.499
339.414
333.926
327.449
320.626
313.716
307.139
300.365
295.178
287.604
284.413
278.943
272.279
268.976
267.313
263.964
258.87
255.068
254.027
254.319
255.055
255.058
254.284
252.401
250.893
250.127
249.927
250.145
252.492
264.015
292.766
322.798
347.661
366.748
380.139
388.532
393.452
396.868
399.777
402.021
403.553
404.363
404.578
404.439
403.38
399.926
348.432
348.432
348.432
348.432
348.432
348.432
348.432
348.43
348.424
348.4
348.316
348.065
347.431
346.065
343.505
339.429
333.955
327.509
320.73
313.892
307.323
300.656
295.44
287.743
284.497
279.023
272.381
269.084
267.411
264.054
258.934
255.184
254.236
254.493
255.141
255.098
254.149
252.253
250.835
250.093
249.893
250.093
252.36
263.707
292.431
322.682
347.722
366.931
380.348
388.708
393.542
396.867
399.756
401.988
403.584
404.389
404.604
404.45
403.369
400.206
348.432
348.432
348.432
348.432
348.432
348.432
348.432
348.43
348.424
348.4
348.316
348.066
347.432
346.066
343.505
339.422
333.93
327.449
320.624
313.707
307.129
300.328
295.162
287.581
284.393
278.961
272.277
268.947
267.301
263.991
258.888
255.081
254.041
254.334
255.047
254.998
254.104
252.204
250.763
250.028
249.84
250.067
252.427
263.893
292.427
322.509
347.671
367.037
380.58
389.032
393.893
397.086
399.671
401.736
403.284
404.149
404.406
404.337
403.494
400.397
348.432
348.432
348.432
348.432
348.432
348.432
348.432
348.43
348.424
348.4
348.317
348.067
347.434
346.069
343.508
339.429
333.944
327.488
320.707
313.874
307.32
300.662
295.458
287.757
284.502
279.043
272.382
269.079
267.41
264.051
258.942
255.254
254.36
254.657
255.248
255.089
253.857
251.97
250.668
250.014
249.854
250.086
252.449
263.966
292.549
322.709
347.874
367.08
380.448
388.701
393.411
396.531
399.167
401.287
402.868
403.842
404.22
404.168
403.441
400.729
348.432
348.432
348.432
348.432
348.432
348.432
348.432
348.43
348.424
348.4
348.317
348.068
347.436
346.072
343.511
339.429
333.932
327.448
320.624
313.704
307.121
300.309
295.131
287.569
284.395
278.941
272.262
268.968
267.314
263.958
258.845
255.111
254.127
254.414
255.09
254.94
253.753
251.853
250.537
249.914
249.773
250.031
252.488
264.165
292.706
322.785
348.073
367.417
380.926
389.276
394.006
396.907
399.21
401.009
402.43
403.376
403.778
403.788
403.283
400.794
348.432
348.432
348.432
348.432
348.432
348.432
348.432
348.43
348.424
348.4
348.318
348.069
347.437
346.074
343.513
339.432
333.936
327.466
320.679
313.846
307.306
300.664
295.456
287.773
284.509
279.04
272.36
269.045
267.39
264.06
258.971
255.311
254.431
254.764
255.333
255.103
253.71
251.774
250.505
249.899
249.758
249.998
252.356
263.722
292.045
322.299
347.782
367.297
380.977
389.435
394.122
396.891
399.11
400.888
402.304
403.218
403.656
403.679
403.166
400.853
348.432
348.432
348.432
348.432
348.432
348.432
348.432
348.43
348.424
348.401
348.318
348.07
347.439
346.077
343.517
339.435
333.933
327.445
320.623
313.706
307.117
300.316
295.106
287.562
284.395
278.929
272.25
268.949
267.309
263.996
258.887
255.137
254.138
254.419
255.096
254.964
253.791
251.821
250.44
249.768
249.614
249.854
252.235
263.598
291.706
321.823
347.406
367.005
380.765
389.355
394.204
396.974
398.992
400.468
401.682
402.538
402.999
403.081
402.759
400.819
348.432
348.432
348.432
348.432
348.432
348.432
348.432
348.43
348.424
348.401
348.319
348.071
347.441
346.081
343.521
339.437
333.932
327.447
320.647
313.808
307.283
300.641
295.457
287.784
284.498
279.076
272.371
268.99
267.365
264.138
259.066
255.36
254.44
254.76
255.366
255.188
253.875
251.814
250.453
249.768
249.604
249.811
251.997
262.74
290.517
321.021
347.031
366.867
380.826
389.615
394.467
397.138
399.051
400.468
401.572
402.317
402.708
402.773
402.525
400.718
348.432
348.432
348.432
348.432
348.432
348.432
348.432
348.43
348.424
348.401
348.319
348.072
347.444
346.084
343.525
339.44
333.932
327.438
320.617
313.707
307.12
300.315
295.109
287.528
284.372
278.973
272.264
268.9
267.278
264.035
258.94
255.183
254.179
254.456
255.127
255.019
253.85
251.83
250.415
249.688
249.515
249.724
251.912
262.576
290.127
320.587
346.72
366.675
380.769
389.784
394.877
397.704
399.457
400.504
401.231
401.707
401.966
402.026
401.881
400.413
348.432
348.432
348.432
348.432
348.432
348.432
348.432
348.43
348.424
348.401
348.32
348.073
347.446
346.088
343.529
339.443
333.931
327.432
320.616
313.762
307.247
300.601
295.464
287.782
284.471
279.132
272.393
268.95
267.349
264.194
259.122
255.408
254.474
254.785
255.421
255.228
253.855
251.784
250.453
249.768
249.594
249.787
251.873
262.214
289.477
319.98
346.243
366.403
380.718
389.982
395.205
397.939
399.584
400.521
401.059
401.396
401.581
401.634
401.549
400.408
348.432
348.432
348.432
348.432
348.432
348.432
348.432
348.43
348.424
348.401
348.32
348.075
347.449
346.091
343.535
339.446
333.932
327.426
320.603
313.704
307.126
300.318
295.118
287.486
284.34
279.029
272.273
268.825
267.223
264.063
258.985
255.236
254.24
254.512
255.179
255.052
253.833
251.765
250.335
249.607
249.432
249.623
251.668
261.832
288.882
319.392
345.752
366.104
380.541
390.008
395.5
398.338
399.838
400.562
400.879
400.998
401
400.996
400.921
400.056
348.432
348.432
348.432
348.432
348.432
348.432
348.432
348.43
348.424
348.401
348.321
348.076
347.451
346.096
343.54
339.45
333.933
327.42
320.591
313.716
307.198
300.554
295.452
287.769
284.437
279.15
272.38
268.919
267.324
264.199
259.147
255.42
254.467
254.758
255.436
255.327
254.118
251.864
250.355
249.559
249.34
249.523
251.539
261.582
288.558
319.121
345.565
365.951
380.552
390.244
395.895
398.854
400.339
400.909
400.998
400.93
400.802
400.707
400.619
399.953
348.432
348.432
348.432
348.432
348.432
348.432
348.432
348.43
348.424
348.402
348.321
348.077
347.454
346.1
343.546
339.455
333.935
327.413
320.579
313.69
307.126
300.329
295.128
287.454
284.327
279.053
272.28
268.78
267.193
264.107
259.049
255.256
254.222
254.477
255.171
255.118
254.04
251.776
250.167
249.37
249.169
249.363
251.438
261.647
288.65
318.965
345.278
365.796
380.453
390.315
396.21
399.367
400.803
401.248
401.202
400.727
400.219
399.949
399.843
399.547
348.432
348.432
348.432
348.432
348.432
348.432
348.432
348.43
348.424
348.402
348.322
348.079
347.457
346.105
343.552
339.46
333.937
327.408
320.567
313.676
307.144
300.492
295.413
287.781
284.433
279.194
272.403
268.912
267.336
264.275
259.211
255.417
254.422
254.704
255.427
255.355
254.2
251.843
250.262
249.445
249.228
249.409
251.389
261.241
287.759
318.004
344.536
365.303
380.212
390.239
396.303
399.619
401.14
401.583
401.503
400.754
399.832
399.377
399.274
399.086
348.432
348.432
348.432
348.432
348.432
348.432
348.432
348.43
348.424
348.402
348.322
348.08
347.46
346.11
343.559
339.467
333.939
327.402
320.554
313.656
307.111
300.342
295.146
287.398
284.268
279.023
272.271
268.758
267.203
264.209
259.12
255.276
254.218
254.469
255.171
255.124
254.007
251.72
250.148
249.358
249.169
249.355
251.354
261.26
287.794
317.826
344.194
365.025
380.079
390.222
396.493
399.998
401.593
402.02
401.878
400.789
399.394
398.694
398.462
398.316
348.432
348.432
348.432
348.432
348.432
348.432
348.432
348.43
348.424
348.402
348.323
348.082
347.463
346.115
343.567
339.474
333.941
327.399
320.541
313.637
307.095
300.415
295.353
287.769
284.457
279.224
272.394
268.872
267.322
264.328
259.234
255.409
254.395
254.669
255.408
255.342
254.181
251.822
250.24
249.411
249.194
249.362
251.246
260.796
287.21
317.541
343.943
364.858
380.048
390.364
396.726
400.354
402.06
402.519
402.34
400.969
399.116
398.128
397.926
397.743
348.432
348.432
348.432
348.432
348.432
348.432
348.432
348.43
348.425
348.402
348.323
348.083
347.466
346.121
343.574
339.482
333.945
327.396
320.528
313.617
307.071
300.343
295.173
287.381
284.199
278.996
272.239
268.733
267.203
264.248
259.133
255.302
254.266
254.514
255.215
255.16
254.036
251.67
250.039
249.252
249.061
249.236
251.105
260.541
286.831
317.393
343.722
364.608
379.796
390.196
396.725
400.541
402.427
403.012
402.865
401.363
399.013
397.597
397.218
397.132
348.432
348.432
348.432
348.432
348.432
348.432
348.432
348.43
348.425
348.403
348.324
348.085
347.47
346.127
343.583
339.492
333.95
327.394
320.515
313.595
307.046
300.34
295.267
287.693
284.483
279.243
272.425
268.892
267.338
264.341
259.223
255.411
254.408
254.675
255.409
255.383
254.292
251.862
250.18
249.302
249.077
249.255
251.162
260.692
286.925
317.35
343.674
364.412
379.508
389.994
396.703
400.652
402.759
403.494
403.417
402.106
399.351
397.49
396.776
396.577
348.432
348.432
348.432
348.432
348.432
348.432
348.432
348.43
348.425
348.403
348.325
348.086
347.473
346.133
343.592
339.502
333.956
327.392
320.502
313.573
307.018
300.306
295.182
287.435
284.151
278.947
272.217
268.771
267.246
264.275
259.139
255.334
254.329
254.587
255.302
255.28
254.214
251.774
250.019
249.136
248.935
249.13
251.127
260.909
287.328
317.523
343.747
364.341
379.332
389.774
396.596
400.721
402.95
403.819
403.837
402.796
399.782
397.41
396.326
396.014
348.432
348.432
348.432
348.432
348.432
348.432
348.432
348.43
348.425
348.403
348.325
348.088
347.477
346.14
343.602
339.513
333.965
327.391
320.492
313.551
306.988
300.276
295.181
287.566
284.431
279.168
272.387
268.875
267.332
264.352
259.207
255.402
254.41
254.676
255.403
255.393
254.383
251.926
250.1
249.165
248.93
249.126
251.144
260.944
287.343
317.576
343.82
364.388
379.333
389.753
396.628
400.819
403.114
404.073
404.205
403.502
400.624
397.573
396.025
395.513
348.432
348.432
348.432
348.432
348.432
348.432
348.432
348.43
348.425
348.403
348.326
348.089
347.48
346.146
343.613
339.526
333.975
327.392
320.483
313.529
306.956
300.239
295.138
287.455
284.177
278.936
272.222
268.79
267.27
264.317
259.163
255.371
254.389
254.65
255.362
255.357
254.378
251.913
250.041
249.098
248.882
249.08
251.105
260.92
287.277
317.599
343.951
364.416
379.176
389.507
396.454
400.764
403.19
404.232
404.444
404.036
401.586
397.998
395.885
395.043
348.432
348.432
348.432
348.432
348.432
348.432
348.432
348.43
348.425
348.403
348.326
348.09
347.484
346.153
343.624
339.54
333.987
327.396
320.476
313.508
306.923
300.2
295.101
287.45
284.308
279.092
272.348
268.848
267.324
264.373
259.201
255.409
254.439
254.703
255.417
255.417
254.448
251.997
250.116
249.148
248.922
249.125
251.165
260.986
287.229
317.32
343.788
364.391
379.084
389.27
396.309
400.742
403.243
404.368
404.643
404.437
402.684
398.843
396.104
394.837
348.432
348.432
348.432
348.432
348.432
348.432
348.432
348.43
348.425
348.403
348.327
348.092
347.487
346.16
343.636
339.555
334.001
327.403
320.472
313.489
306.89
300.157
295.054
287.395
284.197
278.908
272.201
268.762
267.263
264.345
259.17
255.4
254.45
254.724
255.419
255.407
254.432
251.954
250.043
249.081
248.873
249.086
251.153
261.019
287.134
317.072
343.584
364.516
379.274
389.242
396.098
400.582
403.231
404.478
404.785
404.646
403.442
399.974
396.762
394.915
348.432
348.432
348.432
348.432
348.432
348.432
348.432
348.43
348.425
348.403
348.327
348.093
347.49
346.167
343.648
339.571
334.018
327.414
320.47
313.473
306.857
300.112
295.001
287.342
284.179
278.962
272.261
268.809
267.3
264.368
259.173
255.425
254.496
254.778
255.454
255.426
254.448
251.938
250.013
249.051
248.842
249.067
251.2
261.258
287.411
317.076
343.477
364.428
379.382
389.343
396.036
400.454
403.179
404.495
404.864
404.738
403.82
401.004
397.749
395.324
348.432
348.432
348.432
348.432
348.432
348.432
348.432
348.43
348.425
348.403
348.328
348.094
347.493
346.174
343.66
339.589
334.037
327.428
320.472
313.461
306.826
300.065
294.943
287.278
284.119
278.87
272.137
268.725
267.238
264.338
259.148
255.436
254.554
254.852
255.531
255.488
254.505
251.969
250.074
249.134
248.915
249.145
251.315
261.526
287.661
317.213
343.653
364.619
379.535
389.482
396.024
400.38
403.029
404.384
404.859
404.83
403.914
401.52
398.466
396.094
348.432
348.432
348.432
348.432
348.432
348.432
348.432
348.43
348.425
348.404
348.328
348.095
347.496
346.18
343.672
339.607
334.058
327.446
320.481
313.453
306.798
300.02
294.88
287.205
284.052
278.813
272.107
268.721
267.22
264.32
259.119
255.43
254.606
254.932
255.621
255.558
254.55
252.025
250.146
249.235
249.034
249.265
251.437
261.685
287.812
317.246
343.694
364.697
379.549
389.453
396.032
400.345
402.901
404.262
404.826
404.801
404.17
401.694
398.964
397.06
348.432
348.432
348.432
348.432
348.432
348.432
348.432
348.43
348.425
348.404
348.328
348.096
347.499
346.187
343.684
339.626
334.082
327.469
320.496
313.45
306.779
299.978
294.815
287.124
283.968
278.721
272.012
268.651
267.154
264.282
259.056
255.407
254.62
254.979
255.67
255.587
254.509
251.978
250.114
249.264
249.09
249.326
251.472
261.595
287.469
316.917
343.657
364.938
379.774
389.549
396.073
400.356
402.912
404.158
404.687
404.694
404.303
402.062
399.267
397.241
348.432
348.432
348.432
348.432
348.432
348.432
348.432
348.43
348.425
348.404
348.329
348.097
347.502
346.192
343.696
339.645
334.107
327.497
320.517
313.457
306.768
299.945
294.753
287.036
283.868
278.605
271.895
268.569
267.098
264.26
259.04
255.44
254.658
255.058
255.777
255.678
254.531
251.971
250.182
249.358
249.195
249.434
251.547
261.535
287.337
316.633
343.37
364.951
379.958
389.61
396.058
400.435
402.941
404.068
404.498
404.528
404.142
402.461
399.285
397.646
348.432
348.432
348.432
348.432
348.432
348.432
348.432
348.43
348.425
348.404
348.329
348.098
347.504
346.198
343.707
339.664
334.134
327.528
320.546
313.474
306.766
299.928
294.7
286.951
283.756
278.463
271.73
268.4
266.955
264.13
259.006
255.459
254.723
255.178
255.997
255.902
254.727
252.159
250.462
249.644
249.473
249.702
251.765
261.556
287.333
316.668
343.124
364.78
380.136
389.779
396.054
400.346
403.035
404.262
404.604
404.543
403.914
402.021
400.094
398.024
348.432
348.432
348.432
348.432
348.432
348.432
348.432
348.43
348.425
348.404
348.329
348.099
347.506
346.202
343.717
339.683
334.161
327.563
320.583
313.503
306.781
299.921
294.671
286.886
283.653
278.313
271.531
268.161
266.698
263.822
258.765
255.234
254.619
255.143
256.15
256.064
254.817
252.31
250.708
249.956
249.805
249.996
251.953
261.489
287.052
316.686
342.984
364.435
380.047
389.971
396.08
400.212
403.006
404.429
404.752
404.707
403.659
401.795
400.259
398.603
348.432
348.432
348.432
348.432
348.432
348.432
348.432
348.43
348.425
348.404
348.329
348.099
347.507
346.206
343.726
339.7
334.188
327.601
320.625
313.544
306.814
299.936
294.656
286.854
283.588
278.193
271.356
267.922
266.395
263.406
258.351
254.72
254.156
254.718
255.973
255.944
254.737
252.243
250.712
250.122
250.016
250.162
251.992
261.38
286.559
316.514
342.996
364.152
379.609
389.906
396.042
399.956
402.711
404.214
404.692
404.537
403.144
401.299
399.762
398.497
348.432
348.432
348.432
348.432
348.432
348.432
348.432
348.43
348.425
348.404
348.329
348.099
347.509
346.209
343.733
339.714
334.213
327.638
320.672
313.596
306.865
299.976
294.673
286.846
283.555
278.13
271.252
267.76
266.17
263.062
257.956
254.173
253.529
254.068
255.443
255.463
254.336
251.981
250.703
250.259
250.107
250.221
251.972
261.254
286.614
316.19
342.832
363.81
379.264
389.606
395.937
399.724
402.361
403.854
404.302
404.357
403.153
400.453
398.957
398.013
348.432
348.432
348.432
348.432
348.432
348.432
348.432
348.43
348.425
348.404
348.329
348.1
347.509
346.212
343.739
339.726
334.236
327.673
320.719
313.654
306.93
300.039
294.726
286.887
283.565
278.105
271.207
267.683
266.055
262.862
257.71
253.812
252.987
253.464
254.703
254.835
253.841
251.702
250.49
250.058
249.943
250.135
251.936
261.271
286.834
316.53
342.991
363.865
378.932
389.472
396.068
399.768
402.03
403.524
404.02
403.983
403.235
400.778
398.983
397.99
348.432
348.432
348.432
348.432
348.432
348.432
348.432
348.43
348.425
348.404
348.329
348.1
347.51
346.213
343.743
339.736
334.254
327.704
320.763
313.714
307.002
300.119
294.809
286.97
283.632
278.151
271.235
267.67
266.012
262.767
257.6
253.629
252.676
253.077
254.047
254.145
253.21
251.077
249.874
249.417
249.359
249.599
251.585
260.975
286.899
316.901
343.335
364.476
379.603
389.55
396.072
400.032
402.251
403.714
404.329
404.372
403.888
401.915
399.633
397.913
348.432
348.432
348.432
348.432
348.432
348.432
348.432
348.43
348.425
348.404
348.329
348.1
347.51
346.214
343.747
339.743
334.268
327.729
320.802
313.769
307.073
300.204
294.906
287.078
283.738
278.255
271.337
267.753
266.068
262.779
257.57
253.565
252.535
252.887
253.694
253.669
252.592
250.487
249.224
248.681
248.582
248.782
250.65
260.197
286.986
317.125
343.431
364.487
379.852
390.131
396.83
400.946
403.028
404.239
404.983
404.952
404.311
402.144
400.065
398.341
348.432
348.432
348.432
348.432
348.432
348.432
348.432
348.43
348.425
348.404
348.329
348.1
347.511
346.215
343.749
339.747
334.279
327.747
320.833
313.815
307.135
300.285
295.005
287.195
283.864
278.394
271.489
267.905
266.213
262.919
257.682
253.661
252.557
252.855
253.528
253.442
252.263
250.075
248.789
248.166
248.005
248.169
249.98
259.326
285.312
315.959
342.442
364.591
380.178
390.562
397.248
401.558
404.031
405.062
405.439
405.328
404.548
402.191
399.974
398.011
348.432
348.432
348.432
348.432
348.432
348.432
348.432
348.43
348.425
348.404
348.329
348.1
347.511
346.215
343.75
339.75
334.285
327.759
320.854
313.85
307.185
300.353
295.092
287.303
283.99
278.543
271.659
268.094
266.412
263.144
257.903
253.9
252.791
253.066
253.638
253.472
252.15
249.928
248.619
247.912
247.701
247.851
249.635
258.765
284.416
314.798
341.535
362.986
379.304
389.75
396.48
400.769
403.341
404.54
404.891
404.779
403.847
401.376
398.814
397.214
348.432
348.432
348.432
348.432
348.432
348.432
348.432
348.43
348.425
348.404
348.329
348.1
347.511
346.216
343.75
339.751
334.289
327.766
320.868
313.872
307.22
300.403
295.16
287.391
284.097
278.675
271.816
268.277
266.617
263.389
258.162
254.198
253.128
253.411
253.968
253.774
252.42
250.082
248.558
247.832
247.586
247.731
249.501
258.501
283.92
314.226
340.808
362.11
377.869
388.212
394.885
399.144
401.722
402.976
403.36
403.231
402.485
400.125
397.814
396.55
348.432
348.432
348.432
348.432
348.432
348.432
348.432
348.43
348.425
348.404
348.329
348.1
347.511
346.216
343.751
339.752
334.291
327.77
320.876
313.885
307.241
300.434
295.205
287.451
284.175
278.774
271.935
268.422
266.783
263.594
258.388
254.464
253.445
253.753
254.347
254.157
252.825
250.45
248.845
247.961
247.597
247.72
249.471
258.437
283.731
314.012
340.443
361.484
376.745
387.06
393.781
398.037
400.654
401.899
402.331
402.26
401.505
399.096
397.043
395.554
348.432
348.432
348.432
348.432
348.432
348.432
348.432
348.43
348.425
348.404
348.329
348.1
347.511
346.216
343.751
339.752
334.291
327.772
320.879
313.891
307.252
300.45
295.229
287.484
284.219
278.832
272.007
268.512
266.89
263.728
258.539
254.643
253.666
253.997
254.64
254.47
253.176
250.827
249.176
248.234
247.82
247.936
249.679
258.655
283.91
314.024
340.365
361.3
376.412
386.533
393.171
397.371
399.952
401.344
401.866
401.833
401.104
398.686
396.625
395.14
348.432
348.432
348.432
348.432
348.432
348.432
348.432
348.43
348.425
348.404
348.329
348.1
347.511
346.216
343.751
339.753
334.292
327.773
320.881
313.894
307.256
300.457
295.239
287.498
284.238
278.858
272.039
268.552
266.938
263.79
258.61
254.728
253.773
254.116
254.789
254.632
253.361
251.035
249.39
248.396
247.962
248.082
249.851
258.881
284.175
314.257
340.494
361.139
376.099
386.256
392.928
397.139
399.735
401.135
401.657
401.597
400.954
398.684
396.637
395.009
395.829
394.631
393.039
391.382
390.598
390.126
389.76
389.213
388.779
388.38
388.109
387.747
387.217
385.999
384.07
380.921
378.79
375.119
371.6
363.491
395.949
394.763
393.487
391.801
390.983
390.394
390.002
389.66
389.353
389.125
388.947
388.678
388.159
386.909
385.23
381.8
379.729
375.86
372.741
367.173
395.882
394.701
393.155
391.691
390.839
390.323
389.908
389.639
389.411
389.278
389.141
388.936
388.473
387.308
385.718
382.38
380.415
376.809
373.74
369.683
396.183
395.091
393.84
392.593
391.744
391.363
390.845
390.575
390.291
390.097
389.926
389.707
389.228
388.016
386.566
383.488
381.674
378.312
375.297
372.217
396.443
395.524
394.357
393.186
392.198
391.84
391.412
391.097
390.829
390.643
390.471
390.239
389.754
388.603
387.204
384.647
382.944
379.943
376.918
375.085
397.071
396.151
395.127
393.96
392.895
392.517
391.948
391.56
391.256
391.051
390.878
390.654
390.193
389.056
387.722
385.382
383.687
381.078
378.3
376.732
397.466
396.69
395.62
394.601
393.631
393.046
392.653
392.127
391.753
391.467
391.242
390.996
390.562
389.623
388.162
386.393
384.816
382.483
380.053
378.935
397.968
397.135
395.979
395.006
394.078
393.555
393.022
392.484
392.167
391.913
391.699
391.46
391.059
390.124
388.704
387.146
385.526
383.417
381.403
380.374
397.918
397.284
396.291
395.298
394.53
393.892
393.449
392.898
392.434
392.11
391.842
391.602
391.234
390.419
389.174
387.816
386.472
384.726
382.866
382.031
398.725
397.757
396.853
396.063
395.142
394.572
394.154
393.557
393.051
392.63
392.311
392.071
391.761
391.072
389.956
388.773
387.478
385.901
384.261
383.435
398.825
398.023
397.076
396.119
395.289
394.679
394.279
393.813
393.271
392.789
392.445
392.242
391.972
391.362
390.423
389.394
388.343
387.183
385.789
385.081
399.127
398.337
397.426
396.53
395.671
395.194
394.847
394.361
393.823
393.38
393.138
392.961
392.6
391.929
391.024
390.174
389.288
388.348
387.218
386.591
399.184
398.602
397.838
396.901
395.98
395.444
394.994
394.523
394.016
393.526
393.254
393.054
392.7
392.094
391.333
390.559
389.871
389.205
388.352
387.946
399.509
398.898
398.189
397.23
396.407
395.901
395.423
394.902
394.373
393.931
393.688
393.508
393.151
392.545
391.782
391.078
390.456
389.948
389.326
389.104
399.448
398.924
398.123
397.201
396.528
396.122
395.675
395.161
394.614
394.182
393.873
393.671
393.263
392.641
391.964
391.307
390.752
390.268
389.88
389.814
399.709
399.14
398.434
397.569
396.696
396.214
395.808
395.355
394.866
394.396
394.027
393.821
393.494
392.968
392.298
391.679
391.12
390.76
390.524
390.54
399.428
398.922
398.281
397.519
396.736
396.371
396.04
395.625
395.167
394.757
394.417
394.215
393.863
393.207
392.472
391.795
391.293
390.977
390.943
391.082
399.513
398.894
398.228
397.54
396.828
396.363
396.044
395.635
395.227
394.891
394.626
394.444
394.113
393.474
392.687
392.025
391.546
391.251
391.21
391.354
399.417
398.901
398.376
397.706
397.013
396.393
396.057
395.717
395.324
394.96
394.679
394.488
394.218
393.615
392.808
392.113
391.644
391.463
391.413
391.663
399.317
398.823
398.195
397.444
396.964
396.496
396.079
395.658
395.221
394.863
394.664
394.525
394.319
393.751
392.975
392.374
391.889
391.718
391.734
391.97
399.291
398.975
398.337
397.59
396.93
396.343
395.975
395.555
395.131
394.812
394.666
394.579
394.333
393.678
392.905
392.3
391.945
391.867
391.853
392.223
399.153
398.87
398.415
397.484
396.808
396.399
395.912
395.441
394.939
394.605
394.48
394.399
394.198
393.489
392.642
392.038
391.697
391.618
391.676
392.041
398.865
398.715
398.504
398.101
397.578
396.931
396.426
395.891
395.304
394.9
394.602
394.359
393.957
393.292
392.465
391.794
391.412
391.316
391.372
391.722
398.209
398.103
397.969
397.67
397.177
396.844
396.632
396.197
395.535
394.988
394.676
394.462
394.068
393.345
392.509
391.778
391.337
391.215
391.262
391.612
397.655
397.58
397.489
397.379
397.063
396.657
396.542
396.442
396.177
395.863
395.6
395.357
394.882
394.024
393.113
392.4
391.984
391.699
391.694
391.925
397.088
397.045
396.97
396.898
396.741
396.386
396.197
396.15
396.084
395.916
395.774
395.678
395.457
394.92
393.967
392.926
392.162
391.808
391.701
392.043
396.578
396.571
396.548
396.52
396.408
396.107
395.967
395.986
395.992
395.929
395.809
395.693
395.574
395.341
394.751
393.727
392.949
392.587
392.472
392.767
395.976
395.979
395.993
396.007
395.944
395.684
395.59
395.638
395.662
395.637
395.62
395.576
395.495
395.347
394.976
394.207
393.618
393.361
393.289
393.582
395.371
395.329
395.299
395.284
395.239
395.14
395.117
395.246
395.282
395.283
395.326
395.366
395.337
395.261
395.074
394.642
394.211
394.04
394.007
394.19
394.849
394.74
394.653
394.593
394.518
394.428
394.318
394.388
394.518
394.626
394.777
394.814
394.719
394.61
394.414
394.241
394.224
394.271
394.456
394.969
394.49
394.356
394.219
394.028
393.796
393.785
393.686
393.698
393.862
393.977
393.988
394.027
394.043
393.984
393.873
393.863
393.958
394.258
394.623
395.243
394.347
394.092
393.761
393.523
393.271
393.209
393.182
393.03
393.061
393.116
393.114
393.17
393.159
393.044
392.936
392.995
393.296
393.831
394.377
394.954
394.326
394.008
393.619
393.249
393.059
392.722
392.424
392.301
392.218
392.161
392.135
392.145
392.179
392.173
392.193
392.29
392.586
393.266
393.916
394.607
394.878
394.405
393.942
393.419
392.837
392.381
392.114
391.874
391.647
391.46
391.301
391.234
391.173
391.104
391.08
391.123
391.473
392.424
393.401
394.289
395.736
395.209
394.675
394
393.186
392.656
392.265
391.96
391.675
391.412
391.222
391.174
391.152
390.785
390.676
390.614
390.658
391.068
391.742
392.755
396.043
395.549
394.984
394.446
393.942
393.58
393.229
392.891
392.584
392.226
391.705
391.318
391.013
390.765
390.333
390.041
390.06
390.349
391.028
391.431
396.194
395.772
395.292
394.675
394.158
393.877
393.652
393.348
392.927
392.506
392.275
392.052
391.635
391.151
390.605
390.123
389.889
389.886
389.993
390.439
396.693
396.227
395.758
395.122
394.524
394.077
393.759
393.341
392.894
392.634
392.449
392.206
391.763
391.247
390.755
390.503
390.395
390.414
390.512
390.885
397.691
397.285
396.669
395.956
395.511
395.039
394.469
394.021
393.573
393.077
392.713
392.308
391.791
391.231
390.805
390.527
390.408
390.413
390.466
390.75
397.646
397.442
397.219
396.767
396.305
395.836
395.186
394.558
393.989
393.573
393.281
392.828
392.276
391.636
391.01
390.462
390.149
390.069
390.124
390.259
397.399
397.262
397.088
396.681
396.237
395.972
395.698
395.272
394.739
394.257
393.918
393.716
393.436
392.762
391.822
391.085
390.58
390.401
390.485
390.485
397.264
396.997
396.694
396.425
396.291
396.054
395.78
395.542
395.294
395.058
394.845
394.712
394.509
393.975
392.914
392.017
391.47
391.319
391.326
391.62
397.086
396.839
396.68
396.457
396.006
395.781
395.764
395.73
395.672
395.408
395.198
394.991
394.701
394.421
393.886
393.374
392.974
392.792
392.693
392.861
397.807
397.418
396.879
396.538
396.327
396.232
396.176
396.027
395.639
395.144
394.76
394.508
394.272
393.897
393.475
393.132
392.98
393.108
393.252
393.028
397.261
396.82
396.23
395.622
395.394
395.149
394.84
394.455
394.025
393.639
393.372
393.195
392.878
392.367
391.737
391.221
390.988
390.951
391.008
391.42
396.495
395.913
395.38
394.692
394.055
393.806
393.588
393.22
392.888
392.614
392.374
392.052
391.616
391.019
390.451
390.141
390.133
390.333
389.919
390.137
395.65
395.342
394.974
394.437
393.684
393.358
393.098
392.596
392.216
391.988
391.836
391.639
391.24
390.672
389.802
389.231
388.989
388.99
389.132
389.617
394.755
394.436
394.171
393.829
393.499
393.245
393.106
392.798
392.156
391.639
391.293
391.076
390.784
390.314
389.826
389.223
388.747
388.774
388.999
389.46
394.351
394.086
393.857
393.459
393.096
392.97
392.919
392.763
392.375
391.867
391.407
391.187
390.837
390.264
389.616
389.106
388.879
388.885
389.051
389.636
394.145
393.774
393.5
393.296
393.027
392.803
392.726
392.633
392.417
392.046
391.678
391.447
391.109
390.662
390.186
389.715
389.491
389.51
389.672
390.051
278.757
278.747
278.751
278.728
278.804
278.672
278.808
278.708
278.765
278.737
278.75
278.745
278.746
278.746
278.746
278.746
278.746
278.746
278.746
278.746
278.746
278.746
278.746
278.746
278.746
278.746
278.746
278.746
278.746
278.746
278.775
278.745
278.769
278.697
278.888
278.576
278.88
278.669
278.782
278.732
278.751
278.744
278.746
278.746
278.746
278.746
278.746
278.746
278.746
278.746
278.746
278.746
278.746
278.746
278.746
278.746
278.746
278.746
278.746
278.746
278.839
278.728
278.848
278.596
279.139
278.31
279.08
278.562
278.827
278.717
278.755
278.743
278.747
278.746
278.746
278.746
278.746
278.746
278.746
278.746
278.746
278.746
278.746
278.746
278.746
278.746
278.746
278.746
278.746
278.746
279.049
278.641
279.125
278.327
279.746
277.721
279.514
278.332
278.924
278.684
278.764
278.741
278.747
278.746
278.746
278.746
278.746
278.746
278.746
278.746
278.746
278.746
278.746
278.746
278.746
278.746
278.746
278.746
278.746
278.746
279.702
278.299
279.906
277.733
280.976
276.622
280.32
277.905
279.106
278.621
278.782
278.737
278.748
278.746
278.746
278.746
278.746
278.746
278.746
278.746
278.746
278.746
278.746
278.746
278.746
278.746
278.746
278.746
278.746
278.746
281.655
277.283
281.59
276.669
283.088
274.989
281.536
277.238
279.397
278.519
278.811
278.73
278.749
278.745
278.746
278.746
278.746
278.746
278.746
278.746
278.746
278.746
278.746
278.746
278.746
278.746
278.746
278.746
278.746
278.746
286.869
275.195
284.394
275.176
284.219
273.377
282.99
276.419
279.771
278.379
278.853
278.72
278.751
278.745
278.746
278.746
278.746
278.746
278.746
278.746
278.746
278.746
278.746
278.746
278.746
278.746
278.746
278.746
278.746
278.746
297.739
273.846
285.062
274.076
283.231
273.105
283.515
275.758
280.129
278.231
278.901
278.708
278.754
278.745
278.746
278.746
278.746
278.746
278.746
278.746
278.746
278.746
278.746
278.746
278.746
278.746
278.746
278.746
278.746
278.746
314.923
282.355
285.208
274.726
280.508
274.572
282.808
275.694
280.275
278.132
278.94
278.697
278.756
278.744
278.746
278.746
278.746
278.746
278.746
278.746
278.746
278.746
278.746
278.746
278.746
278.746
278.746
278.746
278.746
278.746
325.12
317.213
288.014
276.64
277.773
277.339
280.96
276.334
280.12
278.137
278.953
278.69
278.758
278.744
278.746
278.746
278.746
278.746
278.746
278.746
278.746
278.746
278.746
278.746
278.746
278.746
278.746
278.746
278.746
278.746
330.237
327.001
307.172
280.209
276.981
280.407
278.824
277.421
279.72
278.246
278.934
278.692
278.759
278.744
278.746
278.746
278.746
278.746
278.746
278.746
278.746
278.746
278.746
278.746
278.746
278.746
278.746
278.746
278.746
278.746
332.456
330.762
326.808
288.667
277.919
280.919
277.905
278.405
279.308
278.395
278.896
278.699
278.758
278.744
278.746
278.746
278.746
278.746
278.746
278.746
278.746
278.746
278.746
278.746
278.746
278.746
278.746
278.746
278.746
278.746
334.88
332.462
331.951
315.113
279.166
279.908
278.67
278.473
279.151
278.492
278.863
278.708
278.756
278.744
278.746
278.746
278.746
278.746
278.746
278.746
278.746
278.746
278.746
278.746
278.746
278.746
278.746
278.746
278.746
278.746
336.953
334.517
334.35
329.307
285.128
279.467
280.072
277.924
279.257
278.499
278.85
278.713
278.755
278.744
278.746
278.746
278.746
278.746
278.746
278.746
278.746
278.746
278.746
278.746
278.746
278.746
278.746
278.746
278.746
278.746
338.511
335.909
336.473
335.302
310.979
279.595
281.131
277.493
279.441
278.462
278.853
278.715
278.754
278.744
278.746
278.746
278.746
278.746
278.746
278.746
278.746
278.746
278.746
278.746
278.746
278.746
278.746
278.746
278.746
278.746
339.893
337.309
338.116
337.499
328.381
281.685
282.281
277.289
279.584
278.427
278.858
278.715
278.753
278.745
278.746
278.746
278.746
278.746
278.746
278.746
278.746
278.746
278.746
278.746
278.746
278.746
278.746
278.746
278.746
278.746
341.222
339.08
338.965
338.438
333.713
295.899
281.67
277.714
279.655
278.401
278.865
278.715
278.753
278.745
278.746
278.746
278.746
278.746
278.746
278.746
278.746
278.746
278.746
278.746
278.746
278.746
278.746
278.746
278.746
278.746
341.498
339.948
339.39
339.102
338.827
322.46
278.94
280.031
279.194
278.471
278.861
278.715
278.753
278.745
278.746
278.746
278.746
278.746
278.746
278.746
278.746
278.746
278.746
278.746
278.746
278.746
278.746
278.746
278.746
278.746
341.682
340.482
340.454
340.679
341.537
329.401
280.694
283.825
278.076
278.815
278.801
278.723
278.752
278.745
278.746
278.746
278.746
278.746
278.746
278.746
278.746
278.746
278.746
278.746
278.746
278.746
278.746
278.746
278.746
278.746
343.064
341.049
341.693
342.693
343.626
336.387
296.8
283.574
277.455
279.248
278.686
278.746
278.749
278.745
278.746
278.746
278.746
278.746
278.746
278.746
278.746
278.746
278.746
278.746
278.746
278.746
278.746
278.746
278.746
278.746
347.144
341.993
342.133
343.939
344.951
341.34
322.228
278.68
279.193
279.164
278.641
278.766
278.745
278.746
278.746
278.746
278.746
278.746
278.746
278.746
278.746
278.746
278.746
278.746
278.746
278.746
278.746
278.746
278.746
278.746
355.921
344.748
342.349
344.039
345.243
343.325
326.07
275.857
283.025
278.256
278.804
278.753
278.744
278.746
278.746
278.746
278.746
278.746
278.746
278.746
278.746
278.746
278.746
278.746
278.746
278.746
278.746
278.746
278.746
278.746
369.418
351.241
343.604
343.728
344.953
343.77
330.202
280.787
285.383
277.352
279.085
278.703
278.751
278.746
278.746
278.746
278.746
278.746
278.746
278.746
278.746
278.746
278.746
278.746
278.746
278.746
278.746
278.746
278.746
278.746
375.881
362.424
347.332
343.906
344.705
344.733
338.115
294.201
283.785
277.474
279.225
278.664
278.758
278.745
278.746
278.746
278.746
278.746
278.746
278.746
278.746
278.746
278.746
278.746
278.746
278.746
278.746
278.746
278.746
278.746
376.532
371.179
354.405
345.28
344.884
346.099
344.327
317.73
279.774
278.867
279.069
278.676
278.76
278.744
278.746
278.746
278.746
278.746
278.746
278.746
278.746
278.746
278.746
278.746
278.746
278.746
278.746
278.746
278.746
278.746
375.49
373.045
363.753
348.524
345.478
346.414
345.345
326.965
277.048
280.883
278.679
278.74
278.755
278.745
278.746
278.746
278.746
278.746
278.746
278.746
278.746
278.746
278.746
278.746
278.746
278.746
278.746
278.746
278.746
278.746
371.817
372.916
367.882
353.683
346.574
346.642
345.495
329.215
278.056
282.439
278.352
278.816
278.745
278.746
278.746
278.746
278.746
278.746
278.746
278.746
278.746
278.746
278.746
278.746
278.746
278.746
278.746
278.746
278.746
278.746
366.554
371.596
368.453
359.552
348.619
347.24
345.672
331.665
282.75
282.854
278.28
278.866
278.737
278.747
278.746
278.746
278.746
278.746
278.746
278.746
278.746
278.746
278.746
278.746
278.746
278.746
278.746
278.746
278.746
278.746
363.438
369.574
368.269
363.395
351.503
348.326
346.396
334.988
291.652
282.201
278.508
278.875
278.735
278.747
278.746
278.746
278.746
278.746
278.746
278.746
278.746
278.746
278.746
278.746
278.746
278.746
278.746
278.746
278.746
278.746
362.434
368.041
367.473
364.379
354.602
349.77
347.653
339.214
303.298
280.665
278.982
278.852
278.739
278.748
278.746
278.746
278.746
278.746
278.746
278.746
278.746
278.746
278.746
278.746
278.746
278.746
278.746
278.746
278.746
278.746
361.774
366.887
366.375
364.45
357.507
351.543
349.065
343.161
314.229
279.88
279.57
278.798
278.747
278.747
278.746
278.746
278.746
278.746
278.746
278.746
278.746
278.746
278.746
278.746
278.746
278.746
278.746
278.746
278.746
278.746
360.522
365.011
365.179
364.292
359.874
353.522
350.457
345.96
322.318
280.12
280.131
278.756
278.757
278.747
278.746
278.746
278.746
278.746
278.746
278.746
278.746
278.746
278.746
278.746
278.746
278.746
278.746
278.746
278.746
278.746
358.568
361.898
364.085
363.958
360.907
355.355
351.761
347.898
328.059
281.243
280.594
278.738
278.766
278.746
278.746
278.746
278.746
278.746
278.746
278.746
278.746
278.746
278.746
278.746
278.746
278.746
278.746
278.746
278.746
278.746
356.716
358.703
363.07
363.566
361.119
356.819
352.902
349.343
332.159
283.4
280.97
278.76
278.774
278.747
278.746
278.746
278.746
278.746
278.746
278.746
278.746
278.746
278.746
278.746
278.746
278.746
278.746
278.746
278.746
278.746
355.567
357.074
361.784
363.035
361.075
358.062
353.976
350.485
335.514
286.833
281.185
278.807
278.78
278.747
278.746
278.746
278.746
278.746
278.746
278.746
278.746
278.746
278.746
278.746
278.746
278.746
278.746
278.746
278.746
278.746
354.804
356.3
360.21
362.281
360.757
358.944
355.026
351.459
338.471
292.098
281.275
278.888
278.786
278.747
278.746
278.746
278.746
278.746
278.746
278.746
278.746
278.746
278.746
278.746
278.746
278.746
278.746
278.746
278.746
278.746
353.735
355.166
358.388
361.393
360.186
359.236
355.996
352.365
341.021
297.693
281.345
278.986
278.79
278.748
278.746
278.746
278.746
278.746
278.746
278.746
278.746
278.746
278.746
278.746
278.746
278.746
278.746
278.746
278.746
278.746
352.158
353.353
356.239
360.539
359.686
359.254
356.851
353.276
343.257
303.047
281.543
279.14
278.796
278.749
278.746
278.746
278.746
278.746
278.746
278.746
278.746
278.746
278.746
278.746
278.746
278.746
278.746
278.746
278.746
278.746
350.529
351.532
354.068
359.718
359.53
359.205
357.509
354.241
345.342
308.501
281.925
279.281
278.803
278.751
278.746
278.746
278.746
278.746
278.746
278.746
278.746
278.746
278.746
278.746
278.746
278.746
278.746
278.746
278.746
278.746
349.294
350.242
352.484
358.806
359.491
359.185
357.939
355.205
347.328
313.957
282.515
279.435
278.815
278.753
278.747
278.746
278.746
278.746
278.746
278.746
278.746
278.746
278.746
278.746
278.746
278.746
278.746
278.746
278.746
278.746
348.419
349.347
351.501
357.897
359.493
359.208
358.157
356.115
349.133
318.869
283.211
279.595
278.828
278.754
278.747
278.746
278.746
278.746
278.746
278.746
278.746
278.746
278.746
278.746
278.746
278.746
278.746
278.746
278.746
278.746
347.88
348.582
350.61
356.99
359.601
359.353
358.217
356.922
350.795
323.254
284.35
279.78
278.848
278.757
278.747
278.746
278.746
278.746
278.746
278.746
278.746
278.746
278.746
278.746
278.746
278.746
278.746
278.746
278.746
278.746
347.758
348.213
349.892
356.047
359.654
359.613
358.208
357.599
352.313
327.222
285.628
279.956
278.867
278.759
278.747
278.746
278.746
278.746
278.746
278.746
278.746
278.746
278.746
278.746
278.746
278.746
278.746
278.746
278.746
278.746
347.841
348.151
349.581
355.221
359.608
359.897
358.216
358.135
353.776
330.913
287.084
280.18
278.898
278.762
278.747
278.746
278.746
278.746
278.746
278.746
278.746
278.746
278.746
278.746
278.746
278.746
278.746
278.746
278.746
278.746
348.333
348.256
349.428
354.495
359.506
360.215
358.354
358.501
355.103
334.292
288.599
280.399
278.924
278.765
278.748
278.746
278.746
278.746
278.746
278.746
278.746
278.746
278.746
278.746
278.746
278.746
278.746
278.746
278.746
278.746
349.232
348.497
349.329
353.755
359.36
360.687
358.727
358.72
356.355
337.512
290.36
280.689
278.966
278.769
278.748
278.746
278.746
278.746
278.746
278.746
278.746
278.746
278.746
278.746
278.746
278.746
278.746
278.746
278.746
278.746
350.421
348.752
349.192
353.04
359.083
361.132
359.279
358.838
357.373
340.418
292.104
280.954
278.999
278.772
278.748
278.746
278.746
278.746
278.746
278.746
278.746
278.746
278.746
278.746
278.746
278.746
278.746
278.746
278.746
278.746
351.228
348.801
348.948
352.533
358.822
361.341
359.763
358.997
358.232
343.153
294.245
281.33
279.053
278.778
278.749
278.746
278.746
278.746
278.746
278.746
278.746
278.746
278.746
278.746
278.746
278.746
278.746
278.746
278.746
278.746
351.535
348.18
348.554
352.157
358.488
361.477
360.142
359.185
358.766
345.531
296.403
281.637
279.092
278.783
278.749
278.746
278.746
278.746
278.746
278.746
278.746
278.746
278.746
278.746
278.746
278.746
278.746
278.746
278.746
278.746
353.843
348.575
348.537
351.872
358.281
361.768
360.514
359.3
359.028
347.843
299
282.124
279.163
278.79
278.75
278.746
278.746
278.746
278.746
278.746
278.746
278.746
278.746
278.746
278.746
278.746
278.746
278.746
278.746
278.746
356.205
348.403
349.396
351.886
358.33
362.372
362.218
360.606
359.613
352.437
305.009
283.044
279.287
278.804
278.751
278.746
278.746
278.746
278.746
278.746
278.746
278.746
278.746
278.746
278.746
278.746
278.746
278.746
278.746
278.746
359.617
350.955
351.011
351.979
357.618
362.959
363.133
361.318
359.493
353.148
308.846
283.26
279.286
278.803
278.751
278.746
278.746
278.746
278.746
278.746
278.746
278.746
278.746
278.746
278.746
278.746
278.746
278.746
278.746
278.746
364.751
356.404
353.554
353.988
357.655
363.651
364.753
362.901
361.518
356.27
314.974
284.113
279.391
278.814
278.752
278.746
278.746
278.746
278.746
278.746
278.746
278.746
278.746
278.746
278.746
278.746
278.746
278.746
278.746
278.746
367.346
360.191
354.726
355.387
358.539
364.082
365.544
363.478
362.114
358.132
319.991
284.826
279.476
278.822
278.753
278.747
278.746
278.746
278.746
278.746
278.746
278.746
278.746
278.746
278.746
278.746
278.746
278.746
278.746
278.746
370.727
364.759
357.81
358.178
359.777
365.524
367.462
365.559
363.988
360.447
325.294
285.657
279.579
278.832
278.754
278.747
278.746
278.746
278.746
278.746
278.746
278.746
278.746
278.746
278.746
278.746
278.746
278.746
278.746
278.746
372.317
366.579
359.572
359.663
360.795
366.044
368.301
366.592
364.874
362.111
330.198
286.505
279.688
278.843
278.755
278.747
278.746
278.746
278.746
278.746
278.746
278.746
278.746
278.746
278.746
278.746
278.746
278.746
278.746
278.746
375.875
370.099
363.083
362.397
363.14
367.011
370.083
368.869
366.758
364.125
334.876
287.371
279.8
278.853
278.755
278.747
278.746
278.746
278.746
278.746
278.746
278.746
278.746
278.746
278.746
278.746
278.746
278.746
278.746
278.746
377.072
371.081
364.646
363.417
364.32
367.615
371.476
370.857
368.51
366.001
339.206
288.223
279.911
278.863
278.756
278.747
278.746
278.746
278.746
278.746
278.746
278.746
278.746
278.746
278.746
278.746
278.746
278.746
278.746
278.746
379.905
374.398
368.029
366.198
366.855
368.694
372.932
372.998
370.79
368.177
343.401
289.053
280.019
278.872
278.757
278.747
278.746
278.746
278.746
278.746
278.746
278.746
278.746
278.746
278.746
278.746
278.746
278.746
278.746
278.746
381.006
375.305
369.535
367.404
368.071
369.733
374.346
375.192
373.252
370.406
347.38
289.851
280.118
278.881
278.758
278.747
278.746
278.746
278.746
278.746
278.746
278.746
278.746
278.746
278.746
278.746
278.746
278.746
278.746
278.746
383.156
378.09
372.565
370.192
370.539
371.546
375.304
377.14
375.692
372.742
351.194
290.609
280.207
278.888
278.758
278.747
278.746
278.746
278.746
278.746
278.746
278.746
278.746
278.746
278.746
278.746
278.746
278.746
278.746
278.746
384.62
379.39
374.562
372.162
372.322
373.24
376.689
379.236
378.21
375.057
354.384
291.279
280.285
278.894
278.759
278.747
278.746
278.746
278.746
278.746
278.746
278.746
278.746
278.746
278.746
278.746
278.746
278.746
278.746
278.746
386.596
381.655
376.786
375.386
375.322
375.807
378.552
381.071
380.551
377.194
356.488
291.814
280.348
278.899
278.759
278.747
278.746
278.746
278.746
278.746
278.746
278.746
278.746
278.746
278.746
278.746
278.746
278.746
278.746
278.746
388.016
383.487
378.888
377.38
378.232
378.608
380.978
383.11
382.823
379.36
357.506
292.191
280.397
278.904
278.76
278.747
278.746
278.746
278.746
278.746
278.746
278.746
278.746
278.746
278.746
278.746
278.746
278.746
278.746
278.746
389.159
385.492
381.257
379.635
380.471
382.192
384.32
385.641
385.086
381.107
357.688
292.471
280.436
278.909
278.76
278.747
278.746
278.746
278.746
278.746
278.746
278.746
278.746
278.746
278.746
278.746
278.746
278.746
278.746
278.746
390.1
386.716
382.872
381.799
382.4
385.257
387.346
388.319
387.554
383.155
357.927
292.699
280.467
278.912
278.76
278.747
278.746
278.746
278.746
278.746
278.746
278.746
278.746
278.746
278.746
278.746
278.746
278.746
278.746
278.746
390.798
387.764
384.383
383.358
384.112
387.624
389.619
390.47
389.53
384.845
358.957
292.964
280.498
278.915
278.76
278.747
278.746
278.746
278.746
278.746
278.746
278.746
278.746
278.746
278.746
278.746
278.746
278.746
278.746
278.746
391.127
388.277
385.138
384.329
385.256
388.712
391.009
392.133
391.33
386.285
360.276
293.206
280.525
278.917
278.761
278.747
278.746
278.746
278.746
278.746
278.746
278.746
278.746
278.746
278.746
278.746
278.746
278.746
278.746
278.746
391.504
388.79
385.563
384.906
386.131
389.319
392.034
393.443
393.177
387.466
359.464
293.239
280.539
278.919
278.761
278.747
278.746
278.746
278.746
278.746
278.746
278.746
278.746
278.746
278.746
278.746
278.746
278.746
278.746
278.746
391.85
389.027
385.978
385.275
386.172
389.416
392.076
393.615
393.523
388.57
360.339
293.328
280.552
278.922
278.761
278.747
278.746
278.746
278.746
278.746
278.746
278.746
278.746
278.746
278.746
278.746
278.746
278.746
278.746
278.746
392.134
389.322
386.411
385.469
386.369
389.959
392.787
393.807
393.161
388.385
361.208
293.578
280.581
278.923
278.761
278.747
278.746
278.746
278.746
278.746
278.746
278.746
278.746
278.746
278.746
278.746
278.746
278.746
278.746
278.746
391.955
389.258
386.229
385.461
386.429
389.766
392.36
393.501
393.18
388.699
361.146
293.794
280.629
278.927
278.761
278.747
278.746
278.746
278.746
278.746
278.746
278.746
278.746
278.746
278.746
278.746
278.746
278.746
278.746
278.746
391.582
388.856
385.805
385.126
386.072
389.681
392.528
393.547
393.021
388.46
362.452
293.992
280.635
278.926
278.761
278.747
278.746
278.746
278.746
278.746
278.746
278.746
278.746
278.746
278.746
278.746
278.746
278.746
278.746
278.746
391.414
388.596
385.684
385.039
385.994
389.358
392.088
393.381
392.995
389.135
364.206
294.155
280.646
278.927
278.761
278.747
278.746
278.746
278.746
278.746
278.746
278.746
278.746
278.746
278.746
278.746
278.746
278.746
278.746
278.746
391.704
388.779
385.807
385.189
386.245
389.863
392.66
393.782
393.21
389.155
363.774
293.981
280.617
278.924
278.761
278.747
278.746
278.746
278.746
278.746
278.746
278.746
278.746
278.746
278.746
278.746
278.746
278.746
278.746
278.746
391.879
388.837
386.123
385.444
386.342
389.953
392.712
394.039
393.872
389.71
363.414
293.997
280.622
278.924
278.761
278.747
278.746
278.746
278.746
278.746
278.746
278.746
278.746
278.746
278.746
278.746
278.746
278.746
278.746
278.746
392.409
389.133
386.294
385.383
386.344
390.079
393.218
394.671
394.212
389.467
363.105
293.856
280.597
278.922
278.761
278.747
278.746
278.746
278.746
278.746
278.746
278.746
278.746
278.746
278.746
278.746
278.746
278.746
278.746
278.746
393.075
389.331
386.007
385.198
386.456
390.267
393.293
394.691
394.472
389.91
362.691
293.716
280.578
278.92
278.761
278.747
278.746
278.746
278.746
278.746
278.746
278.746
278.746
278.746
278.746
278.746
278.746
278.746
278.746
278.746
393.498
389.287
386.032
385.335
386.532
390.305
393.36
394.835
394.362
390.045
362.426
293.56
280.559
278.919
278.761
278.747
278.746
278.746
278.746
278.746
278.746
278.746
278.746
278.746
278.746
278.746
278.746
278.746
278.746
278.746
394.028
389.666
386.445
385.695
386.779
390.405
393.395
394.838
394.404
390.194
362.201
293.466
280.546
278.917
278.76
278.747
278.746
278.746
278.746
278.746
278.746
278.746
278.746
278.746
278.746
278.746
278.746
278.746
278.746
278.746
394.388
389.799
386.44
385.75
386.809
390.529
393.822
394.873
394.076
389.727
363.075
293.643
280.558
278.917
278.76
278.747
278.746
278.746
278.746
278.746
278.746
278.746
278.746
278.746
278.746
278.746
278.746
278.746
278.746
278.746
394.658
390.185
386.708
385.923
386.861
390.72
393.857
394.795
394.049
389.746
362.564
293.545
280.547
278.917
278.76
278.747
278.746
278.746
278.746
278.746
278.746
278.746
278.746
278.746
278.746
278.746
278.746
278.746
278.746
278.746
394.262
390.481
386.728
385.801
386.79
390.671
394
395.218
394.119
389.917
363.954
293.644
280.54
278.914
278.76
278.747
278.746
278.746
278.746
278.746
278.746
278.746
278.746
278.746
278.746
278.746
278.746
278.746
278.746
278.746
394.452
391.23
387.068
386.082
386.895
390.399
393.936
395.655
394.901
390.046
362.866
293.31
280.494
278.91
278.76
278.747
278.746
278.746
278.746
278.746
278.746
278.746
278.746
278.746
278.746
278.746
278.746
278.746
278.746
278.746
392.912
390.687
387.587
386.619
387.297
390.3
393.087
394.88
394.799
390.954
362.615
293.135
280.473
278.909
278.76
278.747
278.746
278.746
278.746
278.746
278.746
278.746
278.746
278.746
278.746
278.746
278.746
278.746
278.746
278.746
391.311
389.165
386.736
386.275
387.44
390.91
393.373
394.6
394.559
391.407
363.305
293.256
280.481
278.908
278.759
278.747
278.746
278.746
278.746
278.746
278.746
278.746
278.746
278.746
278.746
278.746
278.746
278.746
278.746
278.746
390.277
387.791
385.498
385.176
386.946
391.304
394.403
395.828
395.379
390.916
361.665
292.832
280.423
278.904
278.759
278.747
278.746
278.746
278.746
278.746
278.746
278.746
278.746
278.746
278.746
278.746
278.746
278.746
278.746
278.746
390.336
387.184
385.08
384.841
386.506
390.785
394.14
395.955
395.759
390.634
359.213
292.705
280.431
278.906
278.759
278.747
278.746
278.746
278.746
278.746
278.746
278.746
278.746
278.746
278.746
278.746
278.746
278.746
278.746
278.746
390.181
387.084
384.915
384.656
386.028
389.826
393.019
394.42
394.358
390.714
362.478
293.155
280.466
278.906
278.759
278.747
278.746
278.746
278.746
278.746
278.746
278.746
278.746
278.746
278.746
278.746
278.746
278.746
278.746
278.746
389.84
387.125
385.056
384.772
386.065
389.45
392.453
394.288
394.61
391.608
361.811
292.501
280.357
278.896
278.758
278.747
278.746
278.746
278.746
278.746
278.746
278.746
278.746
278.746
278.746
278.746
278.746
278.746
278.746
278.746
390.157
387.854
385.684
385.339
386.432
389.752
392.829
394.354
394.578
391.289
359.668
291.922
280.277
278.889
278.758
278.747
278.746
278.746
278.746
278.746
278.746
278.746
278.746
278.746
278.746
278.746
278.746
278.746
278.746
278.746
391.303
388.504
386.147
385.728
386.843
390.468
393.498
394.809
393.847
388.369
356.881
291.586
280.249
278.889
278.758
278.747
278.746
278.746
278.746
278.746
278.746
278.746
278.746
278.746
278.746
278.746
278.746
278.746
278.746
278.746
392.205
388.518
385.938
385.572
386.792
390.164
393.01
394.445
393.804
386.866
353.422
291.581
280.296
278.897
278.759
278.747
278.746
278.746
278.746
278.746
278.746
278.746
278.746
278.746
278.746
278.746
278.746
278.746
278.746
278.746
392.474
389.067
386.047
385.31
386.247
389.309
391.848
392.646
391.418
385.463
356.307
292.463
280.445
278.913
278.76
278.747
278.746
278.746
278.746
278.746
278.746
278.746
278.746
278.746
278.746
278.746
278.746
278.746
278.746
278.746
391.302
388.59
385.607
384.727
385.208
387.844
390.797
391.808
391.025
386.123
361.149
294.088
280.7
278.937
278.763
278.747
278.746
278.746
278.746
278.746
278.746
278.746
278.746
278.746
278.746
278.746
278.746
278.746
278.746
278.746
390.031
387.364
384.403
383.677
384.575
387.712
390.443
391.971
391.822
387.599
363.244
294.81
280.813
278.949
278.764
278.747
278.746
278.746
278.746
278.746
278.746
278.746
278.746
278.746
278.746
278.746
278.746
278.746
278.746
278.746
389.717
387.089
384.043
383.34
384.315
387.902
390.746
391.957
391.875
388.599
367.478
296.447
281.06
278.969
278.765
278.747
278.746
278.746
278.746
278.746
278.746
278.746
278.746
278.746
278.746
278.746
278.746
278.746
278.746
278.746
389.639
387.043
383.93
383.319
384.396
387.98
390.846
392.599
392.632
389.655
371.005
297.174
281.118
278.973
278.765
278.747
278.746
278.746
278.746
278.746
278.746
278.746
278.746
278.746
278.746
278.746
278.746
278.746
278.746
278.746
389.548
387.11
384.315
383.613
384.6
388.393
391.427
393.019
393.06
390.793
372.165
297.291
281.123
278.973
278.765
278.747
278.746
278.746
278.746
278.746
278.746
278.746
278.746
278.746
278.746
278.746
278.746
278.746
278.746
278.746
389.489
386.827
384.08
383.387
384.381
388.289
391.829
393.646
393.685
391.261
372.039
296.834
281.029
278.962
278.764
278.747
278.746
278.746
278.746
278.746
278.746
278.746
278.746
278.746
278.746
278.746
278.746
278.746
278.746
278.746
)
;

boundaryField
{
    inlet
    {
        type            zeroGradient;
    }
    outlet
    {
        type            zeroGradient;
    }
    bottom
    {
        type            symmetryPlane;
    }
    top
    {
        type            symmetryPlane;
    }
    obstacle
    {
        type            zeroGradient;
    }
    defaultFaces
    {
        type            empty;
    }
}


// ************************************************************************* //
