/*--------------------------------*- C++ -*----------------------------------*\
| =========                 |                                                 |
| \\      /  F ield         | OpenFOAM: The Open Source CFD Toolbox           |
|  \\    /   O peration     | Version:  5.x                                   |
|   \\  /    A nd           | Web:      www.OpenFOAM.org                      |
|    \\/     M anipulation  |                                                 |
\*---------------------------------------------------------------------------*/
/*   Windows 32 and 64 bit porting by blueCAPE: http://www.bluecape.com.pt   *\
|  Based on Windows porting (2.0.x v4) by Symscape: http://www.symscape.com   |
\*---------------------------------------------------------------------------*/
FoamFile
{
    version     2.0;
    format      ascii;
    class       surfaceScalarField;
    location    "0.005";
    object      phi;
}
// * * * * * * * * * * * * * * * * * * * * * * * * * * * * * * * * * * * * * //

dimensions      [1 0 -1 0 0 0 0];

internalField   nonuniform List<scalar> 
1447
(
9.80549e-013
1.17177e-013
7.17648e-013
1.12098e-013
5.68434e-013
1.09975e-013
7.10543e-015
1.02973e-013
-1.56319e-013
1.07567e-013
-2.41585e-013
9.79772e-014
1.35003e-013
1.00718e-013
5.61329e-013
9.85184e-014
4.9738e-014
9.72139e-014
5.40012e-013
9.55139e-014
1.10134e-012
9.21832e-014
1.16529e-012
9.76927e-014
1.41398e-012
8.56051e-014
1.32161e-012
8.84709e-014
1.20792e-012
8.63198e-014
1.20792e-012
7.87495e-014
1.36424e-012
7.97626e-014
1.39977e-012
8.01997e-014
8.02913e-013
7.75144e-014
8.2423e-013
7.38784e-014
6.03961e-013
6.92016e-014
9.73444e-013
7.42253e-014
1.25766e-012
6.44346e-014
1.59872e-012
6.86742e-014
1.0516e-012
6.39419e-014
1.5774e-012
6.42403e-014
1.5703e-012
6.54199e-014
1.66978e-012
6.08472e-014
1.54898e-012
6.68077e-014
9.02389e-013
5.11605e-014
1.08002e-012
5.47618e-014
1.12266e-012
5.38528e-014
1.66267e-012
5.0529e-014
1.65556e-012
5.72598e-014
1.32871e-012
4.58938e-014
1.11555e-012
5.59136e-014
5.47118e-013
3.76019e-014
6.82121e-013
4.59771e-014
2.98428e-013
3.70121e-014
1.91847e-013
3.66096e-014
2.55795e-013
3.2252e-014
9.166e-013
3.45071e-014
1.48503e-012
2.93585e-014
1.39266e-012
3.37855e-014
1.22213e-012
2.31412e-014
1.00897e-012
3.53884e-014
1.0516e-012
1.97897e-014
1.59162e-012
3.01703e-014
1.76925e-012
2.34812e-014
1.37135e-012
2.54866e-014
4.47642e-013
2.14412e-014
0
1.22749e-014
-7.81597e-014
2.02963e-014
9.9476e-014
7.64666e-015
6.39488e-014
1.31839e-014
1.42109e-014
9.01362e-015
4.76064e-013
5.35683e-015
2.41585e-013
5.6205e-015
1.35003e-013
9.07607e-015
-4.40536e-013
2.71311e-015
-1.7053e-013
-8.25728e-016
-3.55271e-014
-2.66454e-015
-2.4869e-013
2.23432e-015
-6.46594e-013
-8.98587e-015
-4.1922e-013
-9.64506e-016
-2.91323e-013
-1.36696e-015
-6.46594e-013
-1.9082e-015
-4.26326e-014
-1.16573e-015
-6.39488e-014
1.72778e-015
-6.46594e-013
2.15106e-016
-1.06581e-013
-1.72778e-015
2.06057e-013
6.03684e-016
6.82121e-013
7.23033e-015
1.00897e-012
7.27196e-015
1.1795e-012
1.36002e-015
1.39977e-012
8.67362e-015
1.78346e-012
8.19483e-015
2.05347e-012
8.04218e-015
2.93454e-012
6.42542e-015
5.73408e-012
1.39541e-014
1.32943e-011
2.32731e-014
3.35234e-011
5.78704e-014
8.7482e-011
1.61975e-013
2.27416e-010
4.18186e-013
5.87207e-010
1.11087e-012
1.49709e-009
2.8967e-012
3.77086e-009
7.46721e-012
9.3807e-009
1.89726e-011
2.3044e-008
4.76414e-011
5.58852e-008
1.18089e-010
1.33767e-007
2.88917e-010
3.15939e-007
6.97536e-010
7.361e-007
1.66138e-009
1.6913e-006
3.90267e-009
3.83106e-006
9.0387e-009
8.55239e-006
2.06332e-008
1.88095e-005
4.64081e-008
4.07407e-005
1.02809e-007
8.68702e-005
2.24241e-007
0.000182274
4.8136e-007
0.000376186
1.0165e-006
0.000763303
2.11072e-006
0.00152192
4.30747e-006
0.00298025
8.63492e-006
0.00572836
1.69938e-005
0.0108007
3.28137e-005
0.0199631
6.21247e-005
0.0361446
0.000115242
0.064056
0.000209293
0.111024
0.000371827
0.18803
0.000645626
0.310879
0.00109463
0.501308
0.00181039
0.7877
0.00291791
1.205
0.0045788
1.79334
0.00698938
2.59509
0.0103715
3.65043
0.0149547
4.99206
0.0209522
6.64012
0.0285306
8.59879
0.0377824
10.8554
0.0487232
13.3824
0.0613012
16.1414
0.0754029
19.0881
0.0908768
22.1769
0.107554
25.3639
0.12526
28.6094
0.143814
31.8789
0.163045
35.1442
0.182793
38.3829
0.20292
41.5778
0.223305
44.7157
0.24385
47.7866
0.264474
50.7835
0.285111
53.7014
0.305709
56.5368
0.326228
59.2877
0.346636
61.9528
0.366909
64.5316
0.387027
67.0243
0.406977
69.4311
0.426745
71.7526
0.446323
73.9897
0.465702
76.143
0.484875
78.2136
0.503833
80.2024
0.522572
82.1102
0.541082
83.9379
0.559356
85.6866
0.577388
87.3571
0.595169
88.9504
0.612692
90.4672
0.629947
91.9087
0.646928
93.2758
0.663625
94.5694
0.680031
95.7904
0.696138
96.9401
0.711936
98.0188
0.727419
99.0294
0.742578
99.9686
0.757409
100.847
0.771895
101.647
0.78605
102.403
0.799832
103.065
0.813284
103.696
0.826352
104.248
0.839039
104.725
0.851425
105.197
0.863302
105.537
0.874888
105.871
0.886248
106.158
0.896512
106.333
0.907856
106.505
0.916561
106.634
0.927573
106.666
0.935522
106.667
0.945073
106.649
0.953424
106.567
0.960708
106.404
0.969134
106.238
0.97604
106.043
0.982183
105.769
0.98914
105.457
0.995201
105.115
1.00009
104.764
1.00519
104.345
1.01042
103.881
1.01447
103.399
1.01788
102.888
1.02143
102.363
1.02476
101.772
1.02729
101.162
1.02903
100.525
1.03085
99.8764
1.03237
99.2089
1.03336
98.4918
1.03357
97.7644
1.03343
97.0006
1.03326
96.2447
1.03253
95.4665
1.03132
94.67
1.02931
93.8538
1.02723
93.0078
1.02481
92.1748
1.02195
91.3222
1.01858
90.4845
1.01452
89.6207
1.01033
88.7563
1.00562
87.8879
1.00097
87.0151
0.995763
86.165
0.989948
85.3119
0.983696
84.4914
0.977303
83.6504
0.971217
82.8356
0.96425
82.0332
0.956531
81.2522
0.94807
80.4903
0.93896
79.7478
0.929448
79.0227
0.919624
78.3122
0.909418
77.612
0.898794
76.9141
0.89372
76.2179
0.89285
75.5271
0.891905
74.843
0.891543
74.1611
0.891987
73.4767
0.893359
72.7891
0.895436
72.0957
0.897786
71.4008
0.899375
70.7126
0.8988
70.0349
0.894962
69.3639
0.886985
68.6928
0.874385
68.0258
0.857338
67.3698
0.83671
66.7292
0.813454
66.1056
0.788802
65.4909
0.763723
64.8808
0.73886
64.275
0.714934
63.6769
0.692321
63.0934
0.671192
62.5211
0.651312
61.9587
0.63228
61.3998
0.615131
60.8469
0.598739
60.2979
0.595255
59.759
0.59232
59.2205
0.589364
58.6698
0.586286
58.111
0.583015
57.5588
0.579576
57.0163
0.575973
56.4787
0.572067
55.9511
0.567736
55.4157
0.562902
54.807
0.557379
53.8141
0.550517
51.6501
0.53793
48.0254
0.50827
44.4583
0.467122
41.248
0.426755
38.5344
0.391401
36.3801
0.362666
34.7301
0.341361
33.4917
0.327322
32.5641
0.319824
31.8556
0.317902
31.2904
0.320543
30.811
0.326746
30.3843
0.335747
29.9683
0.346558
29.5851
0.358736
29.2302
0.372333
28.8617
0.386405
28.4764
0.400335
28.0762
0.41396
27.6625
0.427156
27.2365
0.439783
26.8011
0.451781
26.3589
0.463136
25.9089
0.473842
25.4495
0.483767
24.9706
0.492693
24.4614
0.499944
23.9085
0.504865
23.3328
0.50705
22.7099
0.532297
21.9716
0.602352
21.1149
0.622953
20.1415
0.59545
19.1844
0.561579
18.3047
0.53397
17.4921
0.516403
16.7374
0.492182
16.0323
0.46099
0.4254
-1.05871e-011
-1.01608e-011
-9.62075e-012
-9.05231e-012
-8.15703e-012
-8.12861e-012
-7.51754e-012
-7.34701e-012
-8.00071e-012
-8.83915e-012
-7.94387e-012
-8.08598e-012
-7.61702e-012
-7.13385e-012
-6.90648e-012
-6.43752e-012
-7.4607e-012
-7.8586e-012
-7.90124e-012
-7.94387e-012
-6.12488e-012
-6.84963e-012
-6.03961e-012
-5.69855e-012
-4.41958e-012
-3.72324e-012
-4.43379e-012
-5.14433e-012
-6.1533e-012
-6.9349e-012
-5.72697e-012
-4.1922e-012
-3.36797e-012
-4.40536e-012
-5.48539e-012
-5.38591e-012
-5.59908e-012
-5.34328e-012
-3.46745e-012
-4.70379e-012
-4.54747e-012
-3.82272e-012
-4.34852e-012
-4.26326e-012
-2.44427e-012
-5.11591e-013
-1.56319e-013
-1.32161e-012
-9.9476e-014
4.40536e-013
1.13687e-013
-8.3844e-013
-1.02318e-012
-2.11742e-012
-2.089e-012
-1.5774e-012
-3.09797e-012
-3.06954e-012
-3.9222e-012
-3.12639e-012
-3.22586e-012
-2.13163e-012
-1.25056e-012
-4.68958e-013
-7.24754e-013
3.12639e-013
1.37845e-012
1.77636e-012
2.54374e-012
1.86162e-012
9.9476e-013
1.10845e-012
1.16529e-012
1.9611e-012
1.27898e-012
1.03739e-012
9.09495e-013
1.32161e-012
7.10543e-013
-6.96332e-013
-2.40163e-012
-7.77334e-012
-2.06768e-011
-5.58202e-011
-1.42819e-010
-3.61695e-010
-9.06994e-010
-2.24537e-009
-5.4884e-009
-1.32445e-008
-3.1547e-008
-7.41473e-008
-1.71899e-007
-3.92956e-007
-8.85414e-007
-1.96568e-006
-4.29797e-006
-9.25135e-006
-1.95942e-005
-4.08133e-005
-8.35559e-005
-0.000168027
-0.000331665
-0.000642088
-0.00121808
-0.00226202
-0.00410712
-0.00728095
-0.0125809
-0.0211446
-0.0344747
-0.0543382
-0.0824034
-0.119404
-0.163544
-0.207809
-0.235799
-0.215569
-0.0950049
0.188798
0.712853
1.62537
3.07162
5.20083
8.13481
11.9455
16.6283
22.1165
28.3052
35.074
42.3027
49.8815
57.7163
65.7295
73.859
82.0555
90.2803
98.5031
106.7
114.852
122.946
130.968
138.91
146.764
154.523
162.182
169.737
177.184
184.52
191.741
198.846
205.832
212.698
219.443
226.064
232.561
238.934
245.181
251.302
257.297
263.166
268.908
274.525
280.016
285.38
290.623
295.734
300.734
305.591
310.36
314.95
319.507
323.837
328.138
332.315
336.244
340.313
344.011
347.68
351.394
354.756
358.072
361.456
364.556
367.484
370.494
373.396
376.027
378.579
381.189
383.67
385.903
388.049
390.229
392.346
394.247
395.985
397.716
399.458
401.09
402.517
403.828
405.145
406.465
407.695
408.781
409.756
410.691
411.662
412.665
413.583
414.342
415.045
415.839
416.719
417.57
418.321
419.016
419.688
420.409
421.216
422.01
422.756
423.488
424.194
424.873
425.538
426.217
426.952
427.697
428.411
429.108
429.779
430.419
431.031
431.627
432.157
432.67
433.179
433.688
434.195
434.693
435.178
435.615
435.983
436.32
436.67
437.045
437.416
437.745
437.994
438.156
438.268
438.388
438.565
438.828
439.18
439.574
439.9
439.947
439.224
435.641
423.387
404.831
384.755
364.812
346.356
330.217
316.825
306.226
298.206
292.407
288.417
285.825
284.26
283.425
283.081
283.05
283.205
283.461
283.763
284.083
284.396
284.685
284.945
285.177
285.392
285.583
285.77
285.94
286.153
286.431
286.755
287.088
287.392
287.701
288.023
288.396
288.843
289.283
289.254
289.222
289.187
289.147
289.104
289.059
289.013
288.968
288.922
288.876
288.83
288.785
288.739
288.693
288.648
288.602
288.557
288.513
288.469
288.426
288.383
288.342
288.301
288.261
288.222
288.183
288.144
288.105
288.065
288.025
287.984
287.942
287.899
287.854
287.808
287.761
287.712
287.662
287.611
287.558
287.504
287.448
287.392
287.334
287.276
287.218
287.159
287.1
287.042
286.983
286.926
286.869
286.816
286.76
286.711
286.657
286.611
286.563
286.519
286.472
286.43
286.384
286.342
286.293
286.256
286.205
286.169
286.122
286.089
286.053
286.025
286.004
285.987
285.985
285.983
286.001
286.021
286.06
286.096
286.14
286.196
286.258
286.325
286.396
286.466
286.535
286.599
286.659
286.71
286.755
286.793
286.823
286.847
286.864
286.876
286.885
286.89
286.896
286.9
286.908
2.91972
-0.876925
3.35533
-0.835428
3.73185
-0.748579
4.04432
-0.667807
4.28105
-0.595854
4.42008
-0.533495
4.46189
-0.481169
4.40658
-0.437506
4.23517
-0.40334
3.897
-0.381649
3.31022
-0.373049
2.49198
-0.37737
1.55416
-0.389375
0.676672
-0.353112
0.130407
-0.148959
-0.0404532
-0.0755437
-0.0532979
-0.0640446
-0.0320458
-0.0469691
-0.0141382
-0.024628
-0.00530168
-0.00848159
-0.00174589
-0.00198932
-0.000530718
-0.000397026
-0.000153998
-7.60853e-005
-4.32749e-005
-1.44854e-005
-1.18426e-005
-2.76246e-006
-3.1624e-006
-5.28702e-007
-8.24561e-007
-1.01597e-007
-2.09956e-007
-1.96003e-008
-5.22099e-008
-3.7941e-009
-1.26805e-008
-7.36143e-010
-3.00857e-009
-1.42952e-010
-6.975e-010
-2.77372e-011
-1.58068e-010
-5.36715e-012
-3.50342e-011
-1.03545e-012
-7.5806e-012
-1.98188e-013
-1.59872e-012
-3.91453e-014
-3.1708e-013
-7.71778e-015
-4.26326e-014
-2.7504e-015
3.19744e-014
-2.1207e-015
6.03961e-014
-1.60332e-015
8.26006e-014
-1.56949e-015
9.76996e-014
-1.62674e-015
7.28306e-014
-1.5387e-015
1.08358e-013
-1.67531e-015
1.11022e-013
-9.85323e-016
1.24345e-013
-1.30885e-015
1.47438e-013
-9.76649e-016
1.2701e-013
-1.31188e-015
9.68114e-014
-9.96599e-016
8.52651e-014
-2.48326e-015
9.41469e-014
6.93889e-018
8.43769e-014
-1.69526e-015
5.86198e-014
-1.29367e-015
6.57252e-014
-1.62197e-015
2.4869e-014
-9.05959e-016
1.59872e-014
-2.02269e-015
1.06581e-014
-1.17961e-015
1.77636e-014
-2.07299e-015
8.88178e-016
-1.34875e-015
2.66454e-015
-1.01308e-015
-1.95399e-014
-2.02572e-015
3.55271e-015
-1.44893e-015
-2.66454e-014
-1.05428e-015
-6.21725e-015
-2.32106e-015
1.24345e-014
1.34007e-016
-9.76996e-015
-1.86743e-015
-3.9968e-014
-1.05038e-015
-2.4869e-014
-1.10719e-015
-7.10543e-015
-7.22946e-016
-3.01981e-014
-1.87263e-015
-3.55271e-014
-1.88695e-015
-8.9706e-014
5.89372e-016
-1.40332e-013
-1.10675e-015
-1.85629e-013
-1.77592e-015
-2.16716e-013
-1.30451e-015
-2.46914e-013
-1.98843e-015
-2.81553e-013
4.42788e-016
-3.09086e-013
-1.73949e-015
-3.21521e-013
6.65266e-016
-2.99316e-013
-1.22602e-015
-2.74447e-013
2.47632e-016
-2.90434e-013
3.35235e-016
-3.22409e-013
-2.14672e-016
-2.75335e-013
7.58942e-017
-2.77112e-013
-2.19443e-016
-2.69118e-013
1.15272e-015
-2.89546e-013
-7.60243e-016
-3.2685e-013
1.3262e-015
-2.94875e-013
2.94903e-017
-2.73559e-013
5.88939e-016
-2.85105e-013
9.49761e-016
-2.41585e-013
4.67942e-016
-2.86882e-013
9.28511e-016
-2.74447e-013
4.85723e-016
-2.85105e-013
9.1073e-016
-2.57572e-013
4.91794e-016
-2.04281e-013
8.34836e-016
-1.83853e-013
1.23469e-015
-1.58096e-013
4.93529e-016
-1.87406e-013
1.19956e-015
-2.22933e-013
6.33174e-016
-2.52243e-013
7.68049e-016
-2.30926e-013
1.46064e-015
-2.14051e-013
1.05948e-015
-2.26485e-013
1.1601e-015
-2.31815e-013
1.02132e-015
-2.05169e-013
1.53089e-015
-1.89182e-013
1.36956e-015
-2.71783e-013
1.02696e-015
-2.46914e-013
2.06562e-015
-2.79776e-013
1.07683e-015
-2.31815e-013
2.11203e-015
-2.4869e-013
1.63021e-015
-2.78888e-013
2.03483e-015
-2.45137e-013
2.50407e-015
-2.4869e-013
1.96414e-015
-2.02505e-013
2.75561e-015
-2.06057e-013
2.05738e-015
-2.25597e-013
2.54918e-015
-2.00728e-013
2.6988e-015
-1.63425e-013
2.32366e-015
-1.65201e-013
2.77339e-015
-1.68754e-013
2.08644e-015
-1.49214e-013
2.65413e-015
-2.07834e-013
2.61683e-015
-2.46914e-013
2.68015e-015
-2.32703e-013
2.7001e-015
-2.41585e-013
2.38178e-015
-2.54019e-013
2.43208e-015
-2.39808e-013
2.39002e-015
-2.25597e-013
2.66237e-015
-2.61124e-013
2.51882e-015
-2.36255e-013
2.43295e-015
-2.4869e-013
2.14325e-015
-3.10862e-013
2.22869e-015
-3.0731e-013
2.23996e-015
-3.23297e-013
2.76255e-015
-3.8014e-013
2.01748e-015
-4.15668e-013
3.14158e-015
-4.10338e-013
1.87827e-015
-4.24549e-013
3.2062e-015
-3.85469e-013
2.34274e-015
-3.8014e-013
2.67624e-015
-3.49942e-013
2.60078e-015
-3.76588e-013
2.36009e-015
-3.67706e-013
2.39826e-015
-3.2685e-013
2.29287e-015
-2.80664e-013
2.46114e-015
-3.14415e-013
2.62767e-015
2.44943e-015
286.296
286.654
287.155
287.316
287.085
286.704
286.07
284.751
283.376
282.034
280.832
279.475
277.956
275.742
271.42
261.666
233.271
147.734
61.3723
17.9481
3.9026
0.747913
0.139376
0.0258349
0.00477833
0.000881792
0.000162274
2.97602e-005
5.43504e-006
9.87628e-007
1.78417e-007
3.20159e-008
5.70204e-009
1.00738e-009
1.76556e-010
3.08162e-011
5.54934e-012
1.30385e-012
6.6791e-013
5.50671e-013
5.71987e-013
5.82645e-013
6.53699e-013
5.61329e-013
5.79092e-013
4.65405e-013
5.57776e-013
5.57776e-013
4.1922e-013
3.94351e-013
3.23297e-013
3.12639e-013
3.23297e-013
2.84217e-013
2.20268e-013
2.16716e-013
2.52243e-013
2.38032e-013
2.06057e-013
7.81597e-014
1.66978e-013
1.06581e-013
-1.06581e-014
7.10543e-014
5.68434e-014
-2.84217e-014
-1.42109e-014
1.27898e-013
1.1724e-013
7.4607e-014
2.4869e-014
-3.90799e-014
-8.88178e-014
3.55271e-015
-5.32907e-014
-4.9738e-014
-1.10134e-013
-1.49214e-013
-2.16716e-013
-2.45137e-013
-3.16192e-013
-2.77112e-013
-2.73559e-013
-2.91323e-013
-2.73559e-013
-2.34479e-013
-2.62901e-013
-2.98428e-013
-3.94351e-013
-5.04485e-013
-4.22773e-013
-4.08562e-013
-3.33955e-013
-2.73559e-013
-1.66978e-013
-1.63425e-013
-1.1724e-013
-7.81597e-014
-8.17124e-014
-1.1724e-013
-1.77636e-013
-1.52767e-013
-1.20792e-013
-1.03029e-013
-6.39488e-014
-5.68434e-014
-8.52651e-014
-4.26326e-014
-3.90799e-014
-3.55271e-014
4.61853e-014
3.55271e-014
-9.23706e-014
-1.7053e-013
-2.0961e-013
-2.02505e-013
-2.16716e-013
-3.12639e-013
-3.6593e-013
-5.22249e-013
-4.93827e-013
-6.25278e-013
-5.32907e-013
-6.23501e-013
-6.16396e-013
-6.44818e-013
-5.40012e-013
-5.54223e-013
-6.27054e-013
-7.83373e-013
-7.72715e-013
-8.01137e-013
-7.10543e-013
-6.91003e-013
-6.35936e-013
-6.35936e-013
-6.43041e-013
-7.38964e-013
-6.18172e-013
-6.43041e-013
-7.47846e-013
-8.27782e-013
-8.3844e-013
-8.49099e-013
-7.53175e-013
-7.97584e-013
-8.73968e-013
-8.7752e-013
-8.54428e-013
)
;

boundaryField
{
    inlet
    {
        type            calculated;
        value           nonuniform List<scalar> 2(1.02538e-011 -1.52894e-012);
    }
    outlet
    {
        type            calculated;
        value           nonuniform List<scalar> 2(-7.69498e-013 -3.22353e-013);
    }
    bottom
    {
        type            symmetryPlane;
        value           uniform 0;
    }
    top
    {
        type            symmetryPlane;
        value           uniform 0;
    }
    obstacle
    {
        type            calculated;
        value           nonuniform List<scalar> 
102
(
15.367
-2.4253
0.0667932
0.0662071
0.0656266
0.0651044
0.0646232
0.0641727
0.0637172
0.0632678
0.0628175
0.0623651
0.0619096
0.0614522
0.0609925
0.0605317
0.0600688
0.059605
0.0591393
0.0586727
0.0582043
0.0577349
0.0572638
0.0567918
0.0563181
0.0558434
0.055367
0.0548895
0.0544103
0.0539299
0.0534477
0.0529641
0.0524788
0.051992
0.0515034
0.0510132
0.0505213
0.0500275
0.0495323
0.049035
0.0485363
0.0480355
0.0475333
0.0470291
0.0465235
0.0460159
0.0455068
0.044996
0.0444835
0.0439697
0.0434539
0.0429374
0.0424184
0.0418998
0.0413776
0.0408577
0.040332
0.0398119
0.0392833
0.0387623
0.0382325
0.0377104
0.0371802
0.0366571
0.0361274
0.0356033
0.0350724
0.0345495
0.0340152
0.0334924
0.0329544
0.032429
0.0318872
0.0313559
0.0308098
0.0302693
0.0297186
0.0291667
0.02861
0.028047
0.0274835
0.0269149
0.0263383
0.0257641
0.0251804
0.0245972
0.0240093
0.0234206
0.0228291
0.0222371
0.0216438
0.0210497
0.0204556
0.0198612
0.0192673
0.0186739
0.0180816
0.0174906
0.0169017
0.0163152
0.0157312
0.0151513
)
;
    }
    defaultFaces
    {
        type            empty;
        value           nonuniform 0();
    }
}


// ************************************************************************* //
