/*--------------------------------*- C++ -*----------------------------------*\
| =========                 |                                                 |
| \\      /  F ield         | OpenFOAM: The Open Source CFD Toolbox           |
|  \\    /   O peration     | Version:  5.x                                   |
|   \\  /    A nd           | Web:      www.OpenFOAM.org                      |
|    \\/     M anipulation  |                                                 |
\*---------------------------------------------------------------------------*/
/*   Windows 32 and 64 bit porting by blueCAPE: http://www.bluecape.com.pt   *\
|  Based on Windows porting (2.0.x v4) by Symscape: http://www.symscape.com   |
\*---------------------------------------------------------------------------*/
FoamFile
{
    version     2.0;
    format      ascii;
    class       volScalarField;
    location    "0.005";
    object      T;
}
// * * * * * * * * * * * * * * * * * * * * * * * * * * * * * * * * * * * * * //

dimensions      [0 0 0 1 0 0 0];

internalField   nonuniform List<scalar> 
1000
(
348.432
348.432
348.432
348.432
348.432
348.432
348.432
348.432
348.432
348.432
348.432
348.432
348.432
348.432
348.432
348.432
348.432
348.432
348.432
348.432
348.432
348.432
348.432
348.432
348.432
348.432
348.432
348.432
348.432
348.432
348.432
348.432
348.432
348.432
348.432
348.432
348.432
348.432
348.432
348.432
348.432
348.432
348.432
348.432
348.432
348.432
348.432
348.432
348.432
348.432
348.432
348.432
348.432
348.432
348.432
348.432
348.432
348.432
348.432
348.432
348.432
348.432
348.432
348.432
348.432
348.432
348.432
348.432
348.432
348.432
348.432
348.432
348.432
348.432
348.432
348.432
348.432
348.432
348.432
348.432
348.432
348.432
348.432
348.432
348.432
348.432
348.432
348.432
348.432
348.432
348.432
348.432
348.432
348.432
348.432
348.432
348.432
348.432
348.432
348.432
348.432
348.432
348.432
348.431
348.431
348.429
348.427
348.423
348.416
348.405
348.385
348.353
348.302
348.225
348.109
347.942
347.709
347.395
346.985
346.467
345.835
345.086
344.223
343.253
342.186
341.036
339.814
338.533
337.203
335.835
334.436
333.012
331.57
330.113
328.644
327.166
325.681
324.19
322.694
321.195
319.692
318.186
316.678
315.167
313.654
312.139
310.622
309.103
307.582
306.06
304.536
303.011
301.485
299.958
298.43
296.902
295.373
293.844
292.314
290.789
289.252
287.745
286.172
284.741
283.049
281.784
279.929
278.759
276.987
275.537
274.159
272.447
271.035
269.623
267.97
266.521
265.109
263.577
262.031
260.601
259.234
257.615
256.202
254.768
253.358
251.904
250.37
249.079
247.608
246.271
244.796
243.4
242.119
240.704
239.453
237.996
236.752
235.455
234.197
233.018
231.681
230.58
229.312
228.306
227.192
226.156
225.185
224.148
223.396
222.474
221.884
221.147
220.64
220.136
219.71
219.562
219.297
219.332
219.377
219.497
219.665
219.873
220.113
220.385
220.674
220.971
221.27
221.573
221.903
222.266
222.664
223.114
223.585
224.054
224.512
224.984
225.479
225.947
226.381
226.747
227.058
227.355
227.623
227.88
228.088
228.244
228.373
228.465
228.566
228.637
228.659
228.656
228.678
228.753
228.829
228.855
228.845
228.809
228.758
228.83
229.687
233.608
244.865
261.752
280.124
298.151
314.256
327.497
337.534
344.574
349.141
351.867
353.316
353.953
354.069
353.887
353.269
352.273
351.335
350.433
349.524
348.628
347.722
346.786
345.806
344.843
343.852
343.033
342.278
341.901
341.378
341.222
341.405
342.1
343.037
343.504
343.483
343.215
342.886
341.464
348.432
348.432
348.432
348.432
348.432
348.432
348.432
348.432
348.432
348.432
348.432
348.432
348.432
348.432
348.432
348.432
348.432
348.432
348.432
348.432
348.432
348.432
348.432
348.432
348.432
348.432
348.432
348.432
348.432
348.432
348.432
348.432
348.432
348.432
348.432
348.432
348.432
348.432
348.432
348.432
348.432
348.432
348.432
348.432
348.432
348.432
348.432
348.432
348.432
348.432
348.432
348.432
348.432
348.432
348.432
348.432
348.432
348.432
348.432
348.432
348.432
348.432
348.432
348.432
348.432
348.432
348.432
348.432
348.432
348.432
348.432
348.432
348.432
348.432
348.432
348.432
348.432
348.432
348.432
348.432
348.432
348.432
348.432
348.432
348.432
348.432
348.432
348.432
348.432
348.432
348.432
348.432
348.432
348.432
348.432
348.432
348.432
348.432
348.432
348.432
348.432
348.432
348.432
348.432
348.432
348.432
348.432
348.433
348.433
348.434
348.436
348.438
348.441
348.445
348.451
348.457
348.463
348.465
348.458
348.434
348.387
348.3
348.154
347.931
347.611
347.182
346.637
345.98
345.219
344.368
343.439
342.445
341.399
340.309
339.185
338.033
336.857
335.663
334.452
333.228
331.993
330.748
329.495
328.234
326.967
325.694
324.417
323.136
321.85
320.562
319.271
317.978
316.683
315.387
314.089
312.791
311.493
310.195
308.897
307.6
306.303
305.008
303.714
302.423
301.131
299.848
298.554
297.288
295.978
294.756
293.386
292.283
290.754
289.861
288.175
287.303
285.86
284.556
283.559
282.126
280.887
279.856
278.525
277.235
276.195
275.019
273.716
272.57
271.535
270.377
269.143
268.058
267.064
265.999
264.866
263.804
262.884
261.97
260.999
260.022
259.155
258.412
257.677
256.918
256.188
255.56
255.039
254.587
254.162
253.719
253.312
253.033
252.876
252.719
252.497
252.275
252.122
252.038
251.976
251.904
251.791
251.661
251.57
251.513
251.47
251.434
251.404
251.373
251.326
251.26
251.204
251.159
251.117
251.074
251.018
250.928
250.809
250.7
250.632
250.59
250.557
250.527
250.503
250.489
250.504
250.548
250.589
250.609
250.618
250.641
250.706
250.828
250.996
251.181
251.351
251.481
251.563
251.606
251.655
251.791
252.178
253.499
257.881
268.02
281.627
297.188
313.782
330.336
345.825
359.468
370.804
379.707
386.321
390.974
394.075
396.025
397.168
397.782
398.075
398.19
398.22
398.219
398.216
398.238
398.301
398.403
398.536
398.682
398.879
399.034
399.281
399.377
399.649
399.738
399.944
400.041
400.145
400.079
399.937
398.98
399.1
398.884
398.709
398.623
398.629
398.63
398.706
398.738
398.785
398.828
398.871
398.911
398.954
398.994
399.038
399.079
399.123
399.163
399.206
399.245
399.286
399.323
399.362
399.397
399.432
399.466
399.5
399.532
399.565
399.598
399.631
399.665
399.7
399.736
399.772
399.81
399.847
399.888
399.928
399.971
400.012
400.057
400.101
400.147
400.193
400.239
400.287
400.332
400.381
400.424
400.476
400.512
400.57
400.594
400.665
400.668
400.752
400.748
400.833
400.832
400.919
400.923
401.007
401.025
401.124
401.123
401.256
401.238
401.391
401.364
401.51
401.483
401.6
401.584
401.644
401.647
401.644
401.649
401.585
401.561
401.561
401.446
401.416
401.314
401.244
401.154
401.084
401.008
400.944
400.892
400.845
400.813
400.788
400.774
400.767
400.771
400.775
400.78
400.797
400.8
342.855
342.728
340.02
334.495
328.969
323.694
318.978
314.764
310.827
306.808
302.337
297.23
291.464
285.509
281.122
279.451
278.972
278.804
278.744
278.735
278.74
278.744
278.745
278.746
278.746
278.746
278.746
278.746
278.746
278.746
278.746
278.746
278.746
278.746
278.746
278.746
278.746
278.746
278.746
278.746
278.746
278.746
278.746
278.746
278.746
278.746
278.746
278.746
278.746
278.746
278.746
278.746
278.746
278.746
278.746
278.746
278.746
278.746
278.746
278.746
278.746
278.746
278.746
278.746
278.746
278.746
278.746
278.746
278.746
278.746
278.746
278.746
278.746
278.746
278.746
278.746
278.746
278.746
278.746
278.746
278.746
278.746
278.746
278.746
278.746
278.746
278.746
278.746
278.746
278.746
278.746
278.746
278.746
278.746
278.746
278.746
278.746
278.746
278.746
278.746
278.746
278.746
278.746
278.746
278.746
278.746
278.746
278.746
278.746
278.746
278.746
278.746
278.746
278.746
278.746
278.746
278.746
278.746
278.746
278.746
278.746
278.746
278.746
278.746
278.746
278.746
278.746
278.746
278.746
278.746
278.746
278.746
278.746
278.746
278.746
278.746
278.746
278.746
278.746
278.746
278.746
278.746
278.746
278.746
278.746
278.746
278.746
278.746
278.746
278.746
400.745
399.944
398.256
396.98
396.464
396.46
396.726
397.608
399.131
400.315
401.134
401.534
401.564
401.164
400.052
397.68
392.16
378.922
336.244
300.181
284.282
279.885
278.965
278.787
278.754
278.747
278.746
278.746
278.746
278.746
278.746
278.746
278.746
278.746
278.746
278.746
278.746
278.746
278.746
278.746
278.746
278.746
278.746
278.746
278.746
278.746
278.746
278.746
278.746
278.746
278.746
278.746
278.746
278.746
278.746
278.746
278.746
278.746
278.746
278.746
278.746
278.746
278.746
278.746
278.746
278.746
278.746
278.746
278.746
278.746
278.746
278.746
278.746
278.746
278.746
278.746
278.746
278.746
278.746
278.746
278.746
278.746
278.746
278.746
278.746
278.746
278.746
278.746
278.746
278.746
278.746
278.746
278.746
278.746
278.746
278.746
278.746
278.746
278.746
278.746
278.746
278.746
278.746
278.746
278.746
278.746
278.746
278.746
278.746
278.746
278.746
278.746
278.746
278.746
278.746
278.746
278.746
278.746
278.746
278.746
278.746
278.746
278.746
278.746
278.746
278.746
278.746
278.746
278.746
278.746
278.746
278.746
278.746
278.746
278.746
278.746
278.746
278.746
278.746
278.746
278.746
278.746
278.746
278.746
278.746
278.746
278.746
278.746
278.746
278.746
)
;

boundaryField
{
    inlet
    {
        type            zeroGradient;
    }
    outlet
    {
        type            zeroGradient;
    }
    bottom
    {
        type            symmetryPlane;
    }
    top
    {
        type            symmetryPlane;
    }
    obstacle
    {
        type            zeroGradient;
    }
    defaultFaces
    {
        type            empty;
    }
}


// ************************************************************************* //
