/*--------------------------------*- C++ -*----------------------------------*\
| =========                 |                                                 |
| \\      /  F ield         | OpenFOAM: The Open Source CFD Toolbox           |
|  \\    /   O peration     | Version:  5.x                                   |
|   \\  /    A nd           | Web:      www.OpenFOAM.org                      |
|    \\/     M anipulation  |                                                 |
\*---------------------------------------------------------------------------*/
/*   Windows 32 and 64 bit porting by blueCAPE: http://www.bluecape.com.pt   *\
|  Based on Windows porting (2.0.x v4) by Symscape: http://www.symscape.com   |
\*---------------------------------------------------------------------------*/
FoamFile
{
    version     2.0;
    format      ascii;
    class       volVectorField;
    location    "0.005";
    object      U;
}
// * * * * * * * * * * * * * * * * * * * * * * * * * * * * * * * * * * * * * //

dimensions      [0 1 -1 0 0 0 0];

internalField   nonuniform List<vector> 
1000
(
(1.02177e-012 2.35839e-012 0)
(2.16825e-013 2.29179e-012 0)
(8.30171e-013 2.20003e-012 0)
(-1.27675e-013 2.11931e-012 -2.97086e-018)
(1.02676e-013 2.1786e-012 2.97764e-018)
(-4.11144e-013 1.97279e-012 0)
(1.67056e-013 2.0536e-012 0)
(1.46659e-014 1.9298e-012 5.99635e-018)
(5.75887e-013 1.9776e-012 -6.01017e-018)
(-4.79688e-013 1.88515e-012 6.02405e-018)
(1.02861e-012 1.87254e-012 -6.03799e-018)
(4.37556e-013 1.90684e-012 0)
(1.25944e-012 1.70773e-012 0)
(6.54707e-013 1.7617e-012 0)
(1.04205e-012 1.7014e-012 0)
(6.68647e-013 1.56472e-012 -1.22174e-017)
(8.46185e-013 1.59972e-012 1.22461e-017)
(1.09778e-012 1.60374e-012 0)
(5.10464e-013 1.56392e-012 0)
(7.14768e-013 1.4789e-012 0)
(2.83477e-013 1.38337e-012 -4.82896e-020)
(6.82204e-013 1.45708e-012 1.23915e-017)
(4.8563e-013 1.2691e-012 -2.4842e-017)
(1.26711e-012 1.3596e-012 1.24507e-017)
(6.5319e-013 1.24297e-012 1.24804e-017)
(1.0215e-012 1.27927e-012 -1.25104e-017)
(8.63847e-013 1.24211e-012 2.50809e-017)
(1.53981e-012 1.18895e-012 3.65854e-033)
(8.44451e-013 1.29462e-012 -2.52021e-017)
(1.12943e-012 9.93385e-013 2.52631e-017)
(2.99054e-013 1.11237e-012 -2.53244e-017)
(1.02086e-012 1.03549e-012 2.5386e-017)
(6.18003e-013 1.00786e-012 -2.54479e-017)
(1.77644e-012 1.05125e-012 0)
(3.48057e-013 9.25918e-013 -2.55727e-017)
(1.48199e-012 1.02819e-012 2.56355e-017)
(1.58314e-013 7.5236e-013 0)
(6.1758e-013 8.801e-013 0)
(2.01529e-013 7.40378e-013 0)
(1.50516e-013 6.8792e-013 -2.589e-017)
(7.89238e-014 6.73574e-013 2.59544e-017)
(3.17693e-013 6.36512e-013 5.08185e-020)
(8.94657e-013 6.13761e-013 5.09456e-020)
(9.78542e-013 6.29557e-013 0)
(1.06269e-012 4.65932e-013 0)
(5.47678e-013 6.4265e-013 5.13305e-020)
(1.06554e-012 3.19373e-013 -5.14602e-020)
(5.42679e-013 5.32344e-013 5.15904e-020)
(1.67969e-012 3.65145e-013 5.17214e-020)
(9.13707e-013 4.59611e-013 -2.66006e-017)
(9.11834e-013 3.60589e-013 2.66684e-017)
(-1.03336e-013 2.11535e-013 5.21182e-020)
(1.0134e-014 3.87405e-013 -5.22519e-020)
(-9.27409e-014 1.59467e-013 5.23862e-020)
(2.30723e-013 2.54338e-013 5.25212e-020)
(-2.12961e-013 1.68489e-013 -5.26569e-020)
(2.8825e-013 8.27621e-014 -2.69774e-017)
(1.97053e-013 1.24466e-013 2.71533e-017)
(3.19436e-013 1.62967e-013 -5.30683e-020)
(-2.56337e-013 7.45552e-014 5.32068e-020)
(-2.28941e-013 -2.03344e-014 5.33461e-020)
(-1.27298e-013 -4.56571e-014 -5.34862e-020)
(6.42933e-014 3.97312e-014 5.49676e-017)
(-5.15739e-013 -2.19098e-013 -1.10064e-016)
(-3.88687e-013 -2.17073e-014 5.51506e-017)
(-1.68823e-013 -4.52709e-014 -5.52969e-017)
(-3.97265e-013 -5.93579e-014 1.1105e-016)
(-5.0297e-013 -3.9094e-014 -5.57005e-017)
(4.97825e-013 2.2232e-014 5.44872e-020)
(-6.91461e-013 -3.25574e-014 5.46333e-020)
(-1.82893e-014 -5.70552e-014 -5.61497e-017)
(-2.43894e-013 -1.91679e-014 5.6301e-017)
(5.17178e-013 1.36904e-013 5.50763e-020)
(5.62905e-013 1.23043e-013 -5.52255e-020)
(9.73494e-013 -2.67566e-014 5.53756e-020)
(1.14165e-012 9.24127e-014 5.55265e-020)
(1.18384e-012 1.66797e-013 -5.56782e-020)
(1.67854e-012 1.88236e-013 5.58307e-020)
(1.75517e-012 1.45773e-013 -5.72718e-017)
(3.29691e-012 3.59257e-013 5.74295e-017)
(7.31633e-012 6.26206e-013 5.62934e-020)
(1.68171e-011 1.63289e-012 -5.77477e-017)
(4.50192e-011 4.53543e-012 5.79081e-017)
(1.15889e-010 1.18407e-011 0)
(3.02463e-010 3.14141e-011 0)
(7.77574e-010 8.20431e-011 5.85089e-017)
(1.97575e-009 2.11671e-010 -5.8616e-017)
(4.95799e-009 5.38466e-010 0)
(1.22878e-008 1.35326e-009 0)
(3.0068e-008 3.35704e-009 0)
(7.26263e-008 8.21889e-009 5.78927e-020)
(1.73118e-007 1.98537e-008 -5.93929e-017)
(4.07123e-007 4.73067e-008 5.96209e-017)
(9.44325e-007 1.11156e-007 5.97917e-017)
(2.15971e-006 2.57476e-007 -5.99635e-017)
(4.86866e-006 5.87754e-007 0)
(1.08147e-005 1.32178e-006 6.0369e-017)
(2.36622e-005 2.92731e-006 -6.04259e-017)
(5.09762e-005 6.38201e-006 -6.06607e-017)
(0.000108088 1.36914e-005 1.21675e-016)
(0.000225474 2.88904e-005 -6.10155e-017)
(0.00046252 5.99331e-005 0)
(0.000932539 0.000122172 5.99359e-020)
(0.00184705 0.000244591 6.01127e-020)
(0.00359192 0.000480637 6.17368e-017)
(0.00685403 0.000926474 -1.05133e-021)
(0.012825 0.00175064 -6.21045e-017)
(0.0235158 0.00324034 -6.22859e-017)
(0.0422211 0.00587053 6.25359e-017)
(0.0741683 0.0104014 6.11937e-020)
(0.127368 0.0180069 0)
(0.213637 0.0304313 0)
(0.349682 0.0501551 0)
(0.558047 0.080539 0)
(0.867574 0.125894 0)
(1.31302 0.19141 6.22793e-020)
(1.93343 0.282895 -6.36525e-017)
(2.7692 0.406296 6.40297e-017)
(3.858 0.567059 6.39135e-017)
(5.23025 0.769419 -3.71583e-019)
(6.90529 1.01577 -6.43168e-017)
(8.88908 1.3064 6.31744e-020)
(11.1741 1.63973 6.32759e-020)
(13.7414 2.01271 0)
(16.5637 2.42148 6.35838e-017)
(19.6094 2.86198 -1.277e-016)
(22.8457 3.33034 6.40834e-017)
(26.2409 3.82309 6.32404e-017)
(29.766 4.3372 -6.38459e-017)
(33.3961 4.87017 0)
(37.1103 5.42 6.26858e-017)
(40.8915 5.98506 -6.34618e-017)
(44.726 6.56409 -6.23337e-017)
(48.6027 7.15609 6.31903e-017)
(52.513 7.76028 0)
(56.45 8.37609 0)
(60.4085 9.00308 0)
(64.3844 9.64095 0)
(68.3744 10.2895 6.12253e-017)
(72.3763 10.9487 -6.19863e-017)
(76.3883 11.6184 0)
(80.409 12.2987 -6.06563e-017)
(84.4374 12.9895 6.15515e-017)
(88.4726 13.6909 0)
(92.514 14.403 0)
(96.5612 15.1257 -5.98266e-017)
(100.613 15.8591 1.20428e-016)
(104.67 16.6033 -6.05432e-017)
(108.732 17.3581 0)
(112.796 18.1235 0)
(116.865 18.8996 0)
(120.935 19.6861 0)
(125.009 20.4831 1.17043e-016)
(129.083 21.2903 -2.18836e-018)
(133.159 22.1077 -1.18388e-016)
(137.235 22.9351 0)
(141.312 23.7724 0)
(145.387 24.6193 0)
(149.461 25.4756 0)
(153.534 26.3412 -1.14275e-016)
(157.604 27.2158 1.16104e-016)
(161.671 28.0993 -5.9121e-020)
(165.734 28.9913 0)
(169.794 29.8918 1.1271e-016)
(173.846 30.8001 -2.26698e-016)
(177.897 31.7166 1.14148e-016)
(181.937 32.6403 5.8383e-020)
(185.976 33.5715 0)
(190.003 34.5098 -5.81267e-020)
(194.024 35.4546 -1.10256e-016)
(198.038 36.4061 1.12126e-016)
(202.04 37.3636 0)
(206.036 38.3269 5.76124e-020)
(210.021 39.2957 -5.74997e-020)
(213.992 40.2697 -5.734e-020)
(217.955 41.2485 1.07983e-016)
(221.906 42.2318 -2.28681e-018)
(225.841 43.2187 -1.09517e-016)
(229.765 44.2097 5.68462e-020)
(233.676 45.204 0)
(237.569 46.2002 1.06074e-016)
(241.446 47.1991 -2.17735e-018)
(245.309 48.2002 -1.07638e-016)
(249.153 49.2018 1.04988e-016)
(252.977 50.2035 -1.06815e-016)
(256.781 51.2053 -5.60755e-020)
(260.565 52.2068 -5.59536e-020)
(264.327 53.2057 0)
(268.062 54.2018 -5.5777e-020)
(271.773 55.1943 -5.56999e-020)
(275.455 56.1821 1.0257e-016)
(279.108 57.1641 -1.04386e-016)
(282.729 58.1377 -1.01943e-016)
(286.314 59.1024 2.24636e-018)
(289.86 60.0558 1.03396e-016)
(293.365 60.9966 0)
(296.825 61.9221 5.52072e-020)
(300.235 62.8293 -5.51646e-020)
(303.589 63.7154 -5.51362e-020)
(306.881 64.5763 0)
(310.104 65.4097 -5.50928e-020)
(313.253 66.2102 -5.51137e-020)
(316.318 66.9734 -9.91001e-017)
(319.289 67.6928 1.00983e-016)
(322.152 68.3619 -5.52041e-020)
(324.896 68.9747 5.52694e-020)
(327.506 69.5229 -5.53549e-020)
(329.968 69.9994 0)
(332.263 70.3931 5.55831e-020)
(334.369 70.6948 9.84795e-017)
(336.266 70.8934 -1.00173e-016)
(337.93 70.9791 -9.87507e-017)
(339.343 70.9424 1.0011e-016)
(340.482 70.7738 -5.64815e-020)
(341.325 70.4643 5.67066e-020)
(341.865 70.0099 0)
(342.066 69.3973 -5.7229e-020)
(341.952 68.6402 5.7526e-020)
(341.589 67.7706 -5.7816e-020)
(340.996 66.7999 0)
(340.204 65.744 5.84148e-020)
(339.245 64.6196 -1.03266e-016)
(338.157 63.4467 1.03822e-016)
(336.976 62.2433 5.93485e-020)
(335.715 61.0164 -5.96727e-020)
(334.369 59.7647 -5.99975e-020)
(332.927 58.4843 6.03211e-020)
(331.374 57.1684 -1.07401e-016)
(329.69 55.808 2.15977e-016)
(327.852 54.3935 -1.08539e-016)
(325.841 52.917 0)
(323.647 51.3753 -6.19921e-020)
(321.273 49.7736 6.23404e-020)
(318.74 48.1255 -6.26827e-020)
(316.081 46.4531 0)
(313.345 44.7854 -1.14378e-016)
(310.583 43.1559 1.14495e-016)
(307.848 41.5954 1.16259e-016)
(305.182 40.1272 -1.16448e-016)
(302.62 38.7685 1.1804e-016)
(300.185 37.5315 6.03699e-019)
(297.89 36.4223 -1.19116e-016)
(295.74 35.4422 0)
(293.733 34.589 -6.59841e-020)
(291.866 33.86 6.63234e-020)
(290.136 33.2512 -1.22997e-016)
(288.541 32.7587 2.47128e-016)
(287.071 32.3732 -1.24191e-016)
(285.721 32.0883 -6.76865e-020)
(284.434 31.8641 -1.25903e-016)
(283.138 31.6522 1.26561e-016)
(281.83 31.4438 -6.87232e-020)
(280.515 31.2349 -6.9078e-020)
(279.201 31.02 6.94536e-020)
(277.898 30.7928 0)
(276.619 30.5446 -1.30357e-016)
(275.381 30.2626 1.40864e-019)
(274.214 29.9385 1.31773e-016)
(273.173 29.5699 1.32492e-016)
(272.321 29.155 -1.33362e-016)
(271.725 28.6893 -1.34738e-016)
(271.357 28.1155 1.38043e-016)
(270.856 27.1927 0)
(270.231 26.0232 1.56537e-016)
(269.799 24.9689 -1.68902e-016)
(269.434 24.1137 1.80375e-016)
(268.97 23.51 -1.91547e-016)
(268.305 23.23 1.99999e-016)
(267.393 23.3354 -5.5769e-019)
(266.195 23.837 -2.13679e-016)
(264.692 24.712 0)
(262.883 25.918 1.18374e-019)
(260.771 27.3936 -1.19606e-019)
(258.387 29.0956 2.23663e-016)
(255.72 30.9463 -9.75099e-019)
(252.796 32.9058 -2.27649e-016)
(249.725 34.999 -1.22751e-019)
(246.469 37.1406 2.2849e-016)
(242.993 39.2593 -2.30342e-016)
(239.343 41.3592 -2.30306e-016)
(235.54 43.4266 2.32388e-016)
(231.599 45.4495 -1.25491e-019)
(227.541 47.4252 0)
(223.393 49.3565 2.34185e-016)
(219.168 51.2399 -4.71514e-016)
(214.847 53.042 2.37278e-016)
(210.338 54.6722 -2.37266e-016)
(205.48 55.9754 2.39416e-016)
(200.114 56.809 -2.40514e-016)
(194.322 57.2414 2.4229e-016)
(188.153 57.3139 0)
(181.285 56.721 2.46732e-016)
(173.065 54.8728 -2.47481e-016)
(163.337 51.6515 -1.35e-019)
(153.279 48.1858 0)
(144.238 45.7267 -2.59677e-016)
(136.372 44.393 5.2209e-016)
(129.247 43.7443 -2.6305e-016)
(122.326 43.2462 1.40615e-019)
(116.018 43.3448 -1.41144e-019)
(-4.11148e-012 2.36911e-012 0)
(-4.39517e-012 2.30797e-012 0)
(-3.28237e-012 2.21391e-012 0)
(-4.19605e-012 2.13542e-012 0)
(-3.53767e-012 2.2031e-012 0)
(-2.35852e-012 1.99809e-012 0)
(-4.47144e-012 2.07145e-012 0)
(-1.20005e-012 1.9731e-012 0)
(-5.0756e-012 2.00824e-012 0)
(-1.1349e-012 1.91515e-012 0)
(-5.34322e-012 1.8854e-012 0)
(-1.50764e-012 1.92855e-012 0)
(-4.11802e-012 1.72297e-012 0)
(-2.71803e-012 1.78415e-012 0)
(-2.59605e-012 1.71846e-012 0)
(-2.44599e-012 1.59823e-012 0)
(-2.93419e-012 1.61017e-012 0)
(-3.06722e-012 1.59864e-012 0)
(-2.93127e-012 1.57388e-012 0)
(-3.03101e-012 1.48726e-012 0)
(-2.71684e-012 1.41013e-012 2.73601e-020)
(-2.7274e-012 1.48766e-012 0)
(-1.90812e-012 1.28106e-012 0)
(-3.15111e-012 1.36457e-012 0)
(-8.69763e-013 1.2402e-012 0)
(-2.97953e-012 1.28822e-012 0)
(-5.59692e-014 1.23511e-012 0)
(-3.02777e-012 1.16336e-012 0)
(-1.46077e-012 1.2805e-012 0)
(-2.62043e-012 9.88614e-013 0)
(-3.15069e-012 1.13308e-012 0)
(-9.40755e-013 1.0165e-012 0)
(-2.50856e-012 1.01606e-012 0)
(-2.40366e-013 1.00552e-012 0)
(-3.19464e-012 9.40187e-013 0)
(-8.25308e-013 9.972e-013 0)
(-3.04838e-012 7.88572e-013 0)
(-1.2969e-012 8.59142e-013 0)
(-2.4711e-012 7.74658e-013 0)
(-2.29365e-013 7.01857e-013 0)
(-3.39947e-012 6.81784e-013 0)
(1.9218e-013 6.3345e-013 -2.66341e-020)
(-3.12584e-012 5.85666e-013 -2.66005e-020)
(-2.55594e-013 6.25007e-013 0)
(-2.49802e-012 4.23649e-013 0)
(1.36581e-013 6.29553e-013 -2.65002e-020)
(-2.09161e-013 2.96691e-013 2.64669e-020)
(-2.08899e-013 5.0096e-013 -2.64338e-020)
(-2.72136e-013 3.28264e-013 -2.64007e-020)
(4.52992e-014 3.77824e-013 2.63676e-020)
(4.34329e-013 3.12598e-013 -2.63347e-020)
(-4.15713e-013 2.91592e-013 -2.63018e-020)
(-9.92858e-014 3.82899e-013 2.62691e-020)
(-5.3187e-013 1.32545e-013 -2.62364e-020)
(-1.14345e-012 2.83752e-013 -2.62038e-020)
(-2.24809e-013 1.8884e-013 2.61712e-020)
(-8.62197e-013 1.30228e-013 -2.61388e-020)
(-1.3186e-012 8.50757e-014 -2.61064e-020)
(-1.20051e-012 1.68261e-013 2.60741e-020)
(-1.40482e-012 8.61238e-014 -2.60419e-020)
(-1.06349e-012 4.49637e-014 -2.60098e-020)
(-1.10681e-012 -2.73355e-014 2.59777e-020)
(-6.50787e-013 6.29614e-014 -2.59457e-020)
(-8.90393e-015 -1.50115e-013 -2.59139e-020)
(-4.62436e-013 1.12552e-014 2.5882e-020)
(9.77031e-014 -2.22052e-014 -2.58503e-020)
(-3.54849e-014 1.41385e-014 -2.58186e-020)
(1.24045e-012 -3.25342e-014 2.57871e-020)
(-5.30972e-014 2.06028e-014 -2.57556e-020)
(1.75891e-012 5.45516e-014 -2.57241e-020)
(-2.73667e-013 -1.73801e-014 2.56928e-020)
(1.04043e-012 3.38912e-014 -2.56615e-020)
(-2.99421e-013 7.36169e-014 -2.56303e-020)
(1.33696e-012 5.77225e-015 2.55992e-020)
(1.14207e-013 -3.32188e-014 -2.55681e-020)
(5.52793e-013 9.21322e-014 -2.55372e-020)
(4.82014e-013 8.76388e-015 2.55063e-020)
(5.25198e-014 -2.27039e-014 -2.54754e-020)
(7.08161e-013 -3.1829e-014 -2.54447e-020)
(-2.70698e-013 2.5105e-014 2.5414e-020)
(-1.48268e-013 -1.64076e-013 -2.53834e-020)
(-2.06455e-012 -2.24994e-013 -2.53529e-020)
(-3.97623e-012 -5.66091e-013 2.53224e-020)
(-1.31484e-011 -1.44775e-012 0)
(-3.21589e-011 -3.74062e-012 0)
(-8.39379e-011 -9.62908e-012 -2.52315e-020)
(-2.09118e-010 -2.46927e-011 0)
(-5.22749e-010 -6.31963e-011 0)
(-1.28278e-009 -1.58877e-010 0)
(-3.11323e-009 -3.95251e-010 0)
(-7.45457e-009 -9.70945e-010 -2.50814e-020)
(-1.76203e-008 -2.35495e-009 -2.50516e-020)
(-4.10859e-008 -5.63826e-009 0)
(-9.4481e-008 -1.33223e-008 0)
(-2.14193e-007 -3.10569e-008 0)
(-4.78536e-007 -7.14084e-008 0)
(-1.05316e-006 -1.61892e-007 -2.49036e-020)
(-2.28225e-006 -3.61785e-007 -2.48742e-020)
(-4.86762e-006 -7.96675e-007 0)
(-1.02126e-005 -1.72809e-006 0)
(-2.1066e-005 -3.691e-006 0)
(-4.26964e-005 -7.75979e-006 0)
(-8.49718e-005 -1.60511e-005 -2.47283e-020)
(-0.000165923 -3.26525e-005 -2.46993e-020)
(-0.000317633 -6.52961e-005 0)
(-0.000595541 -0.000128293 0)
(-0.00109242 -0.000247533 0)
(-0.00195792 -0.000468745 0)
(-0.00342343 -0.000870665 -2.45526e-020)
(-0.00582878 -0.00158526 -2.45219e-020)
(-0.00964119 -0.00282744 0)
(-0.015446 -0.0049365 0)
(-0.0238718 -0.00843057 0)
(-0.0353907 -0.0140728 0)
(-0.0499051 -0.0229437 0)
(-0.0660124 -0.0365083 -2.42675e-020)
(-0.0798035 -0.0566608 -2.41977e-020)
(-0.0831062 -0.0857217 0)
(-0.0619256 -0.126366 -2.40154e-020)
(0.00238464 -0.181487 0)
(0.134514 -0.254056 0)
(0.373963 -0.346832 -2.36138e-020)
(0.771534 -0.461963 -2.34475e-020)
(1.37814 -0.600801 0)
(2.24099 -0.763802 0)
(3.39638 -0.950517 0)
(4.86072 -1.15975 2.26965e-020)
(6.62768 -1.38984 -2.25012e-020)
(8.67479 -1.63895 -2.23064e-020)
(10.9713 -1.90525 0)
(13.4826 -2.18702 0)
(16.1742 -2.48274 0)
(19.0155 -2.79109 0)
(21.9808 -3.11094 -2.13533e-020)
(25.0487 -3.44135 0)
(28.2017 -3.78147 0)
(31.426 -4.13061 0)
(34.7112 -4.48813 0)
(38.0484 -4.85348 0)
(41.4309 -5.22616 -2.02527e-020)
(44.853 -5.60572 0)
(48.3106 -5.99175 0)
(51.8 -6.38386 -1.97156e-020)
(55.3181 -6.78171 0)
(58.8624 -7.18495 0)
(62.4306 -7.59329 -1.91852e-020)
(66.0207 -8.00643 0)
(69.6309 -8.42409 0)
(73.2596 -8.846 0)
(76.9054 -9.27192 0)
(80.5668 -9.7016 0)
(84.2427 -10.1348 0)
(87.9318 -10.5713 0)
(91.6329 -11.0109 1.7796e-020)
(95.3449 -11.4534 0)
(99.0668 -11.8985 0)
(102.798 -12.346 0)
(106.536 -12.7959 0)
(110.282 -13.2478 0)
(114.034 -13.7016 0)
(117.791 -14.157 -1.66072e-020)
(121.552 -14.614 1.64395e-020)
(125.318 -15.0723 0)
(129.086 -15.5318 0)
(132.856 -15.9922 0)
(136.628 -16.4535 0)
(140.401 -16.9153 -1.56091e-020)
(144.174 -17.3777 0)
(147.945 -17.8403 1.52807e-020)
(151.717 -18.3032 -1.51203e-020)
(155.484 -18.7658 1.49535e-020)
(159.252 -19.2287 0)
(163.012 -19.6905 -1.46266e-020)
(166.773 -20.1531 1.44835e-020)
(170.522 -20.6135 1.43042e-020)
(174.27 -21.0747 0)
(178.01 -21.5341 1.3996e-020)
(181.739 -21.9925 1.38365e-020)
(185.464 -22.4507 -1.36911e-020)
(189.176 -22.9066 0)
(192.875 -23.3617 1.33711e-020)
(196.565 -23.8158 -1.32257e-020)
(200.237 -24.2678 1.30671e-020)
(203.891 -24.7182 0)
(207.53 -25.1678 -1.2767e-020)
(211.147 -25.6154 1.26169e-020)
(214.739 -26.0608 1.2462e-020)
(218.305 -26.5052 0)
(221.843 -26.9483 1.21722e-020)
(225.347 -27.3895 1.20247e-020)
(228.813 -27.8288 -1.18747e-020)
(232.237 -28.2672 0)
(235.615 -28.705 1.15922e-020)
(238.94 -29.1413 -1.14501e-020)
(242.204 -29.5764 1.13054e-020)
(245.402 -30.0113 0)
(248.526 -30.4466 -1.10288e-020)
(251.565 -30.8821 1.08935e-020)
(254.511 -31.3179 1.07558e-020)
(257.352 -31.7547 0)
(260.08 -32.1935 1.04849e-020)
(262.681 -32.6353 1.03562e-020)
(265.144 -33.0801 -1.02279e-020)
(267.458 -33.5283 0)
(269.612 -33.9807 9.97071e-021)
(271.598 -34.4387 -9.84739e-021)
(273.409 -34.9031 9.72881e-021)
(275.04 -35.3741 0)
(276.49 -35.852 -9.50182e-021)
(277.764 -36.3365 9.39174e-021)
(278.869 -36.8283 9.28628e-021)
(279.816 -37.3276 0)
(280.621 -37.8338 9.10313e-021)
(281.302 -38.3451 9.02239e-021)
(281.878 -38.8596 -8.94675e-021)
(282.369 -39.3758 0)
(282.793 -39.8925 8.82257e-021)
(283.168 -40.4071 -8.7791e-021)
(283.504 -40.9174 8.74359e-021)
(283.807 -41.4211 0)
(284.085 -41.9163 -8.6906e-021)
(284.329 -42.4016 8.67089e-021)
(284.517 -42.8766 0)
(284.659 -43.3393 -8.64423e-021)
(284.792 -43.7879 8.63432e-021)
(284.931 -44.2214 8.62695e-021)
(285.079 -44.6383 -8.62236e-021)
(285.237 -45.037 0)
(285.407 -45.4157 8.62155e-021)
(285.588 -45.7729 -8.62576e-021)
(285.779 -46.1071 0)
(285.983 -46.4168 8.64938e-021)
(286.215 -46.7009 -8.66931e-021)
(286.506 -46.9583 8.69463e-021)
(286.897 -47.1879 0)
(287.452 -47.3888 -8.75922e-021)
(288.14 -47.5599 8.79784e-021)
(288.788 -47.7013 8.83892e-021)
(289.301 -47.8153 0)
(289.716 -47.9036 8.91294e-021)
(290.077 -47.9674 8.94394e-021)
(290.411 -48.0079 -8.97063e-021)
(290.727 -48.0257 0)
(291.027 -48.0218 9.01096e-021)
(291.307 -47.9973 -9.0256e-021)
(291.564 -47.9532 9.03667e-021)
(291.801 -47.8911 0)
(292.019 -47.8129 -9.04377e-021)
(292.218 -47.7212 9.04027e-021)
(292.402 -47.6177 9.03246e-021)
(292.577 -47.5068 0)
(292.745 -47.3938 9.01882e-021)
(292.902 -47.2854 9.01379e-021)
(293.042 -47.1904 -9.00857e-021)
(293.164 -47.1199 0)
(293.263 -47.0883 8.99303e-021)
(293.338 -47.114 -8.98145e-021)
(293.393 -47.2196 8.96756e-021)
(293.449 -47.4327 0)
(293.537 -47.7853 -8.94037e-021)
(293.683 -48.3139 8.93608e-021)
(293.926 -49.0578 8.96855e-021)
(294.166 -50.0504 0)
(294.241 -51.3054 9.44641e-021)
(294.198 -52.8052 9.90434e-021)
(294.136 -54.5038 -1.04231e-020)
(294.087 -56.3356 0)
(294.084 -58.2201 1.15e-020)
(294.125 -60.0712 -1.19898e-020)
(294.187 -61.8078 1.24093e-020)
(294.257 -63.3625 0)
(294.327 -64.6882 -1.29905e-020)
(294.395 -65.7601 1.31551e-020)
(294.463 -66.5731 1.32518e-020)
(294.532 -67.1384 0)
(294.603 -67.4768 1.3293e-020)
(294.679 -67.6155 1.32691e-020)
(294.762 -67.584 -1.32221e-020)
(294.851 -67.4096 0)
(294.947 -67.117 1.31007e-020)
(295.05 -66.7274 -1.30336e-020)
(295.159 -66.2582 1.29648e-020)
(295.275 -65.7236 0)
(295.395 -65.1345 -1.28239e-020)
(295.519 -64.4991 1.27521e-020)
(295.643 -63.8231 1.268e-020)
(295.766 -63.1098 0)
(295.888 -62.3605 1.25536e-020)
(296.005 -61.574 1.25169e-020)
(296.119 -60.7474 -1.25005e-020)
(296.231 -59.876 0)
(296.342 -58.9439 1.25056e-020)
(296.464 -57.9478 -1.257e-020)
(296.611 -56.8928 1.27138e-020)
(296.78 -55.772 0)
(296.996 -54.5847 -1.30329e-020)
(297.323 -53.3356 1.3117e-020)
(297.894 -52.0261 0)
(298.899 -50.6615 -1.32011e-020)
(301.367 -49.2343 1.3224e-020)
(302.05 -48.9093 0)
(303.032 -48.5839 0)
(303.808 -48.2581 0)
(304.177 -47.9315 0)
(304.287 -47.604 0)
(304.275 -47.2755 0)
(304.241 -46.946 0)
(304.192 -46.6154 0)
(304.135 -46.2837 0)
(304.089 -45.951 0)
(304.051 -45.6171 0)
(304.019 -45.2822 0)
(303.988 -44.9462 0)
(303.959 -44.6092 0)
(303.93 -44.271 0)
(303.901 -43.9317 0)
(303.872 -43.5914 0)
(303.843 -43.2499 0)
(303.815 -42.9073 0)
(303.786 -42.5636 0)
(303.758 -42.2187 0)
(303.73 -41.8728 0)
(303.702 -41.5257 0)
(303.674 -41.1776 0)
(303.646 -40.8283 0)
(303.619 -40.4779 0)
(303.591 -40.1263 0)
(303.563 -39.7737 0)
(303.535 -39.4199 0)
(303.507 -39.065 0)
(303.479 -38.709 0)
(303.451 -38.3518 0)
(303.422 -37.9935 0)
(303.394 -37.634 0)
(303.365 -37.2734 0)
(303.336 -36.9117 0)
(303.307 -36.5487 0)
(303.278 -36.1846 0)
(303.248 -35.8193 0)
(303.218 -35.4528 0)
(303.188 -35.0851 0)
(303.158 -34.7162 0)
(303.127 -34.3461 0)
(303.097 -33.9747 0)
(303.066 -33.6021 0)
(303.034 -33.2283 0)
(303.003 -32.8532 0)
(302.971 -32.4768 0)
(302.938 -32.0992 0)
(302.904 -31.7203 0)
(302.87 -31.3401 0)
(302.834 -30.9586 0)
(302.795 -30.5759 0)
(302.754 -30.1918 0)
(302.709 -29.8065 0)
(302.658 -29.4198 0)
(302.604 -29.0319 0)
(302.541 -28.6427 0)
(302.471 -28.2522 0)
(302.389 -27.8603 0)
(302.297 -27.4672 0)
(302.189 -27.0728 0)
(302.066 -26.677 0)
(301.929 -26.28 0)
(301.776 -25.8816 0)
(301.607 -25.4818 0)
(301.426 -25.0808 0)
(301.234 -24.6783 0)
(301.038 -24.2746 0)
(300.839 -23.8695 0)
(300.643 -23.4631 0)
(300.456 -23.0552 0)
(300.285 -22.6462 0)
(300.136 -22.2357 0)
(300.012 -21.8241 0)
(299.922 -21.4112 0)
(299.867 -20.997 0)
(299.851 -20.5818 0)
(299.857 -20.1653 0)
(299.905 -19.7478 0)
(300 -19.3293 0)
(300.122 -18.9097 0)
(300.291 -18.4891 0)
(300.494 -18.0676 0)
(300.719 -17.6452 0)
(300.966 -17.222 0)
(301.226 -16.798 0)
(301.494 -16.3732 0)
(301.768 -15.9477 0)
(302.043 -15.5216 0)
(302.317 -15.0949 0)
(302.588 -14.6677 0)
(302.854 -14.2403 0)
(303.114 -13.8126 0)
(303.366 -13.3849 0)
(303.611 -12.9575 0)
(303.844 -12.5305 0)
(304.067 -12.1043 0)
(304.28 -11.6792 0)
(304.457 -11.2555 0)
(70.2287 -35.6946 2.22737e-019)
(70.3988 -30.6562 -3.73056e-016)
(69.125 -24.2494 7.32423e-016)
(66.8698 -18.1187 -2.45403e-018)
(64.3261 -12.694 -3.46933e-016)
(61.6985 -8.01674 1.97058e-019)
(58.9405 -4.16723 -3.25733e-016)
(56.0361 -1.05618 3.2259e-016)
(52.8114 1.29978 1.87148e-019)
(48.8341 2.72719 -3.02987e-016)
(43.3648 2.76888 6.00196e-016)
(35.9282 1.20198 -5.87566e-016)
(26.692 -1.55335 2.94512e-016)
(16.7019 -4.59092 1.79289e-019)
(8.5461 -6.50353 2.72451e-016)
(4.17107 -6.33003 -3.00787e-018)
(2.06315 -4.67312 -2.68398e-016)
(0.910199 -2.63594 2.65016e-016)
(0.279326 -1.05476 -2.62347e-016)
(0.0526555 -0.325113 0)
(0.00197367 -0.0817113 1.27321e-019)
(-0.00303225 -0.0184883 -2.5513e-016)
(-0.00156595 -0.00412877 2.52933e-016)
(-0.00056047 -0.000938322 1.22403e-019)
(-0.000174552 -0.000217554 -2.48421e-016)
(-5.04117e-005 -5.11762e-005 2.46342e-016)
(-1.38439e-005 -1.21235e-005 -2.43943e-016)
(-3.65725e-006 -2.87153e-006 2.4194e-016)
(-9.35066e-007 -6.75888e-007 1.17116e-019)
(-2.32171e-007 -1.5735e-007 0)
(-5.61006e-008 -3.61082e-008 0)
(-1.32121e-008 -8.14882e-009 -2.33693e-016)
(-3.03534e-009 -1.80567e-009 2.31859e-016)
(-6.81283e-010 -3.93282e-010 2.30055e-016)
(-1.48907e-010 -8.37198e-011 -2.28058e-016)
(-3.18378e-011 -1.80526e-011 2.26315e-016)
(-6.16441e-012 -3.7641e-012 -2.2438e-016)
(-1.14264e-012 -1.09551e-012 0)
(4.39664e-013 -3.99415e-013 2.20818e-016)
(4.92914e-013 -1.92751e-013 -2.18973e-016)
(8.22318e-013 -4.23802e-014 -2.17368e-016)
(8.72571e-013 -1.06719e-013 2.15788e-016)
(1.07064e-012 3.12085e-014 -2.14024e-016)
(7.69645e-013 -2.12964e-013 2.12494e-016)
(1.26534e-012 2.06861e-013 0)
(8.40588e-013 -3.70167e-014 0)
(1.58248e-012 2.21803e-013 1.01384e-019)
(1.02795e-012 4.65984e-014 2.06097e-016)
(1.3539e-012 1.67258e-013 -2.04482e-016)
(6.81535e-013 -4.3955e-013 -2.03088e-016)
(9.39868e-013 4.02671e-013 4.03233e-016)
(8.13158e-013 -2.83679e-013 -2.00166e-016)
(8.76623e-013 3.09329e-014 1.98736e-016)
(4.0356e-013 -3.26534e-013 -1.97327e-016)
(7.20056e-013 1.16853e-013 1.96033e-016)
(-5.49097e-014 -5.04627e-013 -1.94567e-016)
(4.64559e-013 -8.07241e-014 9.43438e-020)
(1.84699e-014 -4.9358e-013 0)
(4.53746e-013 -1.69852e-013 0)
(-3.3344e-013 -2.15523e-013 -1.89273e-016)
(5.70125e-013 -3.81316e-013 1.87994e-016)
(-5.17884e-013 -4.67174e-013 -1.86641e-016)
(6.66838e-013 -7.65834e-014 1.85487e-016)
(-6.35554e-013 -7.55329e-013 0)
(5.53622e-013 2.84909e-013 0)
(-1.55005e-013 -4.8833e-013 0)
(1.53925e-013 -2.66704e-013 -1.8067e-016)
(-5.36658e-013 -3.16157e-013 1.79592e-016)
(1.78251e-013 -1.67439e-013 1.78353e-016)
(-1.91705e-013 -4.36981e-013 8.65319e-020)
(7.86204e-014 -5.75299e-013 -1.76096e-016)
(-6.20635e-013 2.42262e-013 8.54434e-020)
(-8.70966e-013 -4.95456e-013 0)
(-9.16167e-013 -7.30782e-013 -1.72814e-016)
(-1.75398e-012 -7.2824e-013 1.71748e-016)
(-1.31848e-012 -9.25411e-013 8.5347e-017)
(-2.31387e-012 -3.13538e-013 -8.48265e-017)
(-1.93393e-012 -9.46794e-013 -8.43124e-017)
(-2.55209e-012 -3.92693e-013 8.38045e-017)
(-2.12238e-012 -8.38553e-013 0)
(-2.25376e-012 -4.65893e-013 -8.28069e-017)
(-1.91142e-012 -2.91045e-013 8.23169e-017)
(-2.37694e-012 -6.70373e-013 -8.18327e-017)
(-2.02655e-012 -4.22531e-013 8.13541e-017)
(-2.17259e-012 -6.06922e-013 0)
(-1.83323e-012 -9.45962e-014 0)
(-2.2232e-012 -7.60804e-013 0)
(-1.78551e-012 -1.00027e-013 0)
(-2.74814e-012 -5.81732e-013 0)
(-1.50966e-012 -3.22703e-013 -7.85963e-017)
(-2.4335e-012 -2.71463e-013 7.81548e-017)
(-1.50324e-012 -3.15023e-013 0)
(-2.09553e-012 -2.27674e-013 0)
(-1.73331e-012 -3.01972e-013 0)
(-2.33437e-012 -2.42705e-013 0)
(-1.36034e-012 -2.29671e-013 0)
(-2.16537e-012 -2.13062e-013 0)
(-8.61995e-013 7.26902e-014 7.51976e-017)
(-1.47178e-012 -1.42393e-013 0)
(-1.00172e-012 1.12135e-014 -7.43933e-017)
(-1.47243e-012 -1.11781e-013 0)
(-1.49328e-012 -1.78e-013 0)
(-1.78869e-012 5.99808e-014 0)
(-1.33695e-012 -3.12654e-014 0)
(-1.75302e-012 -6.10179e-014 0)
(-1.1766e-012 -8.26678e-015 -7.20806e-017)
(-1.7568e-012 2.04429e-014 1.30438e-032)
(-1.07494e-012 5.18972e-014 3.89307e-032)
(-1.59177e-012 -2.25601e-014 7.09773e-017)
(-1.77158e-012 1.12459e-013 0)
(-1.58898e-012 3.75274e-014 0)
(-1.83115e-012 9.16289e-014 0)
(-1.31628e-012 1.88723e-013 0)
(-1.89089e-012 6.21413e-014 0)
(-1.53292e-012 2.96756e-013 0)
(-1.69834e-012 1.16546e-013 0)
(-1.34499e-012 3.55968e-013 -6.81939e-017)
(-1.39942e-012 2.02799e-013 3.70317e-032)
(-1.00802e-012 3.00731e-013 0)
(-1.9164e-012 2.6074e-013 6.72056e-017)
(-5.23081e-013 3.0288e-013 0)
(-1.61419e-012 2.87035e-013 0)
(-5.65964e-013 2.71993e-013 0)
(-1.36081e-012 2.67895e-013 0)
(-6.61418e-013 3.46621e-013 -3.28103e-017)
(-1.89944e-012 2.53181e-013 3.26562e-017)
(-1.01001e-012 3.27192e-013 3.25036e-017)
(-1.7703e-012 2.08845e-013 -6.47049e-017)
(-1.18084e-012 2.11043e-013 3.22027e-017)
(-1.8022e-012 2.0713e-013 3.20543e-017)
(-9.51438e-013 2.79367e-013 -3.19072e-017)
(-1.78553e-012 2.23139e-013 0)
(-1.30488e-012 2.29377e-013 0)
(-1.38463e-012 2.19676e-013 0)
(-1.69888e-012 1.81931e-013 3.13323e-017)
(-1.72172e-012 1.85408e-013 -3.11918e-017)
(-1.86218e-012 2.80431e-013 1.55263e-017)
(-1.89027e-012 1.52154e-013 -1.54573e-017)
(-2.45616e-012 2.65242e-013 0)
(-2.04226e-012 1.59248e-013 0)
(-2.59962e-012 2.15931e-013 0)
(-2.00581e-012 2.77693e-013 1.51873e-017)
(-2.39021e-012 1.21693e-013 -1.51213e-017)
(-1.74502e-012 3.21466e-013 0)
(-2.27568e-012 1.39114e-013 7.49545e-018)
(-1.71992e-012 2.65686e-013 8.14538e-033)
(-2.17164e-012 1.54094e-013 -7.43139e-018)
(-1.3712e-012 2.33358e-013 0)
(-1.74982e-012 2.75251e-013 0)
(-1.72955e-012 2.3966e-013 0)
(305.256 -10.4294 -1.47625e-020)
(305.374 -9.98835 0)
(305.36 -9.99983 -1.46641e-020)
(305.245 -10.4572 -1.45897e-020)
(305.03 -11.281 0)
(304.688 -12.3349 -1.4473e-020)
(304.227 -13.449 0)
(303.67 -14.4472 -1.43512e-020)
(303.121 -15.1704 -1.42953e-020)
(302.701 -15.4967 0)
(302.431 -15.3586 -1.40237e-020)
(302.105 -14.7388 0)
(301.463 -13.6619 -1.34239e-020)
(300.294 -12.1833 -1.30757e-020)
(297.916 -10.3763 0)
(292.736 -8.32835 -1.28641e-020)
(280.15 -6.12811 0)
(245.027 -3.84903 -1.44997e-020)
(164.481 -1.69645 -1.74381e-020)
(68.2973 -0.444288 0)
(18.615 -0.0795979 -2.32622e-020)
(4.07914 -0.0139755 -2.40716e-020)
(0.797808 -0.00257193 0)
(0.149868 -0.000477447 -2.4373e-020)
(0.027859 -8.86727e-005 0)
(0.0051594 -1.64521e-005 -2.44781e-020)
(0.000952827 -3.04773e-006 -2.45274e-020)
(0.000175412 -5.63457e-007 0)
(3.21702e-005 -1.0391e-007 -2.46263e-020)
(5.87299e-006 -1.91043e-008 0)
(1.06639e-006 -3.49988e-009 0)
(1.92424e-007 -6.38681e-010 -2.4776e-020)
(3.44769e-008 -1.1626e-010 0)
(6.12941e-009 -2.14062e-011 -2.48768e-020)
(1.08085e-009 -4.1256e-012 0)
(1.89851e-010 -1.1744e-012 -2.49784e-020)
(3.27288e-011 -5.066e-013 0)
(7.3951e-012 -4.20536e-013 0)
(1.5112e-012 -5.08176e-013 0)
(1.74687e-012 -3.19764e-013 -2.51842e-020)
(1.66919e-012 -4.73947e-013 0)
(6.40816e-013 -3.73696e-013 -2.52884e-020)
(2.67197e-012 -4.16646e-013 0)
(4.03537e-013 -4.11717e-013 -2.53935e-020)
(2.16943e-012 -3.16944e-013 0)
(8.652e-013 -3.87851e-013 0)
(1.36636e-012 -3.42533e-013 -2.55527e-020)
(1.64967e-012 -3.71604e-013 0)
(8.92689e-013 -3.61363e-013 -2.56599e-020)
(1.01053e-012 -2.66006e-013 0)
(1.36128e-012 -3.94359e-013 0)
(-1.10907e-013 -2.33771e-013 0)
(2.05056e-012 -3.91253e-013 0)
(-6.51557e-013 -2.76529e-013 0)
(1.96999e-012 -2.90458e-013 -2.59871e-020)
(-5.48073e-013 -3.6946e-013 0)
(1.35629e-012 -2.57808e-013 -2.60981e-020)
(2.58359e-013 -3.32076e-013 0)
(6.47283e-013 -2.90222e-013 0)
(5.80986e-013 -2.94195e-013 0)
(-3.95695e-014 -3.4429e-013 0)
(7.30782e-013 -2.00399e-013 -2.63796e-020)
(-2.38444e-013 -3.21473e-013 0)
(2.33271e-013 -2.22336e-013 0)
(5.70188e-014 -3.04427e-013 0)
(3.37143e-013 -2.59911e-013 0)
(-6.01309e-013 -1.87193e-013 0)
(6.71495e-013 -3.08127e-013 -2.67256e-020)
(-3.106e-013 -1.35168e-013 0)
(1.18748e-012 -3.01014e-013 -2.68429e-020)
(-9.47454e-013 -1.4822e-013 0)
(1.09429e-012 -1.99932e-013 -2.69613e-020)
(-1.17795e-012 -2.78529e-013 0)
(4.47797e-013 -1.00046e-013 0)
(-2.97251e-013 -2.39968e-013 0)
(-1.34353e-013 -1.35722e-013 0)
(-1.0538e-013 -1.42976e-013 0)
(-3.10979e-013 -1.77309e-013 0)
(-6.99799e-013 -5.6969e-015 0)
(-3.12375e-013 -1.38506e-013 0)
(-1.1637e-012 -6.18402e-015 0)
(-2.78261e-013 -1.04533e-013 0)
(-1.45972e-012 -1.14968e-014 0)
(-1.78418e-014 -1.30096e-014 0)
(-1.34713e-012 -7.59998e-014 0)
(-4.30152e-013 7.91599e-014 0)
(-5.98795e-013 -7.33524e-014 0)
(-1.0923e-012 6.66745e-014 0)
(-2.94754e-013 -4.79351e-014 0)
(-2.16448e-012 2.80735e-014 0)
(-4.41145e-013 7.51608e-014 0)
(-1.84133e-012 -1.89282e-015 0)
(-6.55671e-013 7.63621e-014 0)
(-1.08315e-012 2.01569e-014 0)
(-4.14748e-013 6.0897e-014 0)
(-7.21385e-013 1.17875e-013 0)
(3.06385e-014 8.92346e-014 0)
(-8.84452e-013 1.27255e-013 0)
(6.09487e-013 6.03138e-014 0)
(-1.21567e-012 1.3306e-013 0)
(6.18544e-013 1.21003e-013 0)
(-1.43221e-012 6.24848e-014 0)
(2.67233e-013 2.15476e-013 0)
(-7.28847e-013 9.79193e-014 0)
(-1.87328e-014 1.65083e-013 0)
(-1.87775e-013 1.40929e-013 0)
(-2.50965e-013 1.66852e-013 0)
(-4.52818e-013 2.30831e-013 0)
(4.09776e-013 1.22046e-013 0)
(-8.53121e-013 2.94347e-013 0)
(8.36175e-013 1.44015e-013 0)
(-7.23898e-013 3.08669e-013 0)
(8.97518e-013 3.0146e-013 0)
(-1.18684e-012 2.28016e-013 0)
(-2.17477e-013 3.93578e-013 0)
(-6.02729e-013 2.66499e-013 0)
(-9.513e-013 3.74615e-013 0)
(-4.51044e-014 3.54693e-013 0)
(-1.89904e-012 3.30031e-013 0)
(-6.41051e-013 4.09257e-013 0)
(-2.02528e-012 3.40386e-013 0)
(-1.35353e-012 3.8068e-013 0)
(-1.82006e-012 2.85404e-013 0)
(-1.86383e-012 3.38944e-013 0)
(-1.97339e-012 3.92137e-013 0)
(-1.5051e-012 2.98125e-013 0)
(-2.29297e-012 3.65381e-013 0)
(-8.78542e-013 2.95703e-013 0)
(-2.39725e-012 2.95414e-013 0)
(-1.37427e-012 2.68879e-013 0)
(-3.44105e-012 2.74448e-013 0)
(-1.66151e-012 3.13305e-013 0)
(-2.95686e-012 2.66439e-013 0)
(-1.53586e-012 2.73617e-013 0)
(-2.23236e-012 2.09074e-013 0)
(-2.08305e-012 2.38998e-013 0)
(-2.14248e-012 3.28215e-013 0)
(-1.57882e-012 1.90365e-013 0)
(-2.99597e-012 2.98387e-013 0)
(-6.67498e-013 1.8188e-013 0)
(-3.72176e-012 2.57578e-013 0)
(-9.92775e-013 2.87562e-013 0)
(-3.74808e-012 1.40081e-013 0)
(-1.98908e-012 3.26064e-013 0)
(-2.84999e-012 1.53217e-013 0)
(-2.30399e-012 2.77728e-013 0)
(-2.53207e-012 1.71912e-013 0)
(-3.28997e-012 2.37684e-013 0)
(-2.55946e-012 2.75692e-013 0)
(-2.48237e-012 2.28789e-013 0)
)
;

boundaryField
{
    inlet
    {
        type            zeroGradient;
    }
    outlet
    {
        type            zeroGradient;
    }
    bottom
    {
        type            symmetryPlane;
    }
    top
    {
        type            symmetryPlane;
    }
    obstacle
    {
        type            zeroGradient;
    }
    defaultFaces
    {
        type            empty;
    }
}


// ************************************************************************* //
