/*--------------------------------*- C++ -*----------------------------------*\
| =========                 |                                                 |
| \\      /  F ield         | OpenFOAM: The Open Source CFD Toolbox           |
|  \\    /   O peration     | Version:  5.x                                   |
|   \\  /    A nd           | Web:      www.OpenFOAM.org                      |
|    \\/     M anipulation  |                                                 |
\*---------------------------------------------------------------------------*/
/*   Windows 32 and 64 bit porting by blueCAPE: http://www.bluecape.com.pt   *\
|  Based on Windows porting (2.0.x v4) by Symscape: http://www.symscape.com   |
\*---------------------------------------------------------------------------*/
FoamFile
{
    version     2.0;
    format      ascii;
    class       volScalarField;
    location    "0.006";
    object      p;
}
// * * * * * * * * * * * * * * * * * * * * * * * * * * * * * * * * * * * * * //

dimensions      [1 -1 -2 0 0 0 0];

internalField   nonuniform List<scalar> 
1000
(
100000
100000
100000
100000
100000
100000
100000
100000
100000
100000
100000
100000
100000
100000
100000
100000
100000
100000
100000
100000
100000
100000
100000
100000
100000
100000
100000
100000
100000
100000
100000
100000
100000
100000
100000
100000
100000
100000
100000
100000
100000
100000
100000
100000
100000
100000
100000
100000
100000
100000
100000
100000
100000
100000
100000
100000
100000
100000
100000
100000
100000
100000
100000
100000
100000
100000
100000
100000
100000
100000
100000
100000
100000
100000
100000
100000
100000
100000
100000
100000
100000
100000
100000
99999.9
99999.8
99999.7
99999.4
99998.9
99998
99996.4
99993.5
99988.7
99980.6
99967.3
99946.2
99913.2
99863.2
99789.1
99682.6
99533.7
99331.6
99065.4
98725.3
98303.6
97795.6
97200.5
96520.8
95762.2
94933
94042.4
93100.8
92117.8
91102.3
90061.9
89003.1
87931.3
86850.7
85765
84676.9
83588.7
82502.2
81418.9
80340
79266.2
78198.4
77137.1
76082.8
75035.7
73996.3
72964.6
71940.8
70925.2
69917.8
68918.6
67927.8
66945.5
65971.6
65006.2
64049.5
63101.3
62161.8
61231
60308.9
59395.5
58491
57595.2
56708.3
55830.3
54961.1
54100.8
53249.4
52406.9
51573.4
50748.8
49933.2
49126.5
48328.8
47540.1
46760.2
45989.4
45227.5
44474.5
43730.4
42995.4
42269
41551.7
40843.2
40143.6
39452.7
38770.9
38097.6
37433.2
36777.7
36130.9
35492.6
34863.2
34242.7
33630.4
33027.1
32432.4
31846.4
31269.1
30700.1
30140.1
29588.6
29045.9
28511.8
27986.2
27469.7
26961.7
26462.9
25972.6
25491.3
25019.3
24556.2
24102.8
23658.2
23223.8
22798.8
22384.1
21979.9
21585.8
21203.3
20831.5
20472.2
20124.8
19790.6
19470
19163.4
18872.5
18597.1
18339.4
18099.4
17879.1
17679.3
17501.3
17346.8
17215.4
17108.9
17031
16974.2
16937.9
16920
16917.2
16926.2
16943.5
16968.9
17002.9
17046.5
17101
17168
17250.1
17349.1
17467.1
17605.2
17763.3
17940.1
18131.8
18333.9
18540
18741.7
18932.1
19108
19265.4
19402
19517.2
19611.6
19686.8
19744.9
19788.6
19820.6
19843.6
19860
19871.7
19879.5
19884.6
19885.9
19885.4
19883.8
19880.7
19875.5
19868.1
19858.3
19846.3
19829.6
19804.6
19767.4
19712.4
19671
19633.6
19599.2
19560.1
19518.3
19468.5
19391.7
19358.9
19309.3
19265.8
19252.8
19260.9
19305.6
19419.4
19660.5
20139.7
20905.8
21852.2
22703.8
23231.1
23408.7
23389.7
23358.6
23327.5
23333.8
23367.6
23412.4
23439.2
23444.3
23441.2
23435.9
23432.4
100000
100000
100000
100000
100000
100000
100000
100000
100000
100000
100000
100000
100000
100000
100000
100000
100000
100000
100000
100000
100000
100000
100000
100000
100000
100000
100000
100000
100000
100000
100000
100000
100000
100000
100000
100000
100000
100000
100000
100000
100000
100000
100000
100000
100000
100000
100000
100000
100000
100000
100000
100000
100000
100000
100000
100000
100000
100000
100000
100000
100000
100000
100000
100000
100000
100000
100000
100000
100000
100000
100000
100000
100000
100000
100000
100000
100000
100000
100000
100000
100000
100000
100000
100000
100000
100000
100000
100000
100000
100000
100001
100001
100002
100003
100005
100007
100011
100015
100021
100026
100031
100032
100024
100001
99957.1
99880.3
99756.4
99571.5
99312.4
98969.7
98539.6
98023.6
97428.2
96762.2
96035.8
95259.3
94442.5
93593.6
92720
91827.6
90921.2
90004.6
89081
88152.8
87222
86290.2
85358.6
84428.3
83500.3
82575.2
81653.7
80736.2
79823.2
78915.2
78012.5
77115.4
76224.2
75339.1
74460.5
73588.4
72723.2
71864.8
71013.7
70169.7
69333.2
68504.2
67682.8
66869.2
66063.3
65265.2
64475.1
63692.9
62918.7
62152.6
61394.5
60644.5
59902.5
59168.7
58442.9
57725.2
57015.6
56314.1
55620.6
54935.3
54257.8
53588.7
52927.1
52274.1
51629
50991.8
50362.5
49741.2
49128.2
48522.9
47925.9
47337
46756.2
46183.7
45619.4
45063.5
44516.1
43977.2
43447.1
42925.9
42413.8
41910.9
41417.6
40934.1
40460.8
39997.9
39545.9
39105.4
38676.8
38260.6
37857.5
37468.1
37093.2
36733.6
36390
36063.2
35754.1
35463.5
35192.1
34940.5
34709.2
34498.5
34308.4
34138.7
33988.9
33858
33744.8
33647.9
33565.6
33495.9
33437
33387
33343.9
33306.4
33272.9
33242.4
33214.2
33187.8
33162.8
33139.5
33119.4
33104.1
33095.9
33089.3
33081.2
33071.7
33060.8
33048.7
33035.5
33021.2
33003.8
32980.5
32946.6
32895.2
32814.3
32728.2
32655.9
32596.2
32544.3
32497
32453
32411.6
32372.9
32336.9
32303.8
32273.3
32245.3
32219.1
32194.8
32171.5
32149.1
32127.6
32106.9
32087.1
32067.8
32049.5
32032.7
32018
32005.8
31996.8
31989.7
31981.4
31972.2
31962.3
31951.9
31941.5
31931
31921
31915.9
31911.2
31889.8
31873.4
31868.2
31864.9
31859.6
31852.5
31843.7
31833.4
31822.1
31809.1
31793.8
31776.1
31754.6
31726.6
31697.5
31672.3
31645.3
31607.4
31551.2
31471
31361.1
31223.2
31062.7
30885.4
30695
30528.4
30274.6
30217.9
30181.2
30170.5
30174.3
30180.2
30191.9
30203.6
30213.5
30221.6
30228.8
30235.4
30241.9
30248.6
30255.6
30263
30270.7
30279.2
30288.8
30298.5
30309.1
30320
30331.3
30342.9
30355.3
30365
30377
30387.5
30398.7
30409.6
30420
30429.7
30438.3
30446.2
30452.7
30458.1
30462
30464.5
30465.5
30465.3
30463.5
30461.5
30457.2
30451.1
30443.3
30434.2
30423.8
30412.3
30399.9
30386.5
30373
30358.5
30343.4
30328.1
30312.6
30297.2
30281.8
30266.3
30250.8
30235.6
30220.7
30206.1
30192
30178.2
30164.9
30152.1
30139.7
30127.7
30116.1
30105
30094.3
30084
30074
30064.4
30055.2
30046.2
30037.5
30029.1
30021
30013
30005.4
29998
29990.8
29983.8
29977.1
29970.6
29964.4
29958.4
29952.7
29947.3
29942.2
29937.3
29932.8
29928.7
29925
29921.5
29918.7
29915.3
29912.8
29910.9
23836.3
23789.8
23669.9
23557.6
23466.1
23378.1
23282.4
23179.2
23077.6
22964.3
22844
22717.4
22583.5
22442.1
22293.4
22137.8
21975.2
21805.4
21628.6
21445.5
21255.8
21062.4
20865.8
20665
20459.7
20250
20035.4
19815.3
19589.3
19357
19118.4
18873.7
18623.1
18365.8
18099.4
17817.6
17509.3
17157.2
16740
16237.2
15638.1
14949.9
14198.4
13420.7
12654
11932.4
11282
10725.7
10333.6
10156
10082.1
10041.5
10017.2
10005.6
10001.4
10000.3
10000.1
10000
10000
10000
10000
10000
10000
10000
10000
10000
10000
10000
10000
10000
10000
10000
10000
10000
10000
10000
10000
10000
10000
10000
10000
10000
10000
10000
10000
10000
10000
10000
10000
10000
10000
10000
10000
10000
10000
10000
10000
10000
10000
10000
10000
10000
10000
10000
10000
10000
10000
10000
10000
10000
10000
10000
10000
10000
10000
10000
10000
10000
10000
10000
10000
10000
10000
10000
10000
10000
10000
10000
10000
10000
10000
10000
10000
10000
10000
10000
10000
10000
10000
10000
10000
10000
10000
10000
10000
10000
10000
10000
10000
10000
29906.3
29911
29922.7
29941.9
29976.1
30035.7
30135
30240.9
30331.8
30403.8
30460.7
30507.1
30547.4
30582.9
30615.1
30644.8
30672.1
30697.5
30721
30743
30763.1
30782.6
30803.8
30826.8
30854.1
30883.9
30916.1
30950.2
30984.8
31017.1
31045.4
31068.3
31088.1
31111.2
31139.8
31172.2
31202.5
31225.5
31243.8
31262.6
31280.4
31296
31308.4
31317.4
31322.7
31308.2
31261
31155.9
30913.3
30357.9
28920.4
24913.2
17070.2
12381.8
10592.5
10120.5
10022.9
10004.3
10000.8
10000.1
10000
10000
10000
10000
10000
10000
10000
10000
10000
10000
10000
10000
10000
10000
10000
10000
10000
10000
10000
10000
10000
10000
10000
10000
10000
10000
10000
10000
10000
10000
10000
10000
10000
10000
10000
10000
10000
10000
10000
10000
10000
10000
10000
10000
10000
10000
10000
10000
10000
10000
10000
10000
10000
10000
10000
10000
10000
10000
10000
10000
10000
10000
10000
10000
10000
10000
10000
10000
10000
10000
10000
10000
10000
10000
10000
10000
10000
10000
10000
10000
10000
10000
10000
10000
10000
10000
10000
10000
10000
10000
)
;

boundaryField
{
    inlet
    {
        type            zeroGradient;
    }
    outlet
    {
        type            zeroGradient;
    }
    bottom
    {
        type            symmetryPlane;
    }
    top
    {
        type            symmetryPlane;
    }
    obstacle
    {
        type            zeroGradient;
    }
    defaultFaces
    {
        type            empty;
    }
}


// ************************************************************************* //
