/*--------------------------------*- C++ -*----------------------------------*\
| =========                 |                                                 |
| \\      /  F ield         | OpenFOAM: The Open Source CFD Toolbox           |
|  \\    /   O peration     | Version:  5.x                                   |
|   \\  /    A nd           | Web:      www.OpenFOAM.org                      |
|    \\/     M anipulation  |                                                 |
\*---------------------------------------------------------------------------*/
/*   Windows 32 and 64 bit porting by blueCAPE: http://www.bluecape.com.pt   *\
|  Based on Windows porting (2.0.x v4) by Symscape: http://www.symscape.com   |
\*---------------------------------------------------------------------------*/
FoamFile
{
    version     2.0;
    format      ascii;
    class       surfaceScalarField;
    location    "0.006";
    object      phi;
}
// * * * * * * * * * * * * * * * * * * * * * * * * * * * * * * * * * * * * * //

dimensions      [1 0 -1 0 0 0 0];

internalField   nonuniform List<scalar> 
1447
(
3.80851e-012
1.64202e-013
3.37508e-012
1.56181e-013
2.66454e-012
1.51816e-013
2.089e-012
1.429e-013
2.43006e-012
1.48055e-013
2.41585e-012
1.34427e-013
2.30926e-012
1.36703e-013
2.64322e-012
1.32401e-013
2.03926e-012
1.30174e-013
1.98241e-012
1.27058e-013
2.31637e-012
1.21306e-013
1.71951e-012
1.28571e-013
1.45661e-012
1.12077e-013
1.18661e-012
1.18697e-013
1.01608e-012
1.13978e-013
1.3074e-012
1.08268e-013
1.62714e-012
1.09128e-013
9.30811e-013
1.11272e-013
2.41585e-013
1.07921e-013
8.2423e-013
1.05582e-013
1.27898e-012
1.01162e-013
1.87583e-012
1.07088e-013
2.12452e-012
9.59996e-014
1.92557e-012
1.00982e-013
1.60583e-012
9.54167e-014
1.81188e-012
9.53959e-014
1.81899e-012
9.39873e-014
1.47082e-012
8.62574e-014
1.27187e-012
9.40359e-014
7.88702e-013
7.49817e-014
3.05533e-013
8.13238e-014
2.77112e-013
8.02067e-014
2.41585e-013
7.54466e-014
-5.68434e-014
8.34124e-014
-4.68958e-013
7.20674e-014
1.42109e-014
8.35929e-014
1.06581e-013
6.61554e-014
2.41585e-013
7.67858e-014
5.68434e-014
6.88755e-014
-4.33431e-013
6.66203e-014
-4.1922e-013
6.22211e-014
6.39488e-014
6.45664e-014
6.60805e-013
5.99659e-014
4.76064e-013
6.53991e-014
2.41585e-013
5.08482e-014
6.46594e-013
6.47538e-014
4.90274e-013
4.5991e-014
5.96856e-013
5.69961e-014
3.55271e-013
4.82184e-014
0
5.09731e-014
-1.20792e-013
4.60049e-014
-2.13163e-014
3.85525e-014
2.98428e-013
5.03139e-014
3.19744e-013
3.24879e-014
6.03961e-013
4.0537e-014
8.81073e-013
3.48194e-014
8.88178e-013
3.1683e-014
9.166e-013
3.02605e-014
1.73372e-012
3.66929e-014
1.98241e-012
2.85258e-014
3.02691e-012
2.69992e-014
7.09122e-012
2.47163e-014
1.60227e-011
4.47489e-014
3.84119e-011
6.09374e-014
9.43885e-011
1.49589e-013
2.31935e-010
3.44967e-013
5.66359e-010
8.37851e-013
1.37159e-009
2.05266e-012
3.28435e-009
5.0101e-012
7.77914e-009
1.21123e-011
1.82189e-008
2.89816e-011
4.21813e-008
6.85922e-011
9.65209e-008
1.60458e-010
2.18238e-007
3.7091e-010
4.87463e-007
8.47016e-010
1.07535e-006
1.91041e-009
2.34231e-006
4.25455e-009
5.03626e-006
9.35323e-009
1.06861e-005
2.02922e-008
2.23692e-005
4.3434e-008
4.6181e-005
9.1692e-008
9.39977e-005
1.9085e-007
0.000188565
3.91528e-007
0.000372676
7.91381e-007
0.000725372
1.57541e-006
0.00138984
3.08748e-006
0.00262032
5.95429e-006
0.00485868
1.12944e-005
0.00885595
2.10612e-005
0.0158587
3.85884e-005
0.0278843
6.94265e-005
0.0481105
0.000122579
0.0813984
0.000212245
0.134952
0.000360143
0.219083
0.000598406
0.347996
0.000972872
0.540434
0.00154634
0.819969
0.00240101
1.21465
0.00363917
1.75577
0.00538086
2.47563
0.00775777
3.40443
0.0109034
4.56676
0.01494
5.9783
0.0199639
7.64355
0.0260301
9.55526
0.0331545
11.6954
0.0413203
14.0378
0.0504776
16.5506
0.0605543
19.1997
0.071465
21.9507
0.0831154
24.772
0.0954061
27.6363
0.108239
30.5204
0.121523
33.4053
0.135177
36.2758
0.149127
39.1196
0.163309
41.9271
0.177667
44.691
0.192156
47.4053
0.206737
50.0658
0.221377
52.6692
0.23605
55.2129
0.250734
57.6952
0.265411
60.1149
0.280065
62.4712
0.294686
64.7637
0.309261
66.992
0.323783
69.1563
0.338245
71.2565
0.352639
73.293
0.36696
75.266
0.381202
77.1759
0.395362
79.0232
0.409432
80.8082
0.42341
82.5316
0.437291
84.1937
0.451069
85.7951
0.46474
87.3364
0.478299
88.818
0.491741
90.2406
0.505061
91.6047
0.518255
92.9109
0.531317
94.1597
0.544241
95.3518
0.557024
96.4879
0.569659
97.5685
0.582141
98.5942
0.594466
99.5658
0.606629
100.484
0.618623
101.349
0.630445
102.163
0.642089
102.923
0.653549
103.637
0.664828
104.293
0.675899
104.914
0.686814
105.465
0.69744
105.993
0.708033
106.455
0.718123
106.871
0.728433
107.269
0.737999
107.571
0.747823
107.883
0.757221
108.127
0.766075
108.308
0.775671
108.495
0.783453
108.611
0.793009
108.672
0.80004
108.734
0.809269
108.74
0.815939
108.691
0.823926
108.622
0.8315
108.528
0.837637
108.386
0.844929
108.189
0.851682
107.997
0.857164
107.763
0.86342
107.477
0.869577
107.171
0.874396
106.836
0.879638
106.49
0.884862
106.087
0.889369
105.659
0.893511
105.219
0.897667
104.747
0.90182
104.26
0.905052
103.723
0.908204
103.178
0.911404
102.612
0.914224
102.025
0.916605
101.421
0.91844
100.775
0.920567
100.128
0.92232
99.4538
0.923662
98.7764
0.924498
98.0746
0.925113
97.3464
0.925814
96.6138
0.925955
95.8545
0.925732
95.105
0.924822
94.3269
0.923844
93.5458
0.922568
92.7453
0.921017
91.9335
0.918845
91.126
0.916181
90.3012
0.913205
89.4886
0.909872
88.6526
0.906276
87.8238
0.902024
86.9838
0.897426
86.1506
0.89206
85.3255
0.886465
84.4973
0.880298
83.6847
0.873788
82.8653
0.86657
82.0698
0.858613
81.2698
0.850181
80.4962
0.840946
79.7392
0.831358
78.9982
0.820998
78.2746
0.809964
77.5656
0.798325
76.8711
0.786149
76.1926
0.773588
75.5264
0.763269
74.8662
0.760094
74.2114
0.756088
73.5625
0.751797
72.9168
0.747474
72.2724
0.743331
71.6305
0.739658
70.9893
0.736161
70.3521
0.732222
69.7195
0.727111
69.0911
0.719797
68.4662
0.709198
67.844
0.694296
67.2314
0.674758
66.6322
0.646883
66.0479
0.615482
65.4725
0.58574
64.9018
0.558028
64.3445
0.527667
63.8034
0.497821
63.2748
0.47046
62.7578
0.446166
62.2503
0.425169
61.7482
0.407409
61.2519
0.392723
60.7631
0.380882
60.2799
0.371579
59.7982
0.364398
59.315
0.358913
58.8312
0.354613
58.3454
0.351628
57.8595
0.349965
57.3705
0.348478
56.8778
0.347011
56.3874
0.345581
55.9023
0.344277
55.42
0.343098
54.9379
0.342007
54.4555
0.340997
53.9723
0.340273
53.4844
0.340269
52.984
0.341456
52.4654
0.343452
51.9656
0.344143
51.4805
0.34243
50.9869
0.338502
50.4836
0.333146
49.8557
0.326326
48.7791
0.317391
46.2846
0.300562
43.2503
0.271733
40.2718
0.241213
37.5901
0.212754
35.3121
0.18686
33.4166
0.163514
31.9181
0.14589
30.7184
0.134099
29.691
0.116063
28.7042
0.0824218
27.6341
0.0297438
26.4245
-0.0342326
25.2238
-0.0949705
24.2668
-0.163967
23.67
-0.233805
23.328
-0.232408
23.0365
-0.167789
22.72
-0.0916304
22.3579
-0.0544523
21.9705
-0.0327577
21.5474
-0.00702133
21.0881
0.0138739
20.6129
0.043847
20.1305
0.0715114
19.6236
0.0971747
19.0992
0.119876
0.140326
-1.26903e-011
-1.23919e-011
-1.14966e-011
-1.10134e-011
-1.05729e-011
-9.4218e-012
-8.17124e-012
-9.05231e-012
-9.13758e-012
-9.06653e-012
-8.04334e-012
-7.36122e-012
-6.65068e-012
-6.807e-012
-6.72173e-012
-6.75016e-012
-7.23333e-012
-6.90648e-012
-6.03961e-012
-5.76961e-012
-5.98277e-012
-6.18172e-012
-5.74119e-012
-6.60805e-012
-5.99698e-012
-5.95435e-012
-6.46594e-012
-5.85487e-012
-5.71276e-012
-6.42331e-012
-6.42331e-012
-5.38591e-012
-5.07328e-012
-5.35749e-012
-4.81748e-012
-5.71276e-012
-4.61853e-012
-4.12115e-012
-3.96483e-012
-4.09273e-012
-4.30589e-012
-4.8459e-012
-5.08749e-012
-5.11591e-012
-4.29168e-012
-3.36797e-012
-2.99849e-012
-3.09797e-012
-4.22062e-012
-4.3201e-012
-5.15854e-012
-4.56168e-012
-3.68061e-012
-4.60432e-012
-4.33431e-012
-3.15481e-012
-3.68061e-012
-3.09797e-012
-4.5759e-012
-3.60956e-012
-3.08376e-012
-2.43006e-012
-3.89377e-012
-1.13261e-011
-2.84643e-011
-7.20206e-011
-1.73898e-010
-4.14147e-010
-9.82268e-010
-2.30692e-009
-5.35874e-009
-1.23107e-008
-2.79539e-008
-6.27205e-008
-1.39006e-007
-3.04225e-007
-6.57292e-007
-1.40148e-006
-2.94801e-006
-6.11549e-006
-1.25062e-005
-2.52014e-005
-5.00194e-005
-9.77345e-005
-0.000187896
-0.000355213
-0.000659884
-0.00120373
-0.00215428
-0.00377885
-0.00648939
-0.0108955
-0.0178556
-0.0285038
-0.0442088
-0.0663912
-0.0960868
-0.133105
-0.174595
-0.212842
-0.232098
-0.204343
-0.086349
0.172899
0.632385
1.40263
2.58894
4.29884
6.6194
9.60491
13.2599
17.5494
22.4094
27.7609
33.5199
39.6055
45.945
52.4759
59.1463
65.9137
72.7439
79.6095
86.4886
93.3637
100.221
107.049
113.839
120.584
127.278
133.915
140.492
147.004
153.448
159.822
166.124
172.35
178.501
184.573
190.566
196.478
202.308
208.056
213.72
219.299
224.793
230.203
235.526
240.763
245.914
250.978
255.956
260.848
265.653
270.372
275.005
279.553
284.015
288.393
292.684
296.896
301.015
305.068
309.009
312.915
316.671
320.43
324.034
327.577
331.12
334.406
337.83
341.036
344.137
347.331
350.298
353.173
356.128
358.912
361.54
364.232
366.86
369.292
371.681
374.102
376.419
378.567
380.684
382.822
384.863
386.755
388.583
390.424
392.219
393.878
395.434
396.964
398.493
399.954
401.291
402.539
403.771
405.007
406.181
407.248
408.24
409.218
410.199
411.154
412.058
412.895
413.686
414.487
415.333
416.176
416.949
417.659
418.378
419.15
419.947
420.715
421.423
422.09
422.769
423.483
424.211
424.94
425.662
426.358
427.035
427.703
428.371
429.065
429.756
430.429
431.073
431.695
432.293
432.826
433.306
433.802
434.309
434.8
435.261
435.698
436.121
436.528
436.917
437.293
437.662
438.026
438.381
438.731
439.08
439.406
439.699
439.97
440.25
440.55
440.867
441.185
441.472
441.703
441.875
442.016
442.139
442.296
442.529
442.84
443.195
443.529
443.764
443.702
442.46
437.823
424.194
406.871
388.101
369.3
351.679
336.035
322.791
312.041
303.632
297.285
292.656
289.409
287.213
285.843
285.076
284.742
284.713
284.89
285.209
285.655
286.2
286.788
287.393
287.994
288.592
289.184
289.117
289.049
288.98
288.91
288.841
288.771
288.7
288.629
288.558
288.486
288.413
288.339
288.266
288.191
288.115
288.039
287.961
287.883
287.8
287.722
287.638
287.554
287.473
287.385
287.308
287.22
287.142
287.059
286.977
286.899
286.822
286.747
286.675
286.605
286.539
286.475
286.415
286.357
286.304
286.25
286.204
286.157
286.115
286.077
286.042
286.009
285.98
285.952
285.927
285.902
285.88
285.858
285.838
285.816
285.798
285.779
285.757
285.74
285.719
285.699
285.678
285.657
285.635
285.612
285.589
285.565
285.54
285.515
285.489
285.463
285.436
285.409
285.381
285.353
285.325
285.296
285.267
285.237
285.208
285.178
285.148
285.118
285.087
285.057
285.026
284.994
284.963
284.931
284.899
284.866
284.833
284.8
284.766
284.732
284.697
284.662
284.627
284.59
284.553
284.516
14.2074
-1.09495
14.8236
-1.04708
15.4198
-1.02512
15.9957
-1.00517
16.536
-0.984696
17.0488
-0.960532
17.5442
-0.932424
18.0471
-0.899571
18.6316
-0.863108
19.2258
-0.824379
19.7949
-0.782742
20.3157
-0.739128
20.7741
-0.695207
21.1636
-0.652785
21.4849
-0.613567
21.7387
-0.578944
21.9195
-0.54966
22.018
-0.525919
22.0424
-0.507581
22.0062
-0.494263
21.924
-0.485228
21.8138
-0.479466
21.6836
-0.476156
21.5326
-0.474608
21.3597
-0.47425
21.1651
-0.474487
20.9486
-0.474933
20.709
-0.475319
20.445
-0.475436
20.1557
-0.47507
19.8403
-0.474052
19.4987
-0.472278
19.1296
-0.469788
18.7278
-0.466757
18.2814
-0.463459
17.7663
-0.460387
17.1428
-0.458309
16.3569
-0.458365
15.3489
-0.461947
14.0748
-0.470195
12.533
-0.483368
10.7778
-0.50055
8.90852
-0.519617
7.03781
-0.537621
5.26359
-0.549086
3.66013
-0.545164
2.27342
-0.523475
1.17091
-0.446234
0.510001
-0.197931
0.238376
-0.101676
0.123211
-0.0784641
0.059586
-0.056328
0.0231027
-0.0279742
0.00681628
-0.00901428
0.0017424
-0.00202234
0.000420629
-0.000396346
9.78076e-005
-7.49347e-005
2.21073e-005
-1.40576e-005
4.88252e-006
-2.63347e-006
1.05676e-006
-4.93253e-007
2.24499e-007
-9.23949e-008
4.68375e-008
-1.73107e-008
9.59322e-009
-3.24421e-009
1.92635e-009
-6.08227e-010
3.78092e-010
-1.14082e-010
7.21023e-011
-2.14104e-011
1.31619e-011
-4.02051e-012
2.16804e-012
-7.56181e-013
1.86517e-013
-1.4224e-013
-2.21156e-013
-2.77512e-014
-2.5846e-013
-6.18299e-015
-2.76223e-013
3.40873e-016
-2.54907e-013
-7.07333e-016
-2.55795e-013
-1.45326e-015
-2.15827e-013
-6.77843e-016
-2.23821e-013
-1.67618e-015
-2.28262e-013
1.34658e-015
-1.87406e-013
-1.18048e-015
-1.75859e-013
1.49273e-015
-1.84741e-013
-5.33427e-016
-1.78524e-013
8.82107e-016
-1.84741e-013
5.22585e-016
-1.62537e-013
3.84675e-016
-1.16351e-013
1.02999e-015
-1.45661e-013
-1.47451e-017
-1.97176e-013
1.85832e-015
-1.96287e-013
-1.76942e-016
-2.27374e-013
1.79978e-015
-2.52243e-013
5.41234e-016
-2.22045e-013
1.12063e-015
-2.17604e-013
1.60462e-015
-2.46914e-013
1.19956e-015
-2.5846e-013
1.4949e-015
-2.85105e-013
1.26982e-015
-2.56684e-013
1.69092e-015
-2.45137e-013
1.46107e-015
-2.91323e-013
1.53306e-015
-2.98428e-013
2.21221e-015
-3.06422e-013
1.4177e-015
-2.79776e-013
2.21698e-015
-2.39808e-013
1.69266e-015
-2.44249e-013
1.76031e-015
-2.20268e-013
2.52749e-015
-1.82965e-013
1.96327e-015
-1.40332e-013
2.02442e-015
-1.20792e-013
1.69916e-015
-1.1191e-013
1.9945e-015
-1.3145e-013
2.01835e-015
-1.49214e-013
1.42377e-015
-1.78524e-013
2.56999e-015
-2.05169e-013
1.46628e-015
-2.06057e-013
2.44683e-015
-2.53131e-013
1.97195e-015
-2.42473e-013
2.06736e-015
-2.22045e-013
2.66584e-015
-1.86517e-013
1.88955e-015
-1.47438e-013
2.93212e-015
-1.29674e-013
2.0331e-015
-1.66978e-013
2.52793e-015
-1.29674e-013
2.6203e-015
-1.52767e-013
2.13371e-015
-1.68754e-013
2.75908e-015
-1.47438e-013
1.81582e-015
-1.1191e-013
2.61119e-015
-1.5099e-013
2.42775e-015
-1.58096e-013
2.58994e-015
-1.26121e-013
2.54397e-015
-1.3145e-013
2.10032e-015
-1.61648e-013
2.12374e-015
-1.77636e-013
1.94766e-015
-1.97176e-013
2.51665e-015
-2.04281e-013
2.23953e-015
-1.88294e-013
2.2933e-015
-2.2915e-013
2.02009e-015
-2.85993e-013
1.87914e-015
-2.96652e-013
2.06649e-015
-3.03757e-013
2.41213e-015
-2.71783e-013
1.59768e-015
-2.55795e-013
2.75561e-015
-2.70006e-013
9.86624e-016
-3.12639e-013
2.70313e-015
-3.00204e-013
1.40426e-015
-3.10862e-013
2.04611e-015
-3.39284e-013
1.82016e-015
-2.94875e-013
1.72388e-015
-2.93099e-013
1.81409e-015
-2.94875e-013
1.75034e-015
-2.75335e-013
1.88131e-015
-2.6823e-013
2.09858e-015
1.88955e-015
283.65
282.836
282.055
281.31
280.587
279.871
279.156
278.463
277.81
277.248
276.786
276.391
276.036
275.705
275.405
275.133
274.899
274.753
274.933
275.226
275.415
275.462
275.363
275.215
274.959
274.37
273.675
273.031
272.437
271.889
271.35
270.837
270.421
270.119
269.887
269.618
269.235
268.749
268.277
267.757
267.16
266.481
265.716
264.883
263.894
262.628
260.961
258.457
253.877
243.535
212.85
124.484
50.11
14.0698
2.98549
0.569367
0.106261
0.0197703
0.00367702
0.000683855
0.000127188
2.36572e-005
4.40083e-006
8.18795e-007
1.52369e-007
2.83602e-008
5.27978e-009
9.83231e-010
1.83253e-010
3.42339e-011
6.45173e-012
1.28253e-012
2.73559e-013
1.27898e-013
3.55271e-014
1.10134e-013
1.84741e-013
7.10543e-014
-1.77636e-014
-3.19744e-014
-1.06581e-014
5.68434e-014
9.9476e-014
5.32907e-014
-2.4869e-014
-1.10134e-013
-1.59872e-013
-1.63425e-013
-1.52767e-013
-1.13687e-013
-1.77636e-013
-2.52243e-013
-2.73559e-013
-2.59348e-013
-3.16192e-013
-2.94875e-013
-1.98952e-013
-2.41585e-013
-2.20268e-013
-2.38032e-013
-2.70006e-013
-3.12639e-013
-2.38032e-013
-2.02505e-013
-2.13163e-013
-2.55795e-013
-3.48166e-013
-3.48166e-013
-3.23297e-013
-4.12115e-013
-3.83693e-013
-3.83693e-013
-4.01457e-013
-3.44613e-013
-2.52243e-013
-3.09086e-013
-4.29878e-013
-6.50147e-013
-6.39488e-013
-6.82121e-013
-7.8515e-013
-8.49099e-013
-7.88702e-013
-8.81073e-013
-9.52127e-013
-8.5798e-013
-8.08242e-013
-8.06466e-013
-8.41993e-013
-8.61533e-013
-9.29035e-013
-9.27258e-013
-1.06759e-012
-1.00719e-012
-9.76996e-013
-9.78773e-013
-8.5798e-013
-8.49099e-013
-7.38964e-013
-7.30083e-013
-8.45546e-013
-8.29559e-013
-8.36664e-013
-7.44294e-013
-7.76268e-013
-7.97584e-013
-9.53904e-013
-9.59233e-013
-9.5568e-013
)
;

boundaryField
{
    inlet
    {
        type            calculated;
        value           nonuniform List<scalar> 2(1.19988e-011 -3.95865e-012);
    }
    outlet
    {
        type            calculated;
        value           nonuniform List<scalar> 2(-9.2209e-013 -2.82058e-013);
    }
    bottom
    {
        type            symmetryPlane;
        value           uniform 0;
    }
    top
    {
        type            symmetryPlane;
        value           uniform 0;
    }
    obstacle
    {
        type            calculated;
        value           nonuniform List<scalar> 
102
(
18.5569
-13.5382
0.109168
0.108722
0.108313
0.107998
0.107694
0.107444
0.107161
0.106923
0.106633
0.10638
0.106081
0.105819
0.105516
0.10525
0.104946
0.104679
0.104372
0.104107
0.103803
0.103528
0.103237
0.102952
0.102662
0.102378
0.102085
0.101782
0.101509
0.101192
0.100917
0.100593
0.100314
0.0999862
0.0996995
0.0993663
0.0990689
0.0987302
0.098421
0.0980757
0.0977545
0.0974031
0.0970675
0.0967182
0.0963661
0.096009
0.0956464
0.0952801
0.0949082
0.0945369
0.0941566
0.0937791
0.0933986
0.0930094
0.0926267
0.0922356
0.0918475
0.0914602
0.0910642
0.090674
0.0902811
0.0898874
0.0894937
0.0891
0.088706
0.0883119
0.0879179
0.0875239
0.0871299
0.0867359
0.0863418
0.0859476
0.0855533
0.0851588
0.0847641
0.0843691
0.0839738
0.0835781
0.0831815
0.0827856
0.0823873
0.0819907
0.0815912
0.0811935
0.0807925
0.0803943
0.0799914
0.0795925
0.0791878
0.0787882
0.0783819
0.0779817
0.0775737
0.077173
0.0767636
0.0763621
0.0759522
0.0755487
0.0751395
0.0747289
0.074326
0.0739125
)
;
    }
    defaultFaces
    {
        type            empty;
        value           nonuniform 0();
    }
}


// ************************************************************************* //
