/*--------------------------------*- C++ -*----------------------------------*\
| =========                 |                                                 |
| \\      /  F ield         | OpenFOAM: The Open Source CFD Toolbox           |
|  \\    /   O peration     | Version:  5.x                                   |
|   \\  /    A nd           | Web:      www.OpenFOAM.org                      |
|    \\/     M anipulation  |                                                 |
\*---------------------------------------------------------------------------*/
/*   Windows 32 and 64 bit porting by blueCAPE: http://www.bluecape.com.pt   *\
|  Based on Windows porting (2.0.x v4) by Symscape: http://www.symscape.com   |
\*---------------------------------------------------------------------------*/
FoamFile
{
    version     2.0;
    format      ascii;
    class       volScalarField;
    location    "0.006";
    object      T;
}
// * * * * * * * * * * * * * * * * * * * * * * * * * * * * * * * * * * * * * //

dimensions      [0 0 0 1 0 0 0];

internalField   nonuniform List<scalar> 
1000
(
348.432
348.432
348.432
348.432
348.432
348.432
348.432
348.432
348.432
348.432
348.432
348.432
348.432
348.432
348.432
348.432
348.432
348.432
348.432
348.432
348.432
348.432
348.432
348.432
348.432
348.432
348.432
348.432
348.432
348.432
348.432
348.432
348.432
348.432
348.432
348.432
348.432
348.432
348.432
348.432
348.432
348.432
348.432
348.432
348.432
348.432
348.432
348.432
348.432
348.432
348.432
348.432
348.432
348.432
348.432
348.432
348.432
348.432
348.432
348.432
348.432
348.432
348.432
348.432
348.432
348.432
348.432
348.432
348.432
348.432
348.432
348.432
348.432
348.432
348.432
348.432
348.432
348.432
348.432
348.432
348.432
348.432
348.432
348.432
348.432
348.432
348.431
348.431
348.43
348.428
348.426
348.421
348.413
348.399
348.378
348.345
348.295
348.222
348.115
347.966
347.764
347.497
347.155
346.73
346.217
345.613
344.92
344.143
343.288
342.365
341.382
340.348
339.272
338.161
337.021
335.858
334.675
333.476
332.264
331.041
329.809
328.569
327.323
326.071
324.815
323.554
322.29
321.023
319.752
318.48
317.204
315.927
314.647
313.365
312.082
310.797
309.51
308.222
306.932
305.641
304.349
303.055
301.761
300.466
299.17
297.873
296.576
295.278
293.98
292.682
291.383
290.087
288.782
287.499
286.168
284.937
283.523
282.411
280.866
279.857
278.309
277.161
275.883
274.46
273.313
271.996
270.617
269.449
268.156
266.79
265.596
264.314
263.044
261.716
260.515
259.294
257.917
256.747
255.471
254.261
252.991
251.699
250.575
249.278
248.098
246.837
245.622
244.498
243.221
242.103
240.839
239.718
238.576
237.384
236.308
235.07
234.056
232.892
231.86
230.786
229.683
228.727
227.626
226.763
225.724
224.865
223.94
223.067
222.314
221.481
220.876
220.117
219.602
219.006
218.582
218.213
217.883
217.763
217.554
217.58
217.643
217.774
217.983
218.234
218.513
218.811
219.12
219.458
219.808
220.205
220.632
221.107
221.636
222.201
222.82
223.477
224.186
224.924
225.65
226.357
227.016
227.631
228.207
228.7
229.117
229.47
229.752
229.986
230.184
230.34
230.452
230.537
230.614
230.687
230.753
230.816
230.862
230.921
230.99
231.027
231.043
231.043
231.03
231.006
230.965
230.891
230.835
230.742
230.606
230.467
230.427
230.637
232.034
237.565
250.298
266.329
283.348
299.864
314.958
327.941
338.34
346.614
353.288
359.497
365.847
371.939
376.665
379.241
379.675
379.089
378.306
377.344
376.793
376.038
375.672
374.857
374.267
373.061
372.591
370.281
348.432
348.432
348.432
348.432
348.432
348.432
348.432
348.432
348.432
348.432
348.432
348.432
348.432
348.432
348.432
348.432
348.432
348.432
348.432
348.432
348.432
348.432
348.432
348.432
348.432
348.432
348.432
348.432
348.432
348.432
348.432
348.432
348.432
348.432
348.432
348.432
348.432
348.432
348.432
348.432
348.432
348.432
348.432
348.432
348.432
348.432
348.432
348.432
348.432
348.432
348.432
348.432
348.432
348.432
348.432
348.432
348.432
348.432
348.432
348.432
348.432
348.432
348.432
348.432
348.432
348.432
348.432
348.432
348.432
348.432
348.432
348.432
348.432
348.432
348.432
348.432
348.432
348.432
348.432
348.432
348.432
348.432
348.432
348.432
348.432
348.432
348.432
348.432
348.432
348.432
348.433
348.433
348.434
348.435
348.437
348.439
348.443
348.447
348.453
348.458
348.463
348.464
348.456
348.433
348.389
348.312
348.188
348.003
347.744
347.4
346.966
346.445
345.841
345.162
344.418
343.618
342.771
341.885
340.968
340.023
339.058
338.074
337.075
336.063
335.041
334.009
332.969
331.922
330.869
329.811
328.748
327.68
326.609
325.534
324.456
323.376
322.293
321.208
320.121
319.033
317.944
316.853
315.762
314.67
313.578
312.485
311.393
310.301
309.209
308.118
307.027
305.938
304.849
303.761
302.675
301.59
300.505
299.426
298.34
297.272
296.178
295.132
294.011
293.024
291.819
290.966
289.608
288.9
287.506
286.677
285.589
284.399
283.557
282.419
281.307
280.425
279.347
278.228
277.315
276.331
275.221
274.237
273.325
272.314
271.267
270.323
269.433
268.456
267.461
266.549
265.691
264.803
263.867
262.987
262.182
261.395
260.585
259.766
259.018
258.34
257.692
257.029
256.378
255.802
255.302
254.842
254.389
253.958
253.574
253.247
252.985
252.756
252.518
252.27
252.065
251.928
251.819
251.685
251.523
251.363
251.235
251.145
251.063
250.957
250.844
250.741
250.659
250.594
250.538
250.485
250.43
250.363
250.283
250.206
250.13
250.054
249.94
249.801
249.652
249.498
249.358
249.242
249.152
249.079
249.015
248.957
248.909
248.873
248.845
248.822
248.804
248.794
248.789
248.787
248.803
248.842
248.887
248.922
248.95
248.972
249.009
249.083
249.2
249.359
249.54
249.71
249.841
249.918
249.951
249.97
250.017
250.161
250.64
252.3
257.445
267.522
280.147
294.526
309.905
325.295
339.961
353.088
364.336
373.416
380.46
385.62
389.246
391.651
393.162
394.042
394.556
394.721
394.676
394.527
394.228
393.765
393.304
392.758
392.318
390.946
391.07
390.945
390.947
390.941
391.077
391.039
391.194
391.173
391.319
391.298
391.427
391.41
391.535
391.519
391.648
391.634
391.771
391.752
391.89
391.914
392.006
392.071
392.155
392.214
392.311
392.406
392.41
392.559
392.547
392.716
392.694
392.852
392.828
392.972
392.95
393.072
393.052
393.153
393.131
393.211
393.202
393.24
393.255
393.263
393.266
393.263
393.262
393.241
393.241
393.212
393.19
393.188
393.147
393.136
393.105
393.068
393.064
393.03
393.005
392.983
392.96
392.939
392.919
392.902
392.886
392.871
392.858
392.847
392.837
392.829
392.822
392.817
392.813
392.811
392.81
392.809
392.812
392.81
392.819
392.817
392.829
392.829
392.842
392.842
392.861
392.859
392.883
392.881
392.91
392.907
392.941
392.938
392.977
392.974
393.016
393.022
393.059
393.091
393.088
393.143
448.271
447.78
447.099
446.109
445.438
445.026
444.434
443.192
439.901
434.304
428.015
421.665
415.553
409.817
404.478
399.47
394.868
390.873
387.548
384.715
382.197
379.879
377.638
375.42
373.234
371.083
368.946
366.807
364.654
362.47
360.259
358.018
355.727
353.387
350.988
348.489
345.819
342.865
339.476
335.49
330.783
325.321
319.181
312.531
305.591
298.641
291.979
285.989
281.785
280.101
279.452
279.094
278.884
278.79
278.757
278.749
278.747
278.746
278.746
278.746
278.746
278.746
278.746
278.746
278.746
278.746
278.746
278.746
278.746
278.746
278.746
278.746
278.746
278.746
278.746
278.746
278.746
278.746
278.746
278.746
278.746
278.746
278.746
278.746
278.746
278.746
278.746
278.746
278.746
278.746
278.746
278.746
278.746
278.746
278.746
278.746
278.746
278.746
278.746
278.746
278.746
278.746
278.746
278.746
278.746
278.746
278.746
278.746
278.746
278.746
278.746
278.746
278.746
278.746
278.746
278.746
278.746
278.746
278.746
278.746
278.746
278.746
278.746
278.746
278.746
278.746
278.746
278.746
278.746
278.746
278.746
278.746
278.746
278.746
278.746
278.746
278.746
278.746
278.746
278.746
278.746
278.746
278.746
278.746
278.746
278.746
278.746
278.746
278.746
278.746
393.18
393.231
393.312
393.399
393.533
393.768
394.096
394.424
394.733
394.962
395.046
395.043
395.03
395.027
395.028
395.036
395.044
395.009
394.723
394.013
393.353
392.924
392.737
392.724
392.824
393.223
394.034
394.86
395.584
396.175
396.637
396.981
397.243
397.472
397.697
397.929
398.144
398.328
398.505
398.716
398.979
399.297
399.642
400.005
400.38
400.666
400.785
400.593
399.684
397.25
391.129
375.868
330.411
297.258
283.344
279.68
278.925
278.78
278.752
278.747
278.746
278.746
278.746
278.746
278.746
278.746
278.746
278.746
278.746
278.746
278.746
278.746
278.746
278.746
278.746
278.746
278.746
278.746
278.746
278.746
278.746
278.746
278.746
278.746
278.746
278.746
278.746
278.746
278.746
278.746
278.746
278.746
278.746
278.746
278.746
278.746
278.746
278.746
278.746
278.746
278.746
278.746
278.746
278.746
278.746
278.746
278.746
278.746
278.746
278.746
278.746
278.746
278.746
278.746
278.746
278.746
278.746
278.746
278.746
278.746
278.746
278.746
278.746
278.746
278.746
278.746
278.746
278.746
278.746
278.746
278.746
278.746
278.746
278.746
278.746
278.746
278.746
278.746
278.746
278.746
278.746
278.746
278.746
278.746
278.746
278.746
278.746
278.746
278.746
278.746
)
;

boundaryField
{
    inlet
    {
        type            zeroGradient;
    }
    outlet
    {
        type            zeroGradient;
    }
    bottom
    {
        type            symmetryPlane;
    }
    top
    {
        type            symmetryPlane;
    }
    obstacle
    {
        type            zeroGradient;
    }
    defaultFaces
    {
        type            empty;
    }
}


// ************************************************************************* //
