/*--------------------------------*- C++ -*----------------------------------*\
| =========                 |                                                 |
| \\      /  F ield         | OpenFOAM: The Open Source CFD Toolbox           |
|  \\    /   O peration     | Version:  5.x                                   |
|   \\  /    A nd           | Web:      www.OpenFOAM.org                      |
|    \\/     M anipulation  |                                                 |
\*---------------------------------------------------------------------------*/
/*   Windows 32 and 64 bit porting by blueCAPE: http://www.bluecape.com.pt   *\
|  Based on Windows porting (2.0.x v4) by Symscape: http://www.symscape.com   |
\*---------------------------------------------------------------------------*/
FoamFile
{
    version     2.0;
    format      ascii;
    class       volVectorField;
    location    "0.006";
    object      U;
}
// * * * * * * * * * * * * * * * * * * * * * * * * * * * * * * * * * * * * * //

dimensions      [0 1 -1 0 0 0 0];

internalField   nonuniform List<vector> 
1000
(
(2.64552e-012 3.23511e-012 0)
(2.21275e-012 3.12709e-012 0)
(2.29839e-012 2.99421e-012 0)
(1.25009e-012 2.88215e-012 -2.97086e-018)
(1.8192e-012 2.94419e-012 2.97764e-018)
(1.39098e-012 2.67428e-012 0)
(1.8077e-012 2.74942e-012 0)
(1.38436e-012 2.58723e-012 5.99635e-018)
(2.09032e-012 2.6305e-012 -6.01017e-018)
(7.64886e-013 2.51176e-012 6.02405e-018)
(1.85288e-012 2.4687e-012 -6.03799e-018)
(1.22009e-012 2.5224e-012 0)
(1.23798e-012 2.26163e-012 0)
(6.77468e-013 2.36457e-012 0)
(7.57669e-013 2.2814e-012 0)
(6.79872e-013 2.14787e-012 -1.22174e-017)
(9.41208e-013 2.17988e-012 1.22461e-017)
(1.15718e-012 2.20122e-012 0)
(-1.36433e-014 2.14965e-012 0)
(4.28583e-013 2.08076e-012 0)
(5.24955e-013 1.99962e-012 -4.82896e-020)
(1.22704e-012 2.10468e-012 1.23915e-017)
(1.1241e-012 1.87186e-012 -2.4842e-017)
(1.66307e-012 1.98312e-012 1.24507e-017)
(9.67859e-013 1.84051e-012 1.24804e-017)
(1.41469e-012 1.87903e-012 -1.25104e-017)
(1.00164e-012 1.81675e-012 2.50809e-017)
(1.41682e-012 1.73466e-012 -1.46342e-032)
(6.81847e-013 1.88049e-012 -2.52021e-017)
(9.24841e-013 1.51816e-012 2.52631e-017)
(-1.05106e-013 1.68117e-012 -2.53244e-017)
(5.54494e-013 1.57692e-012 2.5386e-017)
(-3.91472e-013 1.54447e-012 -2.54479e-017)
(6.52383e-013 1.58196e-012 0)
(-8.82176e-013 1.46248e-012 -2.55727e-017)
(1.57202e-013 1.59e-012 2.56355e-017)
(-2.65596e-013 1.3301e-012 0)
(2.63534e-013 1.48385e-012 0)
(2.73681e-014 1.36025e-012 0)
(-9.86815e-014 1.27729e-012 -2.589e-017)
(-5.15369e-013 1.2734e-012 2.59544e-017)
(-3.06934e-013 1.22009e-012 5.08185e-020)
(3.24915e-013 1.21111e-012 5.09456e-020)
(3.3267e-013 1.23636e-012 0)
(3.82453e-013 1.02862e-012 0)
(-1.43783e-013 1.27235e-012 5.13305e-020)
(7.93305e-013 8.88223e-013 -5.14602e-020)
(-3.05364e-014 1.11981e-012 5.15904e-020)
(6.62589e-013 8.88844e-013 5.17214e-020)
(-1.31867e-013 1.00608e-012 -2.66006e-017)
(5.55745e-014 8.83611e-013 2.66684e-017)
(-4.30606e-013 7.45407e-013 5.21182e-020)
(3.31703e-013 9.70617e-013 -5.22519e-020)
(-4.38041e-014 6.46585e-013 5.23862e-020)
(4.92515e-013 7.98824e-013 5.25212e-020)
(2.35118e-013 6.79327e-013 -5.26569e-020)
(8.74441e-013 5.87838e-013 -2.69774e-017)
(4.25382e-013 5.86523e-013 2.71533e-017)
(1.20379e-012 7.11701e-013 -5.30683e-020)
(1.13349e-012 6.09296e-013 5.32068e-020)
(1.89776e-012 5.63349e-013 5.33461e-020)
(3.50433e-012 5.89235e-013 -5.34862e-020)
(8.52887e-012 1.07245e-012 5.49676e-017)
(1.91854e-011 1.51781e-012 -1.10064e-016)
(4.7436e-011 3.79241e-012 5.51506e-017)
(1.16844e-010 8.79823e-012 -5.52969e-017)
(2.8677e-010 2.15097e-011 1.1105e-016)
(6.99454e-010 5.28825e-011 -5.57005e-017)
(1.68927e-009 1.29533e-010 5.44872e-020)
(4.03173e-009 3.14226e-010 5.46333e-020)
(9.52031e-009 7.54366e-010 -5.61497e-017)
(2.22227e-008 1.79089e-009 5.6301e-017)
(5.12761e-008 4.20164e-009 5.50763e-020)
(1.16917e-007 9.73866e-009 -5.52255e-020)
(2.63389e-007 2.22953e-008 5.53756e-020)
(5.86089e-007 5.04036e-008 5.55265e-020)
(1.28786e-006 1.12492e-007 -5.56782e-020)
(2.7938e-006 2.47788e-007 5.58307e-020)
(5.98176e-006 5.38541e-007 -5.72718e-017)
(1.26369e-005 1.15454e-006 5.74295e-017)
(2.63331e-005 2.44073e-006 5.62934e-020)
(5.4109e-005 5.08637e-006 -5.77477e-017)
(0.000109596 1.04453e-005 5.79081e-017)
(0.00021874 2.11302e-005 0)
(0.000430028 4.20901e-005 0)
(0.000832391 8.25224e-005 5.85087e-017)
(0.00158574 0.000159178 -5.86159e-017)
(0.00297172 0.00030193 0)
(0.00547574 0.000562881 0)
(0.0099153 0.00103079 0)
(0.017634 0.00185315 5.78923e-020)
(0.0307833 0.00326856 -5.93876e-017)
(0.0527132 0.00565209 5.96183e-017)
(0.0884844 0.00957526 5.9777e-017)
(0.145496 0.0158798 -5.99561e-017)
(0.23418 0.0257603 0)
(0.368682 0.0408427 6.03117e-017)
(0.567344 0.0632408 -6.03944e-017)
(0.852817 0.0955622 -6.05344e-017)
(1.25154 0.140837 1.21421e-016)
(1.79247 0.202346 -6.0907e-017)
(2.50493 0.283359 0)
(3.41599 0.386795 5.98454e-020)
(4.54756 0.514889 5.99875e-020)
(5.91396 0.668871 6.09892e-017)
(7.52049 0.848852 -4.01402e-019)
(9.36329 1.05402 -6.14307e-017)
(11.4304 1.28281 -6.09392e-017)
(13.7038 1.53322 6.15024e-017)
(16.1612 1.80308 6.05812e-020)
(18.7789 2.09032 0)
(21.5332 2.39306 0)
(24.4025 2.70975 0)
(27.368 3.03916 0)
(30.4134 3.38029 0)
(33.5251 3.73238 6.05711e-020)
(36.692 4.09478 -6.00738e-017)
(39.9048 4.467 6.07827e-017)
(43.156 4.84859 5.99582e-017)
(46.4394 5.23924 -7.82656e-019)
(49.75 5.63865 -6.04424e-017)
(53.0837 6.04661 6.02039e-020)
(56.4372 6.46293 6.01276e-020)
(59.8077 6.88748 0)
(63.1929 7.32015 5.91464e-017)
(66.5911 7.76087 -1.18849e-016)
(70.0008 8.20958 5.96464e-017)
(73.4206 8.66624 5.88163e-017)
(76.8495 9.13084 -5.93919e-017)
(80.2867 9.60336 0)
(83.7315 10.0838 5.83607e-017)
(87.1832 10.5722 -5.90639e-017)
(90.6412 11.0685 -5.80938e-017)
(94.105 11.5727 5.88616e-017)
(97.5743 12.0848 0)
(101.048 12.6048 0)
(104.527 13.1327 0)
(108.01 13.6684 0)
(111.497 14.2119 5.72815e-017)
(114.988 14.7633 -5.79471e-017)
(118.481 15.3223 0)
(121.977 15.889 -5.68697e-017)
(125.476 16.4633 5.76601e-017)
(128.976 17.0451 0)
(132.479 17.6344 0)
(135.983 18.231 -5.62584e-017)
(139.487 18.8349 1.13236e-016)
(142.993 19.446 -5.69221e-017)
(146.498 20.0641 0)
(150.004 20.6891 0)
(153.509 21.321 0)
(157.014 21.9595 0)
(160.517 22.6046 1.10679e-016)
(164.019 23.2562 -1.85597e-018)
(167.519 23.914 -1.11917e-016)
(171.017 24.578 0)
(174.512 25.2479 0)
(178.006 25.9238 0)
(181.494 26.6053 0)
(184.982 27.2923 -1.08777e-016)
(188.462 27.9849 1.10293e-016)
(191.941 28.6824 -5.66504e-020)
(195.415 29.3852 0)
(198.882 30.0927 1.0758e-016)
(202.347 30.805 -2.1656e-016)
(205.804 31.5217 1.08919e-016)
(209.256 32.2428 5.62205e-020)
(212.702 32.968 0)
(216.141 33.6969 -5.60835e-020)
(219.572 34.4297 -1.05881e-016)
(222.998 35.166 1.07511e-016)
(226.415 35.9053 0)
(229.823 36.6477 5.5782e-020)
(233.224 37.3931 -5.5699e-020)
(236.616 38.1408 -5.56426e-020)
(239.997 38.8903 1.04361e-016)
(243.368 39.6423 -1.94534e-018)
(246.731 40.3957 -1.05767e-016)
(250.081 41.1501 5.53752e-020)
(253.42 41.9055 0)
(256.747 42.6614 1.02975e-016)
(260.062 43.4177 -1.84554e-018)
(263.363 44.1731 -1.04499e-016)
(266.649 44.9277 1.02263e-016)
(269.921 45.681 -1.03879e-016)
(273.177 46.4323 -5.49917e-020)
(276.417 47.1812 -5.49477e-020)
(279.639 47.9263 0)
(282.841 48.6673 -5.48698e-020)
(286.023 49.4033 -5.48509e-020)
(289.184 50.1336 1.00633e-016)
(292.323 50.857 -1.0227e-016)
(295.436 51.5716 -1.00219e-016)
(298.522 52.2768 1.9398e-018)
(301.579 52.9708 1.01578e-016)
(304.605 53.6529 0)
(307.599 54.3202 5.47608e-020)
(310.553 54.9706 -5.47604e-020)
(313.468 55.6021 -5.47935e-020)
(316.338 56.2119 0)
(319.16 56.7983 -5.48511e-020)
(321.929 57.3568 -5.4917e-020)
(324.639 57.8846 -9.83212e-017)
(327.283 58.3767 1.00051e-016)
(329.855 58.8298 -5.51284e-020)
(332.347 59.2393 5.52434e-020)
(334.75 59.5998 -5.53499e-020)
(337.055 59.9062 0)
(339.249 60.151 5.56328e-020)
(341.32 60.3287 9.79871e-017)
(343.254 60.4316 -9.96182e-017)
(345.036 60.4532 -9.82015e-017)
(346.65 60.3853 9.9573e-017)
(348.077 60.2197 -5.65689e-020)
(349.3 59.9483 5.68078e-020)
(350.298 59.5626 0)
(351.055 59.0559 -5.73002e-020)
(351.559 58.4245 5.75856e-020)
(351.781 57.6563 -5.78398e-020)
(351.73 56.7582 0)
(351.449 55.7516 5.84264e-020)
(350.948 54.6438 -1.01984e-016)
(350.255 53.4496 1.0263e-016)
(349.406 52.1878 5.93436e-020)
(348.434 50.877 -5.96575e-020)
(347.361 49.5274 -5.99757e-020)
(346.184 48.1385 6.02986e-020)
(344.897 46.7074 -1.0608e-016)
(343.488 45.2299 2.13336e-016)
(341.94 43.6988 -1.07223e-016)
(340.231 42.1042 0)
(338.339 40.4357 -6.1974e-020)
(336.241 38.6843 6.23258e-020)
(333.922 36.8444 -6.26795e-020)
(331.38 34.9165 0)
(328.626 32.911 -1.13421e-016)
(325.696 30.8504 1.13366e-016)
(322.644 28.7693 1.1567e-016)
(319.541 26.7125 -1.15566e-016)
(316.467 24.7282 1.17895e-016)
(313.504 22.8593 1.17363e-018)
(310.703 21.1344 -1.18829e-016)
(308.108 19.5767 0)
(305.749 18.2026 -6.62021e-020)
(303.634 17.0152 6.65501e-020)
(301.755 16.0079 -1.2381e-016)
(300.091 15.1675 2.4859e-016)
(298.616 14.4772 -1.2487e-016)
(297.302 13.9181 -6.7931e-020)
(296.117 13.4707 -1.26979e-016)
(295.03 13.1144 1.27485e-016)
(294.01 12.8294 -6.89706e-020)
(293.03 12.5983 -6.93234e-020)
(292.072 12.4093 6.96816e-020)
(291.124 12.2541 0)
(290.178 12.1272 -1.31521e-016)
(289.215 12.016 6.79973e-020)
(288.218 11.9079 1.32945e-016)
(287.19 11.8053 1.33809e-016)
(286.144 11.7131 -1.34553e-016)
(285.086 11.633 -1.35452e-016)
(284.022 11.5639 1.36148e-016)
(282.963 11.5052 0)
(281.944 11.4723 1.37648e-016)
(281.029 11.4986 -1.38702e-016)
(280.29 11.6193 1.39293e-016)
(279.731 11.8151 -1.40276e-016)
(279.155 11.9174 1.40687e-016)
(278.453 11.8195 -2.08404e-019)
(277.737 11.5697 -1.42652e-016)
(277.15 11.2307 0)
(276.772 10.8137 7.68697e-020)
(276.686 10.3368 -7.78491e-020)
(276.675 9.6028 1.50477e-016)
(276.562 8.50679 -4.5185e-019)
(276.668 7.39544 -1.71521e-016)
(276.972 6.39172 -9.76258e-020)
(277.113 5.37835 1.9516e-016)
(276.863 4.34445 -2.06257e-016)
(276.105 3.34482 -2.16372e-016)
(274.64 2.32692 2.24171e-016)
(271.996 0.964769 -1.22785e-019)
(267.331 -1.4196 0)
(259.794 -5.54124 2.49377e-016)
(249.4 -11.4059 -5.05011e-016)
(237.848 -17.6253 2.53536e-016)
(227.845 -21.8618 -2.68633e-016)
(221.069 -22.6886 2.66642e-016)
(216.999 -20.525 -2.72243e-016)
(213.709 -17.0465 2.73966e-016)
(210.031 -13.4471 0)
(205.724 -10.1269 2.76358e-016)
(200.765 -7.2082 -2.77985e-016)
(195.314 -4.61603 -1.4254e-019)
(189.567 -2.22596 0)
(183.739 0.215329 -2.83336e-016)
(177.858 2.72066 5.7039e-016)
(171.82 5.18311 -2.86761e-016)
(165.551 7.49166 1.46262e-019)
(158.981 9.59762 -1.4648e-019)
(-4.81603e-012 3.25658e-012 0)
(-5.53251e-012 3.14246e-012 0)
(-3.9321e-012 3.01315e-012 0)
(-5.04679e-012 2.90416e-012 0)
(-4.40169e-012 2.96721e-012 0)
(-3.2166e-012 2.69034e-012 0)
(-4.82571e-012 2.76039e-012 0)
(-1.44389e-012 2.63005e-012 0)
(-5.91596e-012 2.6518e-012 0)
(-1.11106e-012 2.52775e-012 0)
(-5.79087e-012 2.48261e-012 0)
(-1.19375e-012 2.54266e-012 0)
(-3.84729e-012 2.28373e-012 0)
(-2.02074e-012 2.39859e-012 0)
(-2.8187e-012 2.31062e-012 0)
(-2.28513e-012 2.19495e-012 0)
(-3.14682e-012 2.19828e-012 0)
(-2.86431e-012 2.20618e-012 0)
(-2.41288e-012 2.18299e-012 0)
(-2.17442e-012 2.10882e-012 0)
(-2.32201e-012 2.03499e-012 2.73601e-020)
(-2.71802e-012 2.12858e-012 0)
(-1.49555e-012 1.87677e-012 0)
(-3.45546e-012 1.98349e-012 0)
(-1.18306e-012 1.8313e-012 0)
(-3.74076e-012 1.88658e-012 0)
(-7.78905e-013 1.81229e-012 0)
(-3.78704e-012 1.72044e-012 0)
(-1.36307e-012 1.87524e-012 0)
(-2.42994e-012 1.53149e-012 0)
(-3.20174e-012 1.72427e-012 0)
(-1.20491e-012 1.58984e-012 0)
(-3.35092e-012 1.59663e-012 0)
(-4.52998e-013 1.59474e-012 0)
(-3.4901e-012 1.53803e-012 0)
(-5.85554e-013 1.62684e-012 0)
(-3.20494e-012 1.40115e-012 0)
(-6.89843e-013 1.49164e-012 0)
(-2.4711e-012 1.42372e-012 0)
(-1.65143e-013 1.31727e-012 0)
(-3.35366e-012 1.31876e-012 0)
(2.47088e-013 1.27005e-012 -2.66341e-020)
(-3.62853e-012 1.22474e-012 -2.66005e-020)
(-2.46466e-013 1.27825e-012 0)
(-3.30031e-012 1.04758e-012 0)
(-4.18849e-013 1.30392e-012 -2.65002e-020)
(-1.58235e-012 8.97746e-013 2.64669e-020)
(-1.01725e-012 1.12269e-012 -2.64338e-020)
(-1.12483e-012 9.35325e-013 -2.64007e-020)
(-2.05659e-012 9.89505e-013 2.63676e-020)
(-1.25775e-012 8.98208e-013 -2.63347e-020)
(-2.3045e-012 8.63904e-013 -2.63018e-020)
(-1.12825e-012 9.44202e-013 2.62691e-020)
(-1.45137e-012 6.47231e-013 -2.62364e-020)
(-2.26889e-012 8.12148e-013 -2.62038e-020)
(-7.55359e-013 6.81453e-013 2.61712e-020)
(-1.37413e-012 6.07495e-013 -2.61388e-020)
(-1.17508e-012 5.38626e-013 -2.61064e-020)
(-1.51407e-012 6.55687e-013 2.60741e-020)
(-1.45851e-012 5.16044e-013 -2.60419e-020)
(-1.18861e-012 4.81056e-013 -2.60098e-020)
(-1.09788e-012 3.28444e-013 2.59777e-020)
(-7.8451e-013 4.19557e-013 -2.59457e-020)
(-2.51981e-012 -2.60162e-014 -2.59139e-020)
(-6.75868e-012 -1.92589e-013 2.5882e-020)
(-1.68493e-011 -1.19436e-012 -2.58503e-020)
(-4.25641e-011 -3.47405e-012 -2.58186e-020)
(-9.96614e-011 -9.2721e-012 2.57871e-020)
(-2.39486e-010 -2.30734e-011 -2.57556e-020)
(-5.61684e-010 -5.63547e-011 -2.57241e-020)
(-1.313e-009 -1.35596e-010 2.56928e-020)
(-3.02747e-009 -3.21474e-010 -2.56615e-020)
(-6.90883e-009 -7.53412e-010 -2.56303e-020)
(-1.55743e-008 -1.74531e-009 2.55992e-020)
(-3.46913e-008 -3.99571e-009 -2.55681e-020)
(-7.63137e-008 -9.03935e-009 -2.55372e-020)
(-1.65752e-007 -2.02048e-008 2.55063e-020)
(-3.55343e-007 -4.46095e-008 -2.54754e-020)
(-7.51664e-007 -9.72644e-008 -2.54447e-020)
(-1.56833e-006 -2.09375e-007 2.5414e-020)
(-3.22644e-006 -4.44863e-007 -2.53834e-020)
(-6.542e-006 -9.32682e-007 -2.53529e-020)
(-1.30679e-005 -1.92895e-006 2.53224e-020)
(-2.57044e-005 -3.93418e-006 0)
(-4.97607e-005 -7.91025e-006 0)
(-9.47542e-005 -1.5674e-005 -2.52314e-020)
(-0.000177365 -3.05962e-005 0)
(-0.000326126 -5.88145e-005 0)
(-0.00058858 -0.000111289 0)
(-0.00104168 -0.000207198 0)
(-0.00180596 -0.000379386 -2.50802e-020)
(-0.00306331 -0.000682857 -2.50495e-020)
(-0.00507621 -0.00120755 0)
(-0.00820289 -0.00209685 0)
(-0.0128969 -0.00357328 0)
(-0.0196708 -0.00597236 0)
(-0.0289906 -0.00978439 -2.48782e-020)
(-0.0410558 -0.0157022 -2.48352e-020)
(-0.0554024 -0.0246697 0)
(-0.0702643 -0.0379219 0)
(-0.0816158 -0.0570052 0)
(-0.0818894 -0.0837625 0)
(-0.0589232 -0.120269 -2.4501e-020)
(0.00298283 -0.168731 -2.44001e-020)
(0.123463 -0.231386 0)
(0.33291 -0.31031 0)
(0.669357 -0.407126 0)
(1.17001 -0.522901 0)
(1.86899 -0.658069 -2.37102e-020)
(2.79283 -0.812432 -2.35484e-020)
(3.95515 -0.985243 0)
(5.35417 -1.17538 0)
(6.97644 -1.38157 0)
(8.802 -1.60247 0)
(10.8073 -1.8368 0)
(12.967 -2.0834 -2.25531e-020)
(15.2571 -2.34127 -2.23887e-020)
(17.6567 -2.60954 0)
(20.1484 -2.88748 -2.20623e-020)
(22.717 -3.17447 0)
(25.3501 -3.46997 0)
(28.038 -3.77356 -2.15775e-020)
(30.7729 -4.08483 -2.14171e-020)
(33.5484 -4.40343 0)
(36.3591 -4.72908 0)
(39.2012 -5.06148 0)
(42.0712 -5.40039 2.07808e-020)
(44.9664 -5.74556 -2.06229e-020)
(47.8845 -6.09679 -2.04656e-020)
(50.8236 -6.45386 0)
(53.7818 -6.81658 0)
(56.7578 -7.18476 0)
(59.7502 -7.55822 0)
(62.7577 -7.93679 -1.96853e-020)
(65.7794 -8.3203 0)
(68.8144 -8.70861 0)
(71.8616 -9.10154 0)
(74.9202 -9.49896 0)
(77.9895 -9.90072 0)
(81.0687 -10.3067 -1.87617e-020)
(84.1569 -10.7167 0)
(87.2536 -11.1306 0)
(90.3581 -11.5484 -1.83046e-020)
(93.4697 -11.9698 0)
(96.5879 -12.3947 0)
(99.7121 -12.8231 -1.78506e-020)
(102.842 -13.2548 0)
(105.976 -13.6896 0)
(109.115 -14.1275 0)
(112.258 -14.5683 0)
(115.405 -15.012 0)
(118.555 -15.4583 0)
(121.707 -15.9072 0)
(124.861 -16.3586 1.66547e-020)
(128.018 -16.8123 0)
(131.176 -17.2683 0)
(134.335 -17.7264 0)
(137.495 -18.1865 0)
(140.656 -18.6486 0)
(143.816 -19.1123 0)
(146.977 -19.5778 -1.56272e-020)
(150.137 -20.0448 1.54835e-020)
(153.295 -20.5132 0)
(156.453 -20.9831 0)
(159.608 -21.4539 0)
(162.764 -21.9264 0)
(165.913 -22.399 -1.47561e-020)
(169.063 -22.8737 0)
(172.206 -23.3479 1.44725e-020)
(175.347 -23.8239 -1.43421e-020)
(178.485 -24.3 1.41992e-020)
(181.615 -24.7764 0)
(184.743 -25.2539 -1.39222e-020)
(187.863 -25.7312 1.37782e-020)
(190.975 -26.2086 1.36363e-020)
(194.082 -26.6869 0)
(197.179 -27.1648 1.3365e-020)
(200.265 -27.6425 1.32238e-020)
(203.342 -28.1209 -1.30923e-020)
(206.408 -28.599 0)
(209.459 -29.0766 1.28178e-020)
(212.496 -29.5544 -1.26842e-020)
(215.518 -30.0324 1.25537e-020)
(218.521 -30.5099 0)
(221.504 -30.9871 -1.22835e-020)
(224.466 -31.4645 1.21527e-020)
(227.403 -31.9422 1.20243e-020)
(230.312 -32.4196 0)
(233.191 -32.8969 1.17597e-020)
(236.036 -33.3748 1.16309e-020)
(238.844 -33.8534 -1.15045e-020)
(241.61 -34.3324 0)
(244.33 -34.812 1.1247e-020)
(246.998 -35.2927 -1.11197e-020)
(249.609 -35.7752 1.09953e-020)
(252.157 -36.2594 0)
(254.635 -36.7455 -1.07463e-020)
(257.036 -37.234 1.06209e-020)
(259.354 -37.7257 1.04979e-020)
(261.58 -38.2214 0)
(263.707 -38.7212 1.02575e-020)
(265.728 -39.2255 1.01367e-020)
(267.634 -39.7351 -1.00163e-020)
(269.421 -40.2511 0)
(271.082 -40.7742 9.78354e-021)
(272.614 -41.3048 -9.6701e-021)
(274.013 -41.8433 9.55735e-021)
(275.281 -42.3903 0)
(276.419 -42.9465 -9.338e-021)
(277.432 -43.5123 9.23374e-021)
(278.326 -44.0879 9.13388e-021)
(279.111 -44.6729 0)
(279.798 -45.2668 8.94587e-021)
(280.399 -45.8689 8.85785e-021)
(280.927 -46.4787 -8.7766e-021)
(281.393 -47.0953 0)
(281.81 -47.7169 8.63857e-021)
(282.187 -48.3415 -8.57968e-021)
(282.534 -48.9669 8.52776e-021)
(282.857 -49.591 0)
(283.159 -50.2124 -8.45105e-021)
(283.444 -50.8292 8.42472e-021)
(283.711 -51.4396 0)
(283.948 -52.042 -8.38899e-021)
(284.14 -52.6344 8.37664e-021)
(284.271 -53.2149 8.36671e-021)
(284.365 -53.7836 -8.35918e-021)
(284.463 -54.3397 0)
(284.577 -54.8821 8.35467e-021)
(284.703 -55.409 -8.35843e-021)
(284.84 -55.9188 0)
(284.986 -56.4097 8.37991e-021)
(285.143 -56.8798 -8.39879e-021)
(285.317 -57.3278 8.42452e-021)
(285.529 -57.752 0)
(285.81 -58.1509 -8.4989e-021)
(286.209 -58.5226 8.54712e-021)
(286.803 -58.8656 8.60278e-021)
(287.527 -59.1776 0)
(288.192 -59.459 8.73327e-021)
(288.729 -59.7112 8.79665e-021)
(289.169 -59.9365 -8.85506e-021)
(289.548 -60.1375 0)
(289.888 -60.3158 8.95489e-021)
(290.201 -60.4729 -8.9943e-021)
(290.489 -60.6101 9.02616e-021)
(290.755 -60.7289 0)
(290.999 -60.8303 -9.06878e-021)
(291.221 -60.9153 9.08071e-021)
(291.422 -60.9847 9.08737e-021)
(291.605 -61.039 0)
(291.771 -61.0787 9.08891e-021)
(291.927 -61.1038 9.08562e-021)
(292.074 -61.1146 -9.08074e-021)
(292.212 -61.111 0)
(292.345 -61.0933 9.06904e-021)
(292.473 -61.0619 -9.06176e-021)
(292.596 -61.0177 9.05339e-021)
(292.711 -60.962 0)
(292.809 -60.8972 -9.03422e-021)
(292.883 -60.8269 9.02377e-021)
(292.93 -60.7558 9.01352e-021)
(292.945 -60.6895 0)
(292.944 -60.6353 8.99349e-021)
(292.953 -60.6018 8.98221e-021)
(292.982 -60.6002 -8.96782e-021)
(293.028 -60.6452 0)
(293.088 -60.7551 8.91987e-021)
(293.163 -60.9492 -8.89526e-021)
(293.252 -61.2512 8.87168e-021)
(293.353 -61.6893 0)
(293.471 -62.2963 -8.83087e-021)
(293.617 -63.1079 8.82261e-021)
(293.824 -64.1613 8.85564e-021)
(293.93 -65.4828 0)
(293.84 -67.0875 9.34481e-021)
(293.716 -68.9564 9.75473e-021)
(293.628 -71.045 -1.02233e-020)
(293.574 -73.2881 0)
(293.544 -75.6053 1.12548e-020)
(293.532 -77.9077 -1.17649e-020)
(293.532 -80.1065 1.2257e-020)
(293.543 -82.121 0)
(293.567 -83.8803 -1.33063e-020)
(293.609 -85.3264 1.39542e-020)
(293.671 -86.423 1.46467e-020)
(293.762 -87.177 0)
(293.874 -87.6301 1.56198e-020)
(293.989 -87.837 1.577e-020)
(294.117 -87.8439 -1.57841e-020)
(294.311 -87.6803 0)
(294.621 -87.3702 1.57602e-020)
(295.106 -86.9304 -1.57627e-020)
(295.845 -86.3748 1.57853e-020)
(296.869 -85.7159 0)
(298.156 -84.9696 -1.58474e-020)
(299.663 -84.1517 1.58722e-020)
(301.349 -83.2715 0)
(302.977 -82.3355 -1.59283e-020)
(306.286 -81.3454 1.59196e-020)
(306.814 -81.1407 0)
(307.379 -80.9353 0)
(307.742 -80.7288 0)
(307.817 -80.5213 0)
(307.774 -80.3127 0)
(307.654 -80.103 0)
(307.492 -79.8922 0)
(307.343 -79.6802 0)
(307.212 -79.4672 0)
(307.097 -79.2531 0)
(306.991 -79.038 0)
(306.89 -78.8217 0)
(306.788 -78.6044 0)
(306.685 -78.3861 0)
(306.579 -78.1667 0)
(306.47 -77.9462 0)
(306.356 -77.7247 0)
(306.233 -77.5021 0)
(306.109 -77.2785 0)
(305.976 -77.0538 0)
(305.836 -76.8281 0)
(305.698 -76.6013 0)
(305.553 -76.3734 0)
(305.402 -76.1444 0)
(305.267 -75.9144 0)
(305.126 -75.6833 0)
(304.974 -75.4511 0)
(304.836 -75.2179 0)
(304.695 -74.9836 0)
(304.56 -74.7483 0)
(304.429 -74.5118 0)
(304.304 -74.2744 0)
(304.188 -74.0358 0)
(304.081 -73.7962 0)
(303.986 -73.5556 0)
(303.903 -73.3139 0)
(303.833 -73.0712 0)
(303.777 -72.8275 0)
(303.734 -72.5827 0)
(303.705 -72.337 0)
(303.683 -72.0903 0)
(303.673 -71.8426 0)
(303.685 -71.5938 0)
(303.709 -71.3442 0)
(303.75 -71.0935 0)
(303.805 -70.8419 0)
(303.871 -70.5894 0)
(303.947 -70.3359 0)
(304.033 -70.0815 0)
(304.123 -69.8262 0)
(304.222 -69.57 0)
(304.331 -69.3129 0)
(304.44 -69.0548 0)
(304.553 -68.7959 0)
(304.666 -68.536 0)
(304.78 -68.2753 0)
(304.899 -68.0136 0)
(305.015 -67.7511 0)
(305.129 -67.4877 0)
(305.244 -67.2233 0)
(305.355 -66.9581 0)
(305.464 -66.692 0)
(305.569 -66.425 0)
(305.67 -66.1571 0)
(305.767 -65.8882 0)
(305.861 -65.6185 0)
(305.951 -65.3479 0)
(306.037 -65.0764 0)
(306.12 -64.8039 0)
(306.199 -64.5305 0)
(306.274 -64.2563 0)
(306.346 -63.9811 0)
(306.415 -63.705 0)
(306.481 -63.4279 0)
(306.544 -63.15 0)
(306.605 -62.8711 0)
(306.663 -62.5913 0)
(306.719 -62.3106 0)
(306.773 -62.029 0)
(306.825 -61.7464 0)
(306.875 -61.4629 0)
(306.924 -61.1785 0)
(306.97 -60.8931 0)
(307.014 -60.6069 0)
(307.057 -60.3197 0)
(307.098 -60.0315 0)
(307.136 -59.7425 0)
(307.173 -59.4524 0)
(307.207 -59.1615 0)
(307.239 -58.8696 0)
(307.269 -58.5769 0)
(307.295 -58.2831 0)
(307.32 -57.9884 0)
(307.34 -57.6928 0)
(307.359 -57.3963 0)
(307.373 -57.0987 0)
(307.388 -56.8003 0)
(307.401 -56.5009 0)
(307.403 -56.2005 0)
(307.405 -55.8993 0)
(202.919 -56.4194 2.56139e-019)
(204.625 -54.2904 -4.59489e-016)
(207.092 -51.1439 9.07558e-016)
(208.644 -48.4479 -1.70502e-018)
(209.353 -45.9163 -4.4094e-016)
(209.547 -43.0155 2.20914e-019)
(209.228 -39.568 -4.27107e-016)
(208.219 -35.6358 4.22755e-016)
(206.581 -31.194 2.11566e-019)
(204.405 -26.3497 -4.02349e-016)
(201.696 -21.3582 7.86428e-016)
(198.628 -16.3685 -7.66245e-016)
(195.355 -11.5419 3.74992e-016)
(191.995 -7.03631 1.88532e-019)
(188.649 -2.97434 3.55364e-016)
(185.399 0.562895 -2.32636e-018)
(182.3 3.53502 -3.43011e-016)
(179.366 5.9314 3.34129e-016)
(176.58 7.78195 -3.3078e-016)
(173.924 9.15783 0)
(171.369 10.1448 1.68044e-019)
(168.904 10.8433 -3.13509e-016)
(166.519 11.3455 3.12242e-016)
(164.176 11.7098 1.62605e-019)
(161.834 11.9753 -3.00819e-016)
(159.467 12.1753 3.00034e-016)
(157.06 12.3338 -2.92609e-016)
(154.595 12.4647 2.92129e-016)
(152.057 12.5758 1.54932e-019)
(149.435 12.6725 0)
(146.722 12.7594 0)
(143.914 12.84 -2.73673e-016)
(141.005 12.9163 2.73893e-016)
(137.983 12.9843 2.66715e-016)
(134.812 13.027 -2.66964e-016)
(131.405 13.0045 2.59431e-016)
(127.601 12.8446 -2.60374e-016)
(123.143 12.4393 0)
(117.687 11.655 2.4732e-016)
(110.857 10.3646 -2.51077e-016)
(102.363 8.49932 -2.38097e-016)
(92.1313 6.10018 2.44873e-016)
(80.3781 3.33363 -2.28261e-016)
(67.5679 0.45478 2.36685e-016)
(54.2929 -2.26 0)
(41.1883 -4.56552 0)
(28.8177 -6.28097 1.44021e-019)
(17.8001 -7.25878 2.0625e-016)
(9.5725 -7.20903 -2.10015e-016)
(5.14086 -6.00593 -2.03073e-016)
(2.83552 -4.10777 4.04308e-016)
(1.40131 -2.1605 -2.00756e-016)
(0.546426 -0.790051 1.98695e-016)
(0.173391 -0.218021 -1.97467e-016)
(0.0460749 -0.046803 1.9603e-016)
(0.0107295 -0.00865461 -1.94579e-016)
(0.00237754 -0.00151489 9.43926e-020)
(0.000516091 -0.000259746 0)
(0.00011043 -4.39869e-005 0)
(2.33265e-005 -7.36995e-006 -1.89273e-016)
(4.86501e-006 -1.22335e-006 1.87994e-016)
(1.00141e-006 -2.01765e-007 -1.86641e-016)
(2.03252e-007 -3.32662e-008 1.85487e-016)
(4.06169e-008 -5.54468e-009 0)
(7.97162e-009 -9.51024e-010 0)
(1.5294e-009 -1.72791e-010 0)
(2.84953e-010 -3.40283e-011 -1.8067e-016)
(4.96328e-011 -7.81098e-012 1.79592e-016)
(7.28687e-012 -2.13842e-012 1.78353e-016)
(-7.33213e-013 -1.21513e-012 8.65319e-020)
(-1.53822e-012 -1.07847e-012 -1.76096e-016)
(-2.29224e-012 -6.7948e-014 8.54434e-020)
(-2.02641e-012 -6.07425e-013 0)
(-1.64412e-012 -8.07512e-013 -1.72814e-016)
(-2.00871e-012 -6.29191e-013 1.71748e-016)
(-1.03923e-012 -7.61248e-013 8.5347e-017)
(-2.51818e-012 -8.58895e-014 -8.48265e-017)
(-9.36572e-013 -5.74652e-013 -8.43124e-017)
(-1.68556e-012 2.82849e-014 8.38045e-017)
(-1.16755e-012 -4.02898e-013 0)
(-1.5147e-012 -1.49509e-013 -8.28069e-017)
(-1.1662e-012 -5.55656e-014 8.23169e-017)
(-1.42347e-012 -2.8692e-013 -8.18327e-017)
(-1.06806e-012 1.09032e-013 8.13541e-017)
(-8.93155e-013 -2.55755e-013 0)
(-1.10933e-012 2.78255e-013 0)
(-1.71201e-012 -4.83886e-013 0)
(-1.12094e-012 1.64889e-013 0)
(-2.2862e-012 -3.38782e-013 0)
(-1.25212e-012 -9.96697e-014 -7.85963e-017)
(-1.99513e-012 2.53537e-014 7.81548e-017)
(-1.29816e-012 -8.55681e-014 0)
(-2.07857e-012 -7.44561e-014 0)
(-1.62074e-012 -1.07541e-013 0)
(-2.30444e-012 -4.98434e-014 0)
(-1.36189e-012 -2.29172e-014 0)
(-2.23474e-012 -5.72295e-014 0)
(-1.68383e-012 1.43163e-013 7.51976e-017)
(-2.43594e-012 -1.0416e-013 1.36048e-032)
(-1.79453e-012 8.77579e-014 -7.43933e-017)
(-2.03467e-012 1.04264e-014 0)
(-1.43727e-012 2.41192e-015 0)
(-1.79235e-012 2.54318e-013 0)
(-1.20736e-012 1.611e-013 0)
(-1.38377e-012 1.90176e-013 0)
(-6.03888e-013 2.01237e-013 -7.20806e-017)
(-9.20519e-013 2.80327e-013 -1.30438e-032)
(-6.97047e-013 2.5107e-013 2.59538e-032)
(-9.91831e-013 1.56758e-013 7.09773e-017)
(-1.08988e-012 3.30899e-013 0)
(-1.18965e-012 1.706e-013 0)
(-1.51211e-012 2.2724e-013 0)
(-1.33349e-012 2.881e-013 0)
(-1.8059e-012 1.32447e-013 0)
(-1.371e-012 4.08012e-013 0)
(-1.39355e-012 2.01204e-013 0)
(-1.04338e-012 4.75295e-013 -6.81939e-017)
(-9.58572e-013 3.03977e-013 -2.46878e-032)
(-6.28514e-013 3.7796e-013 0)
(-1.50338e-012 3.48167e-013 6.72056e-017)
(-2.179e-013 3.603e-013 0)
(-1.67319e-012 3.21061e-013 0)
(-3.69784e-013 2.85885e-013 0)
(-1.31296e-012 2.81506e-013 0)
(-2.70932e-013 3.68338e-013 -3.28103e-017)
(-1.527e-012 2.81431e-013 3.26562e-017)
(-4.16925e-013 3.40186e-013 3.25036e-017)
(-1.15246e-012 2.06936e-013 -6.47049e-017)
(-5.05924e-013 2.01969e-013 3.22027e-017)
(-1.28406e-012 1.69107e-013 3.20543e-017)
(-7.53675e-013 2.31273e-013 -3.19072e-017)
(-1.54116e-012 1.532e-013 0)
(-9.28957e-013 1.74675e-013 0)
(-1.20167e-012 1.37994e-013 0)
(-1.53846e-012 8.31625e-014 3.13323e-017)
(-1.58787e-012 8.52426e-014 -3.11918e-017)
(-1.77554e-012 1.74201e-013 1.55263e-017)
(-1.59245e-012 4.31542e-014 -1.54573e-017)
(-1.67209e-012 1.5854e-013 0)
(-1.20264e-012 2.91184e-014 0)
(-1.89529e-012 8.57725e-014 0)
(-1.36333e-012 1.32775e-013 1.51873e-017)
(-2.05337e-012 -5.01439e-014 -1.51213e-017)
(-1.4646e-012 1.65962e-013 0)
(-1.99426e-012 -3.16347e-014 7.49545e-018)
(-1.2738e-012 1.01344e-013 2.71513e-033)
(-1.95676e-012 -2.51304e-014 -7.43139e-018)
(-1.27552e-012 5.06289e-014 0)
(-1.50973e-012 1.12225e-013 0)
(-1.52644e-012 5.828e-014 0)
(307.456 -54.5125 -2.29147e-020)
(307.388 -53.1388 0)
(307.236 -51.7866 -2.28922e-020)
(306.96 -50.4558 -2.28527e-020)
(306.461 -49.1456 0)
(305.609 -47.8579 -2.27914e-020)
(304.494 -46.5958 0)
(303.419 -45.362 -2.26752e-020)
(302.553 -44.1587 -2.26209e-020)
(301.916 -42.9909 0)
(301.462 -41.8665 -2.24977e-020)
(301.143 -40.7976 0)
(300.928 -39.8007 -2.23567e-020)
(300.795 -38.8958 -2.22814e-020)
(300.73 -38.105 0)
(300.731 -37.4515 -2.21191e-020)
(300.797 -36.9558 0)
(300.932 -36.6336 -2.19362e-020)
(301.148 -36.4921 -2.18212e-020)
(301.431 -36.5296 0)
(301.744 -36.7331 -2.15411e-020)
(302.042 -37.0773 -2.14112e-020)
(302.289 -37.5261 0)
(302.476 -38.0348 -2.11773e-020)
(302.617 -38.5534 0)
(302.726 -39.0308 -2.09648e-020)
(302.817 -39.4175 -2.08807e-020)
(302.917 -39.6691 0)
(303.047 -39.751 -2.06924e-020)
(303.215 -39.6395 0)
(303.415 -39.3233 0)
(303.624 -38.8016 -2.0339e-020)
(303.821 -38.0832 0)
(304.002 -37.1833 -2.00619e-020)
(304.172 -36.1212 0)
(304.335 -34.918 -1.97445e-020)
(304.477 -33.5937 0)
(304.575 -32.1662 0)
(304.615 -30.6494 0)
(304.603 -29.0517 -1.87525e-020)
(304.541 -27.3754 0)
(304.421 -25.6181 -1.7885e-020)
(304.238 -23.7751 0)
(303.987 -21.8413 -1.68391e-020)
(303.651 -19.8142 0)
(303.139 -17.6938 0)
(302.289 -15.4853 -1.54115e-020)
(300.831 -13.1979 0)
(298.072 -10.8458 -1.4879e-020)
(292.305 -8.4526 0)
(278.219 -6.04601 0)
(238.37 -3.64807 0)
(152.128 -1.50233 0)
(59.2274 -0.367042 0)
(15.5956 -0.0642867 -2.51898e-020)
(3.35917 -0.0113792 0)
(0.653101 -0.00210122 -2.60653e-020)
(0.122848 -0.000390882 0)
(0.0229372 -7.27989e-005 0)
(0.00427645 -1.35615e-005 0)
(0.000797114 -2.52664e-006 0)
(0.000148581 -4.70811e-007 -2.63796e-020)
(2.76978e-005 -8.77501e-008 0)
(5.16405e-006 -1.63599e-008 0)
(9.62968e-007 -3.05145e-009 0)
(1.79607e-007 -5.69539e-010 0)
(3.35055e-008 -1.06412e-010 0)
(6.25281e-009 -2.01197e-011 -2.67256e-020)
(1.16653e-009 -3.75578e-012 0)
(2.19211e-010 -9.23577e-013 -2.68429e-020)
(3.99722e-011 -1.61941e-013 0)
(8.89907e-012 -9.70712e-014 -2.69613e-020)
(8.47193e-013 -1.59211e-013 0)
(1.06424e-012 6.76966e-014 0)
(-2.09824e-013 -9.35284e-014 0)
(4.08899e-013 2.99373e-014 0)
(3.21994e-013 2.64365e-014 0)
(5.2221e-013 -2.28283e-014 0)
(-2.82272e-013 1.82668e-013 0)
(2.94693e-013 1.1051e-014 0)
(-6.26155e-013 1.66784e-013 0)
(6.6901e-013 4.80111e-014 0)
(-5.10309e-013 1.62624e-013 0)
(8.9209e-013 1.59182e-013 0)
(-3.81489e-013 6.87351e-014 0)
(9.55893e-014 2.63524e-013 0)
(-4.55084e-013 7.00778e-014 0)
(-7.50205e-013 2.41097e-013 0)
(1.74446e-013 9.56823e-014 0)
(-1.29628e-012 1.89355e-013 0)
(6.52653e-013 2.46161e-013 0)
(-1.47791e-012 1.58713e-013 0)
(-1.33563e-013 2.5024e-013 0)
(-1.17442e-012 1.90825e-013 0)
(-5.00137e-013 2.32152e-013 0)
(-1.34495e-012 2.97648e-013 0)
(-3.67662e-014 2.51906e-013 0)
(-1.28983e-012 3.03935e-013 0)
(2.09319e-013 2.19419e-013 0)
(-1.58592e-012 3.11823e-013 0)
(3.15457e-013 2.97964e-013 0)
(-1.90961e-012 2.25623e-013 0)
(-1.36724e-013 4.03471e-013 0)
(-1.02163e-012 2.57744e-013 0)
(-1.99817e-013 3.34166e-013 0)
(-9.26356e-013 2.91638e-013 0)
(-6.21138e-013 3.09098e-013 0)
(-1.36474e-012 3.80198e-013 0)
(-4.09776e-013 2.30696e-013 0)
(-1.73784e-012 4.26857e-013 0)
(-3.86414e-013 2.31413e-013 0)
(-2.10184e-012 4.07689e-013 0)
(-8.27499e-014 3.88785e-013 0)
(-1.82492e-012 2.8325e-013 0)
(-6.2045e-013 4.87725e-013 0)
(-5.64257e-013 3.12185e-013 0)
(-1.63264e-012 4.56869e-013 0)
(-7.02339e-013 4.02617e-013 0)
(-2.99067e-012 3.75348e-013 0)
(-1.2821e-012 4.52863e-013 0)
(-2.57054e-012 3.62801e-013 0)
(-2.25805e-012 4.0549e-013 0)
(-2.32237e-012 2.86831e-013 0)
(-2.8448e-012 3.49571e-013 0)
(-2.84535e-012 4.05966e-013 0)
(-2.45155e-012 2.85801e-013 0)
(-2.97164e-012 3.49114e-013 0)
(-1.67782e-012 2.63191e-013 0)
(-3.20516e-012 2.44712e-013 0)
(-1.5668e-012 2.04564e-013 0)
(-4.02677e-012 2.09138e-013 0)
(-1.92175e-012 2.51895e-013 0)
(-3.70611e-012 1.93166e-013 0)
(-2.8504e-012 1.93764e-013 0)
(-2.89804e-012 1.0107e-013 0)
(-3.465e-012 1.35878e-013 0)
(-2.89944e-012 2.21344e-013 0)
(-1.9515e-012 6.72311e-014 0)
(-3.75005e-012 1.72599e-013 0)
(-3.60994e-013 3.42689e-014 0)
(-4.63683e-012 1.13424e-013 0)
(-4.99811e-013 1.40037e-013 0)
(-4.23547e-012 -3.35723e-014 0)
(-1.51418e-012 1.76475e-013 0)
(-2.9121e-012 -1.40171e-014 0)
(-2.24172e-012 1.15135e-013 0)
(-2.63612e-012 2.16786e-016 0)
(-3.63775e-012 6.80339e-014 0)
(-2.81053e-012 1.20302e-013 0)
(-2.95787e-012 5.61592e-014 0)
)
;

boundaryField
{
    inlet
    {
        type            zeroGradient;
    }
    outlet
    {
        type            zeroGradient;
    }
    bottom
    {
        type            symmetryPlane;
    }
    top
    {
        type            symmetryPlane;
    }
    obstacle
    {
        type            zeroGradient;
    }
    defaultFaces
    {
        type            empty;
    }
}


// ************************************************************************* //
