/*--------------------------------*- C++ -*----------------------------------*\
| =========                 |                                                 |
| \\      /  F ield         | OpenFOAM: The Open Source CFD Toolbox           |
|  \\    /   O peration     | Version:  5.x                                   |
|   \\  /    A nd           | Web:      www.OpenFOAM.org                      |
|    \\/     M anipulation  |                                                 |
\*---------------------------------------------------------------------------*/
/*   Windows 32 and 64 bit porting by blueCAPE: http://www.bluecape.com.pt   *\
|  Based on Windows porting (2.0.x v4) by Symscape: http://www.symscape.com   |
\*---------------------------------------------------------------------------*/
FoamFile
{
    version     2.0;
    format      ascii;
    class       volScalarField;
    location    "0.007";
    object      T;
}
// * * * * * * * * * * * * * * * * * * * * * * * * * * * * * * * * * * * * * //

dimensions      [0 0 0 1 0 0 0];

internalField   nonuniform List<scalar> 
10000
(
348.432
348.431
348.429
348.42
348.389
348.288
348.012
347.353
345.992
343.536
339.776
334.806
329.085
323.018
316.996
311.066
305.467
299.759
295.2
288.871
286.002
280.698
275.348
272.876
270.435
266.05
261.604
259.233
258.611
258.014
256.352
253.288
251.35
250.928
251.131
251.953
253.221
253.714
253.604
252.802
251.138
249.894
249.182
248.885
248.835
249.122
251.291
261.168
284.431
309.318
331.944
351.095
366.476
378.059
386.804
393.011
397.42
400.182
402.349
403.026
348.432
348.431
348.429
348.42
348.389
348.288
348.012
347.353
345.992
343.536
339.776
334.806
329.085
323.018
316.996
311.066
305.467
299.759
295.2
288.871
286.002
280.698
275.348
272.876
270.435
266.05
261.604
259.233
258.611
258.014
256.352
253.288
251.35
250.928
251.131
251.953
253.221
253.714
253.604
252.802
251.139
249.895
249.182
248.883
248.836
249.122
251.29
261.169
284.435
309.319
331.947
351.092
366.471
378.054
386.798
393.003
397.416
400.177
402.345
403.026
348.432
348.431
348.429
348.42
348.389
348.288
348.012
347.353
345.992
343.536
339.776
334.806
329.085
323.018
316.996
311.066
305.467
299.759
295.2
288.871
286.002
280.698
275.348
272.876
270.435
266.05
261.604
259.233
258.611
258.014
256.352
253.288
251.35
250.928
251.131
251.953
253.221
253.714
253.604
252.803
251.14
249.896
249.181
248.88
248.837
249.121
251.289
261.172
284.438
309.32
331.947
351.091
366.467
378.052
386.797
392.999
397.416
400.177
402.344
403.026
348.432
348.431
348.429
348.42
348.389
348.288
348.012
347.353
345.992
343.536
339.776
334.806
329.085
323.018
316.996
311.066
305.467
299.759
295.2
288.871
286.002
280.698
275.348
272.876
270.435
266.05
261.604
259.233
258.611
258.014
256.352
253.288
251.35
250.928
251.131
251.953
253.221
253.714
253.604
252.803
251.141
249.896
249.18
248.878
248.839
249.118
251.287
261.172
284.437
309.319
331.948
351.096
366.471
378.056
386.805
393.007
397.418
400.175
402.341
403.024
348.432
348.431
348.429
348.42
348.389
348.288
348.012
347.353
345.992
343.536
339.776
334.806
329.085
323.018
316.996
311.066
305.467
299.759
295.2
288.871
286.002
280.698
275.348
272.876
270.435
266.05
261.604
259.233
258.611
258.014
256.352
253.288
251.35
250.928
251.131
251.953
253.221
253.714
253.604
252.803
251.141
249.896
249.178
248.878
248.842
249.113
251.285
261.169
284.44
309.314
331.947
351.095
366.465
378.046
386.8
393.001
397.411
400.171
402.338
403.02
348.432
348.431
348.429
348.42
348.389
348.288
348.012
347.353
345.992
343.536
339.776
334.806
329.085
323.018
316.996
311.066
305.467
299.759
295.2
288.871
286.002
280.698
275.348
272.876
270.435
266.05
261.604
259.233
258.611
258.014
256.352
253.288
251.35
250.928
251.131
251.953
253.221
253.714
253.604
252.803
251.141
249.896
249.178
248.877
248.842
249.112
251.285
261.17
284.441
309.319
331.951
351.094
366.459
378.034
386.795
392.994
397.402
400.166
402.339
403.01
348.432
348.431
348.429
348.42
348.389
348.288
348.012
347.353
345.992
343.536
339.776
334.806
329.085
323.018
316.996
311.066
305.467
299.759
295.2
288.871
286.002
280.698
275.348
272.876
270.435
266.05
261.604
259.233
258.611
258.014
256.352
253.288
251.35
250.928
251.131
251.953
253.221
253.714
253.604
252.803
251.141
249.896
249.178
248.877
248.844
249.113
251.286
261.174
284.434
309.32
331.957
351.098
366.457
378.023
386.794
392.991
397.388
400.16
402.338
403.002
348.432
348.431
348.429
348.42
348.389
348.288
348.012
347.353
345.992
343.536
339.776
334.806
329.085
323.018
316.996
311.066
305.467
299.759
295.2
288.871
286.002
280.698
275.348
272.876
270.435
266.05
261.604
259.233
258.611
258.014
256.352
253.288
251.35
250.928
251.131
251.953
253.221
253.714
253.604
252.803
251.141
249.896
249.178
248.878
248.843
249.116
251.287
261.172
284.426
309.316
331.953
351.094
366.452
378.018
386.793
392.988
397.38
400.163
402.335
402.994
348.432
348.431
348.429
348.42
348.389
348.288
348.012
347.353
345.992
343.536
339.776
334.806
329.085
323.018
316.996
311.066
305.467
299.759
295.2
288.871
286.002
280.698
275.348
272.876
270.435
266.05
261.604
259.233
258.611
258.014
256.352
253.288
251.35
250.928
251.131
251.953
253.221
253.714
253.604
252.802
251.141
249.896
249.179
248.879
248.841
249.118
251.285
261.17
284.426
309.311
331.946
351.084
366.446
378.015
386.79
392.98
397.368
400.166
402.33
402.989
348.432
348.431
348.429
348.42
348.389
348.288
348.012
347.353
345.992
343.536
339.776
334.806
329.085
323.018
316.996
311.066
305.467
299.759
295.2
288.871
286.002
280.698
275.348
272.876
270.435
266.05
261.604
259.233
258.611
258.014
256.352
253.288
251.35
250.928
251.131
251.953
253.221
253.714
253.603
252.802
251.141
249.895
249.179
248.879
248.841
249.118
251.284
261.166
284.424
309.305
331.935
351.07
366.438
378.016
386.787
392.97
397.357
400.166
402.318
402.986
348.432
348.431
348.429
348.42
348.389
348.288
348.012
347.353
345.992
343.536
339.776
334.806
329.085
323.018
316.996
311.066
305.467
299.759
295.2
288.871
286.002
280.698
275.348
272.876
270.435
266.05
261.604
259.233
258.611
258.014
256.352
253.288
251.35
250.928
251.131
251.953
253.221
253.713
253.603
252.802
251.141
249.894
249.179
248.879
248.84
249.118
251.283
261.162
284.415
309.294
331.922
351.062
366.438
378.021
386.788
392.964
397.346
400.166
402.306
402.985
348.432
348.431
348.429
348.42
348.389
348.288
348.012
347.353
345.992
343.536
339.776
334.806
329.085
323.018
316.996
311.066
305.467
299.759
295.2
288.871
286.002
280.698
275.348
272.876
270.435
266.05
261.604
259.233
258.611
258.014
256.352
253.288
251.35
250.928
251.131
251.953
253.221
253.713
253.603
252.802
251.141
249.895
249.178
248.878
248.841
249.116
251.283
261.159
284.402
309.283
331.916
351.064
366.44
378.021
386.783
392.957
397.347
400.17
402.296
402.989
348.432
348.431
348.429
348.42
348.389
348.288
348.012
347.353
345.992
343.536
339.776
334.806
329.085
323.018
316.996
311.066
305.467
299.759
295.2
288.871
286.002
280.698
275.348
272.876
270.435
266.05
261.604
259.233
258.611
258.014
256.352
253.288
251.35
250.928
251.131
251.953
253.221
253.713
253.603
252.802
251.14
249.895
249.178
248.877
248.843
249.111
251.281
261.156
284.4
309.274
331.906
351.059
366.439
378.02
386.782
392.952
397.347
400.17
402.286
402.987
348.432
348.431
348.429
348.42
348.389
348.288
348.012
347.353
345.992
343.536
339.776
334.806
329.085
323.018
316.996
311.066
305.467
299.759
295.2
288.871
286.002
280.698
275.348
272.876
270.435
266.05
261.604
259.233
258.611
258.014
256.352
253.288
251.35
250.927
251.131
251.953
253.221
253.713
253.603
252.801
251.14
249.895
249.177
248.876
248.844
249.106
251.277
261.149
284.401
309.269
331.9
351.056
366.443
378.025
386.784
392.949
397.344
400.165
402.281
402.979
348.432
348.431
348.429
348.42
348.389
348.288
348.012
347.353
345.992
343.536
339.776
334.806
329.085
323.018
316.996
311.066
305.467
299.759
295.2
288.871
286.002
280.698
275.348
272.876
270.435
266.05
261.604
259.233
258.611
258.014
256.352
253.288
251.35
250.927
251.131
251.953
253.221
253.713
253.603
252.801
251.139
249.895
249.177
248.876
248.843
249.105
251.275
261.144
284.397
309.27
331.898
351.046
366.429
378.018
386.778
392.939
397.339
400.161
402.283
402.967
348.432
348.431
348.429
348.42
348.389
348.288
348.012
347.353
345.992
343.536
339.776
334.806
329.085
323.018
316.996
311.066
305.467
299.759
295.2
288.871
286.002
280.698
275.348
272.876
270.435
266.05
261.604
259.233
258.611
258.014
256.352
253.288
251.35
250.927
251.131
251.953
253.221
253.713
253.602
252.801
251.139
249.894
249.177
248.876
248.842
249.104
251.273
261.14
284.391
309.266
331.895
351.036
366.41
378.003
386.766
392.926
397.331
400.155
402.281
402.955
348.432
348.431
348.429
348.42
348.389
348.288
348.012
347.353
345.992
343.536
339.776
334.806
329.085
323.018
316.996
311.066
305.467
299.759
295.2
288.871
286.002
280.698
275.348
272.876
270.435
266.05
261.604
259.233
258.611
258.014
256.352
253.288
251.35
250.927
251.131
251.953
253.221
253.713
253.602
252.801
251.138
249.894
249.177
248.876
248.843
249.103
251.271
261.136
284.386
309.259
331.888
351.024
366.391
377.983
386.755
392.915
397.322
400.154
402.278
402.95
348.432
348.431
348.429
348.42
348.389
348.288
348.012
347.353
345.992
343.536
339.776
334.806
329.085
323.018
316.996
311.066
305.467
299.759
295.2
288.871
286.002
280.698
275.348
272.876
270.435
266.05
261.604
259.233
258.611
258.014
256.352
253.288
251.35
250.927
251.131
251.953
253.221
253.713
253.602
252.801
251.138
249.893
249.176
248.875
248.843
249.101
251.27
261.133
284.38
309.252
331.882
351.01
366.373
377.964
386.749
392.911
397.313
400.151
402.279
402.945
348.432
348.431
348.429
348.42
348.389
348.288
348.012
347.353
345.992
343.536
339.776
334.806
329.085
323.018
316.996
311.066
305.467
299.759
295.2
288.871
286.002
280.698
275.348
272.876
270.435
266.05
261.604
259.233
258.611
258.014
256.352
253.288
251.35
250.927
251.131
251.953
253.221
253.712
253.602
252.8
251.138
249.893
249.176
248.874
248.844
249.1
251.268
261.132
284.37
309.241
331.871
350.996
366.36
377.958
386.754
392.909
397.297
400.147
402.281
402.933
348.432
348.431
348.429
348.42
348.389
348.288
348.012
347.353
345.992
343.536
339.776
334.806
329.085
323.018
316.996
311.066
305.467
299.759
295.2
288.871
286.002
280.698
275.348
272.876
270.435
266.05
261.604
259.233
258.611
258.014
256.352
253.288
251.35
250.927
251.131
251.953
253.221
253.712
253.602
252.8
251.137
249.893
249.175
248.874
248.843
249.1
251.267
261.131
284.356
309.227
331.864
350.997
366.362
377.956
386.755
392.895
397.283
400.151
402.277
402.922
348.432
348.431
348.429
348.42
348.389
348.288
348.012
347.353
345.992
343.536
339.776
334.806
329.085
323.018
316.996
311.066
305.467
299.759
295.2
288.871
286.002
280.698
275.348
272.876
270.435
266.05
261.604
259.233
258.611
258.014
256.352
253.288
251.35
250.927
251.131
251.953
253.221
253.712
253.601
252.8
251.137
249.893
249.175
248.874
248.841
249.102
251.266
261.127
284.348
309.217
331.853
350.992
366.359
377.955
386.753
392.873
397.28
400.16
402.261
402.916
348.432
348.431
348.429
348.42
348.389
348.288
348.012
347.353
345.992
343.536
339.776
334.806
329.085
323.018
316.996
311.066
305.467
299.759
295.2
288.871
286.002
280.698
275.348
272.876
270.435
266.05
261.604
259.233
258.611
258.014
256.352
253.288
251.35
250.927
251.131
251.953
253.221
253.712
253.601
252.799
251.136
249.892
249.175
248.874
248.84
249.102
251.263
261.121
284.345
309.215
331.846
350.981
366.346
377.945
386.75
392.854
397.275
400.162
402.247
402.911
348.432
348.431
348.429
348.42
348.389
348.288
348.012
347.353
345.992
343.536
339.776
334.806
329.085
323.018
316.996
311.066
305.467
299.759
295.2
288.871
286.002
280.698
275.348
272.876
270.435
266.05
261.604
259.233
258.611
258.014
256.352
253.288
251.35
250.927
251.131
251.953
253.221
253.712
253.601
252.799
251.136
249.892
249.175
248.874
248.84
249.101
251.261
261.117
284.341
309.212
331.84
350.975
366.334
377.931
386.751
392.846
397.261
400.15
402.243
402.905
348.432
348.431
348.429
348.42
348.389
348.288
348.012
347.353
345.992
343.536
339.776
334.806
329.085
323.018
316.996
311.066
305.467
299.759
295.2
288.871
286.002
280.698
275.348
272.876
270.435
266.05
261.604
259.233
258.611
258.014
256.352
253.288
251.35
250.927
251.131
251.953
253.221
253.712
253.601
252.799
251.136
249.892
249.175
248.873
248.839
249.099
251.259
261.114
284.34
309.212
331.836
350.964
366.32
377.92
386.752
392.84
397.252
400.142
402.24
402.897
348.432
348.431
348.429
348.42
348.389
348.288
348.012
347.353
345.992
343.536
339.776
334.806
329.085
323.018
316.996
311.066
305.467
299.759
295.2
288.871
286.002
280.698
275.348
272.876
270.435
266.05
261.604
259.233
258.611
258.014
256.352
253.288
251.35
250.927
251.131
251.953
253.221
253.712
253.601
252.798
251.136
249.891
249.175
248.873
248.839
249.098
251.258
261.111
284.337
309.21
331.833
350.957
366.31
377.914
386.744
392.831
397.25
400.135
402.227
402.889
348.432
348.431
348.429
348.42
348.389
348.288
348.012
347.353
345.992
343.536
339.776
334.806
329.085
323.018
316.996
311.066
305.467
299.759
295.2
288.871
286.002
280.698
275.348
272.876
270.435
266.05
261.604
259.233
258.611
258.014
256.352
253.288
251.35
250.927
251.131
251.953
253.221
253.712
253.601
252.798
251.135
249.891
249.175
248.872
248.838
249.097
251.257
261.108
284.328
309.2
331.828
350.954
366.302
377.913
386.73
392.817
397.249
400.13
402.209
402.882
348.432
348.431
348.429
348.42
348.389
348.288
348.012
347.353
345.992
343.536
339.776
334.806
329.085
323.018
316.996
311.066
305.467
299.759
295.2
288.871
286.002
280.698
275.348
272.876
270.435
266.05
261.604
259.233
258.611
258.014
256.352
253.288
251.35
250.927
251.131
251.953
253.221
253.711
253.6
252.798
251.135
249.891
249.174
248.872
248.838
249.096
251.256
261.105
284.32
309.19
331.822
350.949
366.295
377.91
386.711
392.8
397.246
400.123
402.196
402.881
348.432
348.431
348.429
348.42
348.389
348.288
348.012
347.353
345.992
343.536
339.776
334.806
329.085
323.018
316.996
311.066
305.467
299.759
295.2
288.871
286.002
280.698
275.348
272.876
270.435
266.05
261.604
259.233
258.611
258.014
256.352
253.288
251.35
250.927
251.131
251.953
253.221
253.711
253.6
252.797
251.135
249.891
249.174
248.871
248.839
249.096
251.255
261.103
284.314
309.182
331.813
350.94
366.285
377.899
386.693
392.787
397.241
400.115
402.186
402.89
348.432
348.431
348.429
348.42
348.389
348.288
348.012
347.353
345.992
343.536
339.776
334.806
329.085
323.018
316.996
311.066
305.467
299.759
295.2
288.871
286.002
280.698
275.348
272.876
270.435
266.05
261.604
259.233
258.611
258.014
256.352
253.288
251.35
250.927
251.131
251.953
253.221
253.711
253.6
252.797
251.135
249.891
249.174
248.871
248.839
249.095
251.254
261.101
284.308
309.175
331.808
350.935
366.276
377.887
386.681
392.783
397.24
400.111
402.174
402.898
348.432
348.431
348.429
348.42
348.389
348.288
348.012
347.353
345.992
343.536
339.776
334.806
329.085
323.018
316.996
311.066
305.467
299.759
295.2
288.871
286.002
280.698
275.348
272.876
270.435
266.05
261.604
259.233
258.611
258.014
256.352
253.288
251.35
250.927
251.131
251.953
253.221
253.711
253.6
252.797
251.135
249.891
249.173
248.87
248.838
249.094
251.253
261.099
284.303
309.169
331.801
350.928
366.265
377.872
386.673
392.785
397.241
400.102
402.163
402.899
348.432
348.431
348.429
348.42
348.389
348.288
348.012
347.353
345.992
343.536
339.776
334.806
329.085
323.018
316.996
311.066
305.467
299.759
295.2
288.871
286.002
280.698
275.348
272.876
270.435
266.05
261.604
259.233
258.611
258.014
256.352
253.288
251.35
250.927
251.131
251.953
253.221
253.711
253.6
252.797
251.135
249.89
249.173
248.87
248.838
249.094
251.252
261.095
284.299
309.167
331.798
350.922
366.254
377.856
386.667
392.787
397.239
400.085
402.151
402.89
348.432
348.431
348.429
348.42
348.389
348.288
348.012
347.353
345.992
343.536
339.776
334.806
329.085
323.018
316.996
311.066
305.467
299.759
295.2
288.871
286.002
280.698
275.348
272.876
270.435
266.05
261.604
259.233
258.611
258.014
256.352
253.288
251.35
250.927
251.131
251.953
253.221
253.711
253.6
252.797
251.135
249.89
249.172
248.87
248.838
249.093
251.251
261.091
284.294
309.166
331.797
350.916
366.246
377.845
386.665
392.786
397.233
400.07
402.137
402.876
348.432
348.431
348.429
348.42
348.389
348.288
348.012
347.353
345.992
343.536
339.776
334.806
329.085
323.018
316.996
311.066
305.467
299.759
295.2
288.871
286.002
280.698
275.348
272.876
270.435
266.05
261.604
259.233
258.611
258.014
256.352
253.288
251.35
250.927
251.131
251.953
253.221
253.711
253.6
252.796
251.135
249.89
249.172
248.869
248.838
249.093
251.25
261.089
284.29
309.163
331.793
350.91
366.245
377.848
386.669
392.778
397.228
400.06
402.123
402.863
348.432
348.431
348.429
348.42
348.389
348.288
348.012
347.353
345.992
343.536
339.776
334.806
329.085
323.018
316.996
311.066
305.467
299.759
295.2
288.871
286.002
280.698
275.348
272.876
270.435
266.05
261.604
259.233
258.611
258.014
256.352
253.288
251.35
250.927
251.131
251.952
253.221
253.711
253.6
252.796
251.135
249.89
249.171
248.869
248.837
249.092
251.249
261.087
284.288
309.157
331.785
350.905
366.245
377.851
386.667
392.766
397.222
400.054
402.109
402.851
348.432
348.431
348.429
348.42
348.389
348.288
348.012
347.353
345.992
343.536
339.776
334.806
329.085
323.018
316.996
311.066
305.467
299.759
295.2
288.871
286.002
280.698
275.348
272.876
270.435
266.05
261.604
259.233
258.611
258.014
256.352
253.288
251.35
250.927
251.131
251.952
253.221
253.711
253.599
252.796
251.135
249.89
249.171
248.869
248.837
249.091
251.249
261.087
284.285
309.15
331.775
350.895
366.233
377.847
386.659
392.753
397.216
400.049
402.091
402.838
348.432
348.431
348.429
348.42
348.389
348.288
348.012
347.353
345.992
343.536
339.776
334.806
329.085
323.018
316.996
311.066
305.467
299.759
295.2
288.871
286.002
280.698
275.348
272.876
270.435
266.05
261.604
259.233
258.611
258.014
256.352
253.288
251.35
250.927
251.131
251.952
253.221
253.711
253.599
252.796
251.135
249.89
249.17
248.868
248.837
249.09
251.248
261.087
284.282
309.144
331.768
350.888
366.222
377.844
386.653
392.738
397.21
400.042
402.071
402.831
348.432
348.431
348.429
348.42
348.389
348.288
348.012
347.353
345.992
343.536
339.776
334.806
329.085
323.018
316.996
311.066
305.467
299.759
295.2
288.871
286.002
280.698
275.348
272.876
270.435
266.05
261.604
259.233
258.611
258.014
256.352
253.288
251.35
250.927
251.131
251.952
253.221
253.711
253.599
252.796
251.135
249.89
249.17
248.868
248.837
249.09
251.248
261.086
284.277
309.138
331.763
350.884
366.217
377.84
386.644
392.719
397.201
400.036
402.053
402.83
348.432
348.431
348.429
348.42
348.389
348.288
348.012
347.353
345.992
343.536
339.776
334.806
329.085
323.018
316.996
311.066
305.467
299.759
295.2
288.871
286.002
280.698
275.348
272.876
270.435
266.05
261.604
259.233
258.611
258.014
256.352
253.288
251.35
250.927
251.131
251.952
253.221
253.71
253.599
252.796
251.135
249.889
249.169
248.868
248.837
249.089
251.248
261.086
284.273
309.127
331.752
350.875
366.209
377.835
386.637
392.698
397.19
400.031
402.042
402.828
348.432
348.431
348.429
348.42
348.389
348.288
348.012
347.353
345.992
343.536
339.776
334.806
329.085
323.018
316.996
311.066
305.467
299.759
295.2
288.871
286.002
280.698
275.348
272.876
270.435
266.05
261.604
259.233
258.611
258.014
256.352
253.288
251.35
250.927
251.131
251.952
253.221
253.71
253.599
252.796
251.135
249.889
249.169
248.868
248.838
249.088
251.248
261.085
284.27
309.117
331.739
350.863
366.198
377.828
386.631
392.681
397.18
400.022
402.032
402.826
348.432
348.431
348.429
348.42
348.389
348.288
348.012
347.353
345.992
343.536
339.776
334.806
329.085
323.018
316.996
311.066
305.467
299.759
295.2
288.871
286.002
280.698
275.348
272.876
270.435
266.05
261.604
259.233
258.611
258.014
256.352
253.288
251.35
250.927
251.131
251.952
253.221
253.71
253.599
252.796
251.135
249.889
249.169
248.868
248.838
249.087
251.247
261.084
284.268
309.111
331.73
350.854
366.19
377.822
386.627
392.667
397.171
400.016
402.024
402.824
348.432
348.431
348.429
348.42
348.389
348.288
348.012
347.353
345.992
343.536
339.776
334.806
329.085
323.018
316.996
311.066
305.467
299.759
295.2
288.871
286.002
280.698
275.348
272.876
270.435
266.05
261.604
259.233
258.611
258.014
256.352
253.288
251.35
250.927
251.131
251.952
253.221
253.71
253.599
252.796
251.135
249.888
249.169
248.868
248.838
249.087
251.247
261.083
284.267
309.106
331.724
350.851
366.188
377.82
386.624
392.651
397.161
400.013
402.019
402.822
348.432
348.431
348.429
348.42
348.389
348.288
348.012
347.353
345.992
343.536
339.776
334.806
329.085
323.018
316.996
311.066
305.467
299.759
295.2
288.871
286.002
280.698
275.348
272.876
270.435
266.05
261.604
259.233
258.611
258.014
256.352
253.288
251.35
250.927
251.131
251.952
253.221
253.71
253.599
252.796
251.135
249.888
249.169
248.868
248.838
249.086
251.246
261.081
284.267
309.102
331.721
350.851
366.186
377.82
386.621
392.633
397.151
400.011
402.017
402.82
348.432
348.431
348.429
348.42
348.389
348.288
348.012
347.353
345.992
343.536
339.776
334.806
329.085
323.018
316.996
311.066
305.467
299.759
295.2
288.871
286.002
280.698
275.348
272.876
270.435
266.05
261.604
259.233
258.611
258.014
256.352
253.288
251.35
250.927
251.131
251.952
253.221
253.71
253.599
252.796
251.135
249.887
249.168
248.868
248.838
249.086
251.246
261.08
284.267
309.102
331.72
350.85
366.185
377.822
386.615
392.615
397.141
400.011
402.016
402.816
348.432
348.431
348.429
348.42
348.389
348.288
348.012
347.353
345.992
343.536
339.776
334.806
329.085
323.018
316.996
311.066
305.467
299.759
295.2
288.871
286.002
280.698
275.348
272.876
270.435
266.05
261.604
259.233
258.611
258.014
256.352
253.288
251.35
250.927
251.131
251.952
253.221
253.71
253.599
252.796
251.135
249.887
249.168
248.868
248.838
249.085
251.245
261.08
284.269
309.104
331.72
350.849
366.182
377.823
386.608
392.599
397.132
400.014
402.01
402.806
348.432
348.431
348.429
348.42
348.389
348.288
348.012
347.353
345.992
343.536
339.776
334.806
329.085
323.018
316.996
311.066
305.467
299.759
295.2
288.871
286.002
280.698
275.348
272.876
270.435
266.05
261.604
259.233
258.611
258.014
256.352
253.288
251.35
250.927
251.131
251.952
253.221
253.71
253.598
252.795
251.135
249.887
249.168
248.868
248.838
249.085
251.245
261.079
284.27
309.106
331.718
350.848
366.179
377.827
386.603
392.585
397.124
400.015
401.997
402.788
348.432
348.431
348.429
348.42
348.389
348.288
348.012
347.353
345.992
343.536
339.776
334.806
329.085
323.018
316.996
311.066
305.467
299.759
295.2
288.871
286.002
280.698
275.348
272.876
270.435
266.05
261.604
259.233
258.611
258.014
256.352
253.288
251.35
250.927
251.131
251.952
253.221
253.71
253.598
252.795
251.135
249.887
249.168
248.868
248.838
249.085
251.245
261.079
284.27
309.108
331.719
350.848
366.178
377.833
386.597
392.572
397.118
400.012
401.975
402.765
348.432
348.431
348.429
348.42
348.389
348.288
348.012
347.353
345.992
343.536
339.776
334.806
329.085
323.018
316.996
311.066
305.467
299.759
295.2
288.871
286.002
280.698
275.348
272.876
270.435
266.05
261.604
259.233
258.611
258.014
256.352
253.288
251.35
250.927
251.131
251.952
253.221
253.71
253.598
252.795
251.135
249.887
249.168
248.868
248.838
249.084
251.244
261.078
284.269
309.109
331.723
350.851
366.179
377.841
386.588
392.559
397.112
400.005
401.946
402.743
348.432
348.431
348.429
348.42
348.389
348.288
348.012
347.353
345.992
343.536
339.776
334.806
329.085
323.018
316.996
311.066
305.467
299.759
295.2
288.871
286.002
280.698
275.348
272.876
270.435
266.05
261.604
259.233
258.611
258.014
256.352
253.288
251.35
250.927
251.131
251.952
253.221
253.71
253.598
252.795
251.135
249.886
249.168
248.868
248.838
249.084
251.244
261.077
284.269
309.11
331.728
350.853
366.183
377.848
386.574
392.547
397.107
399.995
401.915
402.724
348.432
348.431
348.429
348.42
348.389
348.288
348.012
347.353
345.992
343.536
339.776
334.806
329.085
323.018
316.996
311.066
305.467
299.759
295.2
288.871
286.002
280.698
275.348
272.876
270.435
266.05
261.604
259.233
258.611
258.014
256.352
253.288
251.35
250.927
251.131
251.952
253.221
253.71
253.598
252.795
251.135
249.886
249.168
248.868
248.838
249.084
251.244
261.075
284.269
309.11
331.732
350.854
366.186
377.852
386.554
392.537
397.101
399.983
401.885
402.708
348.432
348.431
348.429
348.42
348.389
348.288
348.012
347.353
345.992
343.536
339.776
334.806
329.085
323.018
316.996
311.066
305.467
299.759
295.2
288.871
286.002
280.698
275.348
272.876
270.435
266.05
261.604
259.233
258.611
258.014
256.352
253.288
251.35
250.927
251.131
251.952
253.221
253.71
253.598
252.795
251.135
249.886
249.168
248.868
248.838
249.084
251.244
261.075
284.269
309.109
331.732
350.853
366.19
377.853
386.532
392.529
397.099
399.969
401.86
402.696
348.432
348.431
348.429
348.42
348.389
348.288
348.012
347.353
345.992
343.536
339.776
334.806
329.085
323.018
316.996
311.066
305.467
299.759
295.2
288.871
286.002
280.698
275.348
272.876
270.435
266.05
261.604
259.233
258.611
258.014
256.352
253.288
251.35
250.927
251.13
251.952
253.221
253.71
253.598
252.795
251.135
249.886
249.168
248.868
248.838
249.083
251.243
261.072
284.271
309.107
331.718
350.859
366.169
377.891
386.434
392.55
397.046
399.971
401.872
402.294
348.432
348.431
348.429
348.42
348.389
348.288
348.012
347.353
345.992
343.536
339.776
334.806
329.085
323.018
316.996
311.066
305.467
299.759
295.2
288.871
286.002
280.698
275.348
272.876
270.435
266.05
261.604
259.233
258.611
258.014
256.352
253.288
251.35
250.927
251.13
251.952
253.221
253.71
253.598
252.794
251.135
249.885
249.167
248.868
248.837
249.082
251.242
261.064
284.254
309.093
331.708
350.849
366.189
377.839
386.39
392.548
397.035
399.949
401.802
402.211
348.432
348.431
348.429
348.42
348.389
348.288
348.012
347.353
345.992
343.536
339.776
334.806
329.085
323.018
316.996
311.066
305.467
299.759
295.2
288.871
286.002
280.698
275.348
272.876
270.435
266.05
261.604
259.233
258.611
258.014
256.352
253.288
251.35
250.927
251.13
251.951
253.221
253.709
253.597
252.794
251.136
249.884
249.166
248.867
248.837
249.081
251.24
261.056
284.24
309.079
331.683
350.847
366.19
377.773
386.352
392.549
397.025
399.937
401.785
402.152
348.432
348.431
348.429
348.42
348.389
348.288
348.012
347.353
345.992
343.536
339.776
334.806
329.085
323.018
316.996
311.066
305.467
299.759
295.2
288.871
286.002
280.698
275.348
272.876
270.435
266.05
261.604
259.233
258.611
258.014
256.352
253.288
251.35
250.927
251.13
251.951
253.22
253.709
253.597
252.794
251.136
249.883
249.165
248.866
248.836
249.078
251.237
261.05
284.234
309.063
331.663
350.838
366.164
377.74
386.326
392.538
397.004
399.906
401.759
402.103
348.432
348.431
348.429
348.42
348.389
348.288
348.012
347.353
345.992
343.536
339.776
334.806
329.085
323.018
316.996
311.066
305.467
299.759
295.2
288.871
286.002
280.698
275.348
272.876
270.435
266.05
261.604
259.233
258.611
258.014
256.352
253.288
251.35
250.927
251.13
251.951
253.22
253.709
253.597
252.793
251.136
249.883
249.164
248.866
248.835
249.076
251.235
261.046
284.231
309.057
331.658
350.836
366.136
377.713
386.324
392.519
396.98
399.873
401.716
402.061
348.432
348.431
348.429
348.42
348.389
348.288
348.012
347.353
345.992
343.536
339.776
334.806
329.085
323.018
316.996
311.066
305.467
299.759
295.2
288.871
286.002
280.698
275.348
272.876
270.435
266.05
261.604
259.233
258.611
258.014
256.352
253.288
251.35
250.927
251.13
251.951
253.22
253.709
253.597
252.793
251.135
249.882
249.162
248.865
248.833
249.072
251.231
261.038
284.226
309.048
331.641
350.821
366.109
377.692
386.311
392.503
396.955
399.851
401.681
402.034
348.432
348.431
348.429
348.42
348.389
348.288
348.012
347.353
345.992
343.536
339.776
334.806
329.085
323.018
316.996
311.066
305.467
299.759
295.2
288.871
286.002
280.698
275.348
272.876
270.435
266.05
261.604
259.233
258.611
258.014
256.352
253.288
251.35
250.927
251.13
251.951
253.22
253.709
253.597
252.793
251.135
249.881
249.161
248.864
248.831
249.069
251.228
261.03
284.225
309.047
331.647
350.825
366.124
377.702
386.312
392.512
396.939
399.832
401.666
402
348.432
348.431
348.429
348.42
348.389
348.288
348.012
347.353
345.992
343.536
339.776
334.806
329.085
323.018
316.996
311.066
305.467
299.759
295.2
288.871
286.002
280.698
275.348
272.876
270.435
266.05
261.604
259.233
258.611
258.014
256.352
253.288
251.35
250.927
251.13
251.951
253.22
253.709
253.596
252.793
251.134
249.88
249.159
248.862
248.829
249.068
251.228
261.028
284.214
309.03
331.625
350.78
366.082
377.664
386.285
392.482
396.913
399.794
401.642
401.973
348.432
348.431
348.429
348.42
348.389
348.288
348.012
347.353
345.992
343.536
339.776
334.806
329.085
323.018
316.996
311.066
305.467
299.759
295.2
288.871
286.002
280.698
275.348
272.876
270.435
266.05
261.604
259.233
258.611
258.014
256.352
253.288
251.35
250.927
251.13
251.95
253.22
253.709
253.596
252.793
251.134
249.88
249.159
248.861
248.828
249.067
251.227
261.023
284.202
309.019
331.617
350.778
366.041
377.633
386.268
392.471
396.895
399.769
401.619
401.96
348.432
348.431
348.429
348.42
348.389
348.288
348.012
347.353
345.992
343.536
339.776
334.806
329.085
323.018
316.996
311.066
305.467
299.759
295.2
288.871
286.002
280.698
275.348
272.876
270.435
266.05
261.604
259.233
258.611
258.014
256.352
253.288
251.35
250.927
251.13
251.95
253.219
253.709
253.596
252.793
251.134
249.88
249.159
248.86
248.827
249.065
251.225
261.016
284.187
309.001
331.601
350.764
366.019
377.631
386.274
392.471
396.889
399.751
401.621
401.954
348.432
348.431
348.429
348.42
348.389
348.288
348.012
347.353
345.992
343.536
339.776
334.806
329.085
323.018
316.996
311.066
305.467
299.759
295.2
288.871
286.002
280.698
275.348
272.876
270.435
266.05
261.604
259.233
258.611
258.014
256.352
253.288
251.35
250.926
251.13
251.95
253.219
253.708
253.596
252.793
251.133
249.881
249.159
248.86
248.826
249.064
251.223
261.012
284.175
308.985
331.589
350.751
366.019
377.626
386.267
392.464
396.874
399.737
401.633
401.953
348.432
348.431
348.429
348.42
348.389
348.288
348.012
347.353
345.992
343.536
339.776
334.806
329.085
323.018
316.996
311.066
305.467
299.759
295.2
288.871
286.002
280.698
275.348
272.876
270.435
266.05
261.604
259.233
258.611
258.014
256.352
253.288
251.35
250.926
251.13
251.95
253.218
253.708
253.596
252.793
251.134
249.881
249.159
248.86
248.825
249.063
251.221
261.009
284.163
308.967
331.57
350.738
366.009
377.615
386.261
392.46
396.877
399.736
401.643
401.959
348.432
348.431
348.429
348.42
348.389
348.288
348.012
347.353
345.992
343.536
339.776
334.806
329.085
323.018
316.996
311.066
305.467
299.759
295.2
288.871
286.002
280.698
275.348
272.876
270.435
266.05
261.604
259.233
258.611
258.014
256.352
253.288
251.35
250.926
251.129
251.95
253.218
253.708
253.596
252.794
251.135
249.881
249.158
248.86
248.824
249.063
251.22
261.005
284.157
308.958
331.556
350.721
365.983
377.602
386.259
392.458
396.875
399.732
401.643
401.961
348.432
348.431
348.429
348.42
348.389
348.288
348.012
347.353
345.992
343.536
339.776
334.806
329.085
323.018
316.996
311.066
305.467
299.759
295.2
288.871
286.002
280.698
275.348
272.876
270.435
266.05
261.604
259.233
258.611
258.014
256.352
253.288
251.35
250.926
251.129
251.95
253.217
253.708
253.596
252.794
251.136
249.881
249.158
248.859
248.823
249.06
251.217
261.001
284.154
308.951
331.54
350.707
365.955
377.594
386.241
392.455
396.867
399.727
401.629
401.952
348.432
348.431
348.429
348.42
348.389
348.288
348.012
347.353
345.992
343.536
339.776
334.806
329.085
323.018
316.996
311.066
305.467
299.759
295.2
288.871
286.002
280.698
275.348
272.876
270.435
266.05
261.604
259.233
258.611
258.014
256.352
253.288
251.35
250.926
251.129
251.949
253.217
253.707
253.595
252.794
251.137
249.881
249.157
248.86
248.822
249.057
251.214
260.999
284.156
308.96
331.542
350.706
365.97
377.582
386.225
392.427
396.845
399.728
401.587
401.94
348.432
348.431
348.429
348.42
348.389
348.288
348.012
347.353
345.992
343.536
339.776
334.806
329.085
323.018
316.996
311.066
305.467
299.759
295.2
288.871
286.002
280.698
275.348
272.876
270.435
266.05
261.604
259.233
258.611
258.014
256.352
253.288
251.35
250.926
251.129
251.949
253.216
253.707
253.595
252.793
251.138
249.881
249.157
248.861
248.818
249.055
251.212
260.997
284.154
308.965
331.557
350.716
365.945
377.567
386.205
392.412
396.846
399.738
401.526
401.965
348.432
348.431
348.429
348.42
348.389
348.288
348.012
347.353
345.992
343.536
339.776
334.806
329.085
323.018
316.996
311.066
305.467
299.759
295.2
288.871
286.002
280.698
275.348
272.876
270.435
266.05
261.604
259.233
258.611
258.014
256.352
253.288
251.349
250.926
251.129
251.949
253.216
253.706
253.595
252.793
251.138
249.881
249.155
248.859
248.815
249.054
251.21
260.989
284.15
308.97
331.551
350.69
365.936
377.576
386.226
392.438
396.885
399.78
401.461
402.011
348.432
348.431
348.429
348.42
348.389
348.288
348.012
347.353
345.992
343.536
339.776
334.806
329.085
323.018
316.996
311.066
305.467
299.759
295.2
288.871
286.002
280.698
275.348
272.876
270.435
266.05
261.604
259.233
258.611
258.014
256.352
253.288
251.349
250.926
251.129
251.949
253.215
253.705
253.594
252.792
251.137
249.88
249.154
248.86
248.814
249.054
251.211
260.987
284.151
308.961
331.54
350.688
365.935
377.579
386.226
392.447
396.93
399.773
401.438
402.062
348.432
348.431
348.429
348.42
348.389
348.288
348.012
347.353
345.992
343.536
339.776
334.806
329.085
323.018
316.996
311.066
305.467
299.759
295.2
288.871
286.002
280.698
275.348
272.876
270.435
266.05
261.604
259.233
258.611
258.014
256.352
253.288
251.349
250.926
251.129
251.949
253.215
253.704
253.593
252.791
251.137
249.879
249.154
248.858
248.817
249.054
251.211
260.99
284.144
308.958
331.558
350.683
365.922
377.573
386.217
392.449
396.969
399.734
401.456
402.12
348.432
348.431
348.429
348.42
348.389
348.288
348.012
347.353
345.992
343.536
339.776
334.806
329.085
323.018
316.996
311.066
305.467
299.759
295.2
288.871
286.002
280.698
275.348
272.876
270.435
266.05
261.604
259.233
258.611
258.014
256.352
253.288
251.349
250.926
251.129
251.949
253.214
253.703
253.592
252.791
251.138
249.879
249.154
248.855
248.819
249.058
251.212
260.995
284.157
308.983
331.581
350.682
365.936
377.587
386.229
392.468
396.994
399.724
401.488
402.182
348.432
348.431
348.429
348.42
348.389
348.288
348.012
347.353
345.992
343.536
339.776
334.806
329.085
323.018
316.996
311.066
305.467
299.759
295.2
288.871
286.002
280.698
275.348
272.876
270.435
266.05
261.604
259.233
258.611
258.014
256.352
253.288
251.349
250.926
251.129
251.948
253.214
253.702
253.591
252.791
251.141
249.878
249.153
248.85
248.814
249.054
251.203
260.971
284.11
308.915
331.508
350.63
365.949
377.695
386.25
392.484
396.995
399.723
401.523
402.225
348.432
348.431
348.429
348.42
348.389
348.288
348.012
347.353
345.992
343.536
339.776
334.806
329.085
323.018
316.996
311.066
305.467
299.759
295.2
288.871
286.002
280.698
275.348
272.876
270.435
266.05
261.604
259.233
258.611
258.014
256.352
253.288
251.349
250.926
251.129
251.948
253.214
253.701
253.59
252.791
251.143
249.879
249.153
248.852
248.815
249.052
251.199
260.967
284.111
308.916
331.497
350.623
365.959
377.711
386.257
392.495
397.015
399.724
401.537
402.266
348.432
348.431
348.429
348.42
348.389
348.288
348.012
347.353
345.992
343.536
339.776
334.806
329.085
323.018
316.996
311.066
305.467
299.759
295.2
288.871
286.002
280.698
275.348
272.876
270.435
266.05
261.604
259.233
258.611
258.014
256.352
253.288
251.349
250.926
251.129
251.948
253.214
253.7
253.589
252.79
251.145
249.881
249.153
248.857
248.814
249.047
251.199
260.967
284.113
308.918
331.487
350.608
365.954
377.697
386.248
392.506
397.019
399.716
401.551
402.317
348.432
348.431
348.429
348.42
348.389
348.288
348.012
347.353
345.992
343.536
339.776
334.806
329.085
323.018
316.996
311.066
305.467
299.759
295.2
288.871
286.002
280.698
275.348
272.876
270.435
266.05
261.604
259.233
258.611
258.014
256.352
253.288
251.349
250.926
251.129
251.948
253.214
253.7
253.588
252.789
251.148
249.884
249.154
248.865
248.806
249.043
251.195
260.961
284.103
308.902
331.489
350.619
365.948
377.68
386.235
392.524
397.042
399.724
401.59
402.364
348.432
348.431
348.429
348.42
348.389
348.288
348.012
347.353
345.992
343.536
339.776
334.806
329.085
323.018
316.996
311.066
305.467
299.759
295.2
288.871
286.002
280.698
275.348
272.876
270.435
266.05
261.604
259.233
258.611
258.014
256.352
253.288
251.349
250.926
251.129
251.948
253.214
253.699
253.587
252.787
251.147
249.879
249.149
248.858
248.789
249.038
251.202
260.971
284.115
308.927
331.509
350.625
365.963
377.72
386.266
392.532
397.066
399.76
401.613
402.42
348.432
348.431
348.429
348.42
348.389
348.288
348.012
347.353
345.992
343.536
339.776
334.806
329.085
323.018
316.996
311.066
305.467
299.759
295.2
288.871
286.002
280.698
275.348
272.876
270.435
266.05
261.604
259.233
258.611
258.014
256.352
253.288
251.349
250.926
251.129
251.948
253.214
253.699
253.586
252.785
251.142
249.873
249.143
248.852
248.779
249.034
251.195
260.957
284.106
308.919
331.503
350.628
365.962
377.752
386.307
392.536
397.074
399.819
401.654
402.473
348.432
348.431
348.429
348.42
348.389
348.288
348.012
347.353
345.992
343.536
339.776
334.806
329.085
323.018
316.996
311.066
305.467
299.759
295.2
288.871
286.002
280.698
275.348
272.876
270.435
266.05
261.604
259.233
258.611
258.014
256.352
253.288
251.349
250.926
251.129
251.949
253.214
253.699
253.586
252.785
251.141
249.872
249.142
248.85
248.777
249.03
251.193
260.958
284.102
308.91
331.506
350.653
365.971
377.731
386.32
392.553
397.075
399.869
401.663
402.479
348.432
348.431
348.429
348.42
348.389
348.288
348.012
347.353
345.992
343.536
339.776
334.806
329.085
323.018
316.996
311.066
305.467
299.759
295.2
288.871
286.002
280.698
275.348
272.876
270.435
266.05
261.604
259.233
258.611
258.014
256.352
253.288
251.349
250.926
251.129
251.949
253.213
253.7
253.586
252.782
251.138
249.87
249.142
248.839
248.765
249.027
251.185
260.949
284.093
308.918
331.511
350.649
365.964
377.738
386.322
392.536
397.082
399.863
401.66
402.517
348.432
348.431
348.429
348.42
348.389
348.288
348.012
347.353
345.992
343.536
339.776
334.806
329.085
323.018
316.996
311.066
305.467
299.759
295.2
288.871
286.002
280.698
275.348
272.876
270.435
266.05
261.604
259.233
258.611
258.014
256.352
253.288
251.35
250.926
251.129
251.949
253.213
253.7
253.586
252.783
251.138
249.868
249.138
248.842
248.771
249.029
251.194
260.969
284.123
308.951
331.551
350.693
366.04
377.668
386.26
392.557
397.118
399.848
401.656
402.558
348.432
348.431
348.429
348.42
348.389
348.288
348.012
347.353
345.992
343.536
339.776
334.806
329.085
323.018
316.996
311.066
305.467
299.759
295.2
288.871
286.002
280.698
275.348
272.876
270.435
266.05
261.604
259.233
258.611
258.014
256.352
253.288
251.35
250.926
251.129
251.949
253.212
253.699
253.587
252.782
251.133
249.866
249.137
248.847
248.78
249.031
251.194
260.977
284.139
308.971
331.577
350.706
365.977
377.641
386.267
392.604
397.147
399.828
401.685
402.596
348.432
348.431
348.429
348.42
348.389
348.288
348.012
347.353
345.992
343.536
339.776
334.806
329.085
323.018
316.996
311.066
305.467
299.759
295.2
288.871
286.002
280.698
275.348
272.876
270.435
266.05
261.604
259.233
258.611
258.014
256.352
253.288
251.35
250.926
251.129
251.949
253.213
253.699
253.587
252.784
251.138
249.875
249.145
248.852
248.789
249.026
251.181
260.965
284.136
308.955
331.536
350.672
366.036
377.75
386.316
392.634
397.146
399.815
401.706
402.651
348.432
348.431
348.429
348.42
348.389
348.288
348.012
347.353
345.992
343.536
339.776
334.806
329.085
323.018
316.996
311.066
305.467
299.759
295.2
288.871
286.002
280.698
275.348
272.876
270.435
266.05
261.604
259.233
258.611
258.014
256.352
253.288
251.35
250.926
251.129
251.949
253.213
253.699
253.587
252.785
251.139
249.883
249.154
248.859
248.793
249.034
251.191
260.977
284.147
308.972
331.564
350.694
366.056
377.782
386.336
392.646
397.173
399.849
401.714
402.69
348.432
348.431
348.429
348.42
348.389
348.288
348.012
347.353
345.992
343.536
339.776
334.806
329.085
323.018
316.996
311.066
305.467
299.759
295.2
288.871
286.002
280.698
275.348
272.876
270.435
266.05
261.604
259.233
258.611
258.014
256.352
253.288
251.35
250.926
251.129
251.949
253.214
253.699
253.586
252.786
251.146
249.889
249.159
248.864
248.786
249.048
251.215
261.006
284.181
309.013
331.62
350.75
366.092
377.862
386.412
392.665
397.226
399.953
401.724
402.715
348.432
348.431
348.429
348.42
348.389
348.288
348.012
347.353
345.992
343.536
339.776
334.806
329.085
323.018
316.996
311.066
305.467
299.759
295.2
288.871
286.002
280.698
275.348
272.876
270.435
266.05
261.604
259.233
258.611
258.014
256.352
253.288
251.35
250.926
251.129
251.95
253.214
253.699
253.585
252.781
251.143
249.886
249.161
248.86
248.786
249.044
251.205
260.993
284.168
309
331.61
350.766
366.074
377.851
386.45
392.664
397.241
400.025
401.785
402.78
348.432
348.431
348.429
348.42
348.389
348.288
348.012
347.353
345.992
343.536
339.776
334.806
329.085
323.018
316.996
311.066
305.467
299.759
295.2
288.871
286.002
280.698
275.348
272.876
270.435
266.05
261.604
259.233
258.611
258.014
256.352
253.288
251.35
250.926
251.129
251.95
253.215
253.7
253.585
252.779
251.136
249.876
249.151
248.837
248.774
249.034
251.209
260.994
284.167
308.999
331.607
350.76
366.058
377.852
386.482
392.665
397.227
400.057
401.791
402.758
348.432
348.431
348.429
348.42
348.389
348.288
348.012
347.353
345.992
343.536
339.776
334.806
329.085
323.018
316.996
311.066
305.467
299.759
295.2
288.871
286.002
280.698
275.348
272.876
270.435
266.05
261.604
259.233
258.611
258.014
256.352
253.288
251.35
250.926
251.129
251.95
253.215
253.701
253.586
252.78
251.132
249.868
249.144
248.834
248.766
249.026
251.2
260.986
284.157
308.989
331.598
350.76
366.053
377.831
386.493
392.663
397.198
400.07
401.79
402.739
348.432
348.431
348.429
348.42
348.389
348.288
348.012
347.353
345.992
343.536
339.776
334.806
329.085
323.018
316.996
311.066
305.467
299.759
295.2
288.871
286.002
280.698
275.348
272.876
270.435
266.05
261.604
259.233
258.611
258.014
256.352
253.288
251.35
250.926
251.129
251.95
253.215
253.701
253.587
252.781
251.131
249.867
249.14
248.84
248.767
249.027
251.2
260.987
284.159
308.991
331.596
350.76
366.052
377.826
386.485
392.636
397.177
400.09
401.776
402.717
348.432
348.431
348.429
348.42
348.389
348.288
348.012
347.353
345.992
343.536
339.776
334.806
329.085
323.018
316.996
311.066
305.467
299.759
295.2
288.871
286.002
280.698
275.348
272.876
270.435
266.05
261.604
259.233
258.611
258.014
256.352
253.288
251.35
250.926
251.129
251.95
253.215
253.701
253.588
252.783
251.132
249.868
249.139
248.849
248.777
249.032
251.205
260.996
284.17
309
331.607
350.764
366.058
377.848
386.473
392.628
397.181
400.07
401.774
402.731
348.432
348.431
348.429
348.42
348.389
348.288
348.012
347.353
345.992
343.536
339.776
334.806
329.085
323.018
316.996
311.066
305.467
299.759
295.2
288.871
286.002
280.698
275.348
272.876
270.435
266.05
261.604
259.233
258.611
258.014
256.352
253.288
251.35
250.926
251.129
251.95
253.215
253.702
253.589
252.785
251.134
249.872
249.144
248.856
248.791
249.042
251.214
261.009
284.191
309.022
331.628
350.785
366.078
377.865
386.494
392.645
397.194
400.087
401.782
402.728
348.432
348.431
348.429
348.42
348.389
348.288
348.012
347.353
345.992
343.536
339.776
334.806
329.085
323.018
316.996
311.066
305.467
299.759
295.2
288.871
286.002
280.698
275.348
272.876
270.435
266.05
261.604
259.233
258.611
258.014
256.352
253.288
251.35
250.926
251.129
251.95
253.215
253.702
253.589
252.786
251.135
249.876
249.15
248.861
248.801
249.049
251.22
261.018
284.209
309.037
331.644
350.801
366.094
377.878
386.517
392.666
397.209
400.114
401.792
402.742
348.432
348.431
348.429
348.42
348.389
348.288
348.012
347.353
345.992
343.536
339.776
334.806
329.085
323.018
316.996
311.066
305.467
299.759
295.2
288.871
286.002
280.698
275.348
272.876
270.435
266.05
261.604
259.233
258.611
258.014
256.352
253.288
251.35
250.926
251.129
251.95
253.215
253.702
253.589
252.787
251.136
249.879
249.153
248.863
248.805
249.053
251.225
261.025
284.218
309.047
331.656
350.814
366.107
377.89
386.533
392.68
397.222
400.133
401.803
402.755
348.432
348.431
348.429
348.42
348.389
348.288
348.012
347.353
345.992
343.536
339.776
334.806
329.085
323.018
316.996
311.066
305.467
299.759
295.2
288.871
286.002
280.698
275.348
272.876
270.435
266.05
261.604
259.233
258.611
258.014
256.352
253.288
251.35
250.926
251.129
251.95
253.215
253.702
253.589
252.787
251.137
249.88
249.154
248.864
248.807
249.055
251.227
261.028
284.222
309.053
331.662
350.82
366.113
377.897
386.542
392.688
397.23
400.142
401.81
402.763
348.432
348.431
348.429
348.42
348.389
348.288
348.012
347.353
345.992
343.536
339.776
334.806
329.085
323.018
316.996
311.066
305.467
299.759
295.2
288.871
286.002
280.698
275.348
272.876
270.435
266.05
261.604
259.233
258.611
258.014
256.352
253.288
251.35
250.926
251.129
251.95
253.215
253.702
253.589
252.787
251.137
249.88
249.154
248.865
248.808
249.056
251.228
261.03
284.224
309.055
331.665
350.823
366.116
377.901
386.546
392.692
397.234
400.147
401.814
402.767
348.432
348.431
348.429
348.42
348.389
348.288
348.012
347.353
345.992
343.536
339.776
334.806
329.085
323.018
316.996
311.066
305.467
299.759
295.2
288.871
286.002
280.698
275.348
272.876
270.435
266.05
261.604
259.233
258.611
258.014
256.352
253.288
251.35
250.926
251.129
251.95
253.215
253.702
253.589
252.787
251.137
249.881
249.155
248.865
248.808
249.056
251.228
261.03
284.225
309.056
331.666
350.824
366.117
377.902
386.547
392.693
397.235
400.149
401.816
402.769
348.432
348.431
348.429
348.42
348.389
348.288
348.012
347.353
345.992
343.536
339.776
334.806
329.085
323.018
316.996
311.066
305.467
299.759
295.2
288.871
286.002
280.698
275.348
272.876
270.435
266.05
261.604
259.233
258.611
258.014
256.352
253.288
251.35
250.926
251.129
251.95
253.215
253.702
253.589
252.787
251.137
249.881
249.155
248.865
248.808
249.056
251.228
261.03
284.225
309.056
331.666
350.824
366.118
377.902
386.548
392.694
397.236
400.149
401.816
402.769
348.432
348.431
348.429
348.42
348.389
348.288
348.012
347.353
345.992
343.536
339.776
334.806
329.085
323.018
316.996
311.066
305.467
299.759
295.2
288.871
286.002
280.698
275.348
272.876
270.435
266.05
261.604
259.233
258.611
258.014
256.352
253.288
251.35
250.926
251.129
251.95
253.215
253.702
253.589
252.787
251.137
249.881
249.155
248.865
248.808
249.056
251.228
261.03
284.225
309.056
331.667
350.824
366.118
377.902
386.548
392.694
397.236
400.15
401.817
402.769
348.432
348.431
348.429
348.42
348.389
348.288
348.012
347.353
345.992
343.536
339.776
334.806
329.085
323.018
316.996
311.066
305.467
299.759
295.2
288.871
286.002
280.698
275.348
272.876
270.435
266.05
261.604
259.233
258.611
258.014
256.352
253.288
251.35
250.926
251.129
251.95
253.215
253.702
253.589
252.787
251.137
249.881
249.155
248.865
248.808
249.056
251.228
261.03
284.225
309.056
331.667
350.824
366.118
377.902
386.548
392.694
397.236
400.15
401.817
402.769
348.432
348.431
348.429
348.42
348.389
348.288
348.012
347.353
345.992
343.536
339.776
334.806
329.085
323.018
316.996
311.066
305.467
299.759
295.2
288.871
286.002
280.698
275.348
272.876
270.435
266.05
261.604
259.233
258.611
258.014
256.352
253.288
251.35
250.926
251.129
251.95
253.215
253.702
253.589
252.787
251.137
249.881
249.155
248.865
248.808
249.056
251.228
261.03
284.225
309.056
331.667
350.824
366.118
377.902
386.548
392.694
397.236
400.15
401.817
402.769
348.432
348.431
348.429
348.42
348.389
348.288
348.012
347.353
345.992
343.536
339.776
334.806
329.085
323.018
316.996
311.066
305.467
299.759
295.2
288.871
286.002
280.698
275.348
272.876
270.435
266.05
261.604
259.233
258.611
258.014
256.352
253.288
251.35
250.926
251.129
251.95
253.215
253.702
253.589
252.787
251.137
249.881
249.155
248.865
248.808
249.056
251.228
261.03
284.225
309.056
331.667
350.824
366.118
377.903
386.548
392.694
397.236
400.15
401.817
402.769
348.432
348.431
348.429
348.42
348.389
348.288
348.012
347.353
345.992
343.536
339.776
334.806
329.085
323.018
316.996
311.066
305.467
299.759
295.2
288.871
286.002
280.698
275.348
272.876
270.435
266.05
261.604
259.233
258.611
258.014
256.352
253.288
251.35
250.926
251.129
251.95
253.215
253.702
253.589
252.787
251.137
249.881
249.155
248.865
248.808
249.056
251.228
261.03
284.225
309.056
331.667
350.824
366.118
377.902
386.548
392.694
397.236
400.15
401.817
402.769
402.471
402.114
401.569
400.262
398.761
397.443
396.642
395.581
394.729
393.952
392.72
391.958
391.603
390.967
390.217
389.967
389.59
389.2
388.466
388.387
402.387
402.096
401.431
400.55
398.826
397.34
396.753
395.636
394.694
394.116
392.918
391.905
391.569
390.979
390.284
389.869
389.634
389.064
388.582
388.177
402.342
402.016
401.552
400.466
398.889
397.378
396.809
395.655
394.892
393.993
392.831
392.082
391.598
390.8
390.238
389.912
389.635
388.964
388.519
388.173
402.308
401.979
401.515
400.457
399.028
397.44
396.81
395.619
394.948
394.142
392.972
392.197
391.445
390.73
390.21
389.944
389.348
388.844
388.448
388.119
402.255
401.95
401.459
400.407
399.043
397.806
396.75
395.788
394.846
394.183
393.097
392.124
391.559
390.743
390.113
389.781
389.255
388.647
388.37
388.088
402.235
401.922
401.392
400.48
399.225
397.997
396.795
395.793
394.814
394.334
393.222
392.222
391.566
390.574
390.099
389.731
389.201
388.527
388.232
388.054
402.221
401.918
401.425
400.69
399.168
397.859
396.902
396.169
395.005
394.242
393.195
392.314
391.6
390.702
390.101
389.59
389.137
388.551
388.178
388.055
402.184
401.875
401.402
400.598
399.293
397.997
397.231
396.301
395.12
394.374
393.233
392.54
391.626
390.634
390
389.459
389.078
388.544
388.203
388.1
402.173
401.869
401.433
400.673
399.325
398.004
397.432
396.551
395.451
394.411
393.504
392.512
391.759
390.69
390.094
389.388
389.041
388.549
388.125
387.986
402.158
401.857
401.405
400.67
399.466
398.13
397.667
396.793
395.621
394.472
393.81
392.831
391.943
390.87
390.043
389.131
388.931
388.521
387.931
387.583
402.136
401.838
401.37
400.74
399.757
398.122
397.049
396.486
396.053
395.475
393.982
392.891
391.933
390.727
389.781
388.688
388.307
388.08
387.62
386.982
402.132
401.848
401.418
400.738
399.831
398.22
397.325
396.839
396.384
394.924
393.909
393.238
392.389
391.078
389.952
388.973
388.165
387.682
387.429
386.967
402.149
401.853
401.517
400.779
399.833
398.547
398.059
397.379
396.545
395.583
394.663
393.7
392.741
391.721
390.597
389.527
388.54
387.589
386.864
386.383
402.158
401.9
401.516
400.8
399.779
398.625
398.284
397.573
396.747
395.886
394.967
393.996
392.974
391.807
390.505
389.068
388.016
387.387
386.723
387.026
402.187
401.924
401.55
401.012
400.057
398.575
398.194
398.149
397.67
396.54
395.565
394.592
393.657
392.609
391.433
390.047
388.735
387.39
385.987
384.98
402.236
401.956
401.56
401.049
400.012
398.765
398.113
397.605
397.119
396.662
396.404
395.543
393.694
392.514
391.266
389.967
388.859
387.824
387.258
387.175
402.331
402.145
401.678
401.261
399.851
398.946
398.399
397.935
397.479
397.104
397.04
395.818
394.453
393.411
392.268
390.892
389.521
388.236
387.166
385.779
402.364
402.157
401.747
400.901
399.8
399.462
398.898
397.979
397.508
396.979
396.262
395.437
394.667
393.938
393.388
393.258
391.251
388.973
387.851
386.512
402.433
402.217
401.917
400.903
400.195
399.898
399.065
398.29
397.882
397.427
396.815
396.094
395.35
394.505
393.66
393.006
392.651
390.081
388.584
387.207
402.536
402.294
401.999
400.923
400.48
399.714
398.832
398.489
398.329
398.081
397.649
397.084
396.662
396.634
394.967
393.207
391.99
390.588
389.189
387.78
402.564
402.336
401.923
400.943
400.453
400.107
399.071
398.675
398.482
398.17
397.764
397.293
397.01
396.777
394.689
393.347
392.438
391.823
391.554
389.174
402.606
402.389
402.01
401.237
400.771
400.5
399.757
399.278
399.06
398.735
398.222
397.552
396.84
396.078
395.404
394.994
394.602
392.038
390.72
389.634
402.659
402.525
402.029
401.427
401.152
400.902
400.124
399.634
399.343
399.018
398.6
398.043
397.396
396.69
395.995
395.617
395.251
392.92
391.603
390.587
402.706
402.619
402.021
401.582
401.25
400.913
400.15
399.888
399.595
399.269
398.999
398.884
398.822
397.195
396.124
395.237
394.458
393.851
393.626
391.755
402.739
402.644
402.114
401.591
401.423
401.404
400.821
400.392
400.144
399.921
399.651
399.321
399.133
398.918
397.085
395.938
394.96
394.029
393.097
392.036
402.771
402.655
402.48
401.833
401.505
401.14
400.965
400.796
400.59
400.48
400.677
400.06
398.925
398.084
397.228
396.41
395.591
394.877
394.49
393.91
402.828
402.738
402.546
401.971
401.772
401.695
401.679
401.178
400.851
400.606
400.4
400.038
399.672
399.574
398.761
397.2
396.308
395.373
394.536
393.581
402.842
402.742
402.689
402.034
401.91
401.655
401.555
401.322
401.186
400.991
400.938
401.034
399.951
399.133
398.417
397.645
396.964
396.687
395.833
394.274
402.869
402.804
402.696
402.163
402.133
401.996
401.776
401.576
401.364
401.15
400.952
400.937
400.901
399.503
398.636
397.766
397.094
396.236
395.654
395.288
402.944
402.942
402.606
402.521
402.389
402.297
402.112
401.73
401.561
401.403
401.174
400.928
400.802
400.545
399.242
398.268
397.573
396.741
396.176
395.968
403.03
402.947
402.701
402.693
402.614
402.513
402.411
402.054
401.901
401.763
401.502
401.223
400.814
400.444
400.228
399.15
398.158
397.575
397.374
396.161
403.035
402.995
402.689
402.607
402.598
402.561
402.421
402.321
402.352
402.405
401.785
401.444
401.055
400.531
399.951
399.636
399.042
397.854
397.225
397.041
403.062
403.143
402.881
402.764
402.747
402.61
402.528
402.496
402.603
402.362
402.066
401.886
401.799
401.162
400.348
399.98
399.373
397.984
397.383
396.676
403.129
403.189
403.03
402.929
402.932
402.847
402.724
402.619
402.536
402.38
402.21
402.108
402.096
401.4
400.653
400.126
399.632
398.675
398.236
397.793
403.094
403.142
403.145
402.911
402.89
402.882
402.867
402.942
402.803
402.523
402.461
402.619
402.189
401.483
400.912
400.459
399.847
399.097
398.723
398.085
403.088
403.117
403.215
402.962
402.928
402.922
402.948
402.939
402.863
402.949
402.743
402.571
402.531
401.84
401.126
400.503
399.782
399.134
398.588
397.782
403.082
403.148
403.208
402.997
402.998
403.049
403.061
403.044
402.843
402.742
402.691
402.713
402.365
401.858
401.549
400.754
399.865
399.347
398.75
397.869
403.075
403.12
403.182
402.955
402.938
402.95
403.002
402.994
402.892
402.959
402.789
402.55
402.412
402.002
401.29
400.881
400.302
399.37
398.723
398.134
403.089
403.15
403.229
402.985
402.968
402.97
402.984
403.039
402.92
402.908
402.93
402.558
402.31
402.063
401.385
400.733
400.424
399.64
398.754
398.306
403.114
403.187
403.273
403.023
402.989
402.984
402.989
403.055
402.96
402.905
402.967
402.613
402.3
402.034
401.463
400.744
400.428
399.742
398.829
398.431
403.138
403.224
403.3
403.049
403.019
403.018
403.019
403.076
402.984
402.934
402.996
402.634
402.323
402.066
401.51
400.774
400.443
399.79
398.871
398.451
403.145
403.243
403.31
403.07
403.039
403.038
403.04
403.094
403.002
402.952
403.013
402.654
402.345
402.089
401.532
400.801
400.477
399.822
398.901
398.473
403.15
403.251
403.316
403.081
403.047
403.046
403.048
403.103
403.012
402.962
403.022
402.665
402.359
402.101
401.543
400.818
400.499
399.844
398.922
398.487
403.151
403.252
403.317
403.085
403.051
403.05
403.052
403.106
403.015
402.966
403.025
402.67
402.364
402.107
401.548
400.825
400.508
399.85
398.93
398.492
403.152
403.253
403.318
403.087
403.052
403.051
403.053
403.108
403.017
402.967
403.027
402.671
402.366
402.109
401.55
400.828
400.511
399.853
398.932
398.494
403.152
403.253
403.318
403.088
403.053
403.051
403.054
403.108
403.017
402.967
403.027
402.672
402.367
402.11
401.551
400.828
400.511
399.853
398.932
398.495
403.152
403.253
403.318
403.088
403.053
403.051
403.054
403.108
403.017
402.968
403.027
402.672
402.367
402.11
401.551
400.829
400.512
399.853
398.932
398.495
403.152
403.253
403.318
403.088
403.053
403.051
403.054
403.108
403.017
402.968
403.027
402.672
402.367
402.11
401.551
400.829
400.512
399.853
398.933
398.495
403.152
403.253
403.318
403.088
403.053
403.051
403.054
403.108
403.017
402.968
403.027
402.672
402.367
402.11
401.551
400.829
400.512
399.853
398.932
398.495
403.152
403.253
403.318
403.088
403.053
403.051
403.054
403.108
403.017
402.968
403.027
402.672
402.367
402.11
401.551
400.829
400.512
399.854
398.933
398.495
367.872
368.243
368.771
368.938
369.133
369.556
369.958
370.531
371.956
374.643
378.093
382.207
386.117
390.015
395.211
402.25
409.699
415.927
419.438
419.913
415.988
358.684
288.497
279.684
278.827
278.752
278.746
278.746
278.746
278.746
369.389
369.689
370.361
370.549
370.583
370.7
370.983
371.545
372.796
375.781
378.837
383.069
387.348
390.164
391.161
392.924
398.138
407.605
414.91
417.451
415
358.187
288.454
279.683
278.827
278.752
278.746
278.746
278.746
278.746
368.56
368.828
369.404
369.664
369.804
369.868
369.923
370.261
371.422
374.004
377.474
382.628
387.831
392.819
394.944
394.909
395.176
400.438
410.297
414.993
413.759
357.444
288.405
279.684
278.828
278.752
278.746
278.746
278.746
278.746
368.657
368.902
369.467
369.872
370.037
370.032
370.028
370.225
371.033
373.671
378.373
382.814
387.164
392.511
396.371
396.661
395.619
397.352
406.135
412.61
412.466
356.92
288.366
279.685
278.829
278.752
278.746
278.746
278.746
278.746
368.521
368.71
369.345
369.614
369.633
369.476
369.345
369.431
370.556
375.274
382.617
387.312
389.58
392.745
397.058
397.973
396.133
396.236
402.487
410.312
411.347
356.712
288.345
279.688
278.829
278.753
278.746
278.746
278.746
278.746
368.563
368.678
369.258
369.528
369.391
369.06
368.803
369.081
372.266
382.183
392.366
397.547
397.174
395.683
397.378
399.166
397.238
396.101
399.715
407.907
410.255
356.747
288.34
279.693
278.831
278.753
278.746
278.746
278.746
278.746
367.845
367.878
368.273
368.662
368.563
368.165
368.068
369.433
377.625
397.228
410.829
413.976
410.925
402.583
399.158
399.689
398.387
395.909
397.961
405.822
409.161
356.699
288.343
279.7
278.832
278.753
278.747
278.746
278.746
278.746
366.886
366.912
367.144
367.486
367.541
367.472
367.835
371.174
388.43
411.968
419.706
420.963
419.358
410.427
402.542
400.774
399.532
395.735
396.61
403.74
408.296
356.588
288.35
279.708
278.834
278.753
278.747
278.746
278.746
278.746
366.833
366.863
366.973
367.298
367.578
367.787
368.354
373.641
397.194
415.312
420.206
421.244
420.544
414.776
405.472
401.829
400.561
396.421
396.045
401.628
407.062
356.327
288.36
279.718
278.836
278.753
278.747
278.746
278.746
278.746
369.103
369.132
369.249
369.388
369.508
369.76
370.336
377.204
400.609
415.594
419.967
420.376
419.721
415.972
407.461
402.343
401.006
397.373
395.45
399.98
405.744
355.897
288.376
279.73
278.838
278.754
278.747
278.746
278.746
278.746
375.685
375.707
375.831
375.841
375.737
375.921
376.626
383.993
406.017
416.957
418.788
418.199
417.242
415.534
409.309
403.062
401.26
398.277
394.728
398.422
404.488
355.396
288.397
279.743
278.84
278.754
278.747
278.746
278.746
278.746
391.175
391.19
391.309
391.328
391.113
391.334
392.36
401.325
414.776
418.174
417.53
415.579
415.203
414.34
410.717
403.848
401.474
399.473
394.821
396.932
402.801
354.718
288.419
279.757
278.843
278.754
278.747
278.746
278.746
278.746
409.843
409.859
409.944
410.119
410.106
410.433
411.01
414.668
418.028
417.838
414.748
413.692
414.372
414.08
411.202
404.322
401.437
400.197
395.262
395.92
401.013
353.853
288.445
279.774
278.846
278.755
278.747
278.746
278.746
278.746
415.302
415.317
415.385
415.584
415.727
416.164
416.015
416.848
416.669
413.832
410.93
411.326
413.712
414.048
411.71
404.595
401.263
400.351
395.512
394.792
399.226
352.852
288.468
279.791
278.849
278.755
278.747
278.746
278.746
278.746
414.584
414.601
414.658
414.821
415.048
415.345
415.193
414.689
411.955
409.246
408.492
409.801
413.56
414.123
411.984
404.682
400.869
400.162
396.059
393.799
397.66
351.993
288.493
279.81
278.853
278.756
278.747
278.746
278.746
278.746
408.715
408.729
408.778
408.954
409.166
409.399
409.091
407.357
406.057
406.166
406.207
408.774
413.664
414.739
412.288
404.892
400.64
400.159
396.914
393.331
396.349
351.35
288.526
279.829
278.856
278.756
278.747
278.746
278.746
278.746
402.218
402.23
402.282
402.443
402.654
403.215
403.203
403.283
403.775
404.516
404.335
408.545
414.118
415.007
412.38
404.876
400.501
400.211
397.857
393.099
395.286
350.791
288.568
279.851
278.86
278.757
278.747
278.746
278.746
278.746
399.84
399.847
399.895
400.035
400.309
401.063
401.358
402.22
402.894
402.344
402.659
409.325
414.773
415.206
412.051
404.743
400.373
400.16
398.463
392.91
394.154
350.251
288.618
279.873
278.864
278.757
278.747
278.746
278.746
278.746
398.796
398.803
398.856
398.996
399.431
399.909
400.806
401.64
400.815
399.776
401.682
410.864
415.084
415.035
411.34
404.68
400.331
400.103
398.825
392.724
392.875
349.612
288.677
279.898
278.868
278.758
278.747
278.746
278.746
278.746
396.216
396.223
396.276
396.419
396.92
397.47
398.486
398.935
398.426
398.583
402.887
412.331
415.098
414.345
410.446
404.631
400.353
400.085
399.154
392.776
391.662
348.891
288.747
279.924
278.872
278.758
278.747
278.746
278.746
278.746
393.778
393.788
393.843
393.998
394.524
395.233
396.332
397.621
397.709
398.808
405.937
412.983
414.559
413.067
409.666
404.584
400.368
400.056
399.497
393.094
390.701
348.226
288.825
279.952
278.876
278.759
278.747
278.746
278.746
278.746
392.922
392.934
392.994
393.162
393.739
394.486
396.118
397.455
397.748
400.496
409.344
413.443
413.546
411.455
409.065
404.634
400.458
400.013
399.676
393.454
389.955
347.587
288.912
279.981
278.881
278.759
278.747
278.746
278.746
278.746
392.959
392.973
393.036
393.219
393.82
394.621
396.722
397.836
398.769
404.479
411.343
413.035
411.958
409.834
408.424
404.825
400.652
400.034
399.837
393.814
389.237
346.961
289.007
280.011
278.885
278.76
278.747
278.746
278.746
278.746
393.847
393.863
393.931
394.136
394.657
395.746
398.285
399.24
401.741
408.738
412.118
412.119
410.254
408.542
407.87
405.132
400.894
400.093
399.934
394.061
388.563
346.363
289.109
280.042
278.89
278.76
278.747
278.746
278.746
278.746
396.746
396.764
396.837
397.061
397.594
399.093
401.474
402.84
406.641
410.75
411.596
410.494
408.524
407.635
407.378
405.296
401.157
400.17
400.011
394.17
387.852
345.797
289.217
280.074
278.895
278.761
278.747
278.746
278.746
278.746
400.298
400.318
400.396
400.631
401.179
402.932
404.879
406.629
409.559
411.135
410.463
408.31
407.357
406.944
406.909
405.292
401.389
400.263
400.062
394.312
387.007
345.087
289.327
280.106
278.9
278.762
278.747
278.746
278.746
278.746
402.558
402.579
402.661
402.906
403.473
405.312
407.042
409.016
410.668
410.739
408.166
406.463
406.572
406.46
406.609
405.185
401.557
400.341
400.137
394.619
386.343
344.418
289.44
280.14
278.905
278.762
278.747
278.746
278.746
278.746
403.571
403.592
403.678
403.929
404.53
406.245
408.187
410.122
410.757
409.548
406.096
405.348
405.998
406.02
406.286
405.056
401.699
400.403
400.165
394.891
385.623
343.714
289.555
280.173
278.91
278.763
278.748
278.746
278.746
278.746
403.742
403.765
403.854
404.111
404.752
406.227
408.838
410.266
410.186
407.165
404.202
404.476
405.635
405.621
405.937
404.927
401.853
400.483
400.174
395.248
385.045
343.074
289.673
280.207
278.916
278.764
278.748
278.746
278.746
278.746
403.415
403.438
403.529
403.793
404.436
405.976
408.758
409.371
408.394
404.259
402.803
403.986
405.304
405.213
405.602
404.78
401.979
400.541
400.18
395.652
384.629
342.466
289.794
280.241
278.921
278.764
278.748
278.746
278.746
278.746
401.759
401.783
401.876
402.146
402.765
404.66
406.834
406.878
404.919
402.067
402.194
403.903
404.98
404.805
405.32
404.714
402.161
400.623
400.149
395.957
384.395
341.964
289.918
280.275
278.927
278.765
278.748
278.746
278.746
278.746
398.433
398.457
398.55
398.824
399.435
401.459
403.561
403.601
402.307
401.026
401.976
403.942
404.68
404.477
405.121
404.658
402.375
400.763
400.123
396.258
384.275
341.494
290.045
280.309
278.932
278.766
278.748
278.746
278.746
278.746
395.871
395.894
395.988
396.265
396.875
399.01
401.215
401.39
400.801
400.658
402.198
403.779
404.398
404.251
405.011
404.613
402.524
400.858
400.156
396.47
384.055
341.022
290.174
280.343
278.938
278.766
278.748
278.746
278.746
278.746
394.298
394.322
394.416
394.695
395.306
397.563
399.791
400.168
400.098
400.634
402.646
403.669
404.114
404.012
404.926
404.574
402.636
400.982
400.163
396.519
383.693
340.538
290.304
280.378
278.943
278.767
278.748
278.746
278.746
278.746
393.527
393.551
393.645
393.925
394.537
396.91
399.147
399.528
400.257
401.236
402.819
403.52
403.866
403.781
404.81
404.509
402.759
401.169
400.154
396.485
383.262
340.029
290.433
280.412
278.949
278.767
278.748
278.746
278.746
278.746
393.335
393.358
393.453
393.733
394.35
396.84
398.839
399.428
400.95
401.847
402.892
403.388
403.618
403.563
404.696
404.432
402.86
401.333
400.197
396.491
382.939
339.546
290.564
280.446
278.954
278.768
278.748
278.746
278.746
278.746
393.487
393.511
393.607
393.886
394.508
397.092
398.846
400.056
401.708
402.382
402.885
403.301
403.427
403.374
404.584
404.334
402.955
401.536
400.27
396.508
382.661
339.097
290.695
280.479
278.96
278.769
278.748
278.746
278.746
278.746
394.047
394.071
394.167
394.445
395.081
397.74
399.325
400.978
402.281
402.635
402.911
403.267
403.271
403.191
404.423
404.195
403.027
401.804
400.388
396.484
382.335
338.643
290.827
280.513
278.965
278.769
278.748
278.746
278.746
278.746
394.733
394.757
394.854
395.131
395.775
398.408
400.08
401.888
402.634
402.716
402.916
403.261
403.088
402.958
404.202
404.038
403.113
402.057
400.466
396.409
382.003
338.18
290.959
280.546
278.97
278.77
278.748
278.746
278.746
278.746
395.278
395.302
395.399
395.675
396.319
398.916
400.811
402.438
402.736
402.727
402.925
403.199
402.789
402.611
403.929
403.857
403.157
402.266
400.535
396.362
381.739
337.746
291.091
280.58
278.976
278.771
278.748
278.746
278.746
278.746
395.649
395.673
395.769
396.045
396.68
399.297
401.39
402.563
402.701
402.747
402.917
402.987
402.313
402.078
403.511
403.56
403.116
402.39
400.595
396.301
381.435
337.312
291.225
280.613
278.981
278.771
278.748
278.746
278.746
278.746
395.682
395.707
395.802
396.078
396.708
399.33
401.557
402.369
402.709
402.851
402.843
402.685
401.976
401.741
403.134
403.219
402.992
402.451
400.614
396.167
381.063
336.864
291.358
280.645
278.987
278.772
278.748
278.746
278.746
278.746
395.596
395.62
395.716
395.991
396.619
399.295
401.45
402.261
402.819
402.888
402.607
402.549
401.951
401.749
403.097
403.138
402.952
402.459
400.536
396.004
380.707
336.405
291.492
280.678
278.992
278.772
278.748
278.746
278.746
278.746
395.508
395.533
395.628
395.9
396.531
399.254
401.177
402.324
403.063
402.928
402.341
402.579
402.346
402.229
403.347
403.21
402.967
402.409
400.353
395.819
380.42
335.987
291.627
280.711
278.997
278.773
278.748
278.746
278.746
278.746
395.528
395.552
395.646
395.915
396.549
399.235
401.167
402.608
403.338
402.743
402.158
403.193
403.556
403.464
404.106
403.547
403.078
402.379
400.271
395.667
380.138
335.582
291.763
280.743
279.002
278.773
278.749
278.746
278.746
278.746
395.903
395.926
396.02
396.285
396.927
399.461
401.763
403.194
403.703
402.537
402.215
404.373
404.534
404.246
404.851
404.14
403.386
402.523
400.341
395.581
379.923
335.142
291.9
280.775
279.007
278.774
278.749
278.746
278.746
278.746
396.239
396.263
396.355
396.618
397.257
399.638
402.414
403.593
403.83
402.437
402.758
404.992
404.708
404.304
404.971
404.466
403.87
402.997
400.656
395.538
379.779
334.632
292.037
280.808
279.012
278.775
278.749
278.746
278.746
278.746
397.008
397.03
397.117
397.376
397.998
400.321
403.331
404.113
403.811
402.529
403.632
405.174
404.539
404.188
404.919
404.496
404.229
403.629
401.06
395.551
379.75
334.167
292.175
280.84
279.017
278.775
278.749
278.746
278.746
278.746
397.166
397.189
397.272
397.522
398.131
400.497
403.633
404.148
403.449
402.723
404.175
405.008
404.096
403.863
404.729
404.424
404.307
403.868
401.203
395.583
379.789
333.801
292.312
280.872
279.022
278.776
278.749
278.746
278.746
278.746
398.325
398.341
398.41
398.648
399.185
401.406
404.287
404.339
403.872
403.49
404.555
404.574
403.501
403.37
404.407
404.27
404.282
403.922
401.236
395.52
379.746
333.495
292.435
280.904
279.027
278.776
278.749
278.746
278.746
278.746
387.798
387.875
388.169
388.964
391.953
397.969
403.915
404.538
404.499
403.834
403.696
403.415
402.414
402.52
403.976
404.126
404.314
403.983
401.111
395.034
379.682
333.181
292.792
280.991
279.039
278.777
278.749
278.746
278.746
278.746
387.924
387.533
386.286
385.099
385.187
386.476
389.294
392.992
397.013
398.354
401.065
402.187
401.669
401.916
403.304
403.872
404.261
403.873
400.779
394.026
378.129
332.046
293.567
281.161
279.062
278.78
278.749
278.746
278.746
278.746
388.013
387.829
387.335
385.975
385.063
385.048
385.404
387.27
393.104
395.524
399.477
401.859
401.565
402.15
403.452
404.2
404.762
404.398
400.939
393.169
375.572
333.756
294.474
281.364
279.088
278.783
278.749
278.746
278.746
278.746
387.764
387.619
387.474
386.824
385.866
385.464
385.554
386.579
391.306
394.38
398.585
401.674
401.525
402.173
403.169
404.227
405.057
404.72
401.087
392.263
372.576
335.833
295.456
281.598
279.117
278.786
278.75
278.746
278.746
278.746
387.654
387.551
387.586
387.336
386.702
386.321
386.379
387.488
390.231
393.522
397.557
401.574
401.859
402.463
403.072
404.236
405.292
404.834
400.654
390.78
370.201
338.006
296.494
281.863
279.149
278.789
278.75
278.746
278.746
278.746
387.573
387.35
387.496
387.522
387.458
387.297
387.399
388.368
390.808
393.94
397.642
401.282
401.925
402.682
402.969
404.188
405.615
405.082
400.175
388.076
369.068
340.685
297.618
282.158
279.184
278.793
278.75
278.746
278.746
278.746
387.551
387.126
387.287
387.742
388.082
388.329
388.34
388.932
390.629
392.888
395.969
400.135
401.93
402.716
402.829
404.113
405.839
405.275
399.732
385.302
368.632
343.986
298.856
282.485
279.222
278.797
278.751
278.746
278.746
278.746
387.622
387.251
387.28
387.741
387.956
389.027
389.204
389.418
390.176
391.427
394.468
399.191
402.083
402.838
402.692
404.18
405.897
405.362
399.312
382.162
368.369
347.456
300.233
282.847
279.264
278.802
278.751
278.746
278.746
278.746
387.656
387.227
387.208
387.759
388.071
388.817
390.251
390.946
392.839
395.251
398.193
402.605
403.892
403.23
402.698
404.295
405.808
404.934
398.136
378.121
367.973
350.036
301.888
283.243
279.309
278.807
278.752
278.746
278.746
278.746
387.311
387.373
387.156
387.402
388.212
388.124
389.32
391.308
394.139
396.605
398.565
402.41
403.439
402.14
401.539
403.493
405.329
404.282
394.189
375.651
367.803
352.499
304.259
283.678
279.359
278.813
278.752
278.746
278.746
278.746
386.696
386.751
387.111
387.588
387.692
388.697
389.291
389.92
390.728
393.241
395.149
397.403
399.103
399.739
400.409
402.878
405.218
403.801
386.845
374.495
367.623
354.425
308.37
284.167
279.414
278.819
278.753
278.747
278.746
278.746
386.241
386.221
386.597
386.717
387.949
389.393
391.072
391.759
391.624
392.298
393.735
398.009
400.614
400.854
401.59
404.456
405.807
393.665
380.758
373.96
367.644
356.194
314.341
284.729
279.477
278.825
278.753
278.747
278.746
278.746
385.911
385.592
385.603
385.87
387.482
389.552
391.897
394.667
396.942
399.248
402.783
405.916
407.143
405.741
404.311
404.525
393.281
384.737
378.598
373.951
368.05
358.199
319.419
285.316
279.548
278.832
278.754
278.747
278.746
278.746
385.824
385.033
384.629
385.201
385.653
386.733
389.336
392.243
398.295
403.685
407.065
408.251
407.655
404.505
398.96
389.075
383.994
380.783
377.86
374.158
368.8
360.117
324.24
285.918
279.623
278.839
278.754
278.747
278.746
278.746
384.404
383.754
383.281
382.937
383.256
383.229
384.706
386.297
388.512
394.53
396.69
396.636
395.672
391.345
384.77
380.349
379.816
378.778
377.493
374.607
369.608
362.17
328.688
286.53
279.701
278.846
278.755
278.747
278.746
278.746
384.36
383.134
382.111
381.129
381.031
380.277
380.299
380.929
381.228
382.519
384.489
384.501
383.623
380.348
376.959
376.116
378.019
378.061
377.337
375.101
370.614
364.051
332.725
287.152
279.783
278.854
278.756
278.747
278.746
278.746
384.827
384.112
383.781
381.045
379.697
378.345
377.525
377.9
377.306
377.514
378.196
378.127
377.203
374.659
372.956
373.872
377.375
378.03
377.527
375.67
371.849
365.864
336.322
287.786
279.87
278.863
278.756
278.747
278.746
278.746
385.53
384.643
384.206
381.393
378.95
377.791
376.256
376.451
375.57
375.311
375.389
375.195
374.08
371.913
371.081
372.836
377.084
378.021
377.586
376.19
373.112
367.711
339.583
288.434
279.961
278.872
278.757
278.747
278.746
278.746
385.914
384.802
383.884
382.894
379.864
378.188
376.107
375.959
375.193
374.214
374.098
373.948
372.802
370.786
370.308
372.424
377.031
378.233
377.973
377.027
374.556
369.255
342.505
289.1
280.057
278.881
278.758
278.747
278.746
278.746
386.433
385.367
384.221
383.206
381.064
378.878
377.509
376.662
375.086
373.585
373.741
373.631
372.343
370.317
369.967
372.15
376.985
378.912
378.852
378.016
375.714
370.615
345.389
289.791
280.158
278.891
278.759
278.747
278.746
278.746
387.426
386.328
385.215
384.268
382.478
380.123
378.86
378.039
376.196
373.604
373.691
373.484
371.975
370.034
369.784
372.095
377.594
379.778
379.726
378.934
376.831
371.997
348.259
290.513
280.264
278.901
278.76
278.747
278.746
278.746
388.372
387.249
386.235
385.508
384.084
381.567
380.123
379.299
377.401
374.823
374.571
374.398
372.687
370.688
370.378
372.487
378.101
380.629
380.644
379.922
377.984
373.411
351.134
291.269
280.373
278.911
278.761
278.747
278.746
278.746
389.296
388.139
387.04
385.972
385.047
383.899
381.357
380.053
378.986
376.563
375.769
375.508
373.541
371.586
371.233
373.165
378.838
381.525
381.553
380.805
379.014
374.801
354.015
292.056
280.484
278.921
278.761
278.747
278.746
278.746
390.116
388.991
387.874
386.815
386.119
384.891
382.536
381.317
380.034
378.085
377.029
377.029
374.577
372.585
372.27
373.969
379.485
382.407
382.522
381.784
380.143
376.259
356.818
292.858
280.596
278.93
278.762
278.747
278.746
278.746
390.973
390.069
389.428
388.717
386.448
385.202
383.983
383.244
381.836
379.979
378.745
377.926
375.433
373.394
373.172
374.787
380.214
383.475
383.699
382.856
381.278
377.688
359.476
293.655
280.706
278.94
278.763
278.747
278.746
278.746
391.917
390.964
390.269
389.571
387.582
386.401
385.239
384.488
383.298
381.312
379.923
379.017
376.711
374.402
374.248
375.745
380.873
384.416
384.881
383.966
382.397
379.137
362.045
294.429
280.809
278.948
278.764
278.747
278.746
278.746
392.684
392.078
391.583
389.536
388.361
387.371
386.523
386.009
384.324
382.831
382.019
380.447
378.105
375.349
375.161
376.707
381.614
385.41
386.163
385.151
383.486
380.638
364.549
295.17
280.902
278.956
278.764
278.747
278.746
278.746
393.293
392.468
391.969
390.945
389.273
388.272
387.456
387.005
385.618
384.373
383.383
382.347
379.342
376.769
376.546
377.787
382.198
386.221
387.372
386.56
384.616
382.025
366.881
295.874
280.986
278.962
278.765
278.747
278.746
278.746
394.298
393.095
392.683
391.438
390.522
389.885
388.679
388.16
386.856
385.641
384.097
383.694
381.06
378.14
377.66
379.016
383.172
387.124
388.671
388.171
385.882
383.321
369.043
296.535
281.058
278.967
278.765
278.747
278.746
278.746
394.823
393.649
393.17
392.349
391.538
390.674
389.432
388.91
388.273
386.766
385.677
384.615
382.789
379.839
378.825
380.243
384.351
387.982
389.836
389.637
387.377
384.655
371.286
297.144
281.111
278.969
278.765
278.747
278.746
278.746
395.085
394.558
393.518
392.725
392.365
391.254
390.194
389.619
389.08
388.127
387.11
386.405
384.079
381.345
380.506
381.549
385.443
388.752
390.813
390.96
389.145
386.076
373.302
297.563
281.132
278.969
278.765
278.747
278.746
278.746
395.952
395.217
394.5
393.108
392.52
391.805
391.387
390.247
389.509
388.999
388.272
387.946
386.58
383.334
382.041
382.996
387.284
390.059
391.961
392.386
391.003
387.615
374.434
297.691
281.131
278.968
278.765
278.747
278.746
278.746
396.266
395.293
394.752
394.181
393.344
392.644
391.978
391.485
390.664
390.18
389.383
389.015
387.885
385.288
384.207
385.193
389.348
392.26
393.757
394.187
392.908
389.067
374.09
297.436
281.104
278.967
278.765
278.747
278.746
278.746
396.789
396.038
395.226
394.836
394.084
393.433
392.763
392.482
391.701
390.88
390.628
390.408
388.768
386.608
386.229
387.361
391.643
394.503
395.669
395.94
394.656
390.464
373.314
297.179
281.083
278.967
278.765
278.747
278.746
278.746
397.102
396.676
395.869
395.363
394.668
394.051
393.435
393.168
392.391
391.795
391.605
391.312
390.175
387.953
387.528
388.805
393.203
396.423
397.437
397.423
395.872
391.358
372.975
297.099
281.074
278.967
278.765
278.747
278.746
278.746
397.581
396.961
396.298
395.66
395.018
394.438
393.914
393.648
392.871
392.31
392.156
392.007
390.789
388.688
388.375
389.813
394.305
397.368
398.529
398.51
396.898
392.104
372.694
297.097
281.078
278.968
278.765
278.747
278.746
278.746
397.736
397.131
396.466
395.732
395.252
394.674
393.768
393.661
393.345
392.659
392.563
392.263
390.991
389.002
388.76
390.304
394.805
397.977
399.151
399.086
397.408
392.608
372.886
297.151
281.086
278.968
278.765
278.747
278.746
278.746
397.456
397.388
396.357
395.951
395.255
394.557
394.252
393.766
393.505
392.693
392.566
392.467
391.133
389.143
388.931
390.501
395.03
398.266
399.473
399.382
397.678
392.897
373.193
297.215
281.092
278.969
278.765
278.747
278.746
278.746
397.468
397.079
396.678
395.692
395.448
394.6
394.015
393.94
393.581
392.85
392.747
392.524
391.216
389.23
389.01
390.569
395.09
398.386
399.692
399.554
397.851
393.107
373.407
297.249
281.094
278.969
278.765
278.747
278.746
278.746
397.633
397.045
396.734
395.768
395.513
394.78
393.984
393.936
393.586
392.955
392.803
392.627
391.34
389.314
389.078
390.662
395.181
398.469
399.798
399.667
397.963
393.222
373.489
297.255
281.094
278.969
278.765
278.747
278.746
278.746
397.695
397.044
396.774
395.849
395.535
394.887
394.012
393.974
393.678
393.029
392.871
392.705
391.394
389.373
389.15
390.742
395.264
398.537
399.867
399.742
398.032
393.277
373.495
297.25
281.093
278.969
278.765
278.747
278.746
278.746
397.712
397.064
396.813
395.89
395.561
394.939
394.039
394.009
393.73
393.074
392.913
392.75
391.436
389.415
389.196
390.792
395.314
398.581
399.916
399.791
398.067
393.298
373.474
297.244
281.092
278.969
278.765
278.747
278.746
278.746
397.707
397.072
396.836
395.911
395.575
394.963
394.058
394.028
393.754
393.095
392.934
392.774
391.456
389.437
389.22
390.817
395.339
398.603
399.944
399.817
398.082
393.305
373.458
297.24
281.092
278.968
278.765
278.747
278.746
278.746
397.708
397.077
396.845
395.919
395.582
394.973
394.067
394.037
393.763
393.104
392.944
392.783
391.467
389.447
389.23
390.828
395.349
398.612
399.955
399.828
398.088
393.306
373.449
297.238
281.092
278.968
278.765
278.747
278.746
278.746
397.709
397.08
396.848
395.922
395.585
394.977
394.071
394.04
393.766
393.107
392.947
392.787
391.471
389.451
389.234
390.832
395.353
398.616
399.959
399.832
398.09
393.306
373.445
297.237
281.092
278.968
278.765
278.747
278.746
278.746
397.71
397.08
396.849
395.923
395.586
394.978
394.072
394.041
393.767
393.108
392.948
392.788
391.472
389.452
389.235
390.833
395.355
398.617
399.961
399.833
398.091
393.306
373.444
297.237
281.092
278.968
278.765
278.747
278.746
278.746
397.71
397.081
396.85
395.923
395.586
394.978
394.072
394.041
393.768
393.108
392.948
392.788
391.473
389.452
389.235
390.833
395.355
398.618
399.961
399.833
398.091
393.306
373.443
297.237
281.092
278.968
278.765
278.747
278.746
278.746
397.71
397.081
396.85
395.923
395.586
394.978
394.072
394.041
393.768
393.108
392.948
392.788
391.473
389.453
389.235
390.834
395.355
398.618
399.961
399.833
398.091
393.307
373.443
297.237
281.092
278.968
278.765
278.747
278.746
278.746
397.71
397.081
396.85
395.923
395.586
394.978
394.072
394.041
393.768
393.108
392.949
392.788
391.473
389.453
389.235
390.834
395.355
398.618
399.961
399.833
398.091
393.306
373.443
297.237
281.092
278.968
278.765
278.747
278.746
278.746
397.71
397.081
396.85
395.923
395.586
394.978
394.072
394.041
393.768
393.108
392.948
392.788
391.473
389.453
389.235
390.834
395.355
398.618
399.961
399.833
398.091
393.306
373.443
297.237
281.092
278.968
278.765
278.747
278.746
278.746
)
;

boundaryField
{
    inlet
    {
        type            zeroGradient;
    }
    outlet
    {
        type            zeroGradient;
    }
    bottom
    {
        type            symmetryPlane;
    }
    top
    {
        type            symmetryPlane;
    }
    obstacle
    {
        type            zeroGradient;
    }
    defaultFaces
    {
        type            empty;
    }
}


// ************************************************************************* //
