/*--------------------------------*- C++ -*----------------------------------*\
| =========                 |                                                 |
| \\      /  F ield         | OpenFOAM: The Open Source CFD Toolbox           |
|  \\    /   O peration     | Version:  5.x                                   |
|   \\  /    A nd           | Web:      www.OpenFOAM.org                      |
|    \\/     M anipulation  |                                                 |
\*---------------------------------------------------------------------------*/
/*   Windows 32 and 64 bit porting by blueCAPE: http://www.bluecape.com.pt   *\
|  Based on Windows porting (2.0.x v4) by Symscape: http://www.symscape.com   |
\*---------------------------------------------------------------------------*/
FoamFile
{
    version     2.0;
    format      ascii;
    class       volScalarField;
    location    "0.006";
    object      mag(U);
}
// * * * * * * * * * * * * * * * * * * * * * * * * * * * * * * * * * * * * * //

dimensions      [0 1 -1 0 0 0 0];

internalField   nonuniform List<scalar> 
1000
(
2.49079e-012
2.55457e-012
2.51209e-012
2.58142e-012
2.55162e-012
2.56226e-012
2.75078e-012
2.67074e-012
2.82982e-012
2.82671e-012
2.92803e-012
2.79386e-012
3.01951e-012
3.02927e-012
2.95382e-012
2.91261e-012
2.68064e-012
2.62672e-012
2.5034e-012
2.51496e-012
2.56004e-012
2.48765e-012
2.52312e-012
2.48249e-012
2.54497e-012
2.48325e-012
2.50705e-012
2.50158e-012
2.63818e-012
2.69794e-012
2.67066e-012
2.51011e-012
2.44003e-012
2.41328e-012
2.55156e-012
2.48508e-012
2.57841e-012
2.62039e-012
2.68122e-012
2.75002e-012
2.83863e-012
3.17284e-012
2.64079e-012
2.90029e-012
2.73376e-012
2.89846e-012
2.70079e-012
2.50625e-012
2.60706e-012
2.4774e-012
2.71882e-012
2.59079e-012
2.61154e-012
2.87314e-012
3.0151e-012
2.9004e-012
2.86958e-012
2.68603e-012
2.59499e-012
2.93258e-012
2.76256e-012
3.28469e-012
3.27888e-012
4.65592e-012
7.91014e-012
1.61639e-011
3.96304e-011
9.76982e-011
2.40666e-010
5.89135e-010
1.42599e-009
3.41948e-009
8.1086e-009
1.90116e-008
4.4067e-008
1.00946e-007
2.28491e-007
5.1091e-007
1.12826e-006
2.4601e-006
5.29482e-006
1.12455e-005
2.35618e-005
4.8685e-005
9.91726e-005
0.000199086
0.000393708
0.000766682
0.0014695
0.00277101
0.00513802
0.00936288
0.0167581
0.0294421
0.0507401
0.0857154
0.141829
0.229684
0.363754
0.562933
0.850662
1.25438
1.80406
2.52982
3.45875
4.61138
5.99857
7.61925
9.46024
11.4994
13.7107
16.0685
18.5497
21.1341
23.8052
26.5492
29.3553
32.2145
35.1198
38.0654
41.0468
44.0599
47.1017
50.1694
53.2608
56.3739
59.5068
62.6581
65.8264
69.0103
72.2086
75.4204
78.6445
81.88
85.1259
88.3815
91.6459
94.9184
98.1982
101.485
104.777
108.075
111.377
114.684
117.994
121.307
124.623
127.941
131.261
134.582
137.904
141.227
144.55
147.872
151.194
154.514
157.834
161.15
164.467
167.777
171.089
174.393
177.696
180.994
184.286
187.576
190.856
194.131
197.401
200.66
203.911
207.155
210.386
213.605
216.813
220.008
223.185
226.346
229.489
232.611
235.709
238.782
241.827
244.841
247.819
250.758
253.655
256.503
259.297
262.031
264.698
267.291
269.802
272.222
274.542
276.752
278.843
280.805
282.627
284.302
285.823
287.185
288.383
289.419
290.297
291.022
291.606
292.063
292.407
292.656
292.829
292.941
293.012
293.053
293.07
293.074
293.074
293.074
293.074
293.074
293.074
293.072
293.071
293.075
293.085
293.101
293.117
293.13
293.14
293.151
293.159
293.167
293.173
293.177
293.18
293.183
293.186
293.188
293.19
293.192
293.192
293.193
293.193
293.193
293.193
293.192
293.192
293.192
293.192
293.192
293.192
293.192
293.192
293.193
293.194
293.195
293.196
293.197
293.199
293.201
293.205
293.214
293.239
293.296
293.448
293.495
293.32
293.141
293.053
293.05
293.077
293.106
293.134
293.155
293.169
293.178
293.182
293.183
293.183
293.184
293.188
293.195
293.204
293.212
293.22
293.226
293.222
293.2
293.142
293.018
292.792
292.46
292.05
291.607
291.181
290.816
290.541
290.361
290.263
290.223
2.50239e-012
2.57237e-012
2.50291e-012
2.58952e-012
2.46548e-012
2.58313e-012
2.71433e-012
2.62442e-012
2.81977e-012
2.91542e-012
3.08343e-012
3.14645e-012
2.91112e-012
2.87714e-012
2.77355e-012
2.69226e-012
2.9059e-012
2.96547e-012
2.69295e-012
2.6704e-012
2.50217e-012
2.48309e-012
2.52698e-012
2.46899e-012
2.5098e-012
2.57327e-012
2.49021e-012
2.43333e-012
2.45892e-012
2.40803e-012
2.4371e-012
2.38064e-012
2.58592e-012
2.68317e-012
3.19801e-012
2.55298e-012
2.53611e-012
2.62072e-012
2.74493e-012
2.80536e-012
2.62723e-012
2.61771e-012
2.57437e-012
2.59122e-012
2.51765e-012
2.41539e-012
2.47535e-012
2.43465e-012
2.48109e-012
2.75823e-012
2.85641e-012
3.3459e-012
3.49485e-012
4.03156e-012
4.23394e-012
3.67964e-012
4.78316e-012
4.08378e-012
5.08424e-012
4.62605e-012
4.41056e-012
4.91979e-012
4.69942e-012
5.63693e-012
8.84437e-012
1.7783e-011
4.1198e-011
9.86789e-011
2.42189e-010
5.90347e-010
1.42858e-009
3.42177e-009
8.11089e-009
1.90136e-008
4.40681e-008
1.00947e-007
2.28491e-007
5.1091e-007
1.12826e-006
2.4601e-006
5.29482e-006
1.12455e-005
2.35618e-005
4.8685e-005
9.91726e-005
0.000199086
0.000393708
0.000766682
0.0014695
0.00277101
0.00513802
0.00936288
0.0167581
0.0294421
0.0507401
0.0857154
0.141829
0.229684
0.363754
0.562933
0.850662
1.25438
1.80406
2.52982
3.45875
4.61138
5.99857
7.61925
9.46024
11.4994
13.7107
16.0685
18.5497
21.1341
23.8052
26.5492
29.3553
32.2145
35.1198
38.0654
41.0468
44.0599
47.1017
50.1694
53.2608
56.3739
59.5068
62.6581
65.8264
69.0103
72.2086
75.4204
78.6445
81.88
85.1259
88.3815
91.6459
94.9184
98.1982
101.485
104.777
108.075
111.377
114.684
117.994
121.307
124.623
127.941
131.261
134.582
137.904
141.227
144.55
147.872
151.194
154.514
157.834
161.15
164.467
167.777
171.089
174.393
177.696
180.994
184.286
187.576
190.856
194.131
197.401
200.66
203.911
207.155
210.386
213.605
216.813
220.008
223.185
226.346
229.489
232.611
235.709
238.782
241.827
244.841
247.819
250.758
253.655
256.503
259.297
262.031
264.698
267.291
269.802
272.222
274.542
276.752
278.843
280.805
282.627
284.302
285.823
287.185
288.383
289.419
290.297
291.022
291.606
292.063
292.407
292.656
292.829
292.941
293.012
293.053
293.07
293.074
293.074
293.074
293.074
293.074
293.074
293.072
293.071
293.075
293.085
293.101
293.117
293.13
293.14
293.151
293.159
293.167
293.173
293.177
293.18
293.183
293.186
293.188
293.19
293.192
293.192
293.193
293.193
293.193
293.193
293.192
293.192
293.192
293.192
293.192
293.192
293.192
293.192
293.193
293.194
293.195
293.196
293.197
293.199
293.201
293.205
293.214
293.239
293.296
293.448
293.495
293.32
293.141
293.053
293.05
293.077
293.106
293.134
293.154
293.168
293.177
293.181
293.182
293.182
293.182
293.184
293.189
293.198
293.209
293.232
293.264
293.281
293.285
293.281
293.265
293.224
293.14
293.011
292.862
292.719
292.608
292.547
292.524
292.52
292.568
292.598
292.654
292.705
292.737
292.753
292.762
292.769
292.776
292.782
292.789
292.796
292.803
292.81
292.817
292.823
292.829
292.834
292.839
292.843
292.847
292.849
292.851
292.851
292.851
292.849
292.845
292.839
292.829
292.816
292.8
292.78
292.753
292.723
292.686
292.644
292.596
292.542
292.481
292.415
292.343
292.266
292.185
292.101
292.015
291.929
291.844
291.762
291.685
291.614
291.553
291.502
291.463
291.438
291.426
291.427
291.446
291.474
291.522
291.599
291.688
291.793
291.916
292.051
292.203
292.363
292.534
292.713
292.9
293.093
293.291
293.492
293.697
293.904
294.111
294.319
294.526
294.732
294.937
295.139
295.339
295.537
295.731
295.923
296.112
296.298
296.481
296.662
296.843
297.021
297.198
297.374
297.545
297.717
297.884
298.052
298.217
298.382
298.545
298.709
298.868
107.2
108.292
110.15
111.682
112.777
113.738
114.689
115.616
116.488
117.294
118.02
118.644
119.144
119.5
119.689
119.691
119.479
119.013
118.243
117.101
115.481
113.233
110.151
105.988
100.494
93.4976
85.0142
75.3017
64.8388
54.2193
44
34.5957
26.2455
19.081
13.1423
8.4167
4.83573
2.32513
0.87193
0.263014
0.065163
0.0143494
0.00303786
0.000637762
0.000133772
2.80708e-005
5.89283e-006
1.2373e-006
2.59775e-007
5.4524e-008
1.14391e-008
2.39916e-009
5.04288e-010
1.06968e-010
2.4406e-011
6.60246e-012
3.57837e-012
2.42095e-012
2.65612e-012
2.30854e-012
2.48466e-012
2.38039e-012
2.49732e-012
2.30202e-012
2.39773e-012
2.43208e-012
2.65493e-012
2.50601e-012
2.6624e-012
2.40845e-012
2.38253e-012
2.50088e-012
2.51059e-012
2.52559e-012
2.61556e-012
2.55633e-012
2.3656e-012
2.44308e-012
2.31803e-012
2.58907e-012
2.33781e-012
2.56708e-012
2.26101e-012
2.38732e-012
2.17949e-012
2.51621e-012
2.18119e-012
2.36684e-012
2.25303e-012
2.52426e-012
2.41472e-012
2.59272e-012
2.39778e-012
2.57075e-012
2.36864e-012
2.3217e-012
2.33573e-012
2.40393e-012
2.38162e-012
2.16129e-012
2.45745e-012
2.16813e-012
2.34127e-012
1.92964e-012
1.98009e-012
1.80669e-012
1.82973e-012
1.83108e-012
1.76717e-012
1.85937e-012
1.68044e-012
1.71589e-012
1.68349e-012
1.65458e-012
1.67945e-012
1.63713e-012
1.65414e-012
1.56634e-012
1.60634e-012
1.55611e-012
1.54775e-012
1.58338e-012
1.55116e-012
1.63303e-012
1.59998e-012
1.71555e-012
1.64176e-012
1.69519e-012
1.63614e-012
1.70797e-012
1.64594e-012
1.66753e-012
1.70738e-012
1.67022e-012
1.83209e-012
1.69901e-012
1.6825e-012
1.65809e-012
1.74697e-012
1.67953e-012
1.71638e-012
1.68432e-012
1.68872e-012
1.70593e-012
1.75463e-012
1.67948e-012
1.75964e-012
1.69526e-012
1.73749e-012
1.71683e-012
299.294
299.07
298.654
298.12
297.523
296.969
296.483
296.061
295.688
295.344
295.057
294.829
294.621
294.419
294.216
294.03
293.858
293.654
293.403
293.125
292.841
292.549
292.241
291.915
291.571
291.209
290.828
290.425
289.999
289.553
289.038
288.384
287.4
285.693
282.484
276.143
261.03
220.405
140.195
57.424
16.5323
3.91006
0.835592
0.172242
0.0351815
0.00717045
0.00146048
0.000297366
6.05278e-005
1.23163e-005
2.50524e-006
5.09378e-007
1.03519e-007
2.10256e-008
4.26742e-009
8.65171e-010
1.75022e-010
3.52169e-011
7.12901e-012
2.46842e-012
2.02432e-012
2.04031e-012
2.07618e-012
2.06564e-012
2.06516e-012
2.1548e-012
2.27983e-012
2.42065e-012
2.73746e-012
2.93312e-012
3.0334e-012
3.0472e-012
3.38926e-012
3.05097e-012
3.30326e-012
3.00859e-012
3.25702e-012
3.10705e-012
3.10239e-012
3.25206e-012
3.33159e-012
3.56113e-012
3.62136e-012
3.88647e-012
3.61078e-012
3.17669e-012
2.92757e-012
2.62462e-012
2.99759e-012
2.55893e-012
2.72158e-012
2.68437e-012
2.48562e-012
2.73835e-012
2.65084e-012
2.80713e-012
2.96972e-012
2.96905e-012
3.31669e-012
3.28718e-012
3.42083e-012
3.49827e-012
3.54472e-012
3.22505e-012
3.44436e-012
3.38651e-012
3.28041e-012
3.32489e-012
3.0594e-012
3.34459e-012
2.89091e-012
3.0398e-012
2.69683e-012
2.96402e-012
2.28964e-012
2.50314e-012
2.07812e-012
2.02564e-012
1.80914e-012
1.65897e-012
1.55072e-012
1.51736e-012
1.57473e-012
1.80028e-012
1.9064e-012
2.00425e-012
2.02195e-012
2.14614e-012
2.119e-012
1.87447e-012
1.73434e-012
1.72557e-012
1.75248e-012
1.7042e-012
1.62879e-012
1.69007e-012
1.67006e-012
1.70057e-012
1.64501e-012
1.7429e-012
1.80607e-012
1.87726e-012
1.88795e-012
2.08169e-012
1.87548e-012
1.85343e-012
1.845e-012
1.8962e-012
1.99576e-012
1.93796e-012
)
;

boundaryField
{
    inlet
    {
        type            calculated;
        value           nonuniform List<scalar> 2(2.50239e-012 2.49079e-012);
    }
    outlet
    {
        type            calculated;
        value           nonuniform List<scalar> 2(1.93796e-012 1.71683e-012);
    }
    bottom
    {
        type            symmetryPlane;
    }
    top
    {
        type            symmetryPlane;
    }
    obstacle
    {
        type            calculated;
        value           nonuniform List<scalar> 
102
(
290.223
107.2
292.598
292.654
292.705
292.737
292.753
292.762
292.769
292.776
292.782
292.789
292.796
292.803
292.81
292.817
292.823
292.829
292.834
292.839
292.843
292.847
292.849
292.851
292.851
292.851
292.849
292.845
292.839
292.829
292.816
292.8
292.78
292.753
292.723
292.686
292.644
292.596
292.542
292.481
292.415
292.343
292.266
292.185
292.101
292.015
291.929
291.844
291.762
291.685
291.614
291.553
291.502
291.463
291.438
291.426
291.427
291.446
291.474
291.522
291.599
291.688
291.793
291.916
292.051
292.203
292.363
292.534
292.713
292.9
293.093
293.291
293.492
293.697
293.904
294.111
294.319
294.526
294.732
294.937
295.139
295.339
295.537
295.731
295.923
296.112
296.298
296.481
296.662
296.843
297.021
297.198
297.374
297.545
297.717
297.884
298.052
298.217
298.382
298.545
298.709
298.868
)
;
    }
    defaultFaces
    {
        type            empty;
    }
}


// ************************************************************************* //
