/*--------------------------------*- C++ -*----------------------------------*\
| =========                 |                                                 |
| \\      /  F ield         | OpenFOAM: The Open Source CFD Toolbox           |
|  \\    /   O peration     | Version:  5.x                                   |
|   \\  /    A nd           | Web:      www.OpenFOAM.org                      |
|    \\/     M anipulation  |                                                 |
\*---------------------------------------------------------------------------*/
/*   Windows 32 and 64 bit porting by blueCAPE: http://www.bluecape.com.pt   *\
|  Based on Windows porting (2.0.x v4) by Symscape: http://www.symscape.com   |
\*---------------------------------------------------------------------------*/
FoamFile
{
    version     2.0;
    format      ascii;
    class       volScalarField;
    location    "0.006";
    object      p;
}
// * * * * * * * * * * * * * * * * * * * * * * * * * * * * * * * * * * * * * //

dimensions      [1 -1 -2 0 0 0 0];

internalField   nonuniform List<scalar> 
1000
(
100000
100000
100000
100000
100000
100000
100000
100000
100000
100000
100000
100000
100000
100000
100000
100000
100000
100000
100000
100000
100000
100000
100000
100000
100000
100000
100000
100000
100000
100000
100000
100000
100000
100000
100000
100000
100000
100000
100000
100000
100000
100000
100000
100000
100000
100000
100000
100000
100000
100000
100000
100000
100000
100000
100000
100000
100000
100000
100000
100000
100000
100000
100000
100000
100000
100000
100000
100000
100000
100000
100000
100000
100000
100000
100000
100000
100000
100000
100000
100000
100000
100000
100000
100000
100000
99999.9
99999.9
99999.7
99999.5
99999
99998.1
99996.6
99993.9
99989.2
99981.4
99968.6
99947.9
99915.5
99866
99792.3
99685.8
99536.2
99332.5
99063.7
98719.9
98294.2
97783.2
97188.4
96516
95775.9
94978.8
94135.6
93255.6
92346.8
91416.1
90468.8
89509.2
88540.8
87566.3
86588.1
85608
84627.3
83647.4
82669.3
81693.8
80721.6
79753.5
78789.8
77831.2
76878
75930.7
74989.6
74054.9
73127.1
72206.2
71292.7
70386.7
69488.3
68597.8
67715.2
66840.9
65974.8
65117.1
64267.8
63427.1
62595.1
61771.7
60957.1
60151.2
59354.2
58565.9
57786.5
57016
56254.3
55501.5
54757.5
54022.4
53296
52578.8
51869.8
51170.4
50479
49797.2
49123.5
48458.7
47802.9
47155.6
46517.2
45887.5
45266.6
44654.5
44051.2
43456.8
42871.4
42294.9
41727.5
41169.4
40620.5
40080.9
39551.1
39031.1
38521
38021.2
37532
37053.8
36586.8
36131.4
35688.3
35258.1
34841.3
34438.5
34050.5
33678.3
33322.6
32984.5
32664.8
32364.4
32084.5
31826
31589.6
31375.8
31185.1
31017.6
30873
30750.6
30649.4
30567.7
30503.6
30455.1
30419.6
30395.2
30378.4
30368.8
30362.7
30359.4
30358.5
30358.1
30358.1
30358.1
30358.1
30358
30357.9
30357.7
30357.2
30356.2
30354.5
30352.2
30349.8
30348.2
30346.7
30345.5
30344.4
30343.5
30342.6
30341.9
30341.3
30340.9
30340.5
30340.3
30339.9
30339.7
30339.6
30339.4
30339.2
30339
30338.8
30338.6
30338.4
30338.1
30337.9
30337.7
30337.5
30337.3
30337.1
30336.9
30336.7
30336.5
30336.2
30335.9
30335.6
30335.2
30335
30335.4
30338.6
30342.3
30332.3
30318.3
30323.8
30329.7
30334.8
30334.9
30335.2
30335.2
30335
30334.8
30334.5
30334.3
30334.2
30334
30333.8
30333.3
30332.3
30331.1
30328.5
30328.1
30328.3
30329.1
30331.3
30336.4
30347.5
30369.4
30403.1
30445.5
30492
30537.1
30575.9
30605.3
30624.4
30634.4
30638
100000
100000
100000
100000
100000
100000
100000
100000
100000
100000
100000
100000
100000
100000
100000
100000
100000
100000
100000
100000
100000
100000
100000
100000
100000
100000
100000
100000
100000
100000
100000
100000
100000
100000
100000
100000
100000
100000
100000
100000
100000
100000
100000
100000
100000
100000
100000
100000
100000
100000
100000
100000
100000
100000
100000
100000
100000
100000
100000
100000
100000
100000
100000
100000
100000
100000
100000
100000
100000
100000
100000
100000
100000
100000
100000
100000
100000
100000
100000
100000
100000
100000
100000
100000
100000
99999.9
99999.9
99999.7
99999.5
99999
99998.1
99996.6
99993.9
99989.2
99981.4
99968.6
99947.9
99915.5
99866
99792.3
99685.8
99536.2
99332.5
99063.7
98719.9
98294.2
97783.2
97188.4
96516
95775.9
94978.8
94135.6
93255.6
92346.8
91416.1
90468.8
89509.2
88540.8
87566.3
86588.1
85608
84627.3
83647.4
82669.3
81693.8
80721.6
79753.5
78789.8
77831.2
76878
75930.7
74989.6
74054.9
73127.1
72206.2
71292.7
70386.7
69488.3
68597.8
67715.2
66840.9
65974.8
65117.1
64267.8
63427.1
62595.1
61771.7
60957.1
60151.2
59354.2
58565.9
57786.5
57016
56254.3
55501.5
54757.5
54022.4
53296
52578.8
51869.8
51170.4
50479
49797.2
49123.5
48458.7
47802.9
47155.6
46517.2
45887.5
45266.6
44654.5
44051.2
43456.8
42871.4
42294.9
41727.5
41169.4
40620.5
40080.9
39551.1
39031.1
38521
38021.2
37532
37053.8
36586.8
36131.4
35688.3
35258.1
34841.3
34438.5
34050.5
33678.3
33322.6
32984.5
32664.8
32364.4
32084.5
31826
31589.6
31375.8
31185.1
31017.6
30873
30750.6
30649.4
30567.7
30503.6
30455.1
30419.6
30395.2
30378.4
30368.8
30362.7
30359.4
30358.5
30358.1
30358.1
30358.1
30358.1
30358
30357.9
30357.7
30357.2
30356.2
30354.5
30352.2
30349.8
30348.2
30346.7
30345.5
30344.4
30343.5
30342.6
30341.9
30341.3
30340.9
30340.5
30340.3
30339.9
30339.7
30339.6
30339.4
30339.2
30339
30338.8
30338.6
30338.4
30338.1
30337.9
30337.7
30337.5
30337.3
30337.1
30336.9
30336.7
30336.5
30336.2
30335.9
30335.6
30335.2
30335
30335.4
30338.6
30342.3
30332.3
30318.3
30323.8
30329.7
30334.8
30334.9
30335.2
30335.2
30335
30334.9
30334.7
30334.4
30334.3
30334.2
30334
30333.6
30332.8
30331.7
30329
30327.3
30323.9
30321.7
30321.7
30322.2
30323.6
30327.1
30334.4
30347.2
30362.4
30377.1
30388.9
30395.7
30396.9
30396.2
30393.8
30388.2
30384
30379
30375.5
30373.6
30372.4
30371.6
30370.9
30370.2
30369.4
30368.6
30367.8
30367.1
30366.3
30365.6
30365
30364.4
30363.8
30363.3
30362.9
30362.6
30362.4
30362.3
30362.3
30362.5
30362.8
30363.3
30364.3
30365.6
30367.3
30369.3
30372
30375.1
30378.9
30383.2
30388.2
30393.9
30400.1
30407.1
30414.6
30422.7
30431.2
30440.1
30449.2
30458.4
30467.4
30476.2
30484.4
30492
30498.6
30504.2
30508.5
30511.3
30512.5
30512.5
30511.1
30507.5
30502.8
30495.4
30485.8
30474.9
30461.9
30447.5
30431.9
30414.7
30396.6
30377.6
30357.7
30337.2
30316.1
30294.7
30272.9
30251
30229
30207
30185
30163.1
30141.4
30119.9
30098.8
30077.8
30057.2
30036.9
30017
29997.3
29977.9
29958.8
29940
29920.9
29902.5
29883.9
29865.8
29847.8
29830.1
29812.6
29795.2
29778
29760.9
29743.8
29726.6
18755.2
18738.6
18697.8
18653.5
18615.8
18578.3
18536.3
18489.1
18436.9
18379.3
18315.7
18245.1
18166.3
18078.3
17979.6
17869.1
17745.3
17605
17445.6
17262.8
17050.5
16800
16499.8
16136.7
15699.5
15184.3
14599.7
13968.9
13324.5
12700.7
12124.7
11613.2
11173.9
10808.4
10515.9
10294.5
10141.9
10053.3
10015.8
10004.1
10001
10000.2
10000.1
10000
10000
10000
10000
10000
10000
10000
10000
10000
10000
10000
10000
10000
10000
10000
10000
10000
10000
10000
10000
10000
10000
10000
10000
10000
10000
10000
10000
10000
10000
10000
10000
10000
10000
10000
10000
10000
10000
10000
10000
10000
10000
10000
10000
10000
10000
10000
10000
10000
10000
10000
10000
10000
10000
10000
10000
10000
10000
10000
10000
10000
10000
10000
10000
10000
10000
10000
10000
10000
10000
10000
10000
10000
10000
10000
10000
10000
10000
10000
10000
10000
10000
10000
10000
10000
10000
10000
10000
10000
10000
10000
10000
10000
10000
10000
10000
10000
10000
10000
10000
10000
10000
10000
10000
10000
10000
10000
29669.1
29651.3
29654.9
29667.1
29691
29713.5
29730.9
29742.9
29749.9
29750.9
29752.9
29752.6
29751.5
29749.2
29747.4
29747.8
29749.6
29747.4
29749.6
29754.3
29761.5
29768.1
29774.5
29781
29786.9
29791.7
29795.4
29796.6
29796.5
29793.9
29784.5
29757.7
29693.5
29558
29268.3
28672.1
27156.5
23165.5
16473
12339.5
10633.9
10141.9
10029.6
10006.1
10001.2
10000.3
10000.1
10000
10000
10000
10000
10000
10000
10000
10000
10000
10000
10000
10000
10000
10000
10000
10000
10000
10000
10000
10000
10000
10000
10000
10000
10000
10000
10000
10000
10000
10000
10000
10000
10000
10000
10000
10000
10000
10000
10000
10000
10000
10000
10000
10000
10000
10000
10000
10000
10000
10000
10000
10000
10000
10000
10000
10000
10000
10000
10000
10000
10000
10000
10000
10000
10000
10000
10000
10000
10000
10000
10000
10000
10000
10000
10000
10000
10000
10000
10000
10000
10000
10000
10000
10000
10000
10000
10000
10000
10000
10000
10000
10000
10000
10000
10000
10000
10000
10000
10000
10000
10000
10000
10000
)
;

boundaryField
{
    inlet
    {
        type            zeroGradient;
    }
    outlet
    {
        type            zeroGradient;
    }
    bottom
    {
        type            symmetryPlane;
    }
    top
    {
        type            symmetryPlane;
    }
    obstacle
    {
        type            zeroGradient;
    }
    defaultFaces
    {
        type            empty;
    }
}


// ************************************************************************* //
