/*--------------------------------*- C++ -*----------------------------------*\
| =========                 |                                                 |
| \\      /  F ield         | OpenFOAM: The Open Source CFD Toolbox           |
|  \\    /   O peration     | Version:  5.x                                   |
|   \\  /    A nd           | Web:      www.OpenFOAM.org                      |
|    \\/     M anipulation  |                                                 |
\*---------------------------------------------------------------------------*/
/*   Windows 32 and 64 bit porting by blueCAPE: http://www.bluecape.com.pt   *\
|  Based on Windows porting (2.0.x v4) by Symscape: http://www.symscape.com   |
\*---------------------------------------------------------------------------*/
FoamFile
{
    version     2.0;
    format      ascii;
    class       surfaceScalarField;
    location    "0.006";
    object      phi;
}
// * * * * * * * * * * * * * * * * * * * * * * * * * * * * * * * * * * * * * //

dimensions      [1 0 -1 0 0 0 0];

internalField   nonuniform List<scalar> 
1447
(
1.66978e-013
1.30847e-013
3.2685e-013
1.31131e-013
3.6593e-013
1.28099e-013
3.19744e-013
1.28716e-013
4.1922e-013
1.29889e-013
4.51195e-013
1.28682e-013
5.64881e-013
1.30909e-013
6.71463e-013
1.27544e-013
6.25278e-013
1.2914e-013
7.74492e-013
1.30611e-013
7.21201e-013
1.28418e-013
7.56728e-013
1.29181e-013
8.66862e-013
1.32283e-013
8.81073e-013
1.28501e-013
7.88702e-013
1.29313e-013
6.35936e-013
1.27988e-013
4.54747e-013
1.29591e-013
3.41061e-013
1.27925e-013
1.10134e-013
1.28418e-013
1.66978e-013
1.29001e-013
1.77636e-014
1.30014e-013
-3.19744e-014
1.26864e-013
1.27898e-013
1.28869e-013
1.1724e-013
1.25941e-013
2.02505e-013
1.28397e-013
1.56319e-013
1.24498e-013
2.38032e-013
1.26878e-013
4.01457e-013
1.24102e-013
5.3646e-013
1.25691e-013
6.25278e-013
1.21667e-013
4.61853e-013
1.24852e-013
3.12639e-013
1.20938e-013
1.20792e-013
1.22624e-013
2.20268e-013
1.22576e-013
3.16192e-013
1.26579e-013
2.55795e-013
1.25643e-013
4.33431e-013
1.27183e-013
4.68958e-013
1.27939e-013
5.64881e-013
1.26815e-013
7.28306e-013
1.25788e-013
7.88702e-013
1.26489e-013
8.17124e-013
1.26246e-013
6.07514e-013
1.24199e-013
7.49623e-013
1.24324e-013
7.17648e-013
1.23207e-013
8.10019e-013
1.22159e-013
5.08038e-013
1.20091e-013
4.83169e-013
1.20834e-013
3.97904e-013
1.21785e-013
5.15143e-013
1.21736e-013
6.00409e-013
1.23693e-013
5.08038e-013
1.22222e-013
6.50147e-013
1.23866e-013
8.13571e-013
1.25837e-013
8.3844e-013
1.29285e-013
7.0699e-013
1.27572e-013
6.21725e-013
1.32797e-013
2.94875e-013
1.31291e-013
4.33431e-013
1.34809e-013
6.00409e-013
1.3671e-013
6.14619e-013
1.38396e-013
8.95284e-013
1.40797e-013
1.34293e-012
1.3925e-013
2.53664e-012
1.41324e-013
5.21538e-012
1.40971e-013
1.23563e-011
1.41914e-013
3.05818e-011
1.44461e-013
7.55627e-011
1.43031e-013
1.85757e-010
1.45946e-013
4.52104e-010
1.44634e-013
1.0895e-009
1.46709e-013
2.59809e-009
1.48541e-013
6.12632e-009
1.50317e-013
1.42827e-008
1.52239e-013
3.29128e-008
1.5303e-013
7.49505e-008
1.51129e-013
1.68631e-007
1.54543e-013
3.74758e-007
1.50824e-013
8.22436e-007
1.53585e-013
1.78187e-006
1.49311e-013
3.81024e-006
1.46785e-013
8.03895e-006
1.46688e-013
1.67295e-005
1.45259e-013
3.4329e-005
1.42393e-013
6.94351e-005
1.41318e-013
0.000138381
1.3628e-013
0.000271631
1.34233e-013
0.000524935
1.31943e-013
0.000998292
1.30021e-013
0.00186734
1.25053e-013
0.00343383
1.23554e-013
0.00620405
1.18947e-013
0.0110066
1.15109e-013
0.0191613
1.1198e-013
0.0327108
1.07719e-013
0.0547174
1.06443e-013
0.089616
1.02758e-013
0.143587
9.90735e-014
0.224882
9.78939e-014
0.343992
9.44383e-014
0.51353
9.28008e-014
0.747688
9.00113e-014
1.0612
8.80268e-014
1.46781
8.7777e-014
1.97851
8.4939e-014
2.59975
8.46892e-014
3.3321
8.45227e-014
4.16956
8.03524e-014
5.09998
8.12891e-014
6.10799
7.79724e-014
7.17797
7.87495e-014
8.29559
7.81597e-014
9.44845
7.72993e-014
10.6262
7.54882e-014
11.8205
7.57866e-014
13.0246
7.55021e-014
14.233
7.54258e-014
15.4416
7.1318e-014
16.6469
7.1422e-014
17.8462
7.154e-014
19.0374
7.17967e-014
20.2185
7.28237e-014
21.3883
7.09988e-014
22.5454
6.94861e-014
23.6889
6.93196e-014
24.818
6.84175e-014
25.9319
6.93959e-014
27.0301
6.75709e-014
28.1121
6.56558e-014
29.1773
6.45178e-014
30.2254
6.29982e-014
31.2562
6.25888e-014
32.2692
6.14508e-014
33.2643
5.97439e-014
34.2413
5.85573e-014
35.2001
5.69822e-014
36.1403
5.62536e-014
37.062
5.5303e-014
37.9651
5.39707e-014
38.8496
5.28744e-014
39.7152
5.21597e-014
40.5622
5.13756e-014
41.3904
5.07996e-014
42.1999
5.0529e-014
42.9908
4.98906e-014
43.7631
5.00502e-014
44.5168
4.99496e-014
45.2521
4.98802e-014
45.9691
4.93702e-014
46.6679
4.88082e-014
47.3486
4.85133e-014
48.0112
4.8548e-014
48.6563
4.80622e-014
49.2831
4.71984e-014
49.8937
4.63414e-014
50.4843
4.56787e-014
51.0629
4.51722e-014
51.6154
4.46587e-014
52.1647
4.41279e-014
52.6808
4.38191e-014
53.1946
4.32848e-014
53.6889
4.21191e-014
54.1517
4.14009e-014
54.6323
4.06307e-014
55.0588
4.01762e-014
55.4903
3.95795e-014
55.9184
3.88439e-014
56.2982
3.798e-014
56.685
3.69878e-014
57.0685
3.61031e-014
57.4082
3.52392e-014
57.743
3.43267e-014
58.0846
3.34663e-014
58.3936
3.25989e-014
58.6772
3.16934e-014
58.9678
3.05277e-014
59.2507
2.92162e-014
59.5001
2.77972e-014
59.7343
2.62498e-014
59.9734
2.48968e-014
60.2027
2.32592e-014
60.4035
2.16632e-014
60.587
1.9984e-014
60.7726
1.83326e-014
60.9539
1.65666e-014
61.1133
1.48388e-014
61.2504
1.33053e-014
61.3817
1.18031e-014
61.5144
1.00822e-014
61.637
8.46892e-015
61.7383
7.18522e-015
61.8224
6.01255e-015
61.9026
4.83641e-015
61.9838
3.88231e-015
62.0572
2.77382e-015
62.1121
1.51094e-015
62.1504
2.37657e-016
62.1852
-9.61037e-016
62.223
-2.17881e-015
62.2568
-3.16414e-015
62.278
-3.93435e-015
62.288
-4.84682e-015
62.2916
-5.91367e-015
62.2935
-6.984e-015
62.3002
-8.0283e-015
62.3107
-8.97372e-015
62.312
-9.9365e-015
62.2989
-1.06859e-014
62.2851
-1.16712e-014
62.2838
-1.24466e-014
62.2884
-1.31267e-014
62.2879
-1.38604e-014
62.2846
-1.48458e-014
62.2758
-1.57877e-014
62.2676
-1.64625e-014
62.2631
-1.70888e-014
62.2614
-1.79284e-014
62.2609
-1.84696e-014
62.2605
-1.89605e-014
62.2585
-1.93803e-014
62.251
-1.97464e-014
62.2444
-2.0069e-014
62.2403
-2.03153e-014
62.2384
-2.05131e-014
62.237
-2.07577e-014
62.2353
-2.13649e-014
62.2296
-2.19477e-014
62.2214
-2.24074e-014
62.2141
-2.27353e-014
62.2091
-2.29036e-014
62.2058
-2.32297e-014
62.2029
-2.36738e-014
62.1973
-2.4248e-014
62.1882
-2.47458e-014
62.178
-2.50616e-014
62.1697
-2.51882e-014
62.1643
-2.54761e-014
62.1604
-2.59254e-014
62.1543
-2.63053e-014
62.1426
-2.65794e-014
62.128
-2.7079e-014
62.1157
-2.77261e-014
62.1077
-2.84668e-014
62.1004
-2.92041e-014
62.0892
-2.98199e-014
62.0729
-3.06231e-014
62.0543
-3.14748e-014
62.0372
-3.21548e-014
62.023
-3.27394e-014
62.0097
-3.32581e-014
61.9933
-3.33986e-014
61.9702
-3.36519e-014
61.9392
-3.37959e-014
61.9017
-3.39017e-014
61.8618
-3.39607e-014
61.8242
-3.39607e-014
61.7932
-3.43059e-014
61.771
-3.48072e-014
61.7572
-3.73278e-014
61.7486
-4.03011e-014
61.7393
-1.09024e-013
61.723
-1.44827e-013
61.6729
-1.94789e-013
61.4726
-3.37239e-013
60.7793
5.16236e-014
58.578
-1.46612e-011
55.7692
-1.4258e-010
52.8289
-4.23235e-010
50.0186
-2.60586e-009
47.478
-4.35271e-009
45.3063
-6.01851e-009
43.5323
-1.86779e-008
42.1407
-4.56929e-008
41.0895
-7.36434e-008
40.3246
-2.30867e-007
39.7892
-3.90139e-007
39.43
-5.93653e-007
39.1999
-7.59186e-007
39.0608
-9.21173e-007
38.9827
-1.18212e-006
38.9434
-1.69648e-006
38.9271
-2.64514e-006
38.922
-3.93437e-006
38.9232
-4.75192e-006
38.9282
-4.26583e-006
38.9327
7.17466e-007
38.9343
1.18064e-005
38.9334
2.54842e-005
38.9305
4.64788e-005
38.9236
8.26479e-005
38.9098
0.000148954
38.8932
0.000260585
38.8717
0.000422657
38.8533
0.000638712
38.8397
0.000906779
38.8264
0.00122105
38.8171
0.00157342
38.8126
0.00195546
38.81
0.00235256
0.00275556
8.52651e-013
1.7053e-012
2.55795e-012
1.33582e-012
1.7053e-012
3.69482e-012
3.9222e-012
3.80851e-012
5.08749e-012
5.68434e-012
7.30438e-012
6.11067e-012
4.91696e-012
5.08749e-012
4.00746e-012
4.77485e-012
5.45697e-012
5.00222e-012
3.21165e-012
2.27374e-012
8.2423e-013
-3.97904e-013
-3.12639e-013
0
-2.01794e-012
-1.62004e-012
-9.66338e-013
-5.68434e-014
1.13687e-013
3.12639e-013
-7.38964e-013
1.76215e-012
3.46745e-012
5.76961e-012
5.76961e-012
2.04636e-012
3.41061e-012
3.6664e-012
4.3201e-012
4.68958e-012
3.12639e-012
3.09797e-012
3.35376e-012
3.0127e-012
1.67688e-012
1.76215e-012
1.90425e-012
2.50111e-012
3.89377e-012
5.28644e-012
6.59384e-012
8.69704e-012
1.01466e-011
1.21076e-011
1.07434e-011
1.13687e-011
1.32729e-011
1.29603e-011
1.46656e-011
1.28466e-011
1.35856e-011
1.32161e-011
1.46372e-011
2.09752e-011
4.09557e-011
9.20011e-011
2.18364e-010
5.32737e-010
1.30493e-009
3.17107e-009
7.63472e-009
1.81942e-008
4.28915e-008
9.99834e-008
2.30394e-007
5.24656e-007
1.18042e-006
2.6233e-006
5.75705e-006
1.24731e-005
2.66716e-005
5.62727e-005
0.000117107
0.000240303
0.000486046
0.000968666
0.00190142
0.00367455
0.00698805
0.0130714
0.0240368
0.0434284
0.0770461
0.134129
0.228976
0.383022
0.627312
1.00511
1.57417
2.40794
3.59471
5.23382
7.42837
10.2747
13.8496
18.1983
23.3247
29.1869
35.6999
42.756
50.2458
58.0691
66.1391
74.3835
82.7435
91.1719
99.6312
108.091
116.528
124.924
133.262
141.53
149.718
157.818
165.823
173.726
181.524
189.211
196.784
204.241
211.578
218.793
225.884
232.85
239.689
246.4
252.982
259.434
265.756
271.947
278.007
283.935
289.733
295.4
300.936
306.342
311.618
316.765
321.784
326.675
331.44
336.079
340.594
344.982
349.256
353.39
357.44
361.308
365.153
368.766
372.362
375.822
379.062
382.426
385.412
388.432
391.429
394.087
396.795
399.48
401.857
404.201
406.592
408.755
410.741
412.775
414.755
416.501
418.14
419.814
421.419
422.825
424.109
425.408
426.677
427.793
428.753
429.672
430.601
431.459
432.168
432.757
433.318
433.887
434.4
434.785
435.053
435.296
435.561
435.797
435.946
436.016
436.041
436.055
436.101
436.175
436.184
436.092
435.996
435.986
436.019
436.015
435.992
435.931
435.873
435.842
435.83
435.826
435.823
435.81
435.757
435.711
435.682
435.669
435.659
435.647
435.607
435.55
435.499
435.464
435.441
435.42
435.381
435.318
435.246
435.188
435.15
435.123
435.08
434.998
434.896
434.81
434.754
434.703
434.624
434.51
434.38
434.26
434.161
434.068
433.953
433.792
433.574
433.312
433.033
432.769
432.552
432.397
432.3
432.24
432.175
432.061
431.711
430.308
425.455
410.046
390.384
369.803
350.13
332.346
317.144
304.726
294.985
287.626
282.272
278.525
276.009
274.399
273.424
272.877
272.602
272.487
272.457
272.463
272.512
272.553
272.578
272.584
272.578
272.566
272.539
272.495
272.438
272.385
272.341
272.309
272.297
272.3
272.308
272.318
272.319
272.32
272.322
272.323
272.324
272.325
272.326
272.327
272.328
272.329
272.33
272.331
272.332
272.333
272.333
272.334
272.334
272.334
272.334
272.334
272.333
272.332
272.331
272.329
272.327
272.325
272.321
272.317
272.311
272.305
272.297
272.288
272.278
272.266
272.253
272.238
272.221
272.203
272.184
272.163
272.141
272.118
272.095
272.072
272.049
272.027
272.006
271.987
271.971
271.957
271.946
271.939
271.936
271.936
271.938
271.948
271.959
271.976
271.998
272.025
272.053
272.09
272.121
272.168
272.205
272.253
272.296
272.344
272.392
272.44
272.49
272.538
272.588
272.636
272.686
272.734
272.782
272.83
272.876
272.921
272.966
273.009
273.052
273.094
273.136
273.176
273.216
273.256
273.294
273.332
273.371
273.408
273.445
273.482
273.518
273.553
273.59
273.625
273.661
273.697
7.96508
-0.509848
8.0796
-0.500183
8.20538
-0.502719
8.3617
-0.504662
8.53067
-0.505928
8.69792
-0.505675
8.8584
-0.504228
9.01111
-0.502008
9.15514
-0.499257
9.28919
-0.496031
9.41159
-0.492469
9.51965
-0.488437
9.61083
-0.483846
9.6826
-0.478577
9.73254
-0.472598
9.75803
-0.465892
9.75452
-0.458396
9.71677
-0.449999
9.63857
-0.440874
9.51054
-0.431039
9.31966
-0.420529
9.0484
-0.409359
8.67523
-0.397618
8.17882
-0.385388
7.54627
-0.372634
6.78259
-0.359147
5.91696
-0.344584
5.00003
-0.328428
4.09076
-0.310035
3.24045
-0.288876
2.48291
-0.264612
1.83339
-0.23706
1.2936
-0.206098
0.859284
-0.17222
0.524156
-0.135789
0.281953
-0.0977061
0.125566
-0.0592055
0.0435291
-0.0255427
0.0122047
-0.00719232
0.00307692
-0.00173916
0.000740694
-0.000387358
0.000173859
-8.1557e-005
4.00813e-005
-1.67643e-005
9.11115e-006
-3.42194e-006
2.04771e-006
-6.97245e-007
4.55918e-007
-1.41987e-007
1.00709e-007
-2.89044e-008
2.2095e-008
-5.88235e-009
4.81875e-009
-1.19675e-009
1.0454e-009
-2.43396e-010
2.2574e-010
-4.9488e-011
4.85678e-011
-1.00633e-011
1.04463e-011
-2.05133e-012
2.27773e-012
-4.23959e-013
5.35127e-013
-9.35953e-014
1.70974e-013
-2.60148e-014
9.28146e-014
-1.18859e-014
8.4821e-014
-8.88699e-015
7.90479e-014
-8.26466e-015
7.9492e-014
-8.18312e-015
7.37188e-014
-8.1957e-015
8.43769e-014
-8.11981e-015
6.83897e-014
-8.24124e-015
6.39488e-014
-8.35486e-015
7.01661e-014
-8.33795e-015
9.41469e-014
-8.41861e-015
9.23706e-014
-8.43206e-015
9.23706e-014
-8.45678e-015
8.34888e-014
-8.44247e-015
7.01661e-014
-8.51706e-015
7.50511e-014
-8.38392e-015
9.32587e-014
-8.44463e-015
7.99361e-014
-8.38045e-015
9.76996e-014
-8.39606e-015
9.76996e-014
-8.41254e-015
7.99361e-014
-8.31973e-015
7.86038e-014
-8.33665e-015
7.41629e-014
-8.318e-015
8.34888e-014
-8.2421e-015
8.9706e-014
-8.22389e-015
8.34888e-014
-8.16057e-015
7.68274e-014
-8.16274e-015
7.41629e-014
-8.11851e-015
6.9722e-014
-8.00445e-015
7.14984e-014
-7.9806e-015
8.17124e-014
-7.78674e-015
7.37188e-014
-7.95544e-015
7.32747e-014
-7.74597e-015
8.79297e-014
-7.77937e-015
9.32587e-014
-7.79281e-015
1.02585e-013
-7.76245e-015
9.41469e-014
-7.76115e-015
9.68114e-014
-7.72689e-015
1.02585e-013
-7.62107e-015
8.61533e-014
-7.64796e-015
7.99361e-014
-7.57727e-015
9.54792e-014
-7.57424e-015
8.74856e-014
-7.57857e-015
8.08242e-014
-7.6137e-015
7.32747e-014
-7.61023e-015
9.14824e-014
-7.48837e-015
8.03801e-014
-7.48577e-015
6.35048e-014
-7.48923e-015
3.73035e-014
-7.32183e-015
2.57572e-014
-7.47492e-015
1.46549e-014
-7.27109e-015
-2.66454e-015
-7.22773e-015
-2.57572e-014
-7.12321e-015
-2.88658e-014
-7.06119e-015
-2.93099e-014
-7.00872e-015
-1.28786e-014
-6.76325e-015
-1.86517e-014
-6.88338e-015
-1.5099e-014
-6.68693e-015
-1.95399e-014
-6.64312e-015
-2.35367e-014
-6.62751e-015
-1.64313e-014
-6.49784e-015
-9.32587e-015
-6.62621e-015
-3.10862e-015
-6.37381e-015
1.33227e-015
-6.50565e-015
1.33227e-015
-6.31092e-015
3.10862e-015
-6.27146e-015
6.21725e-015
-6.3634e-015
2.08722e-014
-6.24284e-015
9.32587e-015
-6.30182e-015
1.77636e-014
-6.39853e-015
6.66134e-015
-6.44753e-015
6.21725e-015
-6.40937e-015
9.76996e-015
-6.47052e-015
1.77636e-015
-6.46141e-015
1.19904e-014
-6.63011e-015
3.10862e-015
-6.53123e-015
-2.22045e-015
-6.5282e-015
-1.46549e-014
-6.61233e-015
-2.70894e-014
-6.59455e-015
-2.22045e-014
-6.63228e-015
-4.88498e-015
-6.68909e-015
-7.99361e-015
-6.57764e-015
-2.39808e-014
-6.58414e-015
-1.28786e-014
-6.59976e-015
-7.54952e-015
-6.64659e-015
-1.24345e-014
-6.6956e-015
-6.66134e-015
-6.68432e-015
-1.15463e-014
-6.66177e-015
-1.73195e-014
-6.76282e-015
-1.55431e-014
-6.78537e-015
-6.66134e-015
-6.66134e-015
-1.06581e-014
-6.89292e-015
-8.88178e-015
-6.73463e-015
-7.54952e-015
-6.76412e-015
-6.8244e-015
273.398
273.138
273.006
272.943
272.815
272.592
272.304
272.003
271.705
271.532
271.731
272.055
272.276
272.288
272.101
271.819
271.278
270.446
269.654
268.987
268.454
268.047
267.739
267.502
267.299
267.108
266.909
266.695
266.469
266.182
265.746
264.971
263.568
260.947
255.679
243.361
207.835
123.299
51.9874
15.7271
3.67652
0.772332
0.15821
0.0322636
0.0065739
0.00133902
0.000272664
5.55071e-005
1.12964e-005
2.29819e-006
4.67374e-007
9.50058e-008
1.93021e-008
3.91907e-009
7.95051e-010
1.61041e-010
3.25251e-011
6.49081e-012
1.25411e-012
2.34479e-013
-5.32907e-014
-7.81597e-014
-7.10543e-014
7.10543e-015
1.42109e-013
3.23297e-013
4.68958e-013
6.35936e-013
8.49099e-013
9.59233e-013
9.5568e-013
1.0516e-012
1.14397e-012
1.05871e-012
1.06937e-012
1.01963e-012
1.03739e-012
1.06937e-012
1.05871e-012
1.15463e-012
1.21858e-012
1.34648e-012
1.42819e-012
1.36779e-012
1.25766e-012
9.84102e-013
8.56204e-013
8.81073e-013
9.20153e-013
8.06466e-013
7.88702e-013
8.2423e-013
7.42517e-013
8.56204e-013
9.166e-013
8.91731e-013
1.03739e-012
1.08713e-012
1.16529e-012
1.27898e-012
1.28608e-012
1.30385e-012
1.26121e-012
1.20082e-012
1.29674e-012
1.23279e-012
1.22924e-012
1.20437e-012
1.15818e-012
1.22924e-012
9.98313e-013
1.12266e-012
9.84102e-013
8.98837e-013
8.10019e-013
7.17648e-013
6.2883e-013
4.36984e-013
4.08562e-013
2.0961e-013
1.06581e-013
-1.42109e-013
-2.77112e-013
-4.79616e-013
-5.3646e-013
-5.50671e-013
-6.2883e-013
-6.71463e-013
-5.29354e-013
-3.62377e-013
-2.55795e-013
-3.41061e-013
-2.80664e-013
-1.98952e-013
-1.91847e-013
-2.02505e-013
-2.34479e-013
-1.42109e-013
-2.27374e-013
-3.30402e-013
-3.58824e-013
-4.01457e-013
-5.18696e-013
-4.65405e-013
-3.83693e-013
-3.55271e-013
-3.73035e-013
-4.47642e-013
-5.00933e-013
)
;

boundaryField
{
    inlet
    {
        type            calculated;
        value           nonuniform List<scalar> 2(1.44355e-012 8.73115e-015);
    }
    outlet
    {
        type            calculated;
        value           nonuniform List<scalar> 2(-4.31707e-013 3.63798e-015);
    }
    bottom
    {
        type            symmetryPlane;
        value           uniform 0;
    }
    top
    {
        type            symmetryPlane;
        value           uniform 0;
    }
    obstacle
    {
        type            calculated;
        value           nonuniform List<scalar> 
102
(
38.8077
-7.83945
-0.000244193
-0.000242755
-0.000241311
-0.000239876
-0.00023845
-0.000237029
-0.00023561
-0.000234192
-0.000232772
-0.000231352
-0.000229932
-0.000228511
-0.00022709
-0.000225669
-0.000224247
-0.000222826
-0.000221404
-0.000219981
-0.000218559
-0.000217136
-0.000215714
-0.000214292
-0.000212871
-0.000211448
-0.000210029
-0.000208606
-0.000207189
-0.000205768
-0.000204354
-0.000202938
-0.000201525
-0.000200114
-0.000198706
-0.0001973
-0.000195896
-0.000194494
-0.000193096
-0.000191699
-0.000190304
-0.000188912
-0.000187521
-0.000186131
-0.000184741
-0.000183351
-0.000181961
-0.000180568
-0.000179173
-0.000177775
-0.000176373
-0.000174966
-0.000173554
-0.000172134
-0.000170709
-0.000169275
-0.000167839
-0.000166387
-0.00016494
-0.000163482
-0.000162006
-0.000160531
-0.000159049
-0.00015755
-0.000156067
-0.000154545
-0.000153065
-0.000151525
-0.000150046
-0.000148494
-0.000147012
-0.000145455
-0.000143969
-0.000142409
-0.00014092
-0.000139358
-0.000137866
-0.000136303
-0.000134809
-0.000133244
-0.000131747
-0.000130181
-0.000128678
-0.000127111
-0.000125602
-0.000124032
-0.000122516
-0.000120941
-0.000119416
-0.000117834
-0.000116294
-0.000114708
-0.000113148
-0.000111559
-0.000109977
-0.000108376
-0.000106776
-0.000105156
-0.000103535
-0.000101894
-0.000100247
-9.85784e-005
)
;
    }
    defaultFaces
    {
        type            empty;
        value           nonuniform 0();
    }
}


// ************************************************************************* //
