/*--------------------------------*- C++ -*----------------------------------*\
| =========                 |                                                 |
| \\      /  F ield         | OpenFOAM: The Open Source CFD Toolbox           |
|  \\    /   O peration     | Version:  5.x                                   |
|   \\  /    A nd           | Web:      www.OpenFOAM.org                      |
|    \\/     M anipulation  |                                                 |
\*---------------------------------------------------------------------------*/
/*   Windows 32 and 64 bit porting by blueCAPE: http://www.bluecape.com.pt   *\
|  Based on Windows porting (2.0.x v4) by Symscape: http://www.symscape.com   |
\*---------------------------------------------------------------------------*/
FoamFile
{
    version     2.0;
    format      ascii;
    class       volScalarField;
    location    "0.006";
    object      T;
}
// * * * * * * * * * * * * * * * * * * * * * * * * * * * * * * * * * * * * * //

dimensions      [0 0 0 1 0 0 0];

internalField   nonuniform List<scalar> 
1000
(
348.432
348.432
348.432
348.432
348.432
348.432
348.432
348.432
348.432
348.432
348.432
348.432
348.432
348.432
348.432
348.432
348.432
348.432
348.432
348.432
348.432
348.432
348.432
348.432
348.432
348.432
348.432
348.432
348.432
348.432
348.432
348.432
348.432
348.432
348.432
348.432
348.432
348.432
348.432
348.432
348.432
348.432
348.432
348.432
348.432
348.432
348.432
348.432
348.432
348.432
348.432
348.432
348.432
348.432
348.432
348.432
348.432
348.432
348.432
348.432
348.432
348.432
348.432
348.432
348.432
348.432
348.432
348.432
348.432
348.432
348.432
348.432
348.432
348.432
348.432
348.432
348.432
348.432
348.432
348.432
348.432
348.432
348.432
348.432
348.432
348.432
348.432
348.432
348.431
348.431
348.43
348.429
348.426
348.421
348.413
348.401
348.38
348.348
348.298
348.225
348.118
347.969
347.765
347.495
347.15
346.721
346.204
345.601
344.915
344.156
343.335
342.461
341.542
340.587
339.602
338.592
337.562
336.514
335.451
334.375
333.289
332.193
331.088
329.977
328.859
327.735
326.607
325.473
324.336
323.195
322.052
320.905
319.756
318.605
317.453
316.299
315.144
313.988
312.832
311.675
310.518
309.362
308.206
307.051
305.896
304.743
303.59
302.439
301.29
300.142
298.996
297.852
296.711
295.569
294.438
293.287
292.192
290.986
290.001
288.647
287.851
286.35
285.595
284.267
283.161
282.242
280.933
279.902
278.936
277.694
276.626
275.679
274.53
273.397
272.435
271.422
270.283
269.235
268.296
267.285
266.204
265.189
264.271
263.324
262.309
261.325
260.429
259.571
258.667
257.745
256.881
256.098
255.347
254.574
253.802
253.089
252.472
251.91
251.347
250.796
250.31
249.913
249.579
249.299
249.049
248.804
248.596
248.491
248.463
248.418
248.341
248.289
248.281
248.29
248.318
248.341
248.349
248.35
248.351
248.355
248.376
248.405
248.429
248.439
248.441
248.443
248.451
248.473
248.502
248.524
248.537
248.544
248.556
248.583
248.621
248.659
248.685
248.699
248.715
248.748
248.804
248.863
248.901
248.924
248.956
249.011
249.083
249.156
249.216
249.266
249.319
249.394
249.502
249.642
249.802
249.963
250.104
250.212
250.281
250.32
250.347
250.391
250.507
250.933
252.566
258.089
269.837
284.453
300.691
317.483
333.77
348.668
361.545
372.09
380.287
386.341
390.59
393.416
395.188
396.222
396.768
397.015
397.094
397.09
397.051
396.99
396.938
396.927
396.938
396.977
397.081
397.213
397.394
397.641
397.78
397.944
398.085
398.165
398.19
398.211
348.432
348.432
348.432
348.432
348.432
348.432
348.432
348.432
348.432
348.432
348.432
348.432
348.432
348.432
348.432
348.432
348.432
348.432
348.432
348.432
348.432
348.432
348.432
348.432
348.432
348.432
348.432
348.432
348.432
348.432
348.432
348.432
348.432
348.432
348.432
348.432
348.432
348.432
348.432
348.432
348.432
348.432
348.432
348.432
348.432
348.432
348.432
348.432
348.432
348.432
348.432
348.432
348.432
348.432
348.432
348.432
348.432
348.432
348.432
348.432
348.432
348.432
348.432
348.432
348.432
348.432
348.432
348.432
348.432
348.432
348.432
348.432
348.432
348.432
348.432
348.432
348.432
348.432
348.432
348.432
348.432
348.432
348.432
348.432
348.432
348.432
348.432
348.432
348.431
348.431
348.43
348.429
348.426
348.421
348.413
348.401
348.38
348.348
348.298
348.225
348.118
347.969
347.765
347.495
347.15
346.721
346.204
345.601
344.915
344.156
343.335
342.461
341.542
340.587
339.602
338.592
337.562
336.514
335.451
334.375
333.289
332.193
331.088
329.977
328.859
327.735
326.607
325.473
324.336
323.195
322.052
320.905
319.756
318.605
317.453
316.299
315.144
313.988
312.832
311.675
310.518
309.362
308.206
307.051
305.896
304.743
303.59
302.439
301.29
300.142
298.996
297.852
296.711
295.569
294.438
293.287
292.192
290.986
290.001
288.647
287.851
286.35
285.595
284.267
283.161
282.242
280.933
279.902
278.936
277.694
276.626
275.679
274.53
273.397
272.435
271.422
270.283
269.235
268.296
267.285
266.204
265.189
264.271
263.324
262.309
261.325
260.429
259.571
258.667
257.745
256.881
256.098
255.347
254.574
253.802
253.089
252.472
251.91
251.347
250.796
250.31
249.913
249.579
249.299
249.049
248.804
248.596
248.491
248.463
248.418
248.341
248.289
248.281
248.29
248.318
248.341
248.349
248.35
248.351
248.355
248.376
248.405
248.429
248.439
248.441
248.443
248.451
248.473
248.502
248.524
248.537
248.544
248.556
248.583
248.621
248.659
248.685
248.699
248.715
248.748
248.804
248.863
248.901
248.924
248.956
249.011
249.083
249.156
249.216
249.266
249.319
249.394
249.502
249.642
249.802
249.963
250.104
250.212
250.281
250.32
250.347
250.391
250.507
250.933
252.566
258.089
269.837
284.453
300.691
317.483
333.77
348.668
361.545
372.09
380.287
386.342
390.591
393.417
395.188
396.222
396.77
397.017
397.095
397.092
397.043
396.972
396.913
396.881
396.873
396.876
396.896
396.934
397.016
397.09
397.167
397.228
397.279
397.286
397.3
397.263
397.27
397.258
397.243
397.234
397.229
397.226
397.224
397.222
397.22
397.218
397.216
397.214
397.212
397.21
397.209
397.207
397.206
397.205
397.204
397.204
397.204
397.205
397.205
397.208
397.207
397.214
397.211
397.223
397.224
397.235
397.244
397.255
397.268
397.284
397.302
397.323
397.346
397.372
397.399
397.43
397.462
397.496
397.531
397.566
397.602
397.637
397.671
397.703
397.732
397.758
397.778
397.795
397.805
397.81
397.803
397.816
397.783
397.764
397.751
397.706
397.66
397.63
397.542
397.538
397.404
397.416
397.256
397.276
397.103
397.124
396.945
396.965
396.784
396.805
396.622
396.645
396.461
396.485
396.304
396.328
396.152
396.175
396.006
396.028
395.864
395.885
395.726
395.747
395.597
395.598
395.483
395.449
395.362
395.316
395.236
395.19
395.111
395.064
394.987
394.939
397.461
396.866
396.029
394.075
391.017
387.873
384.879
382.036
379.297
376.64
374.042
371.485
368.96
366.47
363.988
361.497
358.997
356.466
353.879
351.201
348.4
345.406
342.137
338.502
334.402
329.762
324.599
319.019
313.201
307.379
301.782
296.589
291.928
287.903
284.583
282.023
280.253
279.256
278.88
278.779
278.754
278.748
278.746
278.746
278.746
278.746
278.746
278.746
278.746
278.746
278.746
278.746
278.746
278.746
278.746
278.746
278.746
278.746
278.746
278.746
278.746
278.746
278.746
278.746
278.746
278.746
278.746
278.746
278.746
278.746
278.746
278.746
278.746
278.746
278.746
278.746
278.746
278.746
278.746
278.746
278.746
278.746
278.746
278.746
278.746
278.746
278.746
278.746
278.746
278.746
278.746
278.746
278.746
278.746
278.746
278.746
278.746
278.746
278.746
278.746
278.746
278.746
278.746
278.746
278.746
278.746
278.746
278.746
278.746
278.746
278.746
278.746
278.746
278.746
278.746
278.746
278.746
278.746
278.746
278.746
278.746
278.746
278.746
278.746
278.746
278.746
278.746
278.746
278.746
278.746
278.746
278.746
278.746
278.746
278.746
278.746
278.746
278.746
278.746
278.746
278.746
278.746
278.746
278.746
278.746
278.746
278.746
278.746
278.746
278.746
394.64
394.573
394.396
394.019
393.682
393.483
393.408
393.379
393.343
393.212
392.773
391.866
390.97
390.329
390.027
389.992
390.156
390.746
391.578
392.313
392.883
393.26
393.483
393.597
393.634
393.637
393.63
393.622
393.626
393.656
393.687
393.671
393.512
392.996
391.718
389.032
382.519
365.931
325.48
296.761
283.648
279.844
278.977
278.794
278.756
278.748
278.746
278.746
278.746
278.746
278.746
278.746
278.746
278.746
278.746
278.746
278.746
278.746
278.746
278.746
278.746
278.746
278.746
278.746
278.746
278.746
278.746
278.746
278.746
278.746
278.746
278.746
278.746
278.746
278.746
278.746
278.746
278.746
278.746
278.746
278.746
278.746
278.746
278.746
278.746
278.746
278.746
278.746
278.746
278.746
278.746
278.746
278.746
278.746
278.746
278.746
278.746
278.746
278.746
278.746
278.746
278.746
278.746
278.746
278.746
278.746
278.746
278.746
278.746
278.746
278.746
278.746
278.746
278.746
278.746
278.746
278.746
278.746
278.746
278.746
278.746
278.746
278.746
278.746
278.746
278.746
278.746
278.746
278.746
278.746
278.746
278.746
278.746
278.746
278.746
278.746
278.746
278.746
278.746
278.746
278.746
278.746
278.746
278.746
278.746
278.746
278.746
278.746
278.746
278.746
)
;

boundaryField
{
    inlet
    {
        type            zeroGradient;
    }
    outlet
    {
        type            zeroGradient;
    }
    bottom
    {
        type            symmetryPlane;
    }
    top
    {
        type            symmetryPlane;
    }
    obstacle
    {
        type            zeroGradient;
    }
    defaultFaces
    {
        type            empty;
    }
}


// ************************************************************************* //
