/*--------------------------------*- C++ -*----------------------------------*\
| =========                 |                                                 |
| \\      /  F ield         | OpenFOAM: The Open Source CFD Toolbox           |
|  \\    /   O peration     | Version:  5.x                                   |
|   \\  /    A nd           | Web:      www.OpenFOAM.org                      |
|    \\/     M anipulation  |                                                 |
\*---------------------------------------------------------------------------*/
/*   Windows 32 and 64 bit porting by blueCAPE: http://www.bluecape.com.pt   *\
|  Based on Windows porting (2.0.x v4) by Symscape: http://www.symscape.com   |
\*---------------------------------------------------------------------------*/
FoamFile
{
    version     2.0;
    format      ascii;
    class       volVectorField;
    location    "0.006";
    object      U;
}
// * * * * * * * * * * * * * * * * * * * * * * * * * * * * * * * * * * * * * //

dimensions      [0 1 -1 0 0 0 0];

internalField   nonuniform List<vector> 
1000
(
(5.83492e-015 2.49078e-012 0)
(5.54317e-013 2.4937e-012 0)
(6.36006e-013 2.43024e-012 0)
(8.28559e-013 2.44483e-012 0)
(6.36006e-013 2.47109e-012 0)
(7.52705e-013 2.44921e-012 0)
(1.16115e-012 2.4937e-012 0)
(1.1203e-012 2.42441e-012 0)
(1.39455e-012 2.46234e-012 0)
(1.31869e-012 2.50026e-012 0)
(1.6046e-012 2.44921e-012 0)
(1.31869e-012 2.46307e-012 0)
(1.65128e-012 2.52798e-012 0)
(1.77965e-012 2.4514e-012 0)
(1.61044e-012 2.47619e-012 0)
(1.56376e-012 2.45723e-012 0)
(9.68597e-013 2.49953e-012 0)
(8.92743e-013 2.47036e-012 0)
(3.03416e-013 2.48495e-012 0)
(2.27562e-013 2.50464e-012 0)
(4.08444e-013 2.52725e-012 0)
(-3.38425e-013 2.46452e-012 0)
(1.40038e-013 2.51923e-012 0)
(2.45067e-013 2.47036e-012 0)
(3.5593e-013 2.51996e-012 0)
(4.55124e-013 2.44118e-012 0)
(2.97581e-013 2.48932e-012 0)
(5.71822e-013 2.43535e-012 0)
(9.39422e-013 2.46525e-012 0)
(1.24867e-012 2.39159e-012 0)
(1.04445e-012 2.45796e-012 0)
(7.93549e-013 2.38138e-012 0)
(3.73435e-013 2.41128e-012 0)
(2.27562e-013 2.40253e-012 0)
(6.18502e-013 2.47546e-012 0)
(4.72629e-013 2.43973e-012 0)
(7.41035e-013 2.46963e-012 0)
(8.40228e-013 2.48203e-012 0)
(1.06779e-012 2.45942e-012 0)
(1.26618e-012 2.44118e-012 0)
(1.42372e-012 2.45577e-012 0)
(2.00721e-012 2.45723e-012 0)
(1.05029e-012 2.42295e-012 0)
(1.59293e-012 2.42368e-012 0)
(1.30702e-012 2.40107e-012 0)
(1.63961e-012 2.39013e-012 0)
(1.3362e-012 2.3471e-012 0)
(8.28559e-013 2.36533e-012 0)
(1.05612e-012 2.38356e-012 0)
(7.17695e-013 2.37117e-012 0)
(1.28368e-012 2.39669e-012 0)
(1.06196e-012 2.36314e-012 0)
(1.07363e-012 2.38065e-012 0)
(1.55209e-012 2.41785e-012 0)
(1.7213e-012 2.47546e-012 0)
(1.56959e-012 2.439e-012 0)
(1.33036e-012 2.54257e-012 0)
(9.62762e-013 2.50756e-012 0)
(3.676e-013 2.56882e-012 0)
(1.34203e-012 2.60748e-012 0)
(7.93549e-013 2.64614e-012 0)
(1.87884e-012 2.69427e-012 0)
(1.90802e-012 2.66656e-012 0)
(3.78103e-012 2.71688e-012 0)
(7.42785e-012 2.7198e-012 0)
(1.59293e-011 2.74387e-012 0)
(3.95316e-011 2.79711e-012 0)
(9.76591e-011 2.76575e-012 0)
(2.4065e-010 2.82994e-012 0)
(5.89129e-010 2.79784e-012 0)
(1.42598e-009 2.83358e-012 0)
(3.41948e-009 2.86786e-012 0)
(8.1086e-009 2.8985e-012 0)
(1.90116e-008 2.93351e-012 0)
(4.4067e-008 2.95466e-012 0)
(1.00946e-007 2.91673e-012 0)
(2.28491e-007 3.00061e-012 0)
(5.1091e-007 2.93059e-012 0)
(1.12826e-006 3.00207e-012 0)
(2.4601e-006 2.91965e-012 0)
(5.29482e-006 2.86495e-012 0)
(1.12455e-005 2.87297e-012 0)
(2.35618e-005 2.85838e-012 0)
(4.8685e-005 2.81243e-012 0)
(9.91726e-005 2.80514e-012 0)
(0.000199086 2.71105e-012 0)
(0.000393708 2.67677e-012 0)
(0.000766682 2.64395e-012 0)
(0.0014695 2.61769e-012 0)
(0.00277101 2.52871e-012 0)
(0.00513802 2.5236e-012 0)
(0.00936288 2.45504e-012 0)
(0.0167581 2.39232e-012 0)
(0.0294421 2.33907e-012 0)
(0.0507401 2.25958e-012 0)
(0.0857154 2.24716e-012 0)
(0.141829 2.17789e-012 0)
(0.229684 2.1035e-012 0)
(0.363754 2.08302e-012 0)
(0.562933 2.01598e-012 0)
(0.850662 1.98668e-012 0)
(1.25438 1.9335e-012 0)
(1.80406 1.88471e-012 0)
(2.52982 1.87838e-012 0)
(3.45875 1.81727e-012 0)
(4.61138 1.81254e-012 0)
(5.99857 1.80368e-012 0)
(7.61925 1.72432e-012 0)
(9.46024 1.74843e-012 0)
(11.4994 1.69202e-012 0)
(13.7107 1.71302e-012 0)
(16.0685 1.70141e-012 0)
(18.5497 1.70172e-012 0)
(21.1341 1.66803e-012 0)
(23.8052 1.68267e-012 0)
(26.5492 1.67886e-012 0)
(29.3553 1.68061e-012 0)
(32.2145 1.60837e-012 0)
(35.1198 1.60814e-012 0)
(38.0654 1.61088e-012 0)
(41.0468 1.6145e-012 0)
(44.0599 1.62531e-012 0)
(47.1017 1.59985e-012 0)
(50.1694 1.57486e-012 0)
(53.2608 1.57558e-012 0)
(56.3739 1.56862e-012 0)
(59.5068 1.5947e-012 0)
(62.6581 1.57659e-012 0)
(65.8264 1.54741e-012 0)
(69.0103 1.5302e-012 0)
(72.2086 1.51292e-012 0)
(75.4204 1.51191e-012 0)
(78.6445 1.50279e-012 0)
(81.88 1.48285e-012 0)
(85.1259 1.47002e-012 0)
(88.3815 1.4533e-012 0)
(91.6459 1.44852e-012 0)
(94.9184 1.44178e-012 0)
(98.1982 1.42811e-012 0)
(101.485 1.41575e-012 0)
(104.777 1.40493e-012 0)
(108.075 1.39432e-012 0)
(111.377 1.39069e-012 0)
(114.684 1.3935e-012 0)
(117.994 1.39072e-012 0)
(121.307 1.39857e-012 0)
(124.623 1.40581e-012 0)
(127.941 1.41294e-012 0)
(131.261 1.41304e-012 0)
(134.582 1.41132e-012 0)
(137.904 1.41207e-012 0)
(141.227 1.41956e-012 0)
(144.55 1.41797e-012 0)
(147.872 1.40814e-012 0)
(151.194 1.39511e-012 0)
(154.514 1.38625e-012 0)
(157.834 1.38114e-012 0)
(161.15 1.37767e-012 0)
(164.467 1.3735e-012 0)
(167.777 1.37226e-012 0)
(171.089 1.36957e-012 0)
(174.393 1.3509e-012 0)
(177.696 1.33908e-012 0)
(180.994 1.32829e-012 0)
(184.286 1.32215e-012 0)
(187.576 1.3155e-012 0)
(190.856 1.30119e-012 0)
(194.131 1.28311e-012 0)
(197.401 1.26647e-012 0)
(200.66 1.24446e-012 0)
(203.911 1.22635e-012 0)
(207.155 1.20604e-012 0)
(210.386 1.18753e-012 0)
(213.605 1.16506e-012 0)
(216.813 1.14185e-012 0)
(220.008 1.10896e-012 0)
(223.185 1.07149e-012 0)
(226.346 1.03054e-012 0)
(229.489 9.85489e-013 0)
(232.611 9.4073e-013 0)
(235.709 8.89467e-013 0)
(238.782 8.37473e-013 0)
(241.827 7.80669e-013 0)
(244.841 7.25109e-013 0)
(247.819 6.63604e-013 0)
(250.758 6.02017e-013 0)
(253.655 5.41711e-013 0)
(256.503 4.84423e-013 0)
(259.297 4.19743e-013 0)
(262.031 3.57189e-013 0)
(264.698 3.00982e-013 0)
(267.291 2.49661e-013 0)
(269.802 2.00134e-013 0)
(272.222 1.5787e-013 0)
(274.542 1.11014e-013 0)
(276.752 5.82801e-014 0)
(278.843 4.2964e-015 0)
(280.805 -5.04236e-014 0)
(282.627 -1.03768e-013 0)
(284.302 -1.50829e-013 0)
(285.823 -1.90364e-013 0)
(287.185 -2.31936e-013 0)
(288.383 -2.79425e-013 0)
(289.419 -3.28583e-013 0)
(290.297 -3.76553e-013 0)
(291.022 -4.21504e-013 0)
(291.606 -4.64996e-013 0)
(292.063 -5.03799e-013 0)
(292.407 -5.48026e-013 0)
(292.656 -5.86779e-013 0)
(292.829 -6.22786e-013 0)
(292.941 -6.59049e-013 0)
(293.012 -7.01979e-013 0)
(293.053 -7.45269e-013 0)
(293.07 -7.79701e-013 0)
(293.074 -8.10358e-013 0)
(293.074 -8.4574e-013 0)
(293.074 -8.72796e-013 0)
(293.074 -8.97688e-013 0)
(293.074 -9.19766e-013 0)
(293.074 -9.38248e-013 0)
(293.072 -9.53923e-013 0)
(293.071 -9.6681e-013 0)
(293.075 -9.78452e-013 0)
(293.085 -9.90836e-013 0)
(293.101 -1.01303e-012 0)
(293.117 -1.0357e-012 0)
(293.13 -1.05503e-012 0)
(293.14 -1.07087e-012 0)
(293.151 -1.08337e-012 0)
(293.159 -1.0985e-012 0)
(293.167 -1.11843e-012 0)
(293.173 -1.14167e-012 0)
(293.177 -1.16353e-012 0)
(293.18 -1.18034e-012 0)
(293.183 -1.19149e-012 0)
(293.186 -1.2054e-012 0)
(293.188 -1.22472e-012 0)
(293.19 -1.24432e-012 0)
(293.192 -1.26084e-012 0)
(293.192 -1.28243e-012 0)
(293.193 -1.30905e-012 0)
(293.193 -1.34047e-012 0)
(293.193 -1.37326e-012 0)
(293.193 -1.40316e-012 0)
(293.192 -1.43702e-012 0)
(293.192 -1.4719e-012 0)
(293.192 -1.50369e-012 0)
(293.192 -1.53066e-012 0)
(293.192 -1.55364e-012 0)
(293.192 -1.56459e-012 0)
(293.192 -1.57465e-012 0)
(293.192 -1.58274e-012 0)
(293.193 -1.59064e-012 0)
(293.194 -1.59835e-012 0)
(293.195 -1.60535e-012 0)
(293.196 -1.62088e-012 0)
(293.197 -1.64281e-012 0)
(293.199 -1.7174e-012 0)
(293.201 -1.82252e-012 0)
(293.205 -3.928e-012 0)
(293.214 -5.47286e-012 0)
(293.239 -7.81882e-012 0)
(293.296 -1.33626e-011 0)
(293.448 5.69377e-012 0)
(293.495 -4.49838e-010 0)
(293.32 -4.46236e-009 0)
(293.141 -1.45274e-008 0)
(293.053 -1.11936e-007 0)
(293.05 -1.99594e-007 0)
(293.077 -2.91321e-007 0)
(293.106 -9.09708e-007 0)
(293.134 -2.39414e-006 0)
(293.155 -4.21499e-006 0)
(293.169 -1.24231e-005 0)
(293.178 -2.20053e-005 0)
(293.182 -3.50002e-005 0)
(293.183 -4.66866e-005 0)
(293.183 -5.79465e-005 0)
(293.184 -7.47785e-005 0)
(293.188 -0.000107164 0)
(293.195 -0.000166313 0)
(293.204 -0.000250873 0)
(293.212 -0.000317233 0)
(293.22 -0.000335812 0)
(293.226 -1.89587e-005 0)
(293.222 0.000604616 0)
(293.2 0.00145493 0)
(293.142 0.00274839 0)
(293.018 0.00493913 0)
(292.792 0.00891613 0)
(292.46 0.0157257 0)
(292.05 0.0258956 0)
(291.607 0.0397489 0)
(291.181 0.0572695 0)
(290.816 0.078197 0)
(290.541 0.102068 0)
(290.361 0.128338 0)
(290.263 0.156131 0)
(290.223 0.184742 0)
(-4.06777e-013 2.46911e-012 0)
(7.53538e-013 2.45952e-012 0)
(4.60125e-013 2.46025e-012 0)
(8.20223e-013 2.45619e-012 0)
(3.33424e-014 2.46525e-012 0)
(8.46897e-013 2.44035e-012 0)
(1.12697e-012 2.46932e-012 0)
(9.53593e-013 2.44504e-012 0)
(1.38038e-012 2.45879e-012 0)
(1.5871e-012 2.44556e-012 0)
(1.85384e-012 2.4639e-012 0)
(1.96053e-012 2.46098e-012 0)
(1.53375e-012 2.47432e-012 0)
(1.49374e-012 2.459e-012 0)
(1.26701e-012 2.46723e-012 0)
(1.12697e-012 2.44504e-012 0)
(1.54709e-012 2.45984e-012 0)
(1.65378e-012 2.4615e-012 0)
(1.05362e-012 2.47828e-012 0)
(1.00694e-012 2.47328e-012 0)
(1.46707e-013 2.49787e-012 0)
(2.13391e-013 2.4739e-012 0)
(-3.46761e-013 2.50308e-012 0)
(1.46707e-013 2.46463e-012 0)
(-1.7338e-013 2.50381e-012 0)
(-7.93549e-013 2.44785e-012 0)
(-2.93413e-013 2.47286e-012 0)
(-8.00218e-014 2.43202e-012 0)
(3.33424e-014 2.45869e-012 0)
(8.00218e-014 2.4067e-012 0)
(-6.66848e-014 2.43618e-012 0)
(-1.06696e-013 2.37825e-012 0)
(9.53593e-013 2.40367e-012 0)
(1.20033e-012 2.39972e-012 0)
(2.08057e-012 2.42868e-012 0)
(7.4687e-013 2.44129e-012 0)
(7.20196e-013 2.4317e-012 0)
(9.73598e-013 2.43316e-012 0)
(1.26034e-012 2.43848e-012 0)
(1.38704e-012 2.43848e-012 0)
(9.60261e-013 2.44546e-012 0)
(9.93604e-013 2.4218e-012 0)
(8.60234e-013 2.42639e-012 0)
(9.40256e-013 2.41461e-012 0)
(7.06859e-013 2.41639e-012 0)
(3.20087e-013 2.39409e-012 0)
(6.53511e-013 2.38752e-012 0)
(5.40147e-013 2.37398e-012 0)
(7.13527e-013 2.37627e-012 0)
(1.42039e-012 2.36439e-012 0)
(1.54042e-012 2.40545e-012 0)
(2.36064e-012 2.37117e-012 0)
(2.52069e-012 2.42076e-012 0)
(3.24088e-012 2.39794e-012 0)
(3.43427e-012 2.4763e-012 0)
(2.75408e-012 2.44025e-012 0)
(4.06777e-012 2.51631e-012 0)
(3.22754e-012 2.50203e-012 0)
(4.38786e-012 2.5683e-012 0)
(3.82104e-012 2.60769e-012 0)
(3.54096e-012 2.62957e-012 0)
(4.12779e-012 2.67687e-012 0)
(3.85438e-012 2.68854e-012 0)
(4.93468e-012 2.7247e-012 0)
(8.41562e-012 2.72032e-012 0)
(1.75714e-011 2.73481e-012 0)
(4.11045e-011 2.77419e-012 0)
(9.86402e-011 2.76346e-012 0)
(2.42173e-010 2.80816e-012 0)
(5.90341e-010 2.7968e-012 0)
(1.42858e-009 2.84557e-012 0)
(3.42177e-009 2.85765e-012 0)
(8.11089e-009 2.89464e-012 0)
(1.90136e-008 2.92059e-012 0)
(4.40681e-008 2.94465e-012 0)
(1.00947e-007 2.94528e-012 0)
(2.28491e-007 2.97727e-012 0)
(5.1091e-007 2.9558e-012 0)
(1.12826e-006 2.96789e-012 0)
(2.4601e-006 2.93705e-012 0)
(5.29482e-006 2.92986e-012 0)
(1.12455e-005 2.88964e-012 0)
(2.35618e-005 2.8563e-012 0)
(4.8685e-005 2.81493e-012 0)
(9.91726e-005 2.77992e-012 0)
(0.000199086 2.72616e-012 0)
(0.000393708 2.70751e-012 0)
(0.000766682 2.62811e-012 0)
(0.0014695 2.61832e-012 0)
(0.00277101 2.5584e-012 0)
(0.00513802 2.50756e-012 0)
(0.00936288 2.45035e-012 0)
(0.0167581 2.39482e-012 0)
(0.0294421 2.34574e-012 0)
(0.0507401 2.28552e-012 0)
(0.0857154 2.22603e-012 0)
(0.141829 2.16143e-012 0)
(0.229684 2.11921e-012 0)
(0.363754 2.06234e-012 0)
(0.562933 2.01873e-012 0)
(0.850662 1.96584e-012 0)
(1.25438 1.93253e-012 0)
(1.80406 1.88596e-012 0)
(2.52982 1.86995e-012 0)
(3.45875 1.83039e-012 0)
(4.61138 1.80813e-012 0)
(5.99857 1.82005e-012 0)
(7.61925 1.72753e-012 0)
(9.46024 1.75894e-012 0)
(11.4994 1.70726e-012 0)
(13.7107 1.72426e-012 0)
(16.0685 1.71813e-012 0)
(18.5497 1.68365e-012 0)
(21.1341 1.66967e-012 0)
(23.8052 1.67129e-012 0)
(26.5492 1.67188e-012 0)
(29.3553 1.67285e-012 0)
(32.2145 1.61113e-012 0)
(35.1198 1.60854e-012 0)
(38.0654 1.61067e-012 0)
(41.0468 1.61548e-012 0)
(44.0599 1.62926e-012 0)
(47.1017 1.60817e-012 0)
(50.1694 1.58496e-012 0)
(53.2608 1.58485e-012 0)
(56.3739 1.57843e-012 0)
(59.5068 1.59632e-012 0)
(62.6581 1.57077e-012 0)
(65.8264 1.54e-012 0)
(69.0103 1.52408e-012 0)
(72.2086 1.50768e-012 0)
(75.4204 1.51053e-012 0)
(78.6445 1.50478e-012 0)
(81.88 1.48554e-012 0)
(85.1259 1.46904e-012 0)
(88.3815 1.44862e-012 0)
(91.6459 1.44063e-012 0)
(94.9184 1.43656e-012 0)
(98.1982 1.42497e-012 0)
(101.485 1.41253e-012 0)
(104.777 1.40526e-012 0)
(108.075 1.39836e-012 0)
(111.377 1.39619e-012 0)
(114.684 1.39843e-012 0)
(117.994 1.3936e-012 0)
(121.307 1.39707e-012 0)
(124.623 1.39957e-012 0)
(127.941 1.40312e-012 0)
(131.261 1.40005e-012 0)
(134.582 1.39645e-012 0)
(137.904 1.39662e-012 0)
(141.227 1.40454e-012 0)
(144.55 1.40579e-012 0)
(147.872 1.39627e-012 0)
(151.194 1.38385e-012 0)
(154.514 1.37537e-012 0)
(157.834 1.37092e-012 0)
(161.15 1.36641e-012 0)
(164.467 1.36234e-012 0)
(167.777 1.36211e-012 0)
(171.089 1.35913e-012 0)
(174.393 1.34056e-012 0)
(177.696 1.32883e-012 0)
(180.994 1.31532e-012 0)
(184.286 1.30837e-012 0)
(187.576 1.29957e-012 0)
(190.856 1.28422e-012 0)
(194.131 1.26721e-012 0)
(197.401 1.24801e-012 0)
(200.66 1.2293e-012 0)
(203.911 1.21191e-012 0)
(207.155 1.19362e-012 0)
(210.386 1.17461e-012 0)
(213.605 1.15493e-012 0)
(216.813 1.13204e-012 0)
(220.008 1.10183e-012 0)
(223.185 1.06521e-012 0)
(226.346 1.02428e-012 0)
(229.489 9.79801e-013 0)
(232.611 9.37107e-013 0)
(235.709 8.87424e-013 0)
(238.782 8.36087e-013 0)
(241.827 7.81527e-013 0)
(244.841 7.24756e-013 0)
(247.819 6.62831e-013 0)
(250.758 5.99489e-013 0)
(253.655 5.39392e-013 0)
(256.503 4.80343e-013 0)
(259.297 4.15987e-013 0)
(262.031 3.52241e-013 0)
(264.698 2.96357e-013 0)
(267.291 2.4614e-013 0)
(269.802 1.98523e-013 0)
(272.222 1.56699e-013 0)
(274.542 1.10195e-013 0)
(276.752 5.79144e-014 0)
(278.843 3.52574e-015 0)
(280.805 -5.00899e-014 0)
(282.627 -1.03479e-013 0)
(284.302 -1.49642e-013 0)
(285.823 -1.88406e-013 0)
(287.185 -2.3021e-013 0)
(288.383 -2.7717e-013 0)
(289.419 -3.25514e-013 0)
(290.297 -3.7274e-013 0)
(291.022 -4.17512e-013 0)
(291.606 -4.61251e-013 0)
(292.063 -5.00955e-013 0)
(292.407 -5.45242e-013 0)
(292.656 -5.848e-013 0)
(292.829 -6.21555e-013 0)
(292.941 -6.58324e-013 0)
(293.012 -7.01502e-013 0)
(293.053 -7.44662e-013 0)
(293.07 -7.79379e-013 0)
(293.074 -8.0961e-013 0)
(293.074 -8.44604e-013 0)
(293.074 -8.7248e-013 0)
(293.074 -8.97258e-013 0)
(293.074 -9.18416e-013 0)
(293.074 -9.36111e-013 0)
(293.072 -9.51215e-013 0)
(293.071 -9.64206e-013 0)
(293.075 -9.75692e-013 0)
(293.085 -9.89112e-013 0)
(293.101 -1.01098e-012 0)
(293.117 -1.03337e-012 0)
(293.13 -1.05329e-012 0)
(293.14 -1.06994e-012 0)
(293.151 -1.08156e-012 0)
(293.159 -1.09764e-012 0)
(293.167 -1.11741e-012 0)
(293.173 -1.14158e-012 0)
(293.177 -1.16419e-012 0)
(293.18 -1.18097e-012 0)
(293.183 -1.1923e-012 0)
(293.186 -1.2064e-012 0)
(293.188 -1.22594e-012 0)
(293.19 -1.24482e-012 0)
(293.192 -1.26149e-012 0)
(293.192 -1.28278e-012 0)
(293.193 -1.30912e-012 0)
(293.193 -1.34092e-012 0)
(293.193 -1.37396e-012 0)
(293.193 -1.40402e-012 0)
(293.192 -1.43758e-012 0)
(293.192 -1.47232e-012 0)
(293.192 -1.50349e-012 0)
(293.192 -1.53105e-012 0)
(293.192 -1.55385e-012 0)
(293.192 -1.5648e-012 0)
(293.192 -1.57527e-012 0)
(293.192 -1.58413e-012 0)
(293.193 -1.59294e-012 0)
(293.194 -1.60097e-012 0)
(293.195 -1.60768e-012 0)
(293.196 -1.62313e-012 0)
(293.197 -1.64534e-012 0)
(293.199 -1.71913e-012 0)
(293.201 -1.82418e-012 0)
(293.205 -3.92967e-012 0)
(293.214 -5.47398e-012 0)
(293.239 -7.81995e-012 0)
(293.296 -1.33637e-011 0)
(293.448 5.69229e-012 0)
(293.495 -4.49838e-010 0)
(293.32 -4.46236e-009 0)
(293.141 -1.45274e-008 0)
(293.053 -1.11936e-007 0)
(293.05 -1.99594e-007 0)
(293.077 -2.91321e-007 0)
(293.106 -9.09708e-007 0)
(293.134 -2.39414e-006 0)
(293.154 -4.21499e-006 0)
(293.168 -1.24231e-005 0)
(293.177 -2.20053e-005 0)
(293.181 -3.50002e-005 0)
(293.182 -4.66865e-005 0)
(293.182 -5.79465e-005 0)
(293.182 -7.47785e-005 0)
(293.184 -0.000107164 0)
(293.189 -0.000166313 0)
(293.198 -0.000250872 0)
(293.209 -0.000317232 0)
(293.232 -0.000335812 0)
(293.264 -1.89472e-005 0)
(293.281 0.000604646 0)
(293.285 0.00145496 0)
(293.281 0.00274848 0)
(293.265 0.00493945 0)
(293.224 0.00891707 0)
(293.14 0.0157281 0)
(293.011 0.0259003 0)
(292.862 0.0397554 0)
(292.719 0.0572798 0)
(292.608 0.0782108 0)
(292.547 0.102082 0)
(292.524 0.128352 0)
(292.52 0.156143 0)
(292.568 0.184752 0)
(292.598 0.183689 0)
(292.654 0.182626 0)
(292.705 0.181563 0)
(292.737 0.180499 0)
(292.753 0.179436 0)
(292.762 0.178372 0)
(292.769 0.177308 0)
(292.775 0.176244 0)
(292.782 0.175179 0)
(292.789 0.174114 0)
(292.796 0.173049 0)
(292.803 0.171983 0)
(292.81 0.170917 0)
(292.817 0.169851 0)
(292.823 0.168784 0)
(292.829 0.167717 0)
(292.834 0.166649 0)
(292.839 0.165581 0)
(292.843 0.164513 0)
(292.847 0.163444 0)
(292.849 0.162375 0)
(292.851 0.161306 0)
(292.851 0.160237 0)
(292.851 0.159167 0)
(292.849 0.158097 0)
(292.845 0.157028 0)
(292.839 0.155957 0)
(292.829 0.154887 0)
(292.816 0.153817 0)
(292.8 0.152747 0)
(292.78 0.151676 0)
(292.753 0.150606 0)
(292.722 0.149535 0)
(292.686 0.148465 0)
(292.644 0.147394 0)
(292.596 0.146323 0)
(292.542 0.145252 0)
(292.481 0.144181 0)
(292.415 0.143109 0)
(292.343 0.142038 0)
(292.266 0.140966 0)
(292.185 0.139893 0)
(292.101 0.138821 0)
(292.015 0.137748 0)
(291.929 0.136674 0)
(291.844 0.1356 0)
(291.762 0.134525 0)
(291.685 0.13345 0)
(291.614 0.132374 0)
(291.553 0.131298 0)
(291.502 0.130221 0)
(291.463 0.129144 0)
(291.438 0.128065 0)
(291.426 0.126987 0)
(291.427 0.125907 0)
(291.446 0.124827 0)
(291.474 0.123747 0)
(291.522 0.122665 0)
(291.599 0.121583 0)
(291.688 0.120501 0)
(291.793 0.119418 0)
(291.916 0.118334 0)
(292.051 0.117249 0)
(292.203 0.116164 0)
(292.363 0.115078 0)
(292.534 0.113991 0)
(292.713 0.112904 0)
(292.9 0.111815 0)
(293.093 0.110725 0)
(293.291 0.109635 0)
(293.492 0.108542 0)
(293.697 0.107449 0)
(293.904 0.106354 0)
(294.111 0.105257 0)
(294.319 0.104158 0)
(294.526 0.103058 0)
(294.732 0.101955 0)
(294.937 0.10085 0)
(295.139 0.0997426 0)
(295.339 0.0986324 0)
(295.537 0.0975188 0)
(295.731 0.0964024 0)
(295.923 0.0952821 0)
(296.112 0.0941583 0)
(296.298 0.0930303 0)
(296.481 0.0918981 0)
(296.662 0.0907611 0)
(296.843 0.0896193 0)
(297.02 0.0884718 0)
(297.198 0.0873189 0)
(297.374 0.0861595 0)
(297.545 0.0849937 0)
(297.717 0.0838206 0)
(297.884 0.0826399 0)
(298.052 0.0814509 0)
(298.217 0.0802531 0)
(298.382 0.0790457 0)
(298.545 0.0778281 0)
(298.709 0.0765994 0)
(298.868 0.0753588 0)
(95.6265 -48.4497 0)
(96.8168 -48.515 0)
(98.9144 -48.4671 0)
(100.743 -48.2043 0)
(102.183 -47.7208 0)
(103.538 -47.076 0)
(104.913 -46.334 0)
(106.271 -45.5365 0)
(107.57 -44.7025 0)
(108.794 -43.8368 0)
(109.932 -42.9363 0)
(110.963 -41.9955 0)
(111.864 -41.0102 0)
(112.615 -39.977 0)
(113.193 -38.8941 0)
(113.578 -37.7615 0)
(113.74 -36.583 0)
(113.638 -35.3634 0)
(113.217 -34.1071 0)
(112.408 -32.818 0)
(111.102 -31.4992 0)
(109.145 -30.15 0)
(106.327 -28.7696 0)
(102.396 -27.3563 0)
(97.098 -25.9033 0)
(90.2583 -24.3978 0)
(81.8909 -22.8318 0)
(72.2566 -21.1976 0)
(61.8422 -19.4835 0)
(51.2525 -17.6891 0)
(41.0572 -15.8212 0)
(31.6863 -13.8867 0)
(23.3996 -11.8862 0)
(16.3424 -9.84941 0)
(10.5838 -7.79119 0)
(6.15509 -5.74071 0)
(3.05252 -3.75053 0)
(1.21007 -1.98543 0)
(0.380873 -0.784346 0)
(0.102503 -0.242217 0)
(0.0254923 -0.0599697 0)
(0.00608141 -0.012997 0)
(0.00141566 -0.00268784 0)
(0.000324058 -0.000549297 0)
(7.32333e-005 -0.000111946 0)
(1.63792e-005 -2.27967e-005 0)
(3.63188e-006 -4.64058e-006 0)
(7.99438e-007 -9.44359e-007 0)
(1.74855e-007 -1.92117e-007 0)
(3.8031e-008 -3.90705e-008 0)
(8.23105e-009 -7.94367e-009 0)
(1.77369e-009 -1.61555e-009 0)
(3.81624e-010 -3.29652e-010 0)
(8.21558e-011 -6.85021e-011 0)
(1.88274e-011 -1.553e-011 0)
(4.57069e-012 -4.76458e-012 0)
(2.45067e-012 -2.60748e-012 0)
(1.06001e-012 -2.17655e-012 0)
(1.6435e-012 -2.08659e-012 0)
(1.00166e-012 -2.07991e-012 0)
(1.35176e-012 -2.08477e-012 0)
(1.19616e-012 -2.05803e-012 0)
(1.37121e-012 -2.0872e-012 0)
(9.14139e-013 -2.11273e-012 0)
(1.15726e-012 -2.09997e-012 0)
(1.19616e-012 -2.11759e-012 0)
(1.60461e-012 -2.11516e-012 0)
(1.34203e-012 -2.11638e-012 0)
(1.62406e-012 -2.10969e-012 0)
(1.12809e-012 -2.12793e-012 0)
(1.13781e-012 -2.09328e-012 0)
(1.34203e-012 -2.1103e-012 0)
(1.39066e-012 -2.09024e-012 0)
(1.40038e-012 -2.10179e-012 0)
(1.55598e-012 -2.1024e-012 0)
(1.48791e-012 -2.07869e-012 0)
(1.12809e-012 -2.0793e-012 0)
(1.29341e-012 -2.07262e-012 0)
(1.07946e-012 -2.05134e-012 0)
(1.58516e-012 -2.04709e-012 0)
(1.15726e-012 -2.03128e-012 0)
(1.56571e-012 -2.03432e-012 0)
(1.00166e-012 -2.02703e-012 0)
(1.30313e-012 -2.00029e-012 0)
(8.75239e-013 -1.99603e-012 0)
(1.59488e-012 -1.94619e-012 0)
(8.84964e-013 -1.9936e-012 0)
(1.37121e-012 -1.92917e-012 0)
(1.14754e-012 -1.9389e-012 0)
(1.60461e-012 -1.94862e-012 0)
(1.43928e-012 -1.9389e-012 0)
(1.7213e-012 -1.9389e-012 0)
(1.41983e-012 -1.93221e-012 0)
(1.73103e-012 -1.90061e-012 0)
(1.40038e-012 -1.91033e-012 0)
(1.34203e-012 -1.89453e-012 0)
(1.37121e-012 -1.89088e-012 0)
(1.47818e-012 -1.89574e-012 0)
(1.42956e-012 -1.90486e-012 0)
(1.02111e-012 -1.90486e-012 0)
(1.59488e-012 -1.86961e-012 0)
(1.09891e-012 -1.869e-012 0)
(1.41011e-012 -1.869e-012 0)
(6.41842e-013 -1.81977e-012 0)
(6.71017e-013 -1.86292e-012 0)
(8.75239e-014 -1.80457e-012 0)
(3.7927e-013 -1.78999e-012 0)
(-4.95969e-013 -1.76263e-012 0)
(-2.33397e-013 -1.75169e-012 0)
(-6.71017e-013 -1.73407e-012 0)
(-1.84773e-013 -1.67025e-012 0)
(-2.23672e-013 -1.70125e-012 0)
(-3.20921e-013 -1.65262e-012 0)
(-2.33397e-013 -1.63803e-012 0)
(-3.88995e-013 -1.63378e-012 0)
(-3.30646e-013 -1.60339e-012 0)
(-2.62572e-013 -1.63317e-012 0)
(-9.72488e-015 -1.56631e-012 0)
(-9.72488e-014 -1.60339e-012 0)
(1.16699e-013 -1.55173e-012 0)
(-6.80742e-014 -1.54626e-012 0)
(1.45873e-013 -1.57665e-012 0)
(1.06974e-013 -1.54747e-012 0)
(4.47345e-013 -1.57057e-012 0)
(-6.80742e-014 -1.59853e-012 0)
(5.73768e-013 -1.61676e-012 0)
(-3.50096e-013 -1.604e-012 0)
(4.95969e-013 -1.62102e-012 0)
(-2.43122e-013 -1.61798e-012 0)
(3.59821e-013 -1.66964e-012 0)
(-1.26423e-013 -1.64107e-012 0)
(2.82022e-013 -1.6435e-012 0)
(-3.59821e-013 -1.66903e-012 0)
(-1.55598e-013 -1.66295e-012 0)
(-7.48816e-013 -1.67207e-012 0)
(1.45873e-013 -1.69274e-012 0)
(-2.82022e-013 -1.6587e-012 0)
(-7.7799e-014 -1.65627e-012 0)
(-5.44593e-013 -1.65992e-012 0)
(6.80742e-014 -1.67815e-012 0)
(-3.30646e-013 -1.68423e-012 0)
(-4.86244e-014 -1.68362e-012 0)
(-2.04222e-013 -1.67633e-012 0)
(-1.55598e-013 -1.69882e-012 0)
(-3.88995e-013 -1.71097e-012 0)
(-1.94498e-014 -1.67937e-012 0)
(-2.91746e-013 -1.73528e-012 0)
(4.86244e-014 -1.69456e-012 0)
(-3.50096e-013 -1.70185e-012 0)
(5.83493e-014 -1.71583e-012 0)
(299.293 -1.03346 0)
(299.062 -2.19858 0)
(298.635 -3.42459 0)
(298.083 -4.71233 0)
(297.462 -6.06265 0)
(296.875 -7.47584 0)
(296.347 -8.951 0)
(295.875 -10.4853 0)
(295.441 -12.0731 0)
(295.026 -13.706 0)
(294.657 -15.371 0)
(294.335 -17.0501 0)
(294.026 -18.7217 0)
(293.715 -20.3578 0)
(293.398 -21.9226 0)
(293.099 -23.3737 0)
(292.821 -24.665 0)
(292.523 -25.7518 0)
(292.195 -26.594 0)
(291.864 -27.1603 0)
(291.553 -27.433 0)
(291.262 -27.4087 0)
(290.982 -27.0975 0)
(290.708 -26.5192 0)
(290.436 -25.6991 0)
(290.162 -24.6642 0)
(289.882 -23.4401 0)
(289.587 -22.0498 0)
(289.273 -20.514 0)
(288.938 -18.8517 0)
(288.533 -17.0805 0)
(287.982 -15.217 0)
(287.093 -13.2777 0)
(285.47 -11.2786 0)
(282.332 -9.23612 0)
(276.05 -7.1687 0)
(260.98 -5.09667 0)
(220.384 -3.04583 0)
(140.189 -1.27944 0)
(57.423 -0.340894 0)
(16.5322 -0.0678798 0)
(3.91003 -0.0133568 0)
(0.835588 -0.00270278 0)
(0.172242 -0.000549922 0)
(0.0351813 -0.000111972 0)
(0.00717041 -2.27978e-005 0)
(0.00146047 -4.64062e-006 0)
(0.000297364 -9.44361e-007 0)
(6.05275e-005 -1.92117e-007 0)
(1.23162e-005 -3.90705e-008 0)
(2.50523e-006 -7.9436e-009 0)
(5.09375e-007 -1.61548e-009 0)
(1.03518e-007 -3.29594e-010 0)
(2.10255e-008 -6.84152e-011 0)
(4.26739e-009 -1.54424e-011 0)
(8.65159e-010 -4.69234e-012 0)
(1.75003e-010 -2.53298e-012 0)
(3.51541e-011 -2.10283e-012 0)
(6.8352e-012 -2.02555e-012 0)
(1.4115e-012 -2.02503e-012 0)
(5.55707e-014 -2.02356e-012 0)
(-1.11141e-013 -2.03728e-012 0)
(-3.00082e-013 -2.05438e-012 0)
(5.55707e-014 -2.06489e-012 0)
(3.33424e-014 -2.06489e-012 0)
(5.55707e-013 -2.08191e-012 0)
(9.33589e-013 -2.07991e-012 0)
(1.23367e-012 -2.08269e-012 0)
(1.77826e-012 -2.08121e-012 0)
(2.045e-012 -2.10266e-012 0)
(2.22283e-012 -2.06411e-012 0)
(2.24506e-012 -2.06037e-012 0)
(2.68962e-012 -2.06228e-012 0)
(2.2784e-012 -2.02911e-012 0)
(2.5896e-012 -2.05073e-012 0)
(2.23394e-012 -2.01522e-012 0)
(2.55625e-012 -2.01835e-012 0)
(2.36731e-012 -2.01236e-012 0)
(2.36731e-012 -2.00515e-012 0)
(2.56737e-012 -1.99612e-012 0)
(2.67851e-012 -1.98118e-012 0)
(2.96748e-012 -1.96868e-012 0)
(3.04528e-012 -1.95974e-012 0)
(3.36759e-012 -1.94011e-012 0)
(3.04528e-012 -1.94011e-012 0)
(2.54514e-012 -1.90095e-012 0)
(2.21172e-012 -1.91806e-012 0)
(1.81161e-012 -1.89913e-012 0)
(2.31174e-012 -1.90825e-012 0)
(1.73381e-012 -1.88202e-012 0)
(1.95609e-012 -1.89227e-012 0)
(1.91163e-012 -1.88454e-012 0)
(1.62267e-012 -1.88289e-012 0)
(1.98943e-012 -1.88168e-012 0)
(1.85606e-012 -1.89262e-012 0)
(2.10057e-012 -1.86214e-012 0)
(2.30063e-012 -1.87786e-012 0)
(2.31174e-012 -1.8631e-012 0)
(2.74519e-012 -1.86127e-012 0)
(2.72297e-012 -1.84148e-012 0)
(2.88968e-012 -1.8308e-012 0)
(2.98971e-012 -1.81647e-012 0)
(3.04528e-012 -1.81421e-012 0)
(2.68962e-012 -1.77957e-012 0)
(2.94525e-012 -1.78582e-012 0)
(2.90079e-012 -1.74753e-012 0)
(2.77854e-012 -1.74379e-012 0)
(2.84522e-012 -1.72035e-012 0)
(2.55625e-012 -1.68093e-012 0)
(2.88968e-012 -1.68405e-012 0)
(2.38954e-012 -1.62709e-012 0)
(2.55625e-012 -1.64498e-012 0)
(2.17837e-012 -1.58984e-012 0)
(2.50068e-012 -1.59123e-012 0)
(1.65601e-012 -1.58116e-012 0)
(1.98943e-012 -1.51917e-012 0)
(1.36704e-012 -1.56518e-012 0)
(1.34481e-012 -1.51482e-012 0)
(9.66931e-013 -1.52906e-012 0)
(6.89077e-013 -1.50909e-012 0)
(4.11224e-013 -1.4952e-012 0)
(-3.33424e-014 -1.51699e-012 0)
(-4.5568e-013 -1.50736e-012 0)
(-9.78045e-013 -1.51144e-012 0)
(-1.13364e-012 -1.53271e-012 0)
(-1.30036e-012 -1.52516e-012 0)
(-1.30036e-012 -1.54834e-012 0)
(-1.46707e-012 -1.5664e-012 0)
(-1.43373e-012 -1.56032e-012 0)
(-1.01139e-012 -1.57821e-012 0)
(-7.11306e-013 -1.58177e-012 0)
(-6.77963e-013 -1.58681e-012 0)
(-7.33534e-013 -1.59158e-012 0)
(-6.11278e-013 -1.5908e-012 0)
(-2.44511e-013 -1.61034e-012 0)
(-5.66822e-013 -1.59219e-012 0)
(-4.5568e-013 -1.60669e-012 0)
(-5.55707e-013 -1.60721e-012 0)
(-1.88941e-013 -1.63413e-012 0)
(-7.11306e-013 -1.59115e-012 0)
(-7.66876e-013 -1.63517e-012 0)
(-9.44703e-013 -1.62223e-012 0)
(-9.66931e-013 -1.62154e-012 0)
(-1.24478e-012 -1.66851e-012 0)
(-9.1136e-013 -1.63916e-012 0)
(-9.22474e-013 -1.60756e-012 0)
(-7.44648e-013 -1.68805e-012 0)
(-9.44703e-013 -1.64411e-012 0)
(-1.11141e-012 -1.65766e-012 0)
(-9.89159e-013 -1.66651e-012 0)
)
;

boundaryField
{
    inlet
    {
        type            zeroGradient;
    }
    outlet
    {
        type            zeroGradient;
    }
    bottom
    {
        type            symmetryPlane;
    }
    top
    {
        type            symmetryPlane;
    }
    obstacle
    {
        type            zeroGradient;
    }
    defaultFaces
    {
        type            empty;
    }
}


// ************************************************************************* //
