/*--------------------------------*- C++ -*----------------------------------*\
| =========                 |                                                 |
| \\      /  F ield         | OpenFOAM: The Open Source CFD Toolbox           |
|  \\    /   O peration     | Version:  5.x                                   |
|   \\  /    A nd           | Web:      www.OpenFOAM.org                      |
|    \\/     M anipulation  |                                                 |
\*---------------------------------------------------------------------------*/
/*   Windows 32 and 64 bit porting by blueCAPE: http://www.bluecape.com.pt   *\
|  Based on Windows porting (2.0.x v4) by Symscape: http://www.symscape.com   |
\*---------------------------------------------------------------------------*/
FoamFile
{
    version     2.0;
    format      ascii;
    class       volScalarField;
    location    "0.005";
    object      p;
}
// * * * * * * * * * * * * * * * * * * * * * * * * * * * * * * * * * * * * * //

dimensions      [1 -1 -2 0 0 0 0];

internalField   nonuniform List<scalar> 
1000
(
100000
100000
100000
100000
100000
100000
100000
100000
100000
100000
100000
100000
100000
100000
100000
100000
100000
100000
100000
100000
100000
100000
100000
100000
100000
100000
100000
100000
100000
100000
100000
100000
100000
100000
100000
100000
100000
100000
100000
100000
100000
100000
100000
100000
100000
100000
100000
100000
100000
100000
100000
100000
100000
100000
100000
100000
100000
100000
100000
100000
100000
100000
100000
100000
100000
100000
100000
100000
100000
100000
100000
100000
100000
100000
100000
100000
100000
100000
100000
100000
100000
100000
100000
100000
100000
100000
100000
100000
100000
100000
100000
100000
100000
100000
100000
100000
100000
100000
100000
100000
100000
100000
99999.9
99999.8
99999.6
99999.2
99998.4
99996.9
99994.2
99989.3
99980.8
99966.3
99942.1
99903
99841.6
99748
99609.9
99412.8
99141.2
98780.2
98317.7
97746.3
97065.4
96282.1
95409.6
94463.7
93459.4
92409.9
91326.4
90217.7
89090.7
87951.2
86803.3
85650.6
84495.7
83340.9
82188
81038.4
79893.4
78753.9
77621
76495.3
75377.5
74268.2
73167.9
72077.1
70996.2
69925.6
68865.5
67816.4
66778.4
65751.8
64736.7
63733.5
62742.2
61762.9
60795.8
59841
58898.5
57968.4
57050.8
56145.6
55253.1
54372.9
53505.5
52650.1
51808.1
50977.6
50160.9
49355.6
48563.6
47783.8
47016.4
46261.9
45519.9
44790.5
44073.9
43370
42679.2
42001.3
41336.6
40685.3
40047.8
39424
38814.4
38219.6
37640
37075.9
36527.9
35996.9
35483.8
34989.3
34514.4
34060
33627.8
33218.9
32834.6
32476.2
32145
31842.5
31569.7
31327.3
31115.6
30934.4
30782.9
30659.9
30562.9
30489.9
30436.1
30400.9
30376.5
30361.8
30356
30354.2
30354.1
30354.6
30355.1
30356.6
30358.7
30360
30360
30359.9
30359.6
30358.4
30356.5
30353.7
30350.8
30348.1
30346.6
30344.8
30343.8
30342.9
30342.2
30341.2
30340.3
30339.9
30338.9
30338.4
30337.9
30337.5
30337.1
30336.8
30336.5
30336.2
30336.1
30336
30335.9
30335.9
30335.8
30335.8
30336.1
30337
30340.7
30357.3
30317.1
30318.9
30325.1
30335.2
30336
30336
30335.3
30334.3
30333.3
30332.4
30331.7
30331
30330.4
30329.9
30329.2
30329
30328.1
30328.6
30328.5
30328.3
30328.3
30328.4
30328.5
30328.6
30328.6
30328.5
30328.4
30328.3
30328.1
30327.9
30327.6
30327.3
30326.7
30325.6
30323.5
30319.4
30311.2
30295.4
30272
30274.2
30283.9
30311.9
30376.4
30498.9
30617.3
30692.6
100000
100000
100000
100000
100000
100000
100000
100000
100000
100000
100000
100000
100000
100000
100000
100000
100000
100000
100000
100000
100000
100000
100000
100000
100000
100000
100000
100000
100000
100000
100000
100000
100000
100000
100000
100000
100000
100000
100000
100000
100000
100000
100000
100000
100000
100000
100000
100000
100000
100000
100000
100000
100000
100000
100000
100000
100000
100000
100000
100000
100000
100000
100000
100000
100000
100000
100000
100000
100000
100000
100000
100000
100000
100000
100000
100000
100000
100000
100000
100000
100000
100000
100000
100000
100000
100000
100000
100000
100000
100000
100000
100000
100000
100000
100000
100000
100000
100000
100000
100000
100000
100000
99999.9
99999.8
99999.6
99999.2
99998.4
99996.9
99994.2
99989.3
99980.8
99966.3
99942.1
99903
99841.6
99748
99609.9
99412.8
99141.2
98780.2
98317.7
97746.3
97065.4
96282.1
95409.6
94463.7
93459.4
92409.9
91326.4
90217.7
89090.7
87951.2
86803.3
85650.6
84495.7
83340.9
82188
81038.4
79893.4
78753.9
77621
76495.3
75377.5
74268.2
73167.9
72077.1
70996.2
69925.6
68865.5
67816.4
66778.4
65751.8
64736.7
63733.5
62742.2
61762.9
60795.8
59841
58898.5
57968.4
57050.8
56145.6
55253.1
54372.9
53505.5
52650.1
51808.1
50977.6
50160.9
49355.6
48563.6
47783.8
47016.4
46261.9
45519.9
44790.5
44073.9
43370
42679.2
42001.3
41336.6
40685.3
40047.8
39424
38814.4
38219.6
37640
37075.9
36527.9
35996.9
35483.8
34989.3
34514.4
34060
33627.8
33218.9
32834.6
32476.2
32145
31842.5
31569.7
31327.3
31115.6
30934.4
30782.9
30659.9
30562.9
30489.9
30436.1
30400.9
30376.5
30361.8
30356
30354.2
30354.1
30354.6
30355.1
30356.6
30358.7
30360
30360
30359.9
30359.6
30358.4
30356.5
30353.7
30350.8
30348.1
30346.6
30344.8
30343.8
30342.9
30342.2
30341.2
30340.3
30339.9
30338.9
30338.4
30337.9
30337.5
30337.1
30336.8
30336.5
30336.2
30336.1
30336
30335.9
30335.9
30335.8
30335.8
30336.1
30337
30340.7
30357.3
30317.1
30318.9
30325.1
30335.2
30336
30336
30335.3
30334.3
30333.3
30332.4
30331.7
30331
30330.4
30329.9
30329.2
30329
30328.1
30328.6
30328.5
30328.3
30328.3
30328.4
30328.5
30328.6
30328.6
30328.5
30328.4
30328.3
30328.1
30327.9
30327.6
30327.4
30327
30326.2
30324.8
30322.1
30316.7
30306.3
30287.3
30273.5
30276.7
30289
30316.4
30365.7
30423.7
30443.9
30436.9
30428.3
30415
30404.8
30398.9
30395.8
30394
30392.6
30391
30389.3
30387.4
30385.4
30383.4
30381.4
30379.3
30377.2
30375.1
30372.8
30370.5
30368.1
30365.7
30363.1
30360.5
30357.9
30355.1
30352.3
30349.4
30346.5
30343.5
30340.2
30337.1
30334.1
30330
30326.6
30323.1
30319.4
30315.8
30312
30308.2
30304.4
30300.5
30296.4
30292.3
30288
30283.2
30278.7
30272.9
30268.4
30264
30257.8
30251.4
30244.8
30237.9
30230.8
30223.3
30215.5
30207.4
30199
30190.3
30181.2
30171.7
30161.8
30151.4
30140.5
30129
30116.9
30104.2
30090.6
30076.3
30061
30044.7
30027.4
30008.8
29988.9
29967.5
29944.5
29919.7
29892.7
29863.7
29832.2
29797.7
29760.2
29719.3
29674.9
29626.8
29575
29520
29462.4
29403.4
29344.2
29284.7
29225.8
29157.8
29077.9
28960.4
28788.8
28550
28239.5
27878.9
27511.2
10018.3
10006.8
10001.6
10000.3
10000.1
10000
10000
10000
10000
10000
10000
10000
10000
10000
10000
10000
10000
10000
10000
10000
10000
10000
10000
10000
10000
10000
10000
10000
10000
10000
10000
10000
10000
10000
10000
10000
10000
10000
10000
10000
10000
10000
10000
10000
10000
10000
10000
10000
10000
10000
10000
10000
10000
10000
10000
10000
10000
10000
10000
10000
10000
10000
10000
10000
10000
10000
10000
10000
10000
10000
10000
10000
10000
10000
10000
10000
10000
10000
10000
10000
10000
10000
10000
10000
10000
10000
10000
10000
10000
10000
10000
10000
10000
10000
10000
10000
10000
10000
10000
10000
10000
10000
10000
10000
10000
10000
10000
10000
10000
10000
10000
10000
10000
10000
10000
10000
10000
10000
10000
10000
10000
10000
10000
10000
10000
10000
10000
10000
10000
10000
10000
10000
10000
10000
10000
10000
10000
10000
10000
10000
10000
10000
10000
10000
10000
10000
10000
10000
10000
10000
25680.6
18646.9
13060.1
10764
10142.5
10023.3
10003.6
10000.5
10000.1
10000
10000
10000
10000
10000
10000
10000
10000
10000
10000
10000
10000
10000
10000
10000
10000
10000
10000
10000
10000
10000
10000
10000
10000
10000
10000
10000
10000
10000
10000
10000
10000
10000
10000
10000
10000
10000
10000
10000
10000
10000
10000
10000
10000
10000
10000
10000
10000
10000
10000
10000
10000
10000
10000
10000
10000
10000
10000
10000
10000
10000
10000
10000
10000
10000
10000
10000
10000
10000
10000
10000
10000
10000
10000
10000
10000
10000
10000
10000
10000
10000
10000
10000
10000
10000
10000
10000
10000
10000
10000
10000
10000
10000
10000
10000
10000
10000
10000
10000
10000
10000
10000
10000
10000
10000
10000
10000
10000
10000
10000
10000
10000
10000
10000
10000
10000
10000
10000
10000
10000
10000
10000
10000
10000
10000
10000
10000
10000
10000
10000
10000
10000
10000
10000
10000
10000
10000
10000
10000
10000
10000
)
;

boundaryField
{
    inlet
    {
        type            zeroGradient;
    }
    outlet
    {
        type            zeroGradient;
    }
    bottom
    {
        type            symmetryPlane;
    }
    top
    {
        type            symmetryPlane;
    }
    obstacle
    {
        type            zeroGradient;
    }
    defaultFaces
    {
        type            empty;
    }
}


// ************************************************************************* //
