/*--------------------------------*- C++ -*----------------------------------*\
| =========                 |                                                 |
| \\      /  F ield         | OpenFOAM: The Open Source CFD Toolbox           |
|  \\    /   O peration     | Version:  5.x                                   |
|   \\  /    A nd           | Web:      www.OpenFOAM.org                      |
|    \\/     M anipulation  |                                                 |
\*---------------------------------------------------------------------------*/
/*   Windows 32 and 64 bit porting by blueCAPE: http://www.bluecape.com.pt   *\
|  Based on Windows porting (2.0.x v4) by Symscape: http://www.symscape.com   |
\*---------------------------------------------------------------------------*/
FoamFile
{
    version     2.0;
    format      ascii;
    class       volVectorField;
    location    "0.005";
    object      U;
}
// * * * * * * * * * * * * * * * * * * * * * * * * * * * * * * * * * * * * * //

dimensions      [0 1 -1 0 0 0 0];

internalField   nonuniform List<vector> 
1000
(
(-5.25143e-014 1.89416e-012 0)
(4.31784e-013 1.91021e-012 0)
(3.38425e-013 1.84019e-012 0)
(1.92552e-013 1.85405e-012 0)
(-8.75238e-014 1.89489e-012 0)
(8.16889e-014 1.87447e-012 0)
(3.85105e-013 1.90437e-012 0)
(-4.55124e-013 1.82925e-012 0)
(-1.92552e-013 1.87447e-012 0)
(-4.90133e-013 1.86936e-012 0)
(-3.7927e-013 1.84383e-012 0)
(-4.72629e-013 1.82122e-012 0)
(-5.89327e-013 1.89927e-012 0)
(-3.15086e-013 1.8504e-012 0)
(-9.27752e-013 1.88249e-012 0)
(-6.82686e-013 1.90656e-012 0)
(-9.27752e-013 1.95762e-012 0)
(-2.91746e-013 1.96418e-012 0)
(-3.38425e-013 1.98023e-012 0)
(-6.65181e-013 2.01451e-012 0)
(-2.10057e-013 2.06556e-012 0)
(-5.71822e-013 2.02472e-012 0)
(5.83492e-014 2.10714e-012 0)
(1.40038e-013 2.08161e-012 0)
(7.93549e-013 2.16986e-012 0)
(1.28368e-012 2.11224e-012 0)
(1.49957e-012 2.17278e-012 0)
(1.98971e-012 2.12537e-012 0)
(1.91969e-012 2.15236e-012 0)
(2.11224e-012 2.10859e-012 0)
(2.02472e-012 2.17788e-012 0)
(1.54625e-012 2.11662e-012 0)
(1.26618e-012 2.16038e-012 0)
(1.4529e-012 2.13193e-012 0)
(9.56927e-013 2.17278e-012 0)
(4.43454e-013 2.13996e-012 0)
(5.71822e-013 2.15309e-012 0)
(7.64375e-013 2.16694e-012 0)
(1.18449e-012 2.13193e-012 0)
(1.38288e-012 2.11297e-012 0)
(1.38288e-012 2.11953e-012 0)
(1.91969e-012 2.12391e-012 0)
(9.74432e-013 2.06702e-012 0)
(1.34787e-012 2.09692e-012 0)
(8.16889e-013 2.07358e-012 0)
(1.07363e-012 2.08088e-012 0)
(7.06025e-013 2.05316e-012 0)
(3.61765e-013 2.0889e-012 0)
(9.62762e-013 2.12975e-012 0)
(5.48482e-013 2.13339e-012 0)
(9.10248e-013 2.15965e-012 0)
(6.06832e-013 2.12902e-012 0)
(3.676e-013 2.12245e-012 0)
(5.83492e-013 2.14798e-012 0)
(7.64375e-013 2.17351e-012 0)
(4.43454e-013 2.11224e-012 0)
(1.16698e-013 2.21435e-012 0)
(3.7927e-013 2.13485e-012 0)
(-2.27562e-013 2.15892e-012 0)
(3.50095e-013 2.14725e-012 0)
(-8.75238e-014 2.14287e-012 0)
(3.96775e-013 2.14652e-012 0)
(3.61765e-013 2.09109e-012 0)
(5.95162e-013 2.10641e-012 0)
(8.69403e-013 2.1261e-012 0)
(9.39422e-013 2.12245e-012 0)
(1.18449e-012 2.18518e-012 0)
(1.237e-012 2.13485e-012 0)
(5.83492e-013 2.19393e-012 0)
(1.49957e-012 2.16111e-012 0)
(7.352e-013 2.18226e-012 0)
(1.12614e-012 2.20779e-012 0)
(7.93549e-013 2.22602e-012 0)
(2.91746e-013 2.25738e-012 0)
(1.00944e-012 2.28583e-012 0)
(4.60959e-013 2.25957e-012 0)
(1.17865e-012 2.34856e-012 0)
(7.29365e-013 2.27781e-012 0)
(1.00361e-012 2.37846e-012 0)
(1.73297e-012 2.32084e-012 0)
(2.44483e-012 2.27781e-012 0)
(4.09028e-012 2.32595e-012 0)
(8.67653e-012 2.3522e-012 0)
(2.11341e-011 2.35512e-012 0)
(5.50992e-011 2.39669e-012 0)
(1.44105e-010 2.37408e-012 0)
(3.74544e-010 2.39596e-012 0)
(9.62803e-010 2.43754e-012 0)
(2.44707e-009 2.48203e-012 0)
(6.14629e-009 2.46234e-012 0)
(1.52429e-008 2.51996e-012 0)
(3.73271e-008 2.51339e-012 0)
(9.02282e-008 2.49735e-012 0)
(2.15238e-007 2.49005e-012 0)
(5.06564e-007 2.47036e-012 0)
(1.17586e-006 2.49589e-012 0)
(2.69122e-006 2.48422e-012 0)
(6.07114e-006 2.4565e-012 0)
(1.34948e-005 2.47474e-012 0)
(2.95445e-005 2.44337e-012 0)
(6.36844e-005 2.43681e-012 0)
(0.000135099 2.42076e-012 0)
(0.000281929 2.39451e-012 0)
(0.000578484 2.39888e-012 0)
(0.0011665 2.34126e-012 0)
(0.00231036 2.32084e-012 0)
(0.00449181 2.29094e-012 0)
(0.00856705 2.1932e-012 0)
(0.016018 2.19028e-012 0)
(0.029338 2.10058e-012 0)
(0.0525951 2.0765e-012 0)
(0.09221 2.01525e-012 0)
(0.157953 2.00794e-012 0)
(0.264107 1.91684e-012 0)
(0.430629 1.90218e-012 0)
(0.684033 1.8323e-012 0)
(1.05756 1.78994e-012 0)
(1.59015 1.68834e-012 0)
(2.3239 1.68607e-012 0)
(3.29979 1.65315e-012 0)
(4.55236 1.61061e-012 0)
(6.10396 1.58204e-012 0)
(7.95998 1.54502e-012 0)
(10.1066 1.51714e-012 0)
(12.5147 1.50182e-012 0)
(15.1477 1.49128e-012 0)
(17.9695 1.51479e-012 0)
(20.9478 1.44641e-012 0)
(24.0553 1.43302e-012 0)
(27.2701 1.4417e-012 0)
(30.5743 1.43588e-012 0)
(33.9541 1.44274e-012 0)
(37.3985 1.41594e-012 0)
(40.8986 1.39937e-012 0)
(44.4474 1.39766e-012 0)
(48.0392 1.38262e-012 0)
(51.6694 1.385e-012 0)
(55.334 1.36857e-012 0)
(59.0296 1.3385e-012 0)
(62.7535 1.30782e-012 0)
(66.503 1.29183e-012 0)
(70.276 1.29629e-012 0)
(74.0705 1.30121e-012 0)
(77.8845 1.28338e-012 0)
(81.7164 1.25363e-012 0)
(85.5646 1.22802e-012 0)
(89.4277 1.21997e-012 0)
(93.3042 1.19914e-012 0)
(97.1928 1.17547e-012 0)
(101.092 1.16282e-012 0)
(105.001 1.14302e-012 0)
(108.919 1.13035e-012 0)
(112.844 1.12098e-012 0)
(116.776 1.0924e-012 0)
(120.713 1.06769e-012 0)
(124.655 1.04262e-012 0)
(128.601 1.01668e-012 0)
(132.549 9.87781e-013 0)
(136.5 9.58156e-013 0)
(140.451 9.37914e-013 0)
(144.404 9.20003e-013 0)
(148.355 9.08494e-013 0)
(152.307 8.96889e-013 0)
(156.255 8.78926e-013 0)
(160.203 8.64699e-013 0)
(164.144 8.50603e-013 0)
(168.086 8.31152e-013 0)
(172.017 8.13576e-013 0)
(175.949 7.79151e-013 0)
(179.869 7.36199e-013 0)
(183.783 6.86364e-013 0)
(187.693 6.43189e-013 0)
(191.587 6.02727e-013 0)
(195.473 5.55196e-013 0)
(199.35 5.01153e-013 0)
(203.209 4.49164e-013 0)
(207.055 3.94846e-013 0)
(210.887 3.43567e-013 0)
(214.698 2.8794e-013 0)
(218.487 2.35873e-013 0)
(222.256 1.8332e-013 0)
(225.999 1.26029e-013 0)
(229.712 7.63958e-014 0)
(233.392 2.25182e-014 0)
(237.039 -3.23193e-014 0)
(240.643 -8.40896e-014 0)
(244.201 -1.40331e-013 0)
(247.709 -1.91108e-013 0)
(251.159 -2.47107e-013 0)
(254.544 -3.02163e-013 0)
(257.855 -3.54749e-013 0)
(261.083 -3.97491e-013 0)
(264.22 -4.42743e-013 0)
(267.252 -4.8297e-013 0)
(270.168 -5.21756e-013 0)
(272.954 -5.55063e-013 0)
(275.597 -5.85486e-013 0)
(278.082 -6.14695e-013 0)
(280.396 -6.37551e-013 0)
(282.524 -6.65478e-013 0)
(284.455 -6.95492e-013 0)
(286.178 -7.24917e-013 0)
(287.688 -7.44754e-013 0)
(288.983 -7.70477e-013 0)
(290.066 -8.0048e-013 0)
(290.945 -8.32692e-013 0)
(291.635 -8.66236e-013 0)
(292.155 -8.98589e-013 0)
(292.528 -9.28776e-013 0)
(292.787 -9.56511e-013 0)
(292.948 -9.79756e-013 0)
(293.03 -1.00048e-012 0)
(293.069 -1.02462e-012 0)
(293.088 -1.0464e-012 0)
(293.095 -1.06776e-012 0)
(293.097 -1.08954e-012 0)
(293.089 -1.11371e-012 0)
(293.07 -1.1382e-012 0)
(293.049 -1.16574e-012 0)
(293.036 -1.18496e-012 0)
(293.03 -1.20108e-012 0)
(293.029 -1.21376e-012 0)
(293.033 -1.22306e-012 0)
(293.044 -1.23242e-012 0)
(293.061 -1.24001e-012 0)
(293.08 -1.24683e-012 0)
(293.095 -1.25096e-012 0)
(293.108 -1.25763e-012 0)
(293.122 -1.26261e-012 0)
(293.134 -1.26825e-012 0)
(293.142 -1.27506e-012 0)
(293.15 -1.28864e-012 0)
(293.157 -1.29986e-012 0)
(293.161 -1.31269e-012 0)
(293.164 -1.32253e-012 0)
(293.169 -1.33081e-012 0)
(293.172 -1.33947e-012 0)
(293.173 -1.3485e-012 0)
(293.174 -1.35403e-012 0)
(293.175 -1.36384e-012 0)
(293.174 -1.37407e-012 0)
(293.173 -1.38929e-012 0)
(293.172 -1.40171e-012 0)
(293.171 -1.41293e-012 0)
(293.17 -1.42696e-012 0)
(293.17 -1.43475e-012 0)
(293.17 -1.44736e-012 0)
(293.171 -1.47231e-012 0)
(293.174 -1.49923e-012 0)
(293.179 -1.52748e-012 0)
(293.192 -1.56056e-012 0)
(293.231 -1.59773e-012 0)
(293.321 -1.64172e-012 0)
(293.492 -1.69659e-012 0)
(293.471 -1.75487e-012 0)
(293.217 -1.82091e-012 0)
(293.043 -1.89879e-012 0)
(292.99 -1.97577e-012 0)
(293.015 -2.06106e-012 0)
(293.054 -2.14784e-012 0)
(293.093 -2.22812e-012 0)
(293.125 -2.30394e-012 0)
(293.146 -2.36683e-012 0)
(293.159 -2.4143e-012 0)
(293.167 -2.45597e-012 0)
(293.171 -2.48427e-012 0)
(293.174 -2.50713e-012 0)
(293.175 -2.53037e-012 0)
(293.172 -2.54809e-012 0)
(293.168 -2.55745e-012 0)
(293.162 -2.56346e-012 0)
(293.161 -2.57012e-012 0)
(293.165 -2.57729e-012 0)
(293.164 -2.61477e-012 0)
(293.16 -2.69993e-012 0)
(293.154 -3.01822e-012 0)
(293.148 -6.96945e-012 0)
(293.142 -2.68589e-011 0)
(293.136 -8.28259e-011 0)
(293.129 -4.27817e-010 0)
(293.122 -2.88709e-009 0)
(293.116 -1.14808e-008 0)
(293.111 -4.78828e-008 0)
(293.106 -3.2811e-007 0)
(293.102 -2.03713e-006 0)
(293.1 -8.50803e-006 0)
(293.101 -2.8986e-005 0)
(293.107 -7.64963e-005 0)
(293.125 -0.000176697 0)
(293.163 -0.000394215 0)
(293.245 -0.000855362 0)
(293.4 -0.00180372 0)
(293.557 -0.00351459 0)
(293.63 -0.004411 0)
(293.593 -0.00521054 0)
(293.343 -0.00462298 0)
(292.675 -0.000574909 0)
(291.581 0.0102287 0)
(290.398 0.027985 0)
(289.508 0.0544973 0)
(-7.26864e-013 1.88437e-012 0)
(-1.00027e-013 1.86697e-012 0)
(1.46707e-013 1.86124e-012 0)
(9.06913e-013 1.86447e-012 0)
(-2.26728e-013 1.88312e-012 0)
(-3.9344e-013 1.85915e-012 0)
(-4.66794e-013 1.86832e-012 0)
(-4.20114e-013 1.84456e-012 0)
(-1.26034e-012 1.86394e-012 0)
(-1.06029e-012 1.81956e-012 0)
(-5.73489e-013 1.84654e-012 0)
(-2.73408e-013 1.8257e-012 0)
(4.13446e-013 1.84654e-012 0)
(7.80212e-013 1.85134e-012 0)
(1.02695e-012 1.87572e-012 0)
(1.227e-012 1.89291e-012 0)
(1.30035e-012 1.92625e-012 0)
(1.40038e-012 1.95303e-012 0)
(1.32036e-012 1.96616e-012 0)
(2.00054e-012 1.98762e-012 0)
(1.38038e-012 2.03399e-012 0)
(2.0739e-012 2.0343e-012 0)
(1.88718e-012 2.09203e-012 0)
(2.2006e-012 2.08255e-012 0)
(2.30729e-012 2.14861e-012 0)
(1.77382e-012 2.11672e-012 0)
(1.83383e-012 2.15309e-012 0)
(1.34036e-012 2.1237e-012 0)
(1.90052e-012 2.14579e-012 0)
(2.14058e-012 2.12318e-012 0)
(1.66712e-012 2.15017e-012 0)
(1.61377e-012 2.11172e-012 0)
(1.74714e-012 2.14235e-012 0)
(9.93604e-013 2.13079e-012 0)
(1.21366e-012 2.13641e-012 0)
(1.06696e-013 2.14152e-012 0)
(2.2006e-013 2.12433e-012 0)
(2.46734e-013 2.12141e-012 0)
(6.20169e-013 2.11443e-012 0)
(1.18699e-012 2.10859e-012 0)
(7.06859e-013 2.11276e-012 0)
(5.93495e-013 2.0864e-012 0)
(9.00245e-013 2.0864e-012 0)
(1.02695e-012 2.08275e-012 0)
(9.00245e-013 2.08046e-012 0)
(1.06696e-012 2.08046e-012 0)
(1.44039e-012 2.0839e-012 0)
(2.16059e-012 2.0988e-012 0)
(2.01388e-012 2.12527e-012 0)
(1.70046e-012 2.12527e-012 0)
(1.227e-012 2.16184e-012 0)
(1.1203e-012 2.13673e-012 0)
(4.86799e-013 2.16007e-012 0)
(4.93468e-013 2.1287e-012 0)
(3.0675e-013 2.1732e-012 0)
(2.2006e-013 2.11214e-012 0)
(7.20196e-013 2.17893e-012 0)
(-3.66766e-013 2.12391e-012 0)
(4.66794e-014 2.14965e-012 0)
(-4.46788e-013 2.14204e-012 0)
(-6.00163e-013 2.12454e-012 0)
(-3.20087e-013 2.12631e-012 0)
(4.00109e-014 2.11339e-012 0)
(9.2025e-013 2.11516e-012 0)
(1.62711e-012 2.12912e-012 0)
(1.80049e-012 2.11933e-012 0)
(1.87384e-012 2.16121e-012 0)
(1.68046e-012 2.13016e-012 0)
(1.69379e-012 2.17674e-012 0)
(1.86717e-012 2.15579e-012 0)
(2.36731e-012 2.1908e-012 0)
(2.8141e-012 2.19362e-012 0)
(2.6874e-012 2.23102e-012 0)
(2.0739e-012 2.24405e-012 0)
(2.66072e-012 2.27322e-012 0)
(2.30063e-012 2.2826e-012 0)
(2.3473e-012 2.32282e-012 0)
(1.70046e-012 2.30917e-012 0)
(2.26728e-012 2.34543e-012 0)
(1.30035e-012 2.34251e-012 0)
(2.70073e-012 2.34491e-012 0)
(4.0411e-012 2.33866e-012 0)
(9.41589e-012 2.34856e-012 0)
(2.23061e-011 2.35897e-012 0)
(5.63086e-011 2.37658e-012 0)
(1.45893e-010 2.38721e-012 0)
(3.76156e-010 2.4242e-012 0)
(9.65089e-010 2.41857e-012 0)
(2.44983e-009 2.48245e-012 0)
(6.14732e-009 2.49359e-012 0)
(1.52441e-008 2.50443e-012 0)
(3.73269e-008 2.51631e-012 0)
(9.02273e-008 2.50516e-012 0)
(2.15238e-007 2.50047e-012 0)
(5.06563e-007 2.49307e-012 0)
(1.17586e-006 2.48526e-012 0)
(2.69122e-006 2.46817e-012 0)
(6.07114e-006 2.47369e-012 0)
(1.34948e-005 2.45254e-012 0)
(2.95445e-005 2.4514e-012 0)
(6.36844e-005 2.41847e-012 0)
(0.000135099 2.42253e-012 0)
(0.000281929 2.39169e-012 0)
(0.000578484 2.38211e-012 0)
(0.0011665 2.35033e-012 0)
(0.00231036 2.31438e-012 0)
(0.00449181 2.30386e-012 0)
(0.00856705 2.19247e-012 0)
(0.016018 2.19653e-012 0)
(0.029338 2.11277e-012 0)
(0.0525951 2.09088e-012 0)
(0.09221 2.03056e-012 0)
(0.157953 1.97837e-012 0)
(0.264107 1.92472e-012 0)
(0.430629 1.87972e-012 0)
(0.684033 1.83079e-012 0)
(1.05756 1.7863e-012 0)
(1.59015 1.70164e-012 0)
(2.3239 1.68019e-012 0)
(3.29979 1.64956e-012 0)
(4.55236 1.61703e-012 0)
(6.10396 1.59169e-012 0)
(7.95998 1.5583e-012 0)
(10.1066 1.53348e-012 0)
(12.5147 1.51089e-012 0)
(15.1477 1.49415e-012 0)
(17.9695 1.48535e-012 0)
(20.9478 1.43779e-012 0)
(24.0553 1.42896e-012 0)
(27.2701 1.43266e-012 0)
(30.5743 1.43166e-012 0)
(33.9541 1.44172e-012 0)
(37.3985 1.4149e-012 0)
(40.8986 1.39287e-012 0)
(44.4474 1.38541e-012 0)
(48.0392 1.37799e-012 0)
(51.6694 1.39186e-012 0)
(55.334 1.36936e-012 0)
(59.0296 1.34307e-012 0)
(62.7535 1.3176e-012 0)
(66.503 1.30306e-012 0)
(70.276 1.30415e-012 0)
(74.0705 1.29316e-012 0)
(77.8845 1.26587e-012 0)
(81.7164 1.23135e-012 0)
(85.5646 1.20647e-012 0)
(89.4277 1.19879e-012 0)
(93.3042 1.18623e-012 0)
(97.1928 1.16673e-012 0)
(101.092 1.1522e-012 0)
(105.001 1.13195e-012 0)
(108.919 1.11819e-012 0)
(112.844 1.10798e-012 0)
(116.776 1.08155e-012 0)
(120.713 1.05916e-012 0)
(124.655 1.03623e-012 0)
(128.601 1.00873e-012 0)
(132.549 9.76774e-013 0)
(136.5 9.44908e-013 0)
(140.451 9.22442e-013 0)
(144.404 9.04738e-013 0)
(148.355 8.90981e-013 0)
(152.307 8.79634e-013 0)
(156.255 8.63255e-013 0)
(160.203 8.49781e-013 0)
(164.144 8.38627e-013 0)
(168.086 8.23108e-013 0)
(172.017 8.0882e-013 0)
(175.949 7.78009e-013 0)
(179.869 7.34936e-013 0)
(183.783 6.87061e-013 0)
(187.693 6.42983e-013 0)
(191.587 6.01118e-013 0)
(195.473 5.53001e-013 0)
(199.35 4.99278e-013 0)
(203.209 4.46149e-013 0)
(207.055 3.9113e-013 0)
(210.887 3.39425e-013 0)
(214.698 2.84018e-013 0)
(218.487 2.31837e-013 0)
(222.256 1.79369e-013 0)
(225.999 1.22431e-013 0)
(229.712 7.15073e-014 0)
(233.392 1.78152e-014 0)
(237.039 -3.42643e-014 0)
(240.643 -8.54673e-014 0)
(244.201 -1.3952e-013 0)
(247.709 -1.8978e-013 0)
(251.159 -2.45012e-013 0)
(254.544 -3.00069e-013 0)
(257.855 -3.51469e-013 0)
(261.083 -3.94799e-013 0)
(264.22 -4.38891e-013 0)
(267.252 -4.78927e-013 0)
(270.168 -5.18167e-013 0)
(272.954 -5.51596e-013 0)
(275.597 -5.82678e-013 0)
(278.082 -6.12229e-013 0)
(280.396 -6.36072e-013 0)
(282.524 -6.63934e-013 0)
(284.455 -6.94078e-013 0)
(286.178 -7.23639e-013 0)
(287.688 -7.43664e-013 0)
(288.983 -7.69445e-013 0)
(290.066 -8.00034e-013 0)
(290.945 -8.32592e-013 0)
(291.635 -8.65891e-013 0)
(292.155 -8.97718e-013 0)
(292.528 -9.26239e-013 0)
(292.787 -9.54209e-013 0)
(292.948 -9.7825e-013 0)
(293.03 -9.99245e-013 0)
(293.069 -1.02269e-012 0)
(293.088 -1.04441e-012 0)
(293.095 -1.06628e-012 0)
(293.097 -1.08679e-012 0)
(293.089 -1.10997e-012 0)
(293.07 -1.13495e-012 0)
(293.049 -1.16236e-012 0)
(293.036 -1.18207e-012 0)
(293.03 -1.19901e-012 0)
(293.029 -1.21267e-012 0)
(293.033 -1.22247e-012 0)
(293.044 -1.23195e-012 0)
(293.061 -1.23923e-012 0)
(293.08 -1.24563e-012 0)
(293.095 -1.25056e-012 0)
(293.108 -1.25746e-012 0)
(293.122 -1.26226e-012 0)
(293.134 -1.26812e-012 0)
(293.142 -1.27503e-012 0)
(293.15 -1.28805e-012 0)
(293.157 -1.30037e-012 0)
(293.161 -1.31329e-012 0)
(293.164 -1.32379e-012 0)
(293.169 -1.33272e-012 0)
(293.172 -1.34134e-012 0)
(293.173 -1.34957e-012 0)
(293.174 -1.35493e-012 0)
(293.175 -1.36473e-012 0)
(293.174 -1.37523e-012 0)
(293.173 -1.39104e-012 0)
(293.172 -1.40276e-012 0)
(293.171 -1.41492e-012 0)
(293.17 -1.42889e-012 0)
(293.17 -1.43712e-012 0)
(293.17 -1.44977e-012 0)
(293.171 -1.47502e-012 0)
(293.174 -1.50146e-012 0)
(293.179 -1.53028e-012 0)
(293.192 -1.56272e-012 0)
(293.231 -1.60016e-012 0)
(293.321 -1.64385e-012 0)
(293.492 -1.6984e-012 0)
(293.471 -1.75614e-012 0)
(293.217 -1.823e-012 0)
(293.043 -1.89962e-012 0)
(292.99 -1.97725e-012 0)
(293.015 -2.06107e-012 0)
(293.054 -2.14808e-012 0)
(293.093 -2.22929e-012 0)
(293.125 -2.30412e-012 0)
(293.146 -2.36709e-012 0)
(293.159 -2.41573e-012 0)
(293.167 -2.45745e-012 0)
(293.171 -2.48532e-012 0)
(293.174 -2.50934e-012 0)
(293.175 -2.53255e-012 0)
(293.172 -2.55071e-012 0)
(293.168 -2.55953e-012 0)
(293.162 -2.56555e-012 0)
(293.161 -2.57156e-012 0)
(293.165 -2.58007e-012 0)
(293.164 -2.61768e-012 0)
(293.16 -2.70302e-012 0)
(293.154 -3.02396e-012 0)
(293.148 -6.9761e-012 0)
(293.142 -2.68669e-011 0)
(293.136 -8.2834e-011 0)
(293.129 -4.27825e-010 0)
(293.122 -2.88709e-009 0)
(293.116 -1.14808e-008 0)
(293.111 -4.78828e-008 0)
(293.106 -3.2811e-007 0)
(293.102 -2.03713e-006 0)
(293.099 -8.50803e-006 0)
(293.098 -2.8986e-005 0)
(293.101 -7.6496e-005 0)
(293.112 -0.000176695 0)
(293.136 -0.00039421 0)
(293.188 -0.000855345 0)
(293.294 -0.00180365 0)
(293.453 -0.00351443 0)
(293.563 -0.00441096 0)
(293.585 -0.00521018 0)
(293.529 -0.00462176 0)
(293.27 -0.000570048 0)
(292.726 0.0102474 0)
(292.186 0.0280117 0)
(291.807 0.0546051 0)
(291.837 0.053231 0)
(291.95 0.0518229 0)
(292.077 0.050375 0)
(292.161 0.0488825 0)
(292.201 0.0473411 0)
(292.214 0.0457472 0)
(292.215 0.0440979 0)
(292.213 0.0423909 0)
(292.212 0.040624 0)
(292.212 0.0387949 0)
(292.213 0.0369014 0)
(292.214 0.0349408 0)
(292.215 0.0329102 0)
(292.216 0.0308061 0)
(292.216 0.0286245 0)
(292.216 0.0263608 0)
(292.216 0.0240096 0)
(292.215 0.0215651 0)
(292.214 0.0190204 0)
(292.212 0.0163685 0)
(292.21 0.0136016 0)
(292.207 0.0107118 0)
(292.204 0.00769135 0)
(292.2 0.0045329 0)
(292.195 0.00123006 0)
(292.189 -0.00222186 0)
(292.183 -0.00582558 0)
(292.175 -0.00958066 0)
(292.167 -0.0134834 0)
(292.16 -0.0175254 0)
(292.147 -0.0216936 0)
(292.138 -0.0259694 0)
(292.127 -0.0303281 0)
(292.11 -0.0347397 0)
(292.096 -0.0391673 0)
(292.08 -0.043569 0)
(292.064 -0.0478972 0)
(292.046 -0.0521003 0)
(292.027 -0.056123 0)
(292.007 -0.0599085 0)
(291.985 -0.0633995 0)
(291.962 -0.06654 0)
(291.937 -0.0692777 0)
(291.912 -0.0715654 0)
(291.881 -0.073363 0)
(291.85 -0.0746393 0)
(291.818 -0.0753732 0)
(291.777 -0.0755547 0)
(291.744 -0.0751856 0)
(291.712 -0.0742789 0)
(291.671 -0.0728592 0)
(291.627 -0.0709611 0)
(291.581 -0.0686282 0)
(291.532 -0.0659113 0)
(291.481 -0.0628667 0)
(291.426 -0.0595542 0)
(291.368 -0.0560353 0)
(291.307 -0.0523715 0)
(291.241 -0.0486224 0)
(291.172 -0.0448444 0)
(291.099 -0.0410896 0)
(291.021 -0.0374049 0)
(290.938 -0.033831 0)
(290.849 -0.0304024 0)
(290.755 -0.0271471 0)
(290.655 -0.0240866 0)
(290.548 -0.0212361 0)
(290.434 -0.0186053 0)
(290.312 -0.0161983 0)
(290.181 -0.0140146 0)
(290.041 -0.0120499 0)
(289.891 -0.0102962 0)
(289.729 -0.00874313 0)
(289.555 -0.00737835 0)
(289.366 -0.00618803 0)
(289.162 -0.00515757 0)
(288.941 -0.00427203 0)
(288.7 -0.0035165 0)
(288.437 -0.0028765 0)
(288.151 -0.0023382 0)
(287.836 -0.00188862 0)
(287.488 -0.00151575 0)
(287.102 -0.00120867 0)
(286.669 -0.000957506 0)
(286.179 -0.000753514 0)
(285.617 -0.000588983 0)
(284.963 -0.000457207 0)
(284.19 -0.000352404 0)
(283.265 -0.000269644 0)
(282.152 -0.000204755 0)
(280.806 -0.000154252 0)
(279.219 -0.000115234 0)
(277.38 -8.53282e-005 0)
(275.355 -6.25873e-005 0)
(273.265 -4.54547e-005 0)
(271.172 -3.26645e-005 0)
(269.154 -2.32193e-005 0)
(267.11 -1.63204e-005 0)
(264.639 -1.1332e-005 0)
(262.769 -7.76771e-006 0)
(0.244555 -2.46935 0)
(0.12463 -0.960735 0)
(0.0357448 -0.27869 0)
(0.00773085 -0.0605927 0)
(0.00150676 -0.0104899 0)
(0.000269871 -0.00164971 0)
(4.64348e-005 -0.00024616 0)
(7.71927e-006 -3.6214e-005 0)
(1.28568e-006 -5.29671e-006 0)
(2.20846e-007 -8.02407e-007 0)
(4.12828e-008 -1.30762e-007 0)
(8.75339e-009 -2.41647e-008 0)
(2.12814e-009 -5.17525e-009 0)
(5.74984e-010 -1.25807e-009 0)
(1.65333e-010 -3.3181e-010 0)
(4.92079e-011 -9.17798e-011 0)
(1.51708e-011 -2.64553e-011 0)
(4.95969e-012 -8.27952e-012 0)
(2.04222e-012 -3.18125e-012 0)
(1.16699e-012 -1.74075e-012 0)
(5.54318e-013 -1.3396e-012 0)
(1.11836e-012 -1.25451e-012 0)
(8.65514e-013 -1.19494e-012 0)
(8.84964e-013 -1.215e-012 0)
(5.64043e-013 -1.18704e-012 0)
(1.03084e-012 -1.22777e-012 0)
(8.84964e-013 -1.19373e-012 0)
(1.41983e-012 -1.21014e-012 0)
(1.25451e-012 -1.20163e-012 0)
(1.55598e-012 -1.23871e-012 0)
(1.19616e-012 -1.23688e-012 0)
(1.44901e-012 -1.25025e-012 0)
(1.39066e-012 -1.28855e-012 0)
(1.47818e-012 -1.32502e-012 0)
(1.31286e-012 -1.30313e-012 0)
(1.30313e-012 -1.33535e-012 0)
(1.28368e-012 -1.32441e-012 0)
(1.12809e-012 -1.32684e-012 0)
(1.01139e-012 -1.34811e-012 0)
(1.18644e-012 -1.35723e-012 0)
(1.34203e-012 -1.35723e-012 0)
(1.07946e-012 -1.37668e-012 0)
(7.7799e-013 -1.39734e-012 0)
(1.01139e-012 -1.39734e-012 0)
(9.33589e-013 -1.39734e-012 0)
(1.07946e-012 -1.41072e-012 0)
(1.24478e-012 -1.40342e-012 0)
(1.03084e-012 -1.42773e-012 0)
(1.34203e-012 -1.41254e-012 0)
(8.07165e-013 -1.41922e-012 0)
(1.18644e-012 -1.38823e-012 0)
(1.09891e-012 -1.37486e-012 0)
(1.56571e-012 -1.37121e-012 0)
(1.14754e-012 -1.36635e-012 0)
(1.82828e-012 -1.38701e-012 0)
(1.37121e-012 -1.3475e-012 0)
(1.9158e-012 -1.35115e-012 0)
(9.72488e-013 -1.3475e-012 0)
(1.76993e-012 -1.3238e-012 0)
(8.1689e-013 -1.32137e-012 0)
(1.60461e-012 -1.31833e-012 0)
(1.12809e-012 -1.27882e-012 0)
(1.26423e-012 -1.2691e-012 0)
(8.84964e-013 -1.28429e-012 0)
(1.22533e-012 -1.26423e-012 0)
(1.17671e-012 -1.25755e-012 0)
(1.38093e-012 -1.24418e-012 0)
(1.17671e-012 -1.24478e-012 0)
(1.35176e-012 -1.2223e-012 0)
(9.33589e-013 -1.23871e-012 0)
(1.06974e-012 -1.21683e-012 0)
(1.13781e-012 -1.23931e-012 0)
(1.23506e-012 -1.22898e-012 0)
(1.20589e-012 -1.23992e-012 0)
(1.28368e-012 -1.24053e-012 0)
(1.39066e-012 -1.22777e-012 0)
(1.26423e-012 -1.23992e-012 0)
(1.50736e-012 -1.23506e-012 0)
(1.07946e-012 -1.22108e-012 0)
(1.41011e-012 -1.21196e-012 0)
(1.26423e-012 -1.20224e-012 0)
(1.55598e-012 -1.20589e-012 0)
(9.72488e-013 -1.19981e-012 0)
(1.33231e-012 -1.18097e-012 0)
(5.25144e-013 -1.17489e-012 0)
(1.09891e-012 -1.12444e-012 0)
(1.06974e-013 -1.16759e-012 0)
(3.9872e-013 -1.10681e-012 0)
(-3.01471e-013 -1.10924e-012 0)
(1.45873e-013 -1.10073e-012 0)
(4.18412e-027 -1.08615e-012 0)
(4.76519e-013 -1.05697e-012 0)
(-1.94498e-013 -1.05515e-012 0)
(4.57069e-013 -1.01747e-012 0)
(1.55598e-013 -1.00835e-012 0)
(3.9872e-013 -9.96192e-013 0)
(1.75048e-013 -1.00227e-012 0)
(9.72488e-015 -9.87075e-013 0)
(3.88995e-014 -9.87075e-013 0)
(-5.34868e-013 -9.74919e-013 0)
(-7.57149e-027 -9.62763e-013 0)
(-1.94498e-013 -9.62763e-013 0)
(4.3762e-013 -9.74919e-013 0)
(1.16699e-013 -9.43921e-013 0)
(4.27895e-013 -1.01139e-012 0)
(-4.57069e-013 -9.71272e-013 0)
(1.94498e-013 -9.75527e-013 0)
(-3.69545e-013 -9.75527e-013 0)
(3.88995e-014 -9.88291e-013 0)
(-5.83493e-013 -9.968e-013 0)
(5.83493e-014 -9.63371e-013 0)
(-2.91746e-013 -1.01017e-012 0)
(-7.7799e-014 -9.89507e-013 0)
(-3.01471e-013 -9.93761e-013 0)
(-1.65323e-013 -1.00653e-012 0)
(9.72488e-015 -1.00105e-012 0)
(-1.84773e-013 -1.03023e-012 0)
(7.7799e-014 -9.95585e-013 0)
(-1.45873e-013 -1.01929e-012 0)
(9.72488e-015 -9.89507e-013 0)
(-2.91746e-013 -9.95585e-013 0)
(2.91746e-014 -1.01747e-012 0)
(-3.7927e-013 -9.91938e-013 0)
(5.83493e-014 -1.00045e-012 0)
(9.72488e-014 -1.0199e-012 0)
(3.11196e-013 -1.03205e-012 0)
(-1.94498e-013 -1.00774e-012 0)
(7.39091e-013 -1.02476e-012 0)
(-3.40371e-013 -1.0047e-012 0)
(5.54318e-013 -1.05454e-012 0)
(-2.04222e-013 -1.01929e-012 0)
(4.66794e-013 -1.02111e-012 0)
(-2.82022e-013 -1.05393e-012 0)
(-3.88995e-014 -1.03752e-012 0)
(-6.22392e-013 -1.04786e-012 0)
(1.94498e-014 -1.06852e-012 0)
(-2.72297e-013 -1.0278e-012 0)
(5.83493e-014 -1.02841e-012 0)
(-4.66794e-013 -1.03388e-012 0)
(1.94498e-014 -1.04846e-012 0)
(1.26423e-013 -1.05029e-012 0)
(-1.65323e-013 -1.04907e-012 0)
(-1.94498e-014 -1.04603e-012 0)
(9.72488e-015 -1.06548e-012 0)
(-3.40371e-013 -1.06913e-012 0)
(-9.72488e-015 -1.04542e-012 0)
(-2.91746e-013 -1.0977e-012 0)
(4.86244e-014 -1.0594e-012 0)
(-3.50096e-013 -1.06791e-012 0)
(4.86244e-014 -1.07399e-012 0)
(240.851 -1.00036 0)
(173.868 -0.897827 0)
(75.2485 -0.350754 0)
(19.9698 -0.0706706 0)
(4.0443 -0.0108977 0)
(0.687093 -0.00166014 0)
(0.107716 -0.000246409 0)
(0.0160677 -3.62195e-005 0)
(0.00236211 -5.29683e-006 0)
(0.000344618 -8.02409e-007 0)
(5.19241e-005 -1.30762e-007 0)
(8.38121e-006 -2.41648e-008 0)
(1.52924e-006 -5.17522e-009 0)
(3.23466e-007 -1.25811e-009 0)
(7.79233e-008 -3.31848e-010 0)
(2.04117e-008 -9.17404e-011 0)
(5.58257e-009 -2.64197e-011 0)
(1.55695e-009 -8.2309e-012 0)
(4.37731e-010 -3.14018e-012 0)
(1.23723e-010 -1.69473e-012 0)
(3.45872e-011 -1.29254e-012 0)
(9.81379e-012 -1.18209e-012 0)
(2.90079e-012 -1.16664e-012 0)
(1.00027e-012 -1.15691e-012 0)
(3.66767e-013 -1.1616e-012 0)
(3.00082e-013 -1.1629e-012 0)
(2.22283e-013 -1.17089e-012 0)
(4.44566e-014 -1.17749e-012 0)
(-6.66849e-014 -1.18539e-012 0)
(-3.00082e-013 -1.19798e-012 0)
(-2.22283e-013 -1.21639e-012 0)
(-2.88968e-013 -1.22707e-012 0)
(-7.00191e-013 -1.23341e-012 0)
(-3.44539e-013 -1.27023e-012 0)
(-3.55653e-013 -1.25963e-012 0)
(-2.00055e-013 -1.29662e-012 0)
(-3.44539e-013 -1.28655e-012 0)
(-4.00109e-013 -1.30843e-012 0)
(-4.44566e-014 -1.30826e-012 0)
(4.44566e-014 -1.33187e-012 0)
(2.11169e-013 -1.31885e-012 0)
(2.22283e-014 -1.33856e-012 0)
(4.44566e-014 -1.33908e-012 0)
(1.44484e-013 -1.34438e-012 0)
(7.44648e-013 -1.35862e-012 0)
(1.00027e-012 -1.35332e-012 0)
(1.18921e-012 -1.34247e-012 0)
(1.23367e-012 -1.35723e-012 0)
(1.83383e-012 -1.34012e-012 0)
(2.07835e-012 -1.35271e-012 0)
(2.045e-012 -1.32753e-012 0)
(2.2006e-012 -1.32658e-012 0)
(2.18949e-012 -1.33578e-012 0)
(1.98943e-012 -1.30339e-012 0)
(2.45623e-012 -1.32128e-012 0)
(2.48957e-012 -1.30192e-012 0)
(2.72297e-012 -1.30105e-012 0)
(2.42288e-012 -1.29202e-012 0)
(2.55625e-012 -1.28195e-012 0)
(2.85634e-012 -1.27752e-012 0)
(2.15614e-012 -1.25659e-012 0)
(2.63405e-012 -1.25703e-012 0)
(2.16726e-012 -1.25173e-012 0)
(2.31174e-012 -1.24313e-012 0)
(1.84495e-012 -1.22612e-012 0)
(2.15614e-012 -1.23558e-012 0)
(2.045e-012 -1.2196e-012 0)
(1.70046e-012 -1.21439e-012 0)
(1.73381e-012 -1.2104e-012 0)
(1.36704e-012 -1.23167e-012 0)
(1.23367e-012 -1.19955e-012 0)
(8.33561e-013 -1.20424e-012 0)
(1.44484e-012 -1.21127e-012 0)
(1.14476e-012 -1.19034e-012 0)
(1.60044e-012 -1.21578e-012 0)
(1.46707e-012 -1.18817e-012 0)
(1.82272e-012 -1.19625e-012 0)
(1.72269e-012 -1.19764e-012 0)
(1.90052e-012 -1.19651e-012 0)
(2.23394e-012 -1.18861e-012 0)
(2.61183e-012 -1.17515e-012 0)
(2.73408e-012 -1.16429e-012 0)
(2.61183e-012 -1.15874e-012 0)
(2.72297e-012 -1.14181e-012 0)
(2.47846e-012 -1.14754e-012 0)
(2.434e-012 -1.10699e-012 0)
(2.74519e-012 -1.11584e-012 0)
(2.13392e-012 -1.08554e-012 0)
(2.55625e-012 -1.08328e-012 0)
(1.72269e-012 -1.04438e-012 0)
(2.11169e-012 -1.04395e-012 0)
(1.91163e-012 -1.02502e-012 0)
(1.74492e-012 -1.01564e-012 0)
(2.00055e-012 -9.97408e-013 0)
(1.58932e-012 -1.00314e-012 0)
(1.73381e-012 -9.65281e-013 0)
(1.90052e-012 -9.78392e-013 0)
(1.61155e-012 -9.53733e-013 0)
(1.42261e-012 -9.51823e-013 0)
(7.00191e-013 -9.28552e-013 0)
(4.44566e-013 -9.30463e-013 0)
(1.00027e-013 -9.19175e-013 0)
(-3.2231e-013 -9.35846e-013 0)
(-2.33397e-013 -9.1466e-013 0)
(-2.88968e-013 -9.49565e-013 0)
(-1.00027e-013 -9.28118e-013 0)
(-3.66767e-013 -9.42011e-013 0)
(-4.77908e-013 -9.42098e-013 0)
(-8.66904e-013 -9.31591e-013 0)
(-5.22365e-013 -9.64066e-013 0)
(-7.11306e-013 -9.29594e-013 0)
(-1.3337e-013 -9.72314e-013 0)
(-6.66849e-013 -9.37583e-013 0)
(-2.33397e-013 -9.63631e-013 0)
(-5.55707e-013 -9.67886e-013 0)
(-8.89132e-014 -9.33936e-013 0)
(-4.22338e-013 -9.83342e-013 0)
(-6.54123e-027 -9.52691e-013 0)
(-2.00055e-013 -9.66757e-013 0)
(-2.77854e-013 -9.63284e-013 0)
(-5.44593e-013 -9.59551e-013 0)
(-2.88968e-013 -9.7327e-013 0)
(-3.55653e-013 -9.68668e-013 0)
(-3.44539e-013 -9.64934e-013 0)
(-2.00055e-013 -9.82473e-013 0)
(-2.77854e-013 -9.67105e-013 0)
(-2.6674e-013 -9.7518e-013 0)
(-3.33424e-013 -9.94977e-013 0)
(-3.77881e-013 -9.74919e-013 0)
(-3.55653e-013 -9.94369e-013 0)
(-3.77881e-013 -9.8942e-013 0)
(-3.2231e-013 -9.96106e-013 0)
(-4.22338e-013 -9.97321e-013 0)
(-3.55653e-013 -9.93848e-013 0)
(-2.88968e-013 -1.01451e-012 0)
(-2.22283e-013 -9.96192e-013 0)
(-2.11169e-013 -1.00566e-012 0)
(-3.88995e-013 -1.00323e-012 0)
(-2.00055e-013 -1.03527e-012 0)
(-3.77881e-013 -9.88291e-013 0)
(-6.55735e-013 -1.03422e-012 0)
(-8.00219e-013 -1.01938e-012 0)
(-5.44593e-013 -1.02146e-012 0)
(-6.44621e-013 -1.05923e-012 0)
(-7.55762e-013 -1.02919e-012 0)
(-9.22474e-013 -1.00488e-012 0)
(-9.1136e-013 -1.0739e-012 0)
(-6.11278e-013 -1.03257e-012 0)
(-7.2242e-013 -1.04907e-012 0)
(-4.11224e-013 -1.05324e-012 0)
)
;

boundaryField
{
    inlet
    {
        type            zeroGradient;
    }
    outlet
    {
        type            zeroGradient;
    }
    bottom
    {
        type            symmetryPlane;
    }
    top
    {
        type            symmetryPlane;
    }
    obstacle
    {
        type            zeroGradient;
    }
    defaultFaces
    {
        type            empty;
    }
}


// ************************************************************************* //
