/*--------------------------------*- C++ -*----------------------------------*\
| =========                 |                                                 |
| \\      /  F ield         | OpenFOAM: The Open Source CFD Toolbox           |
|  \\    /   O peration     | Version:  5.x                                   |
|   \\  /    A nd           | Web:      www.OpenFOAM.org                      |
|    \\/     M anipulation  |                                                 |
\*---------------------------------------------------------------------------*/
/*   Windows 32 and 64 bit porting by blueCAPE: http://www.bluecape.com.pt   *\
|  Based on Windows porting (2.0.x v4) by Symscape: http://www.symscape.com   |
\*---------------------------------------------------------------------------*/
FoamFile
{
    version     2.0;
    format      ascii;
    class       volScalarField;
    location    "0.002";
    object      T;
}
// * * * * * * * * * * * * * * * * * * * * * * * * * * * * * * * * * * * * * //

dimensions      [0 0 0 1 0 0 0];

internalField   nonuniform List<scalar> 
10000
(
348.432
348.432
348.432
348.432
348.432
348.432
348.432
348.432
348.432
348.432
348.432
348.432
348.432
348.432
348.432
348.43
348.418
348.364
348.138
347.421
345.475
341.378
334.027
323.291
311.628
295.737
290.344
277.317
259.298
254.507
257.63
271.811
302.706
359.778
404.318
427.268
436.026
436.434
424.891
396.272
342.21
287.315
279.701
278.9
278.768
278.748
278.747
278.746
278.746
278.746
278.746
278.746
278.746
278.746
278.746
278.746
278.746
278.746
278.746
278.746
348.432
348.432
348.432
348.432
348.432
348.432
348.432
348.432
348.432
348.432
348.432
348.432
348.432
348.432
348.432
348.43
348.419
348.372
348.166
347.506
345.679
341.782
334.676
324.146
312.388
296.798
290.919
276.566
259.382
254.885
257.591
269.984
296.369
348.349
388.256
410.279
417.408
416.263
407.713
390.465
348.525
289.619
280.344
278.984
278.779
278.751
278.747
278.746
278.746
278.746
278.746
278.746
278.746
278.746
278.746
278.746
278.746
278.746
278.746
278.746
348.432
348.432
348.432
348.432
348.432
348.432
348.432
348.432
348.432
348.432
348.432
348.432
348.432
348.432
348.432
348.43
348.419
348.372
348.168
347.513
345.696
341.821
334.764
324.313
312.539
298.194
288.592
281.759
266.089
255.21
255.513
261.845
275.242
317.618
362.899
393.311
408.133
410.94
407.39
394.871
353.116
290.898
280.671
279.042
278.787
278.752
278.747
278.746
278.746
278.746
278.746
278.746
278.746
278.746
278.746
278.746
278.746
278.746
278.746
278.746
348.432
348.432
348.432
348.432
348.432
348.432
348.432
348.432
348.432
348.432
348.432
348.432
348.432
348.432
348.432
348.43
348.421
348.379
348.191
347.582
345.863
342.159
335.31
325.054
313.073
300.361
285.56
281.457
271.211
255.963
254.854
259.89
272.175
311.599
355.633
385.759
399.806
404.202
403.527
396.378
362.378
292.87
281.242
279.128
278.8
278.755
278.747
278.746
278.746
278.746
278.746
278.746
278.746
278.746
278.746
278.746
278.746
278.746
278.746
278.746
348.432
348.432
348.432
348.432
348.432
348.432
348.432
348.432
348.432
348.432
348.432
348.432
348.432
348.432
348.432
348.43
348.421
348.379
348.194
347.594
345.893
342.22
335.431
325.246
313.403
300.593
286.412
282.405
271.767
256.881
256.092
260.764
272.262
309.195
352.707
382.947
397.778
402.645
402.275
395.778
365.052
294.495
281.761
279.204
278.814
278.757
278.748
278.746
278.746
278.746
278.746
278.746
278.746
278.746
278.746
278.746
278.746
278.746
278.746
278.746
348.432
348.432
348.432
348.432
348.432
348.432
348.432
348.432
348.432
348.432
348.432
348.432
348.432
348.432
348.432
348.43
348.422
348.384
348.212
347.65
346.03
342.504
335.894
325.873
314.12
301.032
287.451
283.005
270.296
256.279
255.936
260.603
272.217
308.181
352.593
383.107
397.318
402.379
402.374
397.481
372.333
296.88
282.392
279.297
278.831
278.76
278.748
278.746
278.746
278.746
278.746
278.746
278.746
278.746
278.746
278.746
278.746
278.746
278.746
278.746
348.432
348.432
348.432
348.432
348.432
348.432
348.432
348.432
348.432
348.432
348.432
348.432
348.432
348.432
348.432
348.43
348.422
348.385
348.217
347.665
346.068
342.579
336.036
326.082
314.397
301.398
287.922
283.571
271.272
256.739
256.218
260.419
271.387
305.821
349.749
381.306
396.995
402.648
402.917
398.067
375.188
299.505
283.041
279.391
278.849
278.763
278.749
278.746
278.746
278.746
278.746
278.746
278.746
278.746
278.746
278.746
278.746
278.746
278.746
278.746
348.432
348.432
348.432
348.432
348.432
348.432
348.432
348.432
348.432
348.432
348.432
348.432
348.432
348.432
348.432
348.431
348.423
348.389
348.231
347.711
346.182
342.817
336.431
326.628
315.027
302.009
288.612
283.974
270.68
256.418
255.918
260.31
272.699
309.217
351.739
382.318
397.244
402.952
403.51
399.693
379.661
304.378
283.756
279.5
278.869
278.767
278.749
278.747
278.746
278.746
278.746
278.746
278.746
278.746
278.746
278.746
278.746
278.746
278.746
278.746
348.432
348.432
348.432
348.432
348.432
348.432
348.432
348.432
348.432
348.432
348.432
348.432
348.432
348.432
348.432
348.431
348.423
348.391
348.237
347.728
346.224
342.9
336.585
326.846
315.304
302.287
289.021
284.455
271.214
256.299
255.671
259.932
272.59
309.098
351.022
381.542
396.818
402.704
403.608
400.078
381.373
309.952
284.498
279.619
278.891
278.771
278.75
278.747
278.746
278.746
278.746
278.746
278.746
278.746
278.746
278.746
278.746
278.746
278.746
278.746
348.432
348.432
348.432
348.432
348.432
348.432
348.432
348.432
348.432
348.432
348.432
348.432
348.432
348.432
348.432
348.431
348.424
348.394
348.248
347.766
346.319
343.101
336.928
327.329
315.86
302.989
289.496
284.878
271.228
256.231
255.506
259.943
273.13
308.96
350.681
382.052
397.461
403.11
403.992
400.941
383.949
315.957
285.291
279.752
278.915
278.776
278.751
278.747
278.746
278.746
278.746
278.746
278.746
278.746
278.746
278.746
278.746
278.746
278.746
278.746
348.432
348.432
348.432
348.432
348.432
348.432
348.432
348.432
348.432
348.432
348.432
348.432
348.432
348.432
348.432
348.431
348.424
348.395
348.254
347.783
346.363
343.188
337.089
327.553
316.119
303.261
289.698
285.292
271.88
256.324
255.412
259.965
273.443
308.406
349.971
380.954
396.599
402.681
403.925
401.177
385.345
321.778
286.123
279.9
278.942
278.781
278.752
278.747
278.746
278.746
278.746
278.746
278.746
278.746
278.746
278.746
278.746
278.746
278.746
278.746
348.432
348.432
348.432
348.432
348.432
348.432
348.432
348.432
348.432
348.432
348.432
348.432
348.432
348.432
348.432
348.431
348.425
348.398
348.264
347.815
346.444
343.358
337.388
327.983
316.62
303.953
290.098
285.687
272.188
256.268
254.992
259.742
273.935
309.198
351.322
380.936
395.643
401.882
403.489
401.388
387.268
327.622
287.016
280.062
278.972
278.787
278.752
278.747
278.746
278.746
278.746
278.746
278.746
278.746
278.746
278.746
278.746
278.746
278.746
278.746
348.432
348.432
348.432
348.432
348.432
348.432
348.432
348.432
348.432
348.432
348.432
348.432
348.432
348.432
348.432
348.431
348.425
348.399
348.269
347.832
346.488
343.446
337.551
328.209
316.871
304.241
290.208
285.967
272.985
256.269
254.632
259.21
273.273
307.99
350.839
379.904
394.713
400.97
402.961
401.289
388.571
333.185
287.956
280.24
279.007
278.792
278.753
278.747
278.746
278.746
278.746
278.746
278.746
278.746
278.746
278.746
278.746
278.746
278.746
278.746
348.432
348.432
348.432
348.432
348.432
348.432
348.432
348.432
348.432
348.432
348.432
348.432
348.432
348.432
348.432
348.431
348.425
348.401
348.277
347.858
346.558
343.591
337.811
328.582
317.323
304.878
290.634
286.347
273.392
256.385
254.349
258.912
272.806
307.205
349.842
378.818
394.681
401.054
403.118
401.695
390.193
338.646
288.95
280.436
279.045
278.798
278.754
278.748
278.746
278.746
278.746
278.746
278.746
278.746
278.746
278.746
278.746
278.746
278.746
278.746
348.432
348.432
348.432
348.432
348.432
348.432
348.432
348.432
348.432
348.432
348.432
348.432
348.432
348.432
348.432
348.431
348.426
348.402
348.282
347.875
346.601
343.68
337.972
328.805
317.572
305.123
290.769
286.627
273.933
256.517
254.205
258.547
272.492
306.384
348.527
377.907
395.072
401.6
403.681
402.244
391.365
343.806
289.977
280.652
279.088
278.804
278.756
278.748
278.746
278.746
278.746
278.746
278.746
278.746
278.746
278.746
278.746
278.746
278.746
278.746
348.432
348.432
348.432
348.432
348.432
348.432
348.432
348.432
348.432
348.432
348.432
348.432
348.432
348.432
348.432
348.431
348.426
348.404
348.289
347.898
346.661
343.806
338.202
329.136
317.978
305.678
291.243
287.02
274.104
256.767
254.272
258.556
272.566
305.881
348.103
377.982
395.558
401.931
403.992
402.709
392.644
348.854
291.042
280.891
279.134
278.81
278.757
278.748
278.746
278.746
278.746
278.746
278.746
278.746
278.746
278.746
278.746
278.746
278.746
278.746
348.432
348.432
348.432
348.432
348.432
348.432
348.432
348.432
348.432
348.432
348.432
348.432
348.432
348.432
348.432
348.431
348.426
348.405
348.294
347.913
346.703
343.893
338.36
329.356
318.226
305.895
291.422
287.311
274.422
256.958
254.28
258.339
272.277
304.805
347.856
379.116
396.865
402.533
404.302
403.018
393.53
353.49
292.128
281.157
279.182
278.816
278.759
278.748
278.746
278.746
278.746
278.746
278.746
278.746
278.746
278.746
278.746
278.746
278.746
278.746
348.432
348.432
348.432
348.432
348.432
348.432
348.432
348.432
348.432
348.432
348.432
348.432
348.432
348.432
348.432
348.431
348.426
348.406
348.3
347.933
346.755
344.003
338.564
329.651
318.588
306.377
291.867
287.694
274.636
257.258
254.455
258.359
272.202
304.117
348.172
380.097
397.507
402.837
404.456
403.306
394.522
357.928
293.239
281.454
279.232
278.823
278.761
278.749
278.746
278.746
278.746
278.746
278.746
278.746
278.746
278.746
278.746
278.746
278.746
278.746
348.432
348.432
348.432
348.432
348.432
348.432
348.432
348.432
348.432
348.432
348.432
348.432
348.432
348.432
348.432
348.431
348.427
348.407
348.304
347.947
346.794
344.085
338.716
329.866
318.834
306.591
292.069
287.978
274.882
257.416
254.455
258.258
272.146
303.918
348.794
380.998
397.734
402.687
404.208
403.264
395.361
362.133
294.366
281.783
279.282
278.831
278.762
278.749
278.747
278.746
278.746
278.746
278.746
278.746
278.746
278.746
278.746
278.746
278.746
278.746
348.432
348.432
348.432
348.432
348.432
348.432
348.432
348.432
348.432
348.432
348.432
348.432
348.432
348.432
348.432
348.431
348.427
348.409
348.309
347.964
346.84
344.183
338.897
330.131
319.158
306.998
292.519
288.32
275.014
257.644
254.619
258.416
272.366
304.356
349.835
381.852
397.952
402.711
404.04
403.259
396.108
366.039
295.559
282.144
279.332
278.84
278.764
278.749
278.747
278.746
278.746
278.746
278.746
278.746
278.746
278.746
278.746
278.746
278.746
278.746
348.432
348.432
348.432
348.432
348.432
348.432
348.432
348.432
348.432
348.432
348.432
348.432
348.432
348.432
348.432
348.431
348.427
348.409
348.313
347.978
346.876
344.26
339.042
330.338
319.398
307.209
292.762
288.558
275.302
257.855
254.655
258.354
272.211
304.638
350.502
382.414
398.483
403.246
404.345
403.599
396.912
369.562
296.822
282.533
279.381
278.851
278.766
278.75
278.747
278.746
278.746
278.746
278.746
278.746
278.746
278.746
278.746
278.746
278.746
278.746
348.432
348.432
348.432
348.432
348.432
348.432
348.432
348.432
348.432
348.432
348.432
348.432
348.432
348.432
348.432
348.431
348.427
348.41
348.318
347.993
346.917
344.348
339.206
330.576
319.692
307.55
293.248
288.808
275.828
258.238
254.614
257.992
271.053
303.701
350.263
382.29
398.828
404.123
405.074
404.267
397.777
372.682
298.187
282.947
279.432
278.862
278.768
278.75
278.747
278.746
278.746
278.746
278.746
278.746
278.746
278.746
278.746
278.746
278.746
278.746
348.432
348.432
348.432
348.432
348.432
348.432
348.432
348.432
348.432
348.432
348.432
348.432
348.432
348.432
348.432
348.431
348.427
348.411
348.321
348.005
346.951
344.422
339.343
330.773
319.929
307.707
293.726
288.888
277.148
258.837
253.712
256.048
267.008
299.297
347.973
380.889
398.306
404.417
405.492
404.774
398.718
375.489
299.913
283.379
279.483
278.875
278.77
278.75
278.747
278.746
278.746
278.746
278.746
278.746
278.746
278.746
278.746
278.746
278.746
278.746
348.432
348.432
348.432
348.432
348.432
348.432
348.432
348.432
348.432
348.432
348.432
348.432
348.432
348.432
348.432
348.431
348.428
348.412
348.325
348.019
346.988
344.501
339.491
330.989
320.211
307.817
295.175
287.175
279.796
261.982
251.957
252.638
259.725
288.441
340.861
377.147
396.83
404.313
405.686
405.148
399.625
377.862
302.359
283.826
279.537
278.888
278.772
278.751
278.747
278.746
278.746
278.746
278.746
278.746
278.746
278.746
278.746
278.746
278.746
278.746
348.432
348.432
348.432
348.432
348.432
348.432
348.432
348.432
348.432
348.432
348.432
348.432
348.432
348.432
348.432
348.431
348.428
348.413
348.328
348.03
347.019
344.569
339.621
331.175
320.453
307.778
296.86
284.044
279.626
268.085
253.499
252.42
256.347
275.376
326.866
369.251
393.402
403.34
405.411
405.131
400.286
379.699
305.553
284.277
279.595
278.903
278.774
278.751
278.747
278.746
278.746
278.746
278.746
278.746
278.746
278.746
278.746
278.746
278.746
278.746
348.432
348.432
348.432
348.432
348.432
348.432
348.432
348.432
348.432
348.432
348.432
348.432
348.432
348.432
348.432
348.432
348.428
348.414
348.331
348.042
347.052
344.641
339.756
331.373
320.698
308.004
297.548
283.395
279.352
269.884
255.467
253.836
256.633
269.732
314.968
361.3
389.041
401.325
404.619
404.796
400.822
381.424
309.032
284.732
279.659
278.918
278.777
278.752
278.747
278.746
278.746
278.746
278.746
278.746
278.746
278.746
278.746
278.746
278.746
278.746
348.432
348.432
348.432
348.432
348.432
348.432
348.432
348.432
348.432
348.432
348.432
348.432
348.432
348.432
348.432
348.432
348.428
348.414
348.334
348.052
347.081
344.705
339.877
331.549
320.911
308.181
297.95
283.285
279.164
270.427
257.43
256.054
258.495
268.824
309.218
356.551
385.63
398.736
403.19
404.013
401.044
383.087
312.519
285.183
279.728
278.933
278.779
278.752
278.747
278.746
278.746
278.746
278.746
278.746
278.746
278.746
278.746
278.746
278.746
278.746
348.432
348.432
348.432
348.432
348.432
348.432
348.432
348.432
348.432
348.432
348.432
348.432
348.432
348.432
348.432
348.432
348.428
348.415
348.337
348.062
347.11
344.77
340
331.732
321.135
308.42
298.363
283.228
279.12
270.796
258.597
257.215
259.422
269.116
307.343
354.234
383.479
396.76
401.979
403.275
401.118
384.639
316.071
285.635
279.804
278.949
278.781
278.753
278.747
278.746
278.746
278.746
278.746
278.746
278.746
278.746
278.746
278.746
278.746
278.746
348.432
348.432
348.432
348.432
348.432
348.432
348.432
348.432
348.432
348.432
348.432
348.432
348.432
348.432
348.432
348.432
348.428
348.416
348.34
348.072
347.137
344.829
340.113
331.897
321.333
308.626
298.594
283.274
279.201
271.143
258.96
257.354
259.506
269.076
306.258
352.369
381.459
395.06
401.089
402.82
401.233
385.909
319.485
286.076
279.887
278.965
278.784
278.753
278.747
278.746
278.746
278.746
278.746
278.746
278.746
278.746
278.746
278.746
278.746
278.746
348.432
348.432
348.432
348.432
348.432
348.432
348.432
348.432
348.432
348.432
348.432
348.432
348.432
348.432
348.432
348.432
348.428
348.416
348.342
348.081
347.163
344.888
340.226
332.066
321.537
308.88
298.785
283.501
279.447
271.45
259.171
257.364
259.459
268.557
304.339
349.814
378.973
393.395
400.434
402.674
401.546
387.228
322.923
286.52
279.979
278.981
278.787
278.754
278.747
278.746
278.746
278.746
278.746
278.746
278.746
278.746
278.746
278.746
278.746
278.746
348.432
348.432
348.432
348.432
348.432
348.432
348.432
348.432
348.432
348.432
348.432
348.432
348.432
348.432
348.432
348.432
348.428
348.417
348.344
348.09
347.188
344.942
340.33
332.221
321.723
309.089
298.938
283.664
279.694
271.654
259.267
257.445
259.509
268.073
302.479
347.486
377.02
392.2
399.989
402.635
401.816
388.28
326.143
286.953
280.077
278.997
278.79
278.754
278.748
278.746
278.746
278.746
278.746
278.746
278.746
278.746
278.746
278.746
278.746
278.746
348.432
348.432
348.432
348.432
348.432
348.432
348.432
348.432
348.432
348.432
348.432
348.432
348.432
348.432
348.432
348.432
348.428
348.417
348.347
348.098
347.212
344.997
340.435
332.378
321.913
309.321
299.124
283.827
279.95
271.933
259.28
257.387
259.402
267.524
300.925
345.745
375.946
391.742
399.843
402.716
402.122
389.339
329.387
287.399
280.183
279.014
278.793
278.755
278.748
278.746
278.746
278.746
278.746
278.746
278.746
278.746
278.746
278.746
278.746
278.746
348.432
348.432
348.432
348.432
348.432
348.432
348.432
348.432
348.432
348.432
348.432
348.432
348.432
348.432
348.432
348.432
348.429
348.418
348.349
348.106
347.234
345.047
340.531
332.523
322.086
309.534
299.193
284.093
280.268
272.061
259.044
257.137
259.232
267.204
300.245
344.768
375.32
391.408
399.603
402.622
402.176
390.079
332.35
287.839
280.293
279.03
278.796
278.755
278.748
278.746
278.746
278.746
278.746
278.746
278.746
278.746
278.746
278.746
278.746
278.746
348.432
348.432
348.432
348.432
348.432
348.432
348.432
348.432
348.432
348.432
348.432
348.432
348.432
348.432
348.432
348.432
348.429
348.418
348.351
348.114
347.256
345.098
340.628
332.67
322.263
309.759
299.311
284.396
280.581
272.143
259.02
257.192
259.267
267.016
299.701
343.895
374.701
390.813
399.018
402.293
402.077
390.928
335.428
288.305
280.41
279.048
278.799
278.756
278.748
278.746
278.746
278.746
278.746
278.746
278.746
278.746
278.746
278.746
278.746
278.746
348.432
348.432
348.432
348.432
348.432
348.432
348.432
348.432
348.432
348.432
348.432
348.432
348.432
348.432
348.432
348.432
348.429
348.419
348.352
348.121
347.276
345.144
340.717
332.804
322.424
309.954
299.388
284.66
280.85
272.071
258.97
257.374
259.489
266.801
298.449
342.455
373.8
389.91
398.011
401.639
401.699
391.454
338.166
288.766
280.528
279.065
278.802
278.757
278.748
278.746
278.746
278.746
278.746
278.746
278.746
278.746
278.746
278.746
278.746
278.746
348.432
348.432
348.432
348.432
348.432
348.432
348.432
348.432
348.432
348.432
348.432
348.432
348.432
348.432
348.432
348.432
348.429
348.419
348.354
348.128
347.296
345.19
340.807
332.942
322.591
310.162
299.508
284.976
281.112
271.94
259.094
257.808
260.005
267.066
297.828
341.442
373.19
389.166
397.106
401.029
401.363
392.161
341.089
289.268
280.653
279.083
278.806
278.757
278.748
278.746
278.746
278.746
278.746
278.746
278.746
278.746
278.746
278.746
278.746
278.746
348.432
348.432
348.432
348.432
348.432
348.432
348.432
348.432
348.432
348.432
348.432
348.432
348.432
348.432
348.432
348.432
348.429
348.42
348.356
348.134
347.315
345.233
340.888
333.066
322.741
310.338
299.61
285.18
281.308
271.769
259.193
258.083
260.446
267.651
297.934
341.098
373.262
388.922
396.428
400.481
400.931
392.438
343.488
289.758
280.776
279.102
278.81
278.758
278.748
278.746
278.746
278.746
278.746
278.746
278.746
278.746
278.746
278.746
278.746
278.746
348.432
348.432
348.432
348.432
348.432
348.432
348.432
348.432
348.432
348.432
348.432
348.432
348.432
348.432
348.432
348.432
348.429
348.42
348.357
348.141
347.333
345.276
340.972
333.196
322.899
310.532
299.739
285.435
281.54
271.733
259.112
257.978
260.53
268.412
299.2
341.617
373.829
389.183
396.273
400.286
400.81
393.073
346.149
290.311
280.907
279.122
278.814
278.759
278.748
278.746
278.746
278.746
278.746
278.746
278.746
278.746
278.746
278.746
278.746
278.746
348.432
348.432
348.432
348.432
348.432
348.432
348.432
348.432
348.432
348.432
348.432
348.432
348.432
348.432
348.432
348.432
348.429
348.421
348.359
348.147
347.35
345.315
341.047
333.31
323.038
310.694
299.828
285.61
281.759
271.795
258.87
257.602
260.276
268.905
301.026
342.966
374.988
389.807
396.385
400.26
400.684
393.265
348.1
290.843
281.032
279.141
278.817
278.759
278.749
278.747
278.746
278.746
278.746
278.746
278.746
278.746
278.746
278.746
278.746
278.746
348.432
348.432
348.432
348.432
348.432
348.432
348.432
348.432
348.432
348.432
348.432
348.432
348.432
348.432
348.432
348.432
348.429
348.421
348.36
348.152
347.367
345.355
341.125
333.433
323.19
310.874
299.989
285.785
281.958
272.057
258.84
257.416
260.099
269.016
301.731
343.646
375.454
390.224
396.618
400.388
400.825
393.976
350.53
291.469
281.167
279.163
278.821
278.76
278.749
278.747
278.746
278.746
278.746
278.746
278.746
278.746
278.746
278.746
278.746
278.746
348.432
348.432
348.432
348.432
348.432
348.432
348.432
348.432
348.432
348.432
348.432
348.432
348.432
348.432
348.432
348.432
348.429
348.421
348.361
348.158
347.382
345.391
341.193
333.538
323.317
311.017
300.08
285.927
282.129
272.199
258.879
257.361
260.035
268.996
301.835
343.739
375.445
390.292
396.671
400.42
400.787
394.108
352.076
292.051
281.29
279.183
278.825
278.761
278.749
278.747
278.746
278.746
278.746
278.746
278.746
278.746
278.746
278.746
278.746
278.746
348.432
348.432
348.432
348.432
348.432
348.432
348.432
348.432
348.432
348.432
348.432
348.432
348.432
348.432
348.432
348.432
348.429
348.422
348.363
348.163
347.398
345.429
341.267
333.655
323.464
311.193
300.217
286.146
282.32
272.354
259.052
257.476
260.123
269.004
301.636
343.635
375.287
390.303
396.803
400.612
401.059
394.959
354.45
292.767
281.431
279.207
278.83
278.762
278.749
278.747
278.746
278.746
278.746
278.746
278.746
278.746
278.746
278.746
278.746
278.746
348.432
348.432
348.432
348.432
348.432
348.432
348.432
348.432
348.432
348.432
348.432
348.432
348.432
348.432
348.432
348.432
348.429
348.422
348.364
348.168
347.411
345.461
341.328
333.749
323.579
311.322
300.268
286.33
282.497
272.332
259.16
257.568
260.2
268.968
301.166
343.341
375.262
390.667
397.098
400.758
401.101
395.029
355.652
293.385
281.551
279.228
278.833
278.762
278.749
278.747
278.746
278.746
278.746
278.746
278.746
278.746
278.746
278.746
278.746
278.746
348.432
348.432
348.432
348.432
348.432
348.432
348.432
348.432
348.432
348.432
348.432
348.432
348.432
348.432
348.432
348.432
348.429
348.422
348.365
348.173
347.426
345.497
341.399
333.863
323.722
311.5
300.373
286.623
282.719
272.262
259.328
257.804
260.45
268.903
299.958
342.71
375.004
391.034
397.64
401.186
401.527
395.951
358.048
294.187
281.701
279.255
278.838
278.763
278.749
278.747
278.746
278.746
278.746
278.746
278.746
278.746
278.746
278.746
278.746
278.746
348.432
348.432
348.432
348.432
348.432
348.432
348.432
348.432
348.432
348.432
348.432
348.432
348.432
348.432
348.432
348.432
348.429
348.422
348.366
348.177
347.438
345.526
341.453
333.946
323.822
311.61
300.407
286.811
282.905
272.035
259.374
257.969
260.714
269.06
299.074
341.903
374.508
391.024
397.704
401.185
401.466
395.902
358.934
294.801
281.818
279.275
278.842
278.764
278.749
278.747
278.746
278.746
278.746
278.746
278.746
278.746
278.746
278.746
278.746
278.746
348.432
348.432
348.432
348.432
348.432
348.432
348.432
348.432
348.432
348.432
348.432
348.432
348.432
348.432
348.432
348.432
348.429
348.423
348.367
348.182
347.452
345.56
341.521
334.058
323.966
311.781
300.556
287.042
283.125
271.989
259.313
257.894
260.769
269.328
298.853
341.552
373.99
390.996
397.75
401.206
401.623
396.763
361.481
295.701
281.984
279.306
278.847
278.765
278.75
278.747
278.746
278.746
278.746
278.746
278.746
278.746
278.746
278.746
278.746
278.746
348.432
348.432
348.432
348.432
348.432
348.432
348.432
348.432
348.432
348.432
348.432
348.432
348.432
348.432
348.432
348.432
348.429
348.423
348.368
348.185
347.463
345.586
341.567
334.129
324.052
311.863
300.625
287.154
283.303
272.013
259.04
257.486
260.496
269.525
299.227
341.706
373.931
391.071
397.747
401.069
401.424
396.621
362.118
296.268
282.094
279.325
278.85
278.765
278.75
278.747
278.746
278.746
278.746
278.746
278.746
278.746
278.746
278.746
278.746
278.746
348.432
348.432
348.432
348.432
348.432
348.432
348.432
348.432
348.432
348.432
348.432
348.432
348.432
348.432
348.432
348.432
348.429
348.423
348.369
348.19
347.476
345.619
341.634
334.241
324.206
312.052
300.845
287.344
283.495
272.256
258.815
257.004
260.067
269.533
299.687
342.154
373.935
391.163
397.668
400.91
401.443
397.403
364.771
297.294
282.285
279.36
278.856
278.767
278.75
278.747
278.746
278.746
278.746
278.746
278.746
278.746
278.746
278.746
278.746
278.746
348.432
348.432
348.432
348.432
348.432
348.432
348.432
348.432
348.432
348.432
348.432
348.432
348.432
348.432
348.432
348.432
348.429
348.423
348.37
348.193
347.485
345.641
341.675
334.305
324.315
312.198
300.949
287.373
283.557
272.372
258.739
256.76
259.773
269.371
299.732
342.529
373.865
391.106
397.551
400.661
401.185
397.219
365.26
297.779
282.383
279.376
278.859
278.767
278.75
278.747
278.746
278.746
278.746
278.746
278.746
278.746
278.746
278.746
278.746
278.746
348.432
348.432
348.432
348.432
348.432
348.432
348.432
348.432
348.432
348.432
348.432
348.432
348.432
348.432
348.432
348.432
348.429
348.424
348.371
348.197
347.499
345.675
341.756
334.455
324.484
312.387
301.047
287.394
283.572
272.636
258.827
256.685
259.632
269.075
299.194
342.286
373.295
390.384
396.855
400.336
401.331
398.338
368.455
299.055
282.612
279.417
278.866
278.768
278.75
278.747
278.746
278.746
278.746
278.746
278.746
278.746
278.746
278.746
278.746
278.746
348.432
348.432
348.432
348.432
348.432
348.432
348.432
348.432
348.432
348.432
348.432
348.432
348.432
348.432
348.432
348.432
348.429
348.424
348.373
348.204
347.519
345.722
341.82
334.527
324.467
312.32
301.077
287.259
283.593
273.25
259.173
256.59
259.457
268.825
298.764
343.323
373.333
389.866
395.416
398.146
398.952
395.853
368.071
299.659
282.79
279.45
278.872
278.769
278.751
278.747
278.746
278.746
278.746
278.746
278.746
278.746
278.746
278.746
278.746
278.746
348.432
348.432
348.432
348.432
348.432
348.432
348.432
348.432
348.432
348.432
348.432
348.432
348.432
348.432
348.432
348.432
348.429
348.424
348.371
348.199
347.502
345.684
341.738
334.415
324.369
312.168
301.075
286.952
283.395
273.685
259.281
256.381
259.112
268.217
298.494
343.851
372.853
389.652
395.8
399.285
400.34
396.078
366.909
297.922
282.283
279.339
278.85
278.765
278.75
278.747
278.746
278.746
278.746
278.746
278.746
278.746
278.746
278.746
278.746
278.746
348.432
348.432
348.432
348.432
348.432
348.432
348.432
348.432
348.432
348.432
348.432
348.432
348.432
348.432
348.432
348.432
348.429
348.424
348.373
348.206
347.521
345.733
341.822
334.535
324.442
312.199
301.084
286.889
283.385
273.913
259.359
256.205
258.85
268.218
298.479
344.276
372.162
388.996
395.31
398.742
400.166
397.023
369.931
298.242
282.272
279.327
278.847
278.764
278.75
278.747
278.746
278.746
278.746
278.746
278.746
278.746
278.746
278.746
278.746
278.746
348.432
348.432
348.432
348.432
348.432
348.432
348.432
348.432
348.432
348.432
348.432
348.432
348.432
348.432
348.432
348.432
348.43
348.424
348.373
348.205
347.516
345.721
341.781
334.475
324.369
312.054
300.938
286.661
283.165
274.001
259.455
255.987
258.415
268.028
298.588
343.315
372.53
391.128
398.001
400.704
401.371
397.093
369.22
297.524
282.055
279.28
278.838
278.763
278.749
278.747
278.746
278.746
278.746
278.746
278.746
278.746
278.746
278.746
278.746
278.746
348.432
348.432
348.432
348.432
348.432
348.432
348.432
348.432
348.432
348.432
348.432
348.432
348.432
348.432
348.432
348.432
348.43
348.424
348.373
348.209
347.527
345.753
341.834
334.552
324.428
312.056
300.976
286.719
283.488
274.227
259.24
255.426
257.842
267.818
297.562
342.955
373.884
390.96
398.134
400.779
401.668
398.336
370.789
297.449
281.972
279.258
278.833
278.762
278.749
278.747
278.746
278.746
278.746
278.746
278.746
278.746
278.746
278.746
278.746
278.746
348.432
348.432
348.432
348.432
348.432
348.432
348.432
348.432
348.432
348.432
348.432
348.432
348.432
348.432
348.432
348.432
348.43
348.424
348.374
348.209
347.53
345.756
341.825
334.533
324.382
311.937
300.822
286.42
282.927
273.84
258.865
255.002
257.403
267.213
295.754
342.479
374.636
390.283
397.731
400.339
401.344
398.074
370.158
297.018
281.863
279.235
278.828
278.761
278.749
278.747
278.746
278.746
278.746
278.746
278.746
278.746
278.746
278.746
278.746
278.746
348.432
348.432
348.432
348.432
348.432
348.432
348.432
348.432
348.432
348.432
348.432
348.432
348.432
348.432
348.432
348.432
348.43
348.424
348.375
348.212
347.537
345.777
341.859
334.582
324.42
311.924
300.831
286.374
283.113
274.373
259.379
255.461
257.663
266.839
293.558
341.405
374.717
389.034
396.555
399.145
400.611
398.105
370.522
296.881
281.798
279.219
278.824
278.76
278.749
278.747
278.746
278.746
278.746
278.746
278.746
278.746
278.746
278.746
278.746
278.746
348.432
348.432
348.432
348.432
348.432
348.432
348.432
348.432
348.432
348.432
348.432
348.432
348.432
348.432
348.432
348.432
348.43
348.424
348.375
348.212
347.543
345.79
341.873
334.592
324.402
311.839
300.742
286.082
282.673
274.364
259.479
255.598
257.644
265.945
291.931
339.472
374.125
390.95
398.76
400.876
401.051
397.457
369.573
296.629
281.739
279.205
278.821
278.759
278.748
278.746
278.746
278.746
278.746
278.746
278.746
278.746
278.746
278.746
278.746
278.746
348.432
348.432
348.432
348.432
348.432
348.432
348.432
348.432
348.432
348.432
348.432
348.432
348.432
348.432
348.432
348.432
348.43
348.424
348.376
348.216
347.55
345.807
341.901
334.624
324.428
311.802
300.702
285.974
282.746
274.618
259.226
255.356
257.363
265.347
292.018
337.677
373.911
391.393
398.316
400.83
401.109
397.857
369.81
296.506
281.695
279.195
278.819
278.759
278.748
278.746
278.746
278.746
278.746
278.746
278.746
278.746
278.746
278.746
278.746
278.746
348.432
348.432
348.432
348.432
348.432
348.432
348.432
348.432
348.432
348.432
348.432
348.432
348.432
348.432
348.432
348.432
348.43
348.424
348.377
348.216
347.557
345.822
341.927
334.65
324.443
311.742
300.641
285.776
282.388
274.083
258.576
254.81
256.883
264.952
292.669
337.071
373.865
391.197
396.966
399.791
399.839
396.915
369.384
296.327
281.654
279.187
278.817
278.758
278.748
278.746
278.746
278.746
278.746
278.746
278.746
278.746
278.746
278.746
278.746
278.746
348.432
348.432
348.432
348.432
348.432
348.432
348.432
348.432
348.432
348.432
348.432
348.432
348.432
348.432
348.432
348.432
348.43
348.424
348.377
348.219
347.564
345.838
341.956
334.681
324.473
311.702
300.576
285.603
282.294
274.275
258.923
255.452
257.511
265.054
292.51
337.264
374.169
391.615
396.755
400.042
399.995
396.777
368.914
296.17
281.623
279.182
278.816
278.758
278.748
278.746
278.746
278.746
278.746
278.746
278.746
278.746
278.746
278.746
278.746
278.746
348.432
348.432
348.432
348.432
348.432
348.432
348.432
348.432
348.432
348.432
348.432
348.432
348.432
348.432
348.432
348.432
348.43
348.424
348.378
348.221
347.572
345.854
341.986
334.717
324.506
311.675
300.496
285.397
282.148
274.134
259.279
256.14
258.265
265.392
292.364
338.657
373.091
391.858
397.308
400.276
399.937
396.041
368.369
296.021
281.594
279.178
278.816
278.758
278.748
278.746
278.746
278.746
278.746
278.746
278.746
278.746
278.746
278.746
278.746
278.746
348.432
348.432
348.432
348.432
348.432
348.432
348.432
348.432
348.432
348.432
348.432
348.432
348.432
348.432
348.432
348.432
348.43
348.424
348.378
348.222
347.579
345.874
342.018
334.759
324.543
311.667
300.398
285.187
282.063
274.062
259.654
256.781
258.976
266.195
293.396
340.306
372.168
392.109
397.676
400.144
400.07
396.212
368.367
295.879
281.564
279.175
278.816
278.758
278.748
278.746
278.746
278.746
278.746
278.746
278.746
278.746
278.746
278.746
278.746
278.746
348.432
348.432
348.432
348.432
348.432
348.432
348.432
348.432
348.432
348.432
348.432
348.432
348.432
348.432
348.432
348.432
348.43
348.424
348.379
348.224
347.585
345.894
342.051
334.809
324.584
311.673
300.291
284.982
281.856
273.399
259.136
256.515
259.008
266.881
294.205
341.342
373.119
393.361
399.144
400.994
401.191
396.784
367.584
295.619
281.532
279.175
278.816
278.758
278.748
278.746
278.746
278.746
278.746
278.746
278.746
278.746
278.746
278.746
278.746
278.746
348.432
348.432
348.432
348.432
348.432
348.432
348.432
348.432
348.432
348.432
348.432
348.432
348.432
348.432
348.432
348.432
348.43
348.424
348.38
348.225
347.591
345.915
342.084
334.864
324.629
311.686
300.192
284.809
281.457
272.514
257.619
254.701
257.473
266.702
294.519
341.834
374.485
393.105
400.166
401.751
401.953
396.756
365.331
295.335
281.517
279.179
278.817
278.758
278.748
278.746
278.746
278.746
278.746
278.746
278.746
278.746
278.746
278.746
278.746
278.746
348.432
348.432
348.432
348.432
348.432
348.432
348.432
348.432
348.432
348.432
348.432
348.432
348.432
348.432
348.432
348.432
348.43
348.424
348.38
348.226
347.597
345.935
342.116
334.926
324.675
311.696
300.127
284.642
281.039
271.751
256.19
252.469
254.973
266.438
294.812
341.078
375.33
392.214
400.591
401.644
400.688
394.353
362.313
295.181
281.527
279.185
278.818
278.758
278.748
278.746
278.746
278.746
278.746
278.746
278.746
278.746
278.746
278.746
278.746
278.746
348.432
348.432
348.432
348.432
348.432
348.432
348.432
348.432
348.432
348.432
348.432
348.432
348.432
348.432
348.432
348.432
348.43
348.424
348.381
348.227
347.603
345.954
342.148
334.999
324.736
311.698
300.128
284.542
280.753
271.389
255.294
251.043
253.214
264.828
294.824
339.584
376.19
392.763
400.938
401.518
399.352
392.402
360.491
295.238
281.568
279.194
278.819
278.759
278.748
278.746
278.746
278.746
278.746
278.746
278.746
278.746
278.746
278.746
278.746
278.746
348.432
348.432
348.432
348.432
348.432
348.432
348.432
348.432
348.432
348.432
348.432
348.432
348.432
348.432
348.432
348.432
348.43
348.424
348.382
348.228
347.609
345.971
342.181
335.082
324.819
311.716
300.147
284.48
280.6
271.394
255.36
251.117
252.628
262.937
293.017
337.443
375.918
393.424
400.706
402.626
399.522
391.459
360.619
295.525
281.644
279.204
278.821
278.759
278.748
278.746
278.746
278.746
278.746
278.746
278.746
278.746
278.746
278.746
278.746
278.746
348.432
348.432
348.432
348.432
348.432
348.432
348.432
348.432
348.432
348.432
348.432
348.432
348.432
348.432
348.432
348.432
348.43
348.424
348.382
348.228
347.615
345.987
342.213
335.168
324.92
311.767
300.247
284.468
280.534
271.639
256.092
253.295
254.9
262.739
290.014
334.945
371.769
392.722
399.473
402.508
400.255
392.14
363.303
295.893
281.718
279.214
278.823
278.759
278.748
278.746
278.746
278.746
278.746
278.746
278.746
278.746
278.746
278.746
278.746
278.746
348.432
348.432
348.432
348.432
348.432
348.432
348.432
348.432
348.432
348.432
348.432
348.432
348.432
348.432
348.432
348.432
348.43
348.424
348.383
348.229
347.621
346.002
342.245
335.25
325.031
311.827
300.422
284.463
280.348
271.508
256.218
254.298
256.58
264.671
289.644
334.572
368.764
389.767
397.229
400.246
399.856
392.156
363.794
295.996
281.767
279.226
278.826
278.76
278.748
278.746
278.746
278.746
278.746
278.746
278.746
278.746
278.746
278.746
278.746
278.746
348.432
348.432
348.432
348.432
348.432
348.432
348.432
348.432
348.432
348.432
348.432
348.432
348.432
348.432
348.432
348.432
348.43
348.424
348.384
348.229
347.626
346.015
342.274
335.33
325.137
311.903
300.651
284.46
280.083
270.882
255.082
252.488
256.014
265.64
291.457
336.844
370.01
390.132
397.056
398.997
398.329
390.043
360.812
295.999
281.822
279.243
278.829
278.76
278.748
278.746
278.746
278.746
278.746
278.746
278.746
278.746
278.746
278.746
278.746
278.746
348.432
348.432
348.432
348.432
348.432
348.432
348.432
348.432
348.432
348.432
348.432
348.432
348.432
348.432
348.432
348.432
348.43
348.423
348.384
348.229
347.631
346.027
342.299
335.408
325.227
312.018
300.906
284.531
279.928
270.514
254.125
250.585
253.969
264.804
291.03
338.068
372.5
390.689
398.845
399.88
397.802
388.662
358.804
296.335
281.94
279.265
278.832
278.761
278.749
278.746
278.746
278.746
278.746
278.746
278.746
278.746
278.746
278.746
278.746
278.746
348.432
348.432
348.432
348.432
348.432
348.432
348.432
348.432
348.432
348.432
348.432
348.432
348.432
348.432
348.432
348.432
348.43
348.423
348.385
348.229
347.636
346.037
342.322
335.48
325.299
312.172
301.145
284.76
279.983
270.461
253.629
249.757
252.776
263.306
288.12
334.968
371.93
389.702
398.571
399.774
397.109
387.994
360.202
297.123
282.125
279.289
278.835
278.761
278.749
278.746
278.746
278.746
278.746
278.746
278.746
278.746
278.746
278.746
278.746
278.746
348.432
348.432
348.432
348.432
348.432
348.432
348.432
348.432
348.432
348.432
348.432
348.432
348.432
348.432
348.432
348.432
348.43
348.423
348.385
348.229
347.641
346.045
342.345
335.546
325.352
312.345
301.303
285.02
280.345
271.068
254.129
250.585
253.319
262.595
285.589
331.209
368.783
387.579
395.945
398.635
396.588
388.398
363.929
298.077
282.304
279.31
278.838
278.762
278.749
278.746
278.746
278.746
278.746
278.746
278.746
278.746
278.746
278.746
278.746
278.746
348.432
348.432
348.432
348.432
348.432
348.432
348.432
348.432
348.432
348.432
348.432
348.432
348.432
348.432
348.432
348.432
348.43
348.423
348.386
348.229
347.646
346.05
342.37
335.597
325.392
312.516
301.383
285.183
280.65
271.548
254.636
251.615
254.502
262.858
284.606
329.568
367.187
386.583
394.006
397.441
396.468
389.015
366.405
298.798
282.442
279.329
278.841
278.762
278.749
278.746
278.746
278.746
278.746
278.746
278.746
278.746
278.746
278.746
278.746
278.746
348.432
348.432
348.432
348.432
348.432
348.432
348.432
348.432
348.432
348.432
348.432
348.432
348.432
348.432
348.432
348.432
348.43
348.423
348.386
348.229
347.651
346.054
342.398
335.633
325.447
312.649
301.398
285.258
280.8
271.721
254.717
251.667
254.702
263.21
285.255
329.882
367.027
386.595
393.664
396.848
396.551
389.61
367.357
299.327
282.562
279.349
278.844
278.762
278.749
278.747
278.746
278.746
278.746
278.746
278.746
278.746
278.746
278.746
278.746
278.746
348.432
348.432
348.432
348.432
348.432
348.432
348.432
348.432
348.432
348.432
348.432
348.432
348.432
348.432
348.432
348.432
348.43
348.423
348.386
348.229
347.654
346.058
342.426
335.659
325.537
312.734
301.41
285.275
280.799
271.468
254.27
250.696
253.702
262.623
285.915
330.635
367.427
387.471
394.598
396.999
396.651
389.986
367.66
299.877
282.701
279.372
278.848
278.763
278.749
278.747
278.746
278.746
278.746
278.746
278.746
278.746
278.746
278.746
278.746
278.746
348.432
348.432
348.432
348.432
348.432
348.432
348.432
348.432
348.432
348.432
348.432
348.432
348.432
348.432
348.432
348.432
348.43
348.423
348.386
348.229
347.656
346.062
342.45
335.685
325.648
312.798
301.524
285.322
280.745
271.22
253.994
249.978
252.815
261.852
285.574
330.449
367.331
387.545
395.178
397.167
396.599
390.36
368.81
300.715
282.879
279.396
278.851
278.763
278.749
278.747
278.746
278.746
278.746
278.746
278.746
278.746
278.746
278.746
278.746
278.746
348.432
348.432
348.432
348.432
348.432
348.432
348.432
348.432
348.432
348.432
348.432
348.432
348.432
348.432
348.432
348.432
348.43
348.423
348.386
348.229
347.657
346.066
342.467
335.715
325.754
312.884
301.746
285.495
280.841
271.228
253.969
249.651
252.374
261.502
284.33
329.08
365.805
386.714
394.842
396.92
396.335
390.786
371.108
301.896
283.062
279.417
278.853
278.763
278.749
278.747
278.746
278.746
278.746
278.746
278.746
278.746
278.746
278.746
278.746
278.746
348.432
348.432
348.432
348.432
348.432
348.432
348.432
348.432
348.432
348.432
348.432
348.432
348.432
348.432
348.432
348.432
348.43
348.423
348.386
348.23
347.658
346.069
342.477
335.744
325.832
312.997
302.004
285.762
281.162
271.677
254.478
250.095
252.609
261.473
283.636
328.205
364.687
385.68
394.052
396.519
396.093
391.305
373.515
303.24
283.215
279.431
278.854
278.764
278.749
278.747
278.746
278.746
278.746
278.746
278.746
278.746
278.746
278.746
278.746
278.746
348.432
348.432
348.432
348.432
348.432
348.432
348.432
348.432
348.432
348.432
348.432
348.432
348.432
348.432
348.432
348.432
348.43
348.423
348.386
348.23
347.658
346.071
342.482
335.767
325.876
313.109
302.217
286.034
281.564
272.285
255.18
250.951
253.415
262.018
283.406
327.823
364.173
385.121
393.514
396.341
396.063
391.79
375.48
304.639
283.312
279.439
278.855
278.764
278.749
278.747
278.746
278.746
278.746
278.746
278.746
278.746
278.746
278.746
278.746
278.746
348.432
348.432
348.432
348.432
348.432
348.432
348.432
348.432
348.432
348.432
348.432
348.432
348.432
348.432
348.432
348.432
348.43
348.423
348.386
348.23
347.658
346.072
342.484
335.781
325.895
313.193
302.344
286.242
281.898
272.793
255.77
251.769
254.285
262.755
283.937
328.404
364.577
385.242
393.514
396.539
396.486
392.565
376.773
305.405
283.349
279.441
278.855
278.764
278.749
278.747
278.746
278.746
278.746
278.746
278.746
278.746
278.746
278.746
278.746
278.746
348.432
348.432
348.432
348.432
348.432
348.432
348.432
348.432
348.432
348.432
348.432
348.432
348.432
348.432
348.432
348.432
348.43
348.423
348.386
348.23
347.658
346.072
342.484
335.788
325.901
313.24
302.401
286.362
282.104
273.102
256.134
252.323
254.93
263.405
284.858
329.534
365.73
386.102
394.331
397.406
397.444
393.485
377.398
305.365
283.346
279.44
278.855
278.764
278.749
278.747
278.746
278.746
278.746
278.746
278.746
278.746
278.746
278.746
278.746
278.746
348.432
348.432
348.432
348.432
348.432
348.432
348.432
348.432
348.432
348.432
348.432
348.432
348.432
348.432
348.432
348.432
348.43
348.423
348.386
348.23
347.658
346.072
342.485
335.791
325.902
313.262
302.419
286.417
282.2
273.241
256.305
252.616
255.298
263.827
285.751
330.666
366.962
387.185
395.399
398.44
398.447
394.28
377.627
305.023
283.332
279.439
278.855
278.764
278.749
278.747
278.746
278.746
278.746
278.746
278.746
278.746
278.746
278.746
278.746
278.746
348.432
348.432
348.432
348.432
348.432
348.432
348.432
348.432
348.432
348.432
348.432
348.432
348.432
348.432
348.432
348.432
348.43
348.423
348.386
348.23
347.658
346.073
342.484
335.792
325.902
313.271
302.423
286.437
282.235
273.291
256.367
252.734
255.465
264.051
286.373
331.465
367.859
388.061
396.27
399.262
399.203
394.832
377.684
304.716
283.319
279.438
278.855
278.764
278.749
278.747
278.746
278.746
278.746
278.746
278.746
278.746
278.746
278.746
278.746
278.746
348.432
348.432
348.432
348.432
348.432
348.432
348.432
348.432
348.432
348.432
348.432
348.432
348.432
348.432
348.432
348.432
348.43
348.423
348.386
348.23
347.658
346.073
342.484
335.792
325.901
313.274
302.423
286.444
282.246
273.305
256.385
252.774
255.526
264.143
286.711
331.903
368.366
388.583
396.79
399.753
399.646
395.146
377.685
304.535
283.312
279.437
278.855
278.764
278.749
278.747
278.746
278.746
278.746
278.746
278.746
278.746
278.746
278.746
278.746
278.746
348.432
348.432
348.432
348.432
348.432
348.432
348.432
348.432
348.432
348.432
348.432
348.432
348.432
348.432
348.432
348.432
348.43
348.423
348.386
348.23
347.658
346.073
342.484
335.792
325.901
313.275
302.423
286.446
282.249
273.308
256.39
252.785
255.545
264.176
286.851
332.087
368.587
388.82
397.027
399.976
399.847
395.289
377.682
304.455
283.31
279.437
278.855
278.764
278.749
278.747
278.746
278.746
278.746
278.746
278.746
278.746
278.746
278.746
278.746
278.746
348.432
348.432
348.432
348.432
348.432
348.432
348.432
348.432
348.432
348.432
348.432
348.432
348.432
348.432
348.432
348.432
348.43
348.423
348.386
348.23
347.658
346.073
342.484
335.792
325.901
313.275
302.422
286.446
282.249
273.309
256.39
252.787
255.55
264.185
286.899
332.15
368.665
388.906
397.114
400.059
399.921
395.342
377.681
304.426
283.309
279.437
278.855
278.764
278.749
278.747
278.746
278.746
278.746
278.746
278.746
278.746
278.746
278.746
278.746
278.746
348.432
348.432
348.432
348.432
348.432
348.432
348.432
348.432
348.432
348.432
348.432
348.432
348.432
348.432
348.432
348.432
348.43
348.423
348.386
348.23
347.658
346.073
342.484
335.792
325.901
313.275
302.422
286.446
282.249
273.309
256.391
252.788
255.551
264.187
286.913
332.169
368.688
388.932
397.14
400.084
399.944
395.359
377.681
304.417
283.308
279.437
278.855
278.764
278.749
278.747
278.746
278.746
278.746
278.746
278.746
278.746
278.746
278.746
278.746
278.746
348.432
348.432
348.432
348.432
348.432
348.432
348.432
348.432
348.432
348.432
348.432
348.432
348.432
348.432
348.432
348.432
348.43
348.423
348.386
348.23
347.658
346.073
342.484
335.792
325.901
313.275
302.422
286.446
282.249
273.309
256.391
252.788
255.551
264.188
286.916
332.173
368.694
388.939
397.147
400.091
399.95
395.364
377.681
304.415
283.308
279.437
278.855
278.764
278.749
278.747
278.746
278.746
278.746
278.746
278.746
278.746
278.746
278.746
278.746
278.746
348.432
348.432
348.432
348.432
348.432
348.432
348.432
348.432
348.432
348.432
348.432
348.432
348.432
348.432
348.432
348.432
348.43
348.423
348.386
348.23
347.658
346.073
342.484
335.792
325.901
313.275
302.422
286.446
282.249
273.309
256.391
252.788
255.551
264.188
286.917
332.174
368.695
388.941
397.148
400.092
399.951
395.365
377.681
304.414
283.308
279.437
278.855
278.764
278.749
278.747
278.746
278.746
278.746
278.746
278.746
278.746
278.746
278.746
278.746
278.746
348.432
348.432
348.432
348.432
348.432
348.432
348.432
348.432
348.432
348.432
348.432
348.432
348.432
348.432
348.432
348.432
348.43
348.423
348.386
348.23
347.658
346.073
342.484
335.792
325.901
313.275
302.422
286.446
282.249
273.309
256.391
252.788
255.551
264.188
286.917
332.174
368.695
388.941
397.149
400.093
399.952
395.365
377.681
304.414
283.308
279.437
278.855
278.764
278.749
278.747
278.746
278.746
278.746
278.746
278.746
278.746
278.746
278.746
278.746
278.746
348.432
348.432
348.432
348.432
348.432
348.432
348.432
348.432
348.432
348.432
348.432
348.432
348.432
348.432
348.432
348.432
348.43
348.423
348.386
348.23
347.658
346.073
342.484
335.792
325.901
313.275
302.422
286.446
282.249
273.309
256.391
252.788
255.551
264.188
286.917
332.174
368.695
388.941
397.149
400.093
399.952
395.365
377.681
304.414
283.308
279.437
278.855
278.764
278.749
278.747
278.746
278.746
278.746
278.746
278.746
278.746
278.746
278.746
278.746
278.746
348.432
348.432
348.432
348.432
348.432
348.432
348.432
348.432
348.432
348.432
348.432
348.432
348.432
348.432
348.432
348.432
348.43
348.423
348.386
348.23
347.658
346.073
342.484
335.792
325.901
313.275
302.422
286.446
282.249
273.309
256.391
252.788
255.551
264.188
286.917
332.174
368.695
388.941
397.149
400.093
399.952
395.365
377.681
304.414
283.308
279.437
278.855
278.764
278.749
278.747
278.746
278.746
278.746
278.746
278.746
278.746
278.746
278.746
278.746
278.746
348.432
348.432
348.432
348.432
348.432
348.432
348.432
348.432
348.432
348.432
348.432
348.432
348.432
348.432
348.432
348.432
348.43
348.423
348.386
348.23
347.658
346.073
342.484
335.792
325.901
313.275
302.422
286.446
282.249
273.309
256.391
252.788
255.551
264.188
286.917
332.174
368.695
388.941
397.149
400.093
399.952
395.365
377.681
304.414
283.308
279.437
278.855
278.764
278.749
278.747
278.746
278.746
278.746
278.746
278.746
278.746
278.746
278.746
278.746
278.746
348.432
348.432
348.432
348.432
348.432
348.432
348.432
348.432
348.432
348.432
348.432
348.432
348.432
348.432
348.432
348.432
348.43
348.423
348.386
348.23
347.658
346.073
342.484
335.792
325.901
313.275
302.422
286.446
282.249
273.309
256.391
252.788
255.551
264.188
286.917
332.174
368.695
388.941
397.149
400.093
399.952
395.365
377.681
304.414
283.308
279.437
278.855
278.764
278.749
278.747
278.746
278.746
278.746
278.746
278.746
278.746
278.746
278.746
278.746
278.746
348.432
348.432
348.432
348.432
348.432
348.432
348.432
348.432
348.432
348.432
348.432
348.432
348.432
348.432
348.432
348.432
348.43
348.423
348.386
348.23
347.658
346.073
342.484
335.792
325.901
313.275
302.422
286.446
282.249
273.309
256.391
252.788
255.551
264.188
286.917
332.174
368.695
388.941
397.149
400.093
399.952
395.365
377.681
304.414
283.308
279.437
278.855
278.764
278.749
278.747
278.746
278.746
278.746
278.746
278.746
278.746
278.746
278.746
278.746
278.746
348.432
348.432
348.432
348.432
348.432
348.432
348.432
348.432
348.432
348.432
348.432
348.432
348.432
348.432
348.432
348.432
348.43
348.423
348.386
348.23
347.658
346.073
342.484
335.792
325.901
313.275
302.422
286.446
282.249
273.309
256.391
252.788
255.551
264.188
286.917
332.174
368.695
388.941
397.149
400.093
399.952
395.365
377.681
304.414
283.308
279.437
278.855
278.764
278.749
278.747
278.746
278.746
278.746
278.746
278.746
278.746
278.746
278.746
278.746
278.746
348.432
348.432
348.432
348.432
348.432
348.432
348.432
348.432
348.432
348.432
348.432
348.432
348.432
348.432
348.432
348.432
348.43
348.423
348.386
348.23
347.658
346.073
342.484
335.792
325.901
313.275
302.422
286.446
282.249
273.309
256.391
252.788
255.551
264.188
286.917
332.174
368.695
388.941
397.149
400.093
399.952
395.365
377.681
304.414
283.308
279.437
278.855
278.764
278.749
278.747
278.746
278.746
278.746
278.746
278.746
278.746
278.746
278.746
278.746
278.746
348.432
348.432
348.432
348.432
348.432
348.432
348.432
348.432
348.432
348.432
348.432
348.432
348.432
348.432
348.432
348.432
348.43
348.423
348.386
348.23
347.658
346.073
342.484
335.792
325.901
313.275
302.422
286.446
282.249
273.309
256.391
252.788
255.551
264.188
286.917
332.174
368.695
388.941
397.149
400.093
399.952
395.365
377.681
304.414
283.308
279.437
278.855
278.764
278.749
278.747
278.746
278.746
278.746
278.746
278.746
278.746
278.746
278.746
278.746
278.746
278.746
278.746
278.746
278.746
278.746
278.746
278.746
278.746
278.746
278.746
278.746
278.746
278.746
278.746
278.746
278.746
278.746
278.746
278.746
278.746
278.746
278.746
278.746
278.746
278.746
278.746
278.746
278.746
278.746
278.746
278.746
278.746
278.746
278.746
278.746
278.746
278.746
278.746
278.746
278.746
278.746
278.746
278.746
278.746
278.746
278.746
278.746
278.746
278.746
278.746
278.746
278.746
278.746
278.746
278.746
278.746
278.746
278.746
278.746
278.746
278.746
278.746
278.746
278.746
278.746
278.746
278.746
278.746
278.746
278.746
278.746
278.746
278.746
278.746
278.746
278.746
278.746
278.746
278.746
278.746
278.746
278.746
278.746
278.746
278.746
278.746
278.746
278.746
278.746
278.746
278.746
278.746
278.746
278.746
278.746
278.746
278.746
278.746
278.746
278.746
278.746
278.746
278.746
278.746
278.746
278.746
278.746
278.746
278.746
278.746
278.746
278.746
278.746
278.746
278.746
278.746
278.746
278.746
278.746
278.746
278.746
278.746
278.746
278.746
278.746
278.746
278.746
278.746
278.746
278.746
278.746
278.746
278.746
278.746
278.746
278.746
278.746
278.746
278.746
278.746
278.746
278.746
278.746
278.746
278.746
278.746
278.746
278.746
278.746
278.746
278.746
278.746
278.746
278.746
278.746
278.746
278.746
278.746
278.746
278.746
278.746
278.746
278.746
278.746
278.746
278.746
278.746
278.746
278.746
278.746
278.746
278.746
278.746
278.746
278.746
278.746
278.746
278.746
278.746
278.746
278.746
278.746
278.746
278.746
278.746
278.746
278.746
278.746
278.746
278.746
278.746
278.746
278.746
278.746
278.746
278.746
278.746
278.746
278.746
278.746
278.746
278.746
278.746
278.746
278.746
278.746
278.746
278.746
278.746
278.746
278.746
278.746
278.746
278.746
278.746
278.746
278.746
278.746
278.746
278.746
278.746
278.746
278.746
278.746
278.746
278.746
278.746
278.746
278.746
278.746
278.746
278.746
278.746
278.746
278.746
278.746
278.746
278.746
278.746
278.746
278.746
278.746
278.746
278.746
278.746
278.746
278.746
278.746
278.746
278.746
278.746
278.746
278.746
278.746
278.746
278.746
278.746
278.746
278.746
278.746
278.746
278.746
278.746
278.746
278.746
278.746
278.746
278.746
278.746
278.746
278.746
278.746
278.746
278.746
278.746
278.746
278.746
278.746
278.746
278.746
278.746
278.746
278.746
278.746
278.746
278.746
278.746
278.746
278.746
278.746
278.746
278.746
278.746
278.746
278.746
278.746
278.746
278.746
278.746
278.746
278.746
278.746
278.746
278.746
278.746
278.746
278.746
278.746
278.746
278.746
278.746
278.746
278.746
278.746
278.746
278.746
278.746
278.746
278.746
278.746
278.746
278.746
278.746
278.746
278.746
278.746
278.746
278.746
278.746
278.746
278.746
278.746
278.746
278.746
278.746
278.746
278.746
278.746
278.746
278.746
278.746
278.746
278.746
278.746
278.746
278.746
278.746
278.746
278.746
278.746
278.746
278.746
278.746
278.746
278.746
278.746
278.746
278.746
278.746
278.746
278.746
278.746
278.746
278.746
278.746
278.746
278.746
278.746
278.746
278.746
278.746
278.746
278.746
278.746
278.746
278.746
278.746
278.746
278.746
278.746
278.746
278.746
278.746
278.746
278.746
278.746
278.746
278.746
278.746
278.746
278.746
278.746
278.746
278.746
278.746
278.746
278.746
278.746
278.746
278.746
278.746
278.746
278.746
278.746
278.746
278.746
278.746
278.746
278.746
278.746
278.746
278.746
278.746
278.746
278.746
278.746
278.746
278.746
278.746
278.746
278.746
278.746
278.746
278.746
278.746
278.746
278.746
278.746
278.746
278.746
278.746
278.746
278.746
278.746
278.746
278.746
278.746
278.746
278.746
278.746
278.746
278.746
278.746
278.746
278.746
278.746
278.746
278.746
278.746
278.746
278.746
278.746
278.746
278.746
278.746
278.746
278.746
278.746
278.746
278.746
278.746
278.746
278.746
278.746
278.746
278.746
278.746
278.746
278.746
278.746
278.746
278.746
278.746
278.746
278.746
278.746
278.746
278.746
278.746
278.746
278.746
278.746
278.746
278.746
278.746
278.746
278.746
278.746
278.746
278.746
278.746
278.746
278.746
278.746
278.746
278.746
278.746
278.746
278.746
278.746
278.746
278.746
278.746
278.746
278.746
278.746
278.746
278.746
278.746
278.746
278.746
278.746
278.746
278.746
278.746
278.746
278.746
278.746
278.746
278.746
278.746
278.746
278.746
278.746
278.746
278.746
278.746
278.746
278.746
278.746
278.746
278.746
278.746
278.746
278.746
278.746
278.746
278.746
278.746
278.746
278.746
278.746
278.746
278.746
278.746
278.746
278.746
278.746
278.746
278.746
278.746
278.746
278.746
278.746
278.746
278.746
278.746
278.746
278.746
278.746
278.746
278.746
278.746
278.746
278.746
278.746
278.746
278.746
278.746
278.746
278.746
278.746
278.746
278.746
278.746
278.746
278.746
278.746
278.746
278.746
278.746
278.746
278.746
278.746
278.746
278.746
278.746
278.746
278.746
278.746
278.746
278.746
278.746
278.746
278.746
278.746
278.746
278.746
278.746
278.746
278.746
278.746
278.746
278.746
278.746
278.746
278.746
278.746
278.746
278.746
278.746
278.746
278.746
278.746
278.746
278.746
278.746
278.746
278.746
278.746
278.746
278.746
278.746
278.746
278.746
278.746
278.746
278.746
278.746
278.746
278.746
278.746
278.746
278.746
278.746
278.746
278.746
278.746
278.746
278.746
278.746
278.746
278.746
278.746
278.746
278.746
278.746
278.746
278.746
278.746
278.746
278.746
278.746
278.746
278.746
278.746
278.746
278.746
278.746
278.746
278.746
278.746
278.746
278.746
278.746
278.746
278.746
278.746
278.746
278.746
278.746
278.746
278.746
278.746
278.746
278.746
278.746
278.746
278.746
278.746
278.746
278.746
278.746
278.746
278.746
278.746
278.746
278.746
278.746
278.746
278.746
278.746
278.746
278.746
278.746
278.746
278.746
278.746
278.746
278.746
278.746
278.746
278.746
278.746
278.746
278.746
278.746
278.746
278.746
278.746
278.746
278.746
278.746
278.746
278.746
278.746
278.746
278.746
278.746
278.746
278.746
278.746
278.746
278.746
278.746
278.746
278.746
278.746
278.746
278.746
278.746
278.746
278.746
278.746
278.746
278.746
278.746
278.746
278.746
278.746
278.746
278.746
278.746
278.746
278.746
278.746
278.746
278.746
278.746
278.746
278.746
278.746
278.746
278.746
278.746
278.746
278.746
278.746
278.746
278.746
278.746
278.746
278.746
278.746
278.746
278.746
278.746
278.746
278.746
278.746
278.746
278.746
278.746
278.746
278.746
278.746
278.746
278.746
278.746
278.746
278.746
278.746
278.746
278.746
278.746
278.746
278.746
278.746
278.746
278.746
278.746
278.746
278.746
278.746
278.746
278.746
278.746
278.746
278.746
278.746
278.746
278.746
278.746
278.746
278.746
278.746
278.746
278.746
278.746
278.746
278.746
278.746
278.746
278.746
278.746
278.746
278.746
278.746
278.746
278.746
278.746
278.746
278.746
278.746
278.746
278.746
278.746
278.746
278.746
278.746
278.746
278.746
278.746
278.746
278.746
278.746
278.746
278.746
278.746
278.746
278.746
278.746
278.746
278.746
278.746
278.746
278.746
278.746
278.746
278.746
278.746
278.746
278.746
278.746
278.746
278.746
278.746
278.746
278.746
278.746
278.746
278.746
278.746
278.746
278.746
278.746
278.746
278.746
278.746
278.746
278.746
278.746
278.746
278.746
278.746
278.746
278.746
278.746
278.746
278.746
278.746
278.746
278.746
278.746
278.746
278.746
278.746
278.746
278.746
278.746
278.746
278.746
278.746
278.746
278.746
278.746
278.746
278.746
278.746
278.746
278.746
278.746
278.746
278.746
278.746
278.746
278.746
278.746
278.746
278.746
278.746
278.746
278.746
278.746
278.746
278.746
278.746
278.746
278.746
278.746
278.746
278.746
278.746
278.746
278.746
278.746
278.746
278.746
278.746
278.746
278.746
278.746
278.746
278.746
278.746
278.746
278.746
278.746
278.746
278.746
278.746
278.746
278.746
278.746
278.746
278.746
278.746
278.746
278.746
278.746
278.746
278.746
278.746
278.746
278.746
278.746
278.746
278.746
278.746
278.746
278.746
278.746
278.746
278.746
278.746
278.746
278.746
278.746
278.746
278.746
278.746
278.746
278.746
278.746
278.746
278.746
278.746
278.746
278.746
278.746
278.746
278.746
278.746
278.746
278.746
278.746
278.746
278.746
278.746
278.746
278.746
278.746
278.746
278.746
278.746
278.746
278.746
278.746
278.746
278.746
278.746
278.746
278.746
278.746
278.746
278.746
278.746
278.746
278.746
278.746
278.746
278.746
278.746
278.746
278.746
278.746
278.746
278.746
278.746
278.746
278.746
278.746
278.746
278.746
278.746
278.746
278.746
278.746
278.746
278.746
278.746
278.746
278.746
278.746
278.746
278.746
278.746
278.746
278.746
278.746
278.746
278.746
278.746
278.746
278.746
278.746
278.746
278.746
278.746
278.746
278.746
278.746
278.746
278.746
278.746
278.746
278.746
278.746
278.746
278.746
278.746
278.746
278.746
278.746
278.746
278.746
278.746
278.746
278.746
278.746
278.746
278.746
278.746
278.746
278.746
278.746
278.746
278.746
278.746
278.746
278.746
278.746
278.746
278.746
278.746
278.746
278.746
278.746
278.746
278.746
278.746
278.746
278.746
278.746
278.746
278.746
278.746
278.746
278.746
278.746
278.746
278.746
278.746
278.746
278.746
278.746
278.746
278.746
278.746
278.746
278.746
278.746
278.746
278.746
278.746
278.746
278.746
278.746
278.746
278.746
278.746
278.746
278.746
278.746
278.746
278.746
278.746
278.746
278.746
278.746
278.746
278.746
278.746
278.746
278.746
278.746
278.746
278.746
278.746
278.746
278.746
278.746
278.746
278.746
278.746
278.746
278.746
278.746
278.746
278.746
278.746
278.746
278.746
278.746
278.746
278.746
278.746
278.746
278.746
278.746
278.746
278.746
278.746
278.746
278.746
278.746
278.746
278.746
278.746
278.746
278.746
278.746
278.746
278.746
278.746
278.746
278.746
278.746
278.746
278.746
278.746
278.746
278.746
278.746
278.746
278.746
278.746
278.746
278.746
278.746
278.746
278.746
278.746
278.746
278.746
278.746
278.746
278.746
278.746
278.746
278.746
278.746
278.746
278.746
278.746
278.746
278.746
278.746
278.746
278.746
278.746
278.746
278.746
278.746
278.746
278.746
278.746
278.746
278.746
278.746
278.746
278.746
278.746
278.746
278.746
278.746
278.746
278.746
278.746
278.746
278.746
278.746
278.746
278.746
278.746
278.746
278.746
278.746
278.746
278.746
278.746
278.746
278.746
278.746
278.746
278.746
278.746
278.746
278.746
278.746
278.746
278.746
278.746
278.746
278.746
278.746
278.746
278.746
278.746
278.746
278.746
278.746
278.746
278.746
278.746
278.746
278.746
278.746
278.746
278.746
278.746
278.746
278.746
278.746
278.746
278.746
278.746
278.746
278.746
278.746
278.746
278.746
278.746
278.746
278.746
278.746
278.746
278.746
278.746
278.746
278.746
278.746
278.746
278.746
278.746
278.746
278.746
278.746
278.746
278.746
278.746
278.746
278.746
278.746
278.746
278.746
278.746
278.746
278.746
278.746
278.746
278.746
278.746
278.746
278.746
278.746
278.746
278.746
278.746
278.746
278.746
278.746
278.746
278.746
278.746
278.746
278.746
278.746
278.746
278.746
278.746
278.746
278.746
278.746
278.746
278.746
278.746
278.746
278.746
278.746
278.746
278.746
278.746
278.746
278.746
278.746
278.746
278.746
278.746
278.746
278.746
278.746
278.746
278.746
278.746
278.746
278.746
278.746
278.746
278.746
278.746
278.746
278.746
278.746
278.746
278.746
278.746
278.746
278.746
278.746
278.746
278.746
278.746
278.746
278.746
278.746
278.746
278.746
278.746
278.746
278.746
278.746
278.746
278.746
278.746
278.746
278.746
278.746
278.746
278.746
278.746
278.746
278.746
278.746
278.746
278.746
278.746
278.746
278.746
278.746
278.746
278.746
278.746
278.746
278.746
278.746
278.746
278.746
278.746
278.746
278.746
278.746
278.746
278.746
278.746
278.746
278.746
278.746
278.746
278.746
278.746
278.746
278.746
278.746
278.746
278.746
278.746
278.746
278.746
278.746
278.746
278.746
278.746
278.746
278.746
278.746
278.746
278.746
278.746
278.746
278.746
278.746
278.746
278.746
278.746
278.746
278.746
278.746
278.746
278.746
278.746
278.746
278.746
278.746
278.746
278.746
278.746
278.746
278.746
278.746
278.746
278.746
278.746
278.746
278.746
278.746
278.746
278.746
278.746
278.746
278.746
278.746
278.746
278.746
278.746
278.746
278.746
278.746
278.746
278.746
278.746
278.746
278.746
278.746
278.746
278.746
278.746
278.746
278.746
278.746
278.746
278.746
278.746
278.746
278.746
278.746
278.746
278.746
278.746
278.746
278.746
278.746
278.746
278.746
278.746
278.746
278.746
278.746
278.746
278.746
278.746
278.746
278.746
278.746
278.746
278.746
278.746
278.746
278.746
278.746
278.746
278.746
278.746
278.746
278.746
278.746
278.746
278.746
278.746
278.746
278.746
278.746
278.746
278.746
278.746
278.746
278.746
278.746
278.746
278.746
278.746
278.746
278.746
278.746
278.746
278.746
278.746
278.746
278.746
278.746
278.746
278.746
278.746
278.746
278.746
278.746
278.746
278.746
278.746
278.746
278.746
278.746
278.746
278.746
278.746
278.746
278.746
278.746
278.746
278.746
278.746
278.746
278.746
278.746
278.746
278.746
278.746
278.746
278.746
278.746
278.746
278.746
278.746
278.746
278.746
278.746
278.746
278.746
278.746
278.746
278.746
278.746
278.746
278.746
278.746
278.746
278.746
278.746
278.746
278.746
278.746
278.746
278.746
278.746
278.746
278.746
278.746
278.746
278.746
278.746
278.746
278.746
278.746
278.746
278.746
278.746
278.746
278.746
278.746
278.746
278.746
278.746
278.746
278.746
278.746
278.746
278.746
278.746
278.746
278.746
278.746
278.746
278.746
278.746
278.746
278.746
278.746
278.746
278.746
278.746
278.746
278.746
278.746
278.746
278.746
278.746
278.746
278.746
278.746
278.746
278.746
278.746
278.746
278.746
278.746
278.746
278.746
278.746
278.746
278.746
278.746
278.746
278.746
278.746
278.746
278.746
278.746
278.746
278.746
278.746
278.746
278.746
278.746
278.746
278.746
278.746
278.746
278.746
278.746
278.746
278.746
278.746
278.746
278.746
278.746
278.746
278.746
278.746
278.746
278.746
278.746
278.746
278.746
278.746
278.746
278.746
278.746
278.746
278.746
278.746
278.746
278.746
278.746
278.746
278.746
278.746
278.746
278.746
278.746
278.746
278.746
278.746
278.746
278.746
278.746
278.746
278.746
278.746
278.746
278.746
278.746
278.746
278.746
278.746
278.746
278.746
278.746
278.746
278.746
278.746
278.746
278.746
278.746
278.746
278.746
278.746
278.746
278.746
278.746
278.746
278.746
278.746
278.746
278.746
278.746
278.746
278.746
278.746
278.746
278.746
278.746
278.746
278.746
278.746
278.746
278.746
278.746
278.746
278.746
278.746
278.746
278.746
278.746
278.746
278.746
278.746
278.746
278.746
278.746
278.746
278.746
278.746
278.746
278.746
278.746
278.746
278.746
278.746
278.746
278.746
278.746
278.746
278.746
278.746
278.746
278.746
278.746
278.746
278.746
278.746
278.746
278.746
278.746
278.746
278.746
278.746
278.746
278.746
278.746
278.746
278.746
278.746
278.746
278.746
278.746
278.746
278.746
278.746
278.746
278.746
278.746
278.746
278.746
278.746
278.746
278.746
278.746
278.746
278.746
278.746
278.746
278.746
278.746
278.746
278.746
278.746
278.746
278.746
278.746
278.746
278.746
278.746
278.746
278.746
278.746
278.746
278.746
278.746
278.746
278.746
278.746
278.746
278.746
278.746
278.746
278.746
278.746
278.746
278.746
278.746
278.746
278.746
278.746
278.746
278.746
278.746
278.746
278.746
278.746
278.746
278.746
278.746
278.746
278.746
278.746
278.746
278.746
278.746
278.746
278.746
278.746
278.746
278.746
278.746
278.746
278.746
278.746
278.746
278.746
278.746
278.746
278.746
278.746
278.746
278.746
278.746
278.746
278.746
278.746
278.746
278.746
278.746
278.746
278.746
278.746
278.746
278.746
278.746
278.746
278.746
278.746
278.746
278.746
278.746
278.746
278.746
278.746
278.746
278.746
278.746
278.746
278.746
278.746
278.746
278.746
278.746
278.746
278.746
278.746
278.746
278.746
278.746
278.746
278.746
278.746
278.746
278.746
278.746
278.746
278.746
278.746
278.746
278.746
278.746
278.746
278.746
278.746
278.746
278.746
278.746
278.746
278.746
278.746
278.746
278.746
278.746
278.746
278.746
278.746
278.746
278.746
278.746
278.746
278.746
278.746
278.746
278.746
278.746
278.746
278.746
278.746
278.746
278.746
278.746
278.746
278.746
278.746
278.746
278.746
278.746
278.746
278.746
278.746
278.746
278.746
278.746
278.746
278.746
278.746
278.746
278.746
278.746
278.746
278.746
278.746
278.746
278.746
278.746
278.746
278.746
278.746
278.746
278.746
278.746
278.746
278.746
278.746
278.746
278.746
278.746
278.746
278.746
278.746
278.746
278.746
278.746
278.746
278.746
278.746
278.746
278.746
278.746
278.746
278.746
278.746
278.746
278.746
278.746
278.746
278.746
278.746
278.746
278.746
278.746
278.746
278.746
278.746
278.746
278.746
278.746
278.746
278.746
278.746
278.746
278.746
278.746
278.746
278.746
278.746
278.746
278.746
278.746
278.746
278.746
278.746
278.746
278.746
278.746
278.746
278.746
278.746
278.746
278.746
278.746
278.746
278.746
278.746
278.746
278.746
278.746
278.746
278.746
278.746
278.746
278.746
278.746
278.746
278.746
278.746
278.746
278.746
278.746
278.746
278.746
278.746
278.746
278.746
278.746
278.746
278.746
278.746
278.746
278.746
278.746
278.746
278.746
278.746
278.746
278.746
278.746
278.746
278.746
278.746
278.746
278.746
278.746
278.746
278.746
278.746
278.746
278.746
278.746
278.746
278.746
278.746
278.746
278.746
278.746
278.746
278.746
278.746
278.746
278.746
278.746
278.746
278.746
278.746
278.746
278.746
278.746
278.746
278.746
278.746
278.746
278.746
278.746
278.746
278.746
278.746
278.746
278.746
278.746
278.746
278.746
278.746
278.746
278.746
278.746
278.746
278.746
278.746
278.746
278.746
278.746
278.746
278.746
278.746
278.746
278.746
278.746
278.746
278.746
278.746
278.746
278.746
278.746
278.746
278.746
278.746
278.746
278.746
278.746
278.746
278.746
278.746
278.746
278.746
278.746
278.746
278.746
278.746
278.746
278.746
278.746
278.746
278.746
278.746
278.746
278.746
278.746
278.746
278.746
278.746
278.746
278.746
278.746
278.746
278.746
278.746
278.746
278.746
278.746
278.746
278.746
278.746
278.746
278.746
278.746
278.746
278.746
278.746
278.746
278.746
278.746
278.746
278.746
278.746
278.746
278.746
278.746
278.746
278.746
278.746
278.746
278.746
278.746
278.746
278.746
278.746
278.746
278.746
278.746
278.746
278.746
278.746
278.746
278.746
278.746
278.746
278.746
278.746
278.746
278.746
278.746
278.746
278.746
278.746
278.746
278.746
278.746
278.746
278.746
278.746
278.746
278.746
278.746
278.746
278.746
278.746
278.746
278.746
278.746
278.746
278.746
278.746
278.746
278.746
278.746
278.746
278.746
278.746
278.746
278.746
278.746
278.746
278.746
278.746
278.746
278.746
278.746
278.746
278.746
278.746
278.746
278.746
278.746
278.746
278.746
278.746
278.746
278.746
278.746
278.746
278.746
278.746
278.746
278.746
278.746
278.746
278.746
278.746
278.746
278.746
278.746
278.746
278.746
278.746
278.746
278.746
278.746
278.746
278.746
278.746
278.746
278.746
278.746
278.746
278.746
278.746
278.746
278.746
278.746
278.746
278.746
278.746
278.746
278.746
278.746
278.746
278.746
278.746
278.746
278.746
278.746
278.746
278.746
278.746
278.746
278.746
278.746
278.746
278.746
278.746
278.746
278.746
278.746
278.746
278.746
278.746
278.746
278.746
278.746
278.746
278.746
278.746
278.746
278.746
278.746
278.746
278.746
278.746
278.746
278.746
278.746
278.746
278.746
278.746
278.746
278.746
278.746
278.746
278.746
278.746
278.746
278.746
278.746
278.746
278.746
278.746
278.746
278.746
278.746
278.746
278.746
278.746
278.746
278.746
278.746
278.746
278.746
278.746
278.746
278.746
278.746
278.746
278.746
278.746
278.746
278.746
278.746
278.746
278.746
278.746
278.746
278.746
278.746
278.746
278.746
278.746
278.746
278.746
278.746
278.746
278.746
278.746
278.746
278.746
278.746
278.746
278.746
278.746
278.746
278.746
278.746
278.746
278.746
278.746
278.746
278.746
278.746
278.746
278.746
278.746
278.746
278.746
278.746
278.746
278.746
278.746
278.746
278.746
278.746
278.746
278.746
278.746
278.746
278.746
278.746
278.746
278.746
278.746
278.746
278.746
278.746
278.746
278.746
278.746
278.746
278.746
278.746
278.746
278.746
278.746
278.746
278.746
278.746
278.746
278.746
278.746
278.746
278.746
278.746
278.746
278.746
278.746
278.746
278.746
278.746
278.746
278.746
278.746
278.746
278.746
278.746
278.746
278.746
278.746
278.746
278.746
278.746
278.746
278.746
278.746
278.746
278.746
278.746
278.746
278.746
278.746
278.746
278.746
278.746
278.746
278.746
278.746
278.746
278.746
278.746
278.746
278.746
278.746
278.746
278.746
278.746
278.746
278.746
278.746
278.746
278.746
278.746
278.746
278.746
278.746
278.746
278.746
278.746
278.746
278.746
278.746
278.746
278.746
278.746
278.746
278.746
278.746
278.746
278.746
278.746
278.746
278.746
278.746
278.746
278.746
278.746
278.746
278.746
278.746
278.746
278.746
278.746
278.746
278.746
278.746
278.746
278.746
278.746
278.746
278.746
278.746
278.746
278.746
278.746
278.746
278.746
278.746
278.746
278.746
278.746
278.746
278.746
278.746
278.746
278.746
278.746
278.746
278.746
278.746
278.746
278.746
278.746
278.746
278.746
278.746
278.746
278.746
278.746
278.746
278.746
278.746
278.746
278.746
278.746
278.746
278.746
278.746
278.746
278.746
278.746
278.746
278.746
278.746
278.746
278.746
278.746
278.746
278.746
278.746
278.746
278.746
278.746
278.746
278.746
278.746
278.746
278.746
278.746
278.746
278.746
278.746
278.746
278.746
278.746
278.746
278.746
278.746
278.746
278.746
278.746
278.746
278.746
278.746
278.746
278.746
278.746
278.746
278.746
278.746
278.746
278.746
278.746
278.746
278.746
278.746
278.746
278.746
278.746
278.746
278.746
278.746
278.746
278.746
278.746
278.746
278.746
278.746
278.746
278.746
278.746
278.746
278.746
278.746
278.746
278.746
278.746
278.746
278.746
278.746
278.746
278.746
278.746
278.746
278.746
278.746
278.746
278.746
278.746
278.746
278.746
278.746
278.746
278.746
278.746
278.746
278.746
278.746
278.746
278.746
278.746
278.746
278.746
278.746
278.746
278.746
278.746
278.746
278.746
278.746
278.746
278.746
278.746
278.746
278.746
278.746
278.746
278.746
278.746
278.746
278.746
278.746
278.746
278.746
278.746
278.746
278.746
278.746
278.746
278.746
278.746
278.746
278.746
278.746
278.746
278.746
278.746
278.746
278.746
278.746
278.746
278.746
278.746
278.746
278.746
278.746
278.746
278.746
278.746
278.746
278.746
278.746
278.746
278.746
278.746
278.746
278.746
278.746
278.746
278.746
278.746
278.746
278.746
278.746
278.746
278.746
278.746
278.746
278.746
278.746
278.746
278.746
278.746
278.746
278.746
278.746
278.746
278.746
278.746
278.746
278.746
278.746
278.746
278.746
278.746
278.746
278.746
278.746
278.746
278.746
278.746
278.746
278.746
278.746
278.746
278.746
278.746
278.746
278.746
278.746
278.746
278.746
278.746
278.746
278.746
278.746
278.746
278.746
278.746
278.746
278.746
278.746
278.746
278.746
278.746
278.746
278.746
278.746
278.746
278.746
278.746
278.746
278.746
278.746
278.746
278.746
278.746
278.746
278.746
278.746
278.746
278.746
278.746
278.746
278.746
278.746
278.746
278.746
278.746
278.746
278.746
278.746
278.746
278.746
278.746
278.746
278.746
278.746
278.746
278.746
278.746
278.746
278.746
278.746
278.746
278.746
278.746
278.746
278.746
278.746
278.746
278.746
278.746
278.746
278.746
278.746
278.746
278.746
278.746
278.746
278.746
278.746
278.746
278.746
278.746
278.746
278.746
278.746
278.746
278.746
278.746
278.746
278.746
278.746
278.746
278.746
278.746
278.746
278.746
278.746
278.746
278.746
278.746
278.746
278.746
278.746
278.746
278.746
278.746
278.746
278.746
278.746
278.746
278.746
278.746
278.746
278.746
278.746
278.746
278.746
278.746
278.746
278.746
278.746
278.746
278.746
278.746
278.746
278.746
278.746
278.746
278.746
278.746
278.746
278.746
278.746
278.746
278.746
278.746
278.746
278.746
278.746
278.746
278.746
278.746
278.746
278.746
278.746
278.746
278.746
278.746
278.746
278.746
278.746
278.746
278.746
278.746
278.746
278.746
278.746
278.746
278.746
278.746
278.746
278.746
278.746
278.746
278.746
278.746
278.746
278.746
278.746
278.746
278.746
278.746
278.746
278.746
278.746
278.746
278.746
278.746
278.746
278.746
278.746
278.746
278.746
278.746
278.746
278.746
278.746
278.746
278.746
278.746
278.746
278.746
278.746
278.746
278.746
278.746
278.746
278.746
278.746
278.746
278.746
278.746
278.746
278.746
278.746
278.746
278.746
278.746
278.746
278.746
278.746
278.746
278.746
278.746
278.746
278.746
278.746
278.746
278.746
278.746
278.746
278.746
278.746
278.746
278.746
278.746
278.746
278.746
278.746
278.746
278.746
278.746
278.746
278.746
278.746
278.746
278.746
278.746
278.746
278.746
278.746
278.746
278.746
278.746
278.746
278.746
278.746
278.746
278.746
278.746
278.746
278.746
278.746
278.746
278.746
278.746
278.746
278.746
278.746
278.746
278.746
278.746
278.746
278.746
278.746
278.746
278.746
278.746
278.746
278.746
278.746
278.746
278.746
278.746
278.746
278.746
278.746
278.746
278.746
278.746
278.746
278.746
278.746
278.746
278.746
278.746
278.746
278.746
278.746
278.746
278.746
278.746
278.746
278.746
278.746
278.746
278.746
278.746
278.746
278.746
278.746
278.746
278.746
278.746
278.746
278.746
278.746
278.746
278.746
278.746
278.746
278.746
278.746
278.746
278.746
278.746
278.746
278.746
278.746
278.746
278.746
278.746
278.746
278.746
278.746
278.746
278.746
278.746
278.746
278.746
278.746
278.746
278.746
278.746
278.746
278.746
278.746
278.746
278.746
278.746
278.746
278.746
278.746
278.746
278.746
278.746
278.746
278.746
278.746
278.746
278.746
278.746
278.746
278.746
278.746
278.746
278.746
278.746
278.746
278.746
278.746
278.746
278.746
278.746
278.746
278.746
278.746
278.746
278.746
278.746
278.746
278.746
278.746
278.746
278.746
278.746
278.746
278.746
278.746
278.746
278.746
278.746
278.746
278.746
278.746
278.746
278.746
278.746
278.746
278.746
278.746
278.746
278.746
278.746
278.746
278.746
278.746
278.746
278.746
278.746
278.746
278.746
278.746
278.746
278.746
278.746
278.746
278.746
278.746
278.746
278.746
278.746
278.746
278.746
278.746
278.746
278.746
278.746
278.746
278.746
278.746
278.746
278.746
278.746
278.746
278.746
278.746
278.746
278.746
278.746
278.746
278.746
278.746
278.746
278.746
278.746
278.746
278.746
278.746
278.746
278.746
278.746
278.746
278.746
278.746
278.746
278.746
278.746
278.746
278.746
278.746
278.746
278.746
278.746
278.746
278.746
278.746
278.746
278.746
278.746
278.746
278.746
278.746
278.746
278.746
278.746
278.746
278.746
278.746
278.746
278.746
278.746
278.746
278.746
278.746
278.746
278.746
278.746
278.746
278.746
278.746
278.746
278.746
278.746
278.746
278.746
278.746
278.746
278.746
278.746
278.746
278.746
278.746
278.746
278.746
278.746
278.746
278.746
278.746
278.746
278.746
278.746
278.746
278.746
278.746
278.746
278.746
278.746
278.746
278.746
278.746
278.746
278.746
278.746
278.746
278.746
278.746
278.746
278.746
278.746
278.746
278.746
278.746
278.746
278.746
278.746
278.746
278.746
278.746
278.746
278.746
278.746
278.746
278.746
278.746
278.746
278.746
278.746
278.746
278.746
278.746
278.746
278.746
278.746
278.746
278.746
278.746
278.746
278.746
278.746
278.746
278.746
278.746
278.746
278.746
278.746
278.746
278.746
278.746
278.746
278.746
278.746
278.746
278.746
278.746
278.746
278.746
278.746
278.746
278.746
278.746
278.746
278.746
278.746
278.746
278.746
278.746
278.746
278.746
278.746
278.746
278.746
278.746
278.746
278.746
278.746
278.746
278.746
278.746
278.746
278.746
278.746
278.746
278.746
278.746
278.746
278.746
278.746
278.746
278.746
278.746
278.746
278.746
278.746
278.746
278.746
278.746
278.746
278.746
278.746
278.746
278.746
278.746
278.746
278.746
278.746
278.746
278.746
278.746
278.746
278.746
278.746
278.746
278.746
278.746
278.746
278.746
278.746
278.746
278.746
278.746
278.746
278.746
278.746
278.746
278.746
278.746
278.746
278.746
278.746
278.746
278.746
278.746
278.746
278.746
278.746
278.746
278.746
278.746
278.746
278.746
278.746
278.746
278.746
278.746
278.746
278.746
278.746
278.746
278.746
278.746
278.746
278.746
278.746
278.746
278.746
278.746
278.746
278.746
278.746
278.746
278.746
278.746
278.746
278.746
278.746
278.746
278.746
278.746
278.746
278.746
278.746
278.746
278.746
278.746
278.746
278.746
278.746
278.746
278.746
278.746
278.746
278.746
278.746
278.746
278.746
278.746
278.746
278.746
278.746
278.746
278.746
278.746
278.746
278.746
278.746
278.746
278.746
278.746
278.746
278.746
278.746
278.746
278.746
278.746
278.746
278.746
278.746
278.746
278.746
278.746
278.746
278.746
278.746
278.746
278.746
278.746
278.746
278.746
278.746
278.746
278.746
278.746
278.746
278.746
278.746
278.746
278.746
278.746
278.746
278.746
278.746
278.746
278.746
278.746
278.746
278.746
278.746
278.746
278.746
278.746
278.746
278.746
278.746
278.746
278.746
278.746
278.746
278.746
278.746
278.746
278.746
278.746
278.746
278.746
278.746
278.746
278.746
278.746
278.746
278.746
278.746
278.746
278.746
278.746
278.746
278.746
278.746
278.746
278.746
278.746
278.746
278.746
278.746
278.746
278.746
278.746
278.746
278.746
278.746
278.746
278.746
278.746
278.746
278.746
278.746
278.746
278.746
278.746
278.746
278.746
278.746
278.746
278.746
278.746
278.746
278.746
278.746
278.746
278.746
278.746
278.746
278.746
278.746
278.746
278.746
278.746
278.746
278.746
278.746
278.746
278.746
278.746
278.746
278.746
278.746
278.746
278.746
278.746
278.746
278.746
278.746
278.746
278.746
278.746
278.746
278.746
278.746
278.746
278.746
278.746
278.746
278.746
278.746
278.746
278.746
278.746
278.746
278.746
278.746
278.746
278.746
278.746
278.746
278.746
278.746
278.746
278.746
278.746
278.746
278.746
278.746
278.746
278.746
278.746
278.746
278.746
278.746
278.746
278.746
278.746
278.746
278.746
278.746
278.746
278.746
278.746
278.746
278.746
278.746
278.746
278.746
278.746
278.746
278.746
278.746
278.746
278.746
278.746
278.746
278.746
278.746
278.746
278.746
278.746
278.746
278.746
278.746
278.746
278.746
278.746
278.746
278.746
278.746
278.746
278.746
278.746
278.746
278.746
278.746
278.746
278.746
278.746
278.746
278.746
278.746
278.746
278.746
278.746
278.746
278.746
278.746
278.746
278.746
278.746
278.746
278.746
278.746
278.746
278.746
278.746
278.746
278.746
278.746
278.746
278.746
278.746
278.746
278.746
278.746
278.746
278.746
278.746
278.746
278.746
278.746
278.746
278.746
278.746
278.746
278.746
278.746
278.746
278.746
278.746
278.746
278.746
278.746
278.746
278.746
278.746
278.746
278.746
278.746
278.746
278.746
278.746
278.746
278.746
278.746
278.746
278.746
278.746
278.746
278.746
278.746
278.746
278.746
278.746
278.746
278.746
278.746
278.746
278.746
278.746
278.746
278.746
278.746
278.746
278.746
278.746
278.746
278.746
278.746
278.746
278.746
278.746
278.746
278.746
278.746
278.746
278.746
278.746
278.746
278.746
278.746
278.746
278.746
278.746
278.746
278.746
278.746
278.746
278.746
278.746
278.746
278.746
278.746
278.746
278.746
278.746
278.746
278.746
278.746
278.746
278.746
278.746
278.746
278.746
278.746
278.746
278.746
278.746
278.746
278.746
278.746
278.746
278.746
278.746
278.746
278.746
278.746
278.746
278.746
278.746
278.746
278.746
278.746
278.746
278.746
278.746
278.746
278.746
278.746
278.746
278.746
278.746
278.746
278.746
278.746
278.746
278.746
278.746
278.746
278.746
278.746
278.746
278.746
278.746
278.746
278.746
278.746
278.746
278.746
278.746
278.746
278.746
278.746
278.746
278.746
278.746
278.746
278.746
278.746
278.746
278.746
278.746
278.746
278.746
278.746
278.746
278.746
278.746
278.746
278.746
278.746
278.746
278.746
278.746
278.746
278.746
278.746
278.746
278.746
278.746
278.746
278.746
278.746
278.746
278.746
278.746
278.746
278.746
278.746
278.746
278.746
278.746
278.746
278.746
278.746
278.746
278.746
278.746
278.746
278.746
278.746
278.746
278.746
278.746
278.746
278.746
278.746
278.746
278.746
278.746
278.746
278.746
278.746
278.746
278.746
278.746
278.746
278.746
278.746
278.746
278.746
278.746
278.746
278.746
278.746
278.746
278.746
278.746
278.746
278.746
278.746
278.746
278.746
278.746
278.746
278.746
278.746
278.746
278.746
278.746
278.746
278.746
278.746
278.746
278.746
278.746
278.746
278.746
278.746
278.746
278.746
278.746
278.746
278.746
278.746
278.746
278.746
278.746
278.746
278.746
278.746
278.746
278.746
278.746
278.746
278.746
278.746
278.746
278.746
278.746
278.746
278.746
278.746
278.746
278.746
278.746
278.746
278.746
278.746
278.746
278.746
278.746
278.746
278.746
278.746
278.746
278.746
278.746
278.746
278.746
278.746
278.746
278.746
278.746
278.746
278.746
278.746
278.746
278.746
278.746
278.746
278.746
278.746
278.746
278.746
)
;

boundaryField
{
    inlet
    {
        type            zeroGradient;
    }
    outlet
    {
        type            zeroGradient;
    }
    bottom
    {
        type            symmetryPlane;
    }
    top
    {
        type            symmetryPlane;
    }
    obstacle
    {
        type            zeroGradient;
    }
    defaultFaces
    {
        type            empty;
    }
}


// ************************************************************************* //
