/*--------------------------------*- C++ -*----------------------------------*\
| =========                 |                                                 |
| \\      /  F ield         | OpenFOAM: The Open Source CFD Toolbox           |
|  \\    /   O peration     | Version:  5.x                                   |
|   \\  /    A nd           | Web:      www.OpenFOAM.org                      |
|    \\/     M anipulation  |                                                 |
\*---------------------------------------------------------------------------*/
/*   Windows 32 and 64 bit porting by blueCAPE: http://www.bluecape.com.pt   *\
|  Based on Windows porting (2.0.x v4) by Symscape: http://www.symscape.com   |
\*---------------------------------------------------------------------------*/
FoamFile
{
    version     2.0;
    format      ascii;
    class       volScalarField;
    location    "0.008";
    object      p;
}
// * * * * * * * * * * * * * * * * * * * * * * * * * * * * * * * * * * * * * //

dimensions      [1 -1 -2 0 0 0 0];

internalField   nonuniform List<scalar> 
1000
(
100000
100000
100000
100000
100000
100000
100000
100000
100000
100000
100000
100000
100000
100000
100000
100000
100000
100000
100000
100000
100000
100000
100000
100000
100000
100000
100000
100000
100000
100000
100000
100000
100000
100000
100000
100000
100000
100000
100000
100000
100000
100000
100000
100000
100000
100000
100000
100000
100000
99999.9
99999.9
99999.8
99999.7
99999.4
99999
99998.2
99996.9
99994.8
99991.4
99986
99977.4
99964.3
99944.5
99915.2
99872.9
99813.1
99730.5
99619
99472.3
99283.8
99047.5
98758.5
98413.4
98010.5
97550.3
97035
96468.7
95856.6
95204.5
94518.1
93802.7
93063.3
92304.2
91529.3
90741.7
89944.1
89139
88328.1
87513.1
86695.4
85876.1
85056.1
84236.3
83417.3
82599.6
81783.8
80970.3
80159.4
79351.5
78546.8
77745.5
76947.8
76153.9
75363.9
74577.9
73796.2
73018.7
72245.5
71476.8
70712.5
69952.8
69197.6
68447.1
67701.2
66960
66223.6
65491.8
64764.8
64042.6
63325.2
62612.5
61904.7
61201.6
60503.4
59810
59121.5
58437.8
57758.9
57084.8
56415.6
55751.3
55091.7
54437
53787.2
53142.1
52501.9
51866.5
51235.9
50610.2
49989.2
49373
48761.7
48155.1
47553.3
46956.3
46364.1
45776.7
45194.2
44616.6
44043.8
43475.9
42913
42354.9
41801.7
41253.4
40710.1
40171.6
39637.9
39109.4
38585.6
38066.7
37552.8
37043.7
36539.6
36040.3
35545.9
35056.5
34571.8
34092.1
33617.3
33147.4
32682.4
32222.1
31766.9
31316.6
30871.1
30430.6
29994.9
29564.4
29138.5
28717.8
28302
27891.1
27485.5
27084.6
26689.1
26298.5
25913.2
25533.1
25158.1
24788.6
24424.3
24065.7
23712.4
23364.8
23023
22686.8
22356.8
22032.7
21715
21403.5
21098.7
20800.6
20509.5
20225.6
19949.1
19680.5
19419.7
19167.6
18924.1
18690
18465.6
18251.7
18048.8
17857.7
17679.3
17514.6
17364.6
17230.6
17113.7
17015.3
16936.4
16878.3
16841.8
16826.1
16826.4
16843.3
16875.5
16923.8
16990.6
17079.4
17195.5
17346.1
17545.2
17813.3
18161.6
18594.7
19107.6
19682.8
20290.9
20881.7
21425
21902.8
22299.1
22619.4
22877
23084.7
23254
23394.6
23513.6
23616.5
23706.9
23787
23858.4
23921.9
23977.8
24026.7
24069.3
24106.7
24140.2
24171.4
24202
24234.6
24274.4
24334
24447.8
24689.1
25192.1
26227.8
28337.7
32454.5
37005
38406.7
38160.1
37477.2
36650.1
35912.4
35451.3
35323.8
35340.5
35371
35407.8
35434.1
35431.1
35409.4
35353.6
35260.3
35155.9
35055.3
34956.4
34900.1
34768.6
34711.4
34645.8
34559.9
34472.8
34396.3
34332.6
34286.5
34246.3
100000
100000
100000
100000
100000
100000
100000
100000
100000
100000
100000
100000
100000
100000
100000
100000
100000
100000
100000
100000
100000
100000
100000
100000
100000
100000
100000
100000
100000
100000
100000
100000
100000
100000
100000
100000
100000
100000
100000
100000
100000
100000
100000
100000
100000
100000
100000
100000
100000
100000
100000
100000
100000
100000
100000
100000
100000
100001
100001
100002
100003
100004
100006
100009
100012
100016
100021
100025
100027
100025
100016
99994.7
99957.4
99896.2
99802.7
99668.4
99485.5
99247.9
98952.3
98598.3
98188
97725.5
97216
96665.6
96080.1
95465.4
94826.5
94168.1
93494
92807.5
92111.4
91407.8
90698.7
89985.4
89269.3
88551.3
87832.4
87113.1
86394.1
85676
84959
84243.6
83530.1
82818.7
82109.8
81403.5
80700
79999.5
79302.2
78608.2
77917.7
77230.8
76547.6
75868.2
75192.7
74521.3
73853.9
73190.7
72531.8
71877.2
71227.1
70581.3
69940.1
69303.4
68671.3
68043.8
67420.9
66802.8
66189.3
65580.5
64976.5
64377.2
63782.7
63192.9
62607.9
62027.7
61452.2
60881.5
60315.5
59754.3
59197.8
58646
58099
57556.7
57019.1
56486.1
55957.8
55434.2
54915.1
54400.7
53890.7
53385.5
52884.5
52388.6
51896.7
51409.7
50926.9
50448.7
49975
49505.7
49041
48580.8
48125
47673.7
47227
46784.8
46347.1
45914
45485.5
45061.7
44642.5
44228
43818.3
43413.4
43013.5
42618.5
42228.5
41843.7
41464.2
41090.1
40721.6
40358.7
40001.7
39650.7
39306
38967.8
38636.4
38312
37994.9
37685.5
37384
37090.9
36806.5
36531.3
36265.7
36010
35764.8
35530.4
35307.2
35095.6
34895.8
34708.2
34532.8
34369.7
34219
34080.3
33953.3
33837.8
33732.9
33638.1
33552.6
33475.5
33406
33343
33285.7
33233.3
33185
33140.2
33098.1
33058.4
33020.7
32984.7
32950.1
32916.8
32884.9
32854.4
32825.6
32798.1
32771.8
32745.9
32720.6
32695.9
32671.6
32647.2
32621
32590
32548.4
32485.8
32383.2
32257.4
32129.1
32009.1
31901.6
31808.3
31727.2
31655.7
31592.3
31535.5
31484.1
31437.3
31394.3
31354.6
31317.7
31283.3
31251.1
31221
31192.9
31166.4
31141.6
31118.3
31096.4
31075.8
31056.3
31037.8
31019.9
31002.1
30982.8
30959.8
30928.2
30886.3
30826.3
30751.5
30668.8
30586.2
30504.1
30423.7
30343.9
30264.6
30186.4
30110.3
30037.3
29968.8
29904.4
29844.9
29787.8
29732.3
29674.7
29612.5
29542.9
29463
29370.2
29264.4
29144.3
29007
28858.1
28725.4
28583.5
28373.9
28248.9
27953.7
27701
27631.7
27566.9
27526.4
27479.3
27464.8
27434.8
27416.7
27402.5
27389.8
27372.3
27363.2
27349.6
27338.7
27334.9
27319
27326.8
27317.3
27309.8
27307.7
27284.8
27287.8
27263.7
27262
27253
27244.1
27248.4
27236.1
27243.8
27229.7
27233.5
27223.8
27218.3
27210.9
27201.3
27194.5
27183.9
27177.6
27174.3
27171.6
27181.1
27181.4
27186.4
27188.4
27194.4
27200.9
27207
27212.8
27218.6
27224.7
27231.3
27238.5
27246.3
27255
27264.6
27275
27286.4
27298.7
27311.9
27326.1
27341.2
27357.3
27374.3
27392.3
27411.1
27430.8
27451.4
27472.7
27494.9
27517.7
27541.2
27565.3
27590
27615.2
27640.9
27666.9
27693.3
27720
27746.9
27774
27801.2
27828.6
27856.1
27883.6
27911.1
27938.7
27966.3
27993.9
28021.4
28049
28076.4
28103.9
28131.2
28158.5
28185.7
28212.8
28239.7
28266.6
28293.3
28320.2
32744.9
32699.3
32596.4
32489.3
32414.9
32353.1
32286.7
32216.2
32146.3
32078.9
32013.7
31950
31887.1
31825
31763.2
31701.4
31639.4
31577.1
31514.7
31452.5
31390.5
31329.3
31269.1
31210.4
31153.6
31099.1
31047.1
30997.9
30951.6
30907.9
30866.7
30827.8
30790.3
30753.9
30716.8
30676
30636.3
30601.6
30551.5
30501.5
30449.3
30394.5
30337.8
30280.4
30223
30166.6
30112.1
30059.8
30009.7
29961.4
29915
29870.1
29826.6
29784.1
29742.1
29700.3
29658
29614.9
29570.8
29525.4
29478.7
29430.7
29380.9
29329
29275.1
29219.2
29161.2
29101.2
29039.1
28974.9
28908.7
28840.4
28769.9
28697.2
28622.2
28544.9
28465.3
28383.2
28298.5
28211.2
28121.1
28028
27931.8
27832.4
27729.5
27622.9
27512.4
27397.7
27278.6
27154.8
27026.2
26893.2
26755.8
26613.8
26467.2
26316
26160
25998.7
25830.8
25652.1
25453.7
25216.9
24906.5
24461.5
23791.7
22794.3
21408.6
19690.8
17835.4
16089.3
14622
13470.5
12581.5
11880.6
11311.8
10843.2
10468.2
10227.5
10109.5
10050.2
10018.9
10005.8
10001.6
10000.4
10000.1
10000
10000
10000
10000
10000
10000
10000
10000
10000
10000
10000
10000
10000
10000
10000
10000
10000
10000
10000
10000
10000
10000
10000
10000
10000
28407.6
28470.7
28509.7
28547.4
28588.2
28631.3
28674.9
28717.4
28757.7
28795.7
28831.3
28864.9
28896.9
28927.6
28957.4
28986.4
29014.9
29042.9
29070.5
29097.5
29124
29149.7
29174.5
29198.3
29220.9
29242.3
29262.4
29281.4
29299.4
29316.7
29333.4
29350
29366.5
29383.5
29400.9
29419.1
29437.9
29457.3
29477.1
29497
29516.8
29536.2
29554.9
29572.9
29589.9
29606
29621
29635.6
29649.6
29663.1
29675.9
29687.9
29701.1
29713.9
29723.6
29733.9
29744
29754.1
29763.2
29773.6
29782.5
29790.8
29800.5
29810
29819.5
29829.4
29839.6
29850.3
29861.4
29872.7
29884.4
29896.6
29909.4
29922.4
29935.8
29949.6
29963.8
29978.3
29993.2
30008.5
30024.2
30040.3
30056.7
30073.5
30090.7
30108.2
30126.1
30144.6
30163.7
30183.6
30204.4
30226.1
30248.6
30271.9
30296.2
30321.4
30347.6
30374.9
30403.3
30433
30463.9
30496
30529.2
30563.2
30598.1
30633.8
30670
30706.5
30739.4
30759.2
30768.5
30777.7
30786.6
30776.8
30723.8
30588.4
30281.6
29607.1
27762
22363.7
15171.6
11589.9
10368.9
10073.4
10014
10002.6
10000.5
10000.1
10000
10000
10000
10000
10000
10000
10000
10000
10000
10000
10000
10000
10000
10000
10000
10000
10000
10000
10000
10000
10000
10000
)
;

boundaryField
{
    inlet
    {
        type            zeroGradient;
    }
    outlet
    {
        type            zeroGradient;
    }
    bottom
    {
        type            symmetryPlane;
    }
    top
    {
        type            symmetryPlane;
    }
    obstacle
    {
        type            zeroGradient;
    }
    defaultFaces
    {
        type            empty;
    }
}


// ************************************************************************* //
