/*--------------------------------*- C++ -*----------------------------------*\
| =========                 |                                                 |
| \\      /  F ield         | OpenFOAM: The Open Source CFD Toolbox           |
|  \\    /   O peration     | Version:  5.x                                   |
|   \\  /    A nd           | Web:      www.OpenFOAM.org                      |
|    \\/     M anipulation  |                                                 |
\*---------------------------------------------------------------------------*/
/*   Windows 32 and 64 bit porting by blueCAPE: http://www.bluecape.com.pt   *\
|  Based on Windows porting (2.0.x v4) by Symscape: http://www.symscape.com   |
\*---------------------------------------------------------------------------*/
FoamFile
{
    version     2.0;
    format      ascii;
    class       surfaceScalarField;
    location    "0.008";
    object      phi;
}
// * * * * * * * * * * * * * * * * * * * * * * * * * * * * * * * * * * * * * //

dimensions      [1 0 -1 0 0 0 0];

internalField   nonuniform List<scalar> 
1447
(
4.43379e-012
2.48024e-013
4.34142e-012
2.41286e-013
3.82272e-012
2.35784e-013
3.50298e-012
2.26021e-013
2.92744e-012
2.32238e-013
2.57927e-012
2.15682e-013
2.04636e-012
2.1922e-013
2.20979e-012
2.131e-013
1.92557e-012
2.13059e-013
2.03215e-012
2.09874e-013
1.66267e-012
2.01339e-013
1.54898e-012
2.12434e-013
1.66978e-012
1.90348e-013
1.65556e-012
2.01922e-013
1.58451e-012
1.93526e-013
2.10321e-012
1.8844e-013
2.23821e-012
1.86587e-013
2.11031e-012
1.90133e-013
1.22924e-012
1.85213e-013
1.68399e-012
1.81209e-013
1.77636e-012
1.73833e-013
1.56319e-012
1.80078e-013
1.9611e-012
1.62946e-013
2.44427e-012
1.69302e-013
3.5314e-012
1.61655e-013
5.78382e-012
1.61919e-013
1.139e-011
1.5779e-013
2.45208e-011
1.47146e-013
5.43423e-011
1.71259e-013
1.22675e-010
1.92235e-013
2.76899e-010
3.06498e-013
6.23764e-010
5.50331e-013
1.39406e-009
1.1189e-012
3.08894e-009
2.41743e-012
6.7828e-009
5.31501e-012
1.47539e-008
1.17683e-011
3.17829e-008
2.59103e-011
6.77948e-008
5.66909e-011
1.43163e-007
1.22859e-010
2.99247e-007
2.63642e-010
6.19029e-007
5.59886e-010
1.26705e-006
1.17632e-009
2.56562e-006
2.44449e-009
5.13833e-006
5.02335e-009
1.01762e-005
1.02057e-008
1.99248e-005
2.0495e-008
3.85603e-005
4.06728e-008
7.3743e-005
7.9746e-008
0.000139323
1.54437e-007
0.000259975
2.95338e-007
0.000478982
5.57553e-007
0.000871079
1.03878e-006
0.00156317
1.90938e-006
0.00276708
3.46134e-006
0.00482998
6.18619e-006
0.00831019
1.08958e-005
0.0140878
1.8905e-005
0.0235209
3.22984e-005
0.0386586
5.43083e-005
0.0625184
8.98288e-005
0.0994304
0.000146082
0.155436
0.000233437
0.238707
0.000366338
0.359939
0.000564258
0.532607
0.000852522
0.773008
0.00126278
1.09994
0.00183287
1.53394
0.00260585
2.09607
0.00362807
2.80626
0.00494646
3.68151
0.00660504
4.73413
0.00864016
5.97035
0.0110756
7.3897
0.0139264
8.98491
0.0171997
10.7425
0.0208907
12.6438
0.0249862
14.6676
0.029467
16.7925
0.0343098
18.9977
0.0394895
21.2643
0.0449794
23.5756
0.050752
25.9169
0.0567806
28.276
0.0630392
30.6423
0.0695034
33.0072
0.0761498
35.3636
0.0829569
37.7054
0.0899056
40.0278
0.0969789
42.3268
0.104162
44.599
0.11144
46.8418
0.118803
49.0529
0.126241
51.2305
0.133744
53.3732
0.141305
55.4798
0.148917
57.5492
0.156574
59.5807
0.164272
61.5737
0.172006
63.5276
0.179772
65.4422
0.187567
67.317
0.195388
69.152
0.203232
70.947
0.211097
72.7019
0.21898
74.4166
0.22688
76.0913
0.234795
77.7258
0.242723
79.3204
0.250663
80.8751
0.258613
82.3901
0.266571
83.8655
0.274536
85.3015
0.282507
86.6983
0.290483
88.0561
0.298462
89.375
0.306443
90.6554
0.314424
91.8975
0.322405
93.1015
0.330384
94.2676
0.33836
95.3962
0.346332
96.4875
0.354298
97.5418
0.362259
98.5593
0.370212
99.5403
0.378156
100.485
0.386091
101.394
0.394016
102.268
0.40193
103.106
0.409832
103.909
0.417722
104.678
0.425599
105.412
0.433463
106.112
0.441313
106.779
0.449151
107.412
0.456974
108.012
0.464788
108.578
0.472581
109.115
0.480384
109.615
0.488128
110.091
0.495972
110.524
0.503588
110.941
0.511619
111.311
0.518925
111.662
0.527243
111.984
0.53405
112.258
0.542211
112.537
0.548893
112.748
0.556224
112.956
0.563322
113.137
0.569617
113.266
0.576927
113.394
0.582714
113.489
0.58984
113.539
0.59515
113.584
0.602356
113.605
0.607171
113.574
0.6138
113.543
0.619331
113.488
0.624433
113.389
0.630529
113.281
0.6354
113.146
0.640501
112.992
0.645873
112.808
0.650448
112.598
0.655218
112.387
0.660011
112.136
0.664334
111.863
0.668594
111.581
0.672918
111.27
0.67699
110.95
0.680682
110.594
0.684539
110.227
0.688271
109.851
0.691571
109.443
0.694855
109.027
0.698075
108.581
0.701149
108.13
0.703895
107.664
0.706517
107.171
0.709157
106.672
0.711537
106.146
0.713697
105.62
0.715658
105.073
0.717583
104.509
0.719322
103.936
0.720811
103.341
0.722093
102.748
0.723231
102.131
0.724266
101.509
0.725026
100.87
0.725592
100.22
0.725894
99.5657
0.726094
98.8941
0.726061
98.2221
0.725787
97.5302
0.72527
96.8367
0.724465
96.1311
0.723531
95.4202
0.722255
94.7048
0.720805
93.9774
0.718957
93.2497
0.716891
92.5087
0.714513
91.7704
0.711841
91.0231
0.708887
90.2766
0.705492
89.5251
0.701847
88.7706
0.697737
88.0163
0.693384
87.2578
0.688535
86.5048
0.683326
85.7491
0.67765
84.9993
0.671524
84.2493
0.664959
83.5052
0.657854
82.7647
0.650273
82.0312
0.642034
81.3071
0.633248
80.5908
0.623729
79.888
0.613568
79.194
0.602614
78.515
0.59081
77.8506
0.578121
77.2021
0.564465
76.5719
0.550002
75.9572
0.534711
75.3523
0.527091
74.7551
0.519046
74.1669
0.509918
73.5856
0.50011
73.0121
0.489572
72.4444
0.478232
71.88
0.466247
71.3177
0.446814
70.7752
0.402309
70.2501
0.351089
69.7398
0.292642
69.2422
0.227055
68.7538
0.154644
68.2835
0.0763906
67.8163
0.0272361
67.353
-0.02076
66.9121
-0.0696724
66.4865
-0.0926415
66.0787
-0.108969
65.6911
-0.128259
65.3203
-0.144798
64.9641
-0.158914
64.6206
-0.170977
64.2856
-0.181333
63.9569
-0.190235
63.6335
-0.197904
63.3137
-0.204406
62.9983
-0.209751
62.6842
-0.213877
62.3708
-0.216596
62.0578
-0.217907
61.7426
-0.217745
61.4269
-0.21634
61.1097
-0.214008
60.7871
-0.211082
60.4581
-0.207904
60.1212
-0.204995
59.7692
-0.203043
59.3861
-0.203732
58.9247
-0.211364
58.3085
-0.234967
57.3767
-0.291756
55.8311
-0.399207
52.8586
-0.526707
47.8171
-0.774727
44.4786
-0.979123
44.484
-1.03649
44.7053
-0.991456
45.5012
-0.924025
46.489
-0.844126
47.0515
-0.774431
47.3212
-0.728644
47.3388
-0.699779
47.3125
-0.67974
47.2436
-0.662767
47.1482
-0.647051
47.0652
-0.630232
46.9694
-0.61244
46.8913
-0.594616
46.8969
-0.576264
46.9167
-0.557897
46.8779
-0.540671
46.8131
-0.524329
46.512
-0.507858
45.4709
-0.488005
42.9037
-0.464631
40.2532
-0.435865
37.7775
-0.404813
35.6398
-0.373935
33.8665
-0.347493
32.4128
-0.322184
31.3478
-0.29776
30.4688
-0.275114
-0.248891
-1.24913e-011
-1.3074e-011
-1.26334e-011
-1.1795e-011
-1.06724e-011
-9.54969e-012
-1.02602e-011
-1.01039e-011
-1.09139e-011
-9.99023e-012
-1.00471e-011
-1.00044e-011
-1.03029e-011
-9.09495e-012
-8.55493e-012
-9.25127e-012
-9.53548e-012
-9.0381e-012
-8.29914e-012
-8.5123e-012
-9.0381e-012
-9.67759e-012
-9.4218e-012
-9.09495e-012
-9.63496e-012
-1.0516e-011
-1.29461e-011
-1.81757e-011
-3.14913e-011
-6.23146e-011
-1.32573e-010
-2.86605e-010
-6.25079e-010
-1.36066e-009
-2.94466e-009
-6.32078e-009
-1.3441e-008
-2.83039e-008
-5.90045e-008
-1.21736e-007
-2.48514e-007
-5.01853e-007
-1.00228e-006
-1.97914e-006
-3.863e-006
-7.45097e-006
-1.41974e-005
-2.67158e-005
-4.96298e-005
-9.09842e-005
-0.000164536
-0.000293377
-0.000515524
-0.000892251
-0.00152009
-0.00254737
-0.00419568
-0.00678573
-0.0107645
-0.0167274
-0.025421
-0.0377063
-0.054445
-0.0762623
-0.103121
-0.133635
-0.164052
-0.186853
-0.188913
-0.149378
-0.0386471
0.175722
0.533944
1.10158
1.93885
3.10867
4.66285
6.6373
9.04468
11.8774
15.1104
18.7072
22.6238
26.8143
31.2331
35.8387
40.5936
45.4659
50.4284
55.4585
60.5374
65.6498
70.783
75.9268
81.0725
86.2133
91.3434
96.4581
101.553
106.626
111.673
116.691
121.68
126.636
131.558
136.446
141.296
146.108
150.882
155.616
160.309
164.961
169.57
174.136
178.659
183.138
187.571
191.96
196.303
200.601
204.852
209.057
213.216
217.327
221.392
225.41
229.38
233.304
237.18
241.009
244.791
248.526
252.214
255.856
259.45
262.999
266.501
269.956
273.366
276.73
280.049
283.322
286.55
289.735
292.871
295.969
299.014
302.028
304.979
307.918
310.768
313.632
316.397
319.152
321.882
324.49
327.187
329.706
332.262
334.801
337.193
339.648
342.049
344.327
346.652
348.941
351.108
353.289
355.473
357.545
359.576
361.635
363.631
365.539
367.441
369.342
371.174
372.934
374.687
376.434
378.114
379.73
381.327
382.916
384.459
385.932
387.371
388.801
390.204
391.548
392.836
394.103
395.355
396.574
397.737
398.852
399.947
401.027
402.078
403.081
404.04
404.977
405.904
406.818
407.693
408.531
409.346
410.162
410.975
411.767
412.534
413.283
414.026
414.774
415.523
416.259
416.977
417.675
418.375
419.087
419.795
420.483
421.146
421.789
422.437
423.093
423.74
424.366
424.973
425.567
426.164
426.77
427.374
427.955
428.488
429.003
429.504
430.013
430.54
430.971
431.321
431.614
431.867
432.116
432.372
432.636
432.905
433.175
433.438
433.687
433.926
434.163
434.406
434.655
434.905
435.153
435.397
435.636
435.873
436.11
436.349
436.597
436.848
437.098
437.353
437.607
437.856
438.093
438.306
438.461
438.544
438.522
438.485
438.482
438.501
438.552
438.606
438.664
438.732
438.804
438.898
438.986
439.025
439.035
439.042
439.059
439.065
439.08
439.144
439.261
439.453
439.745
440.047
440.382
440.201
439.989
439.605
434.997
427.192
412.993
411.772
410.424
409.007
407.495
405.806
404.154
402.377
400.569
398.749
396.988
395.12
393.277
391.498
389.54
387.841
385.867
384.1
382.483
380.584
379.132
377.184
375.579
373.767
371.929
370.354
368.386
366.921
365.016
363.556
361.773
360.203
358.573
356.918
355.321
353.647
352.076
350.437
348.88
347.246
345.76
344.139
342.719
341.237
339.752
338.291
336.855
335.441
334.049
332.677
331.324
329.989
328.671
327.37
326.086
324.818
323.568
322.334
321.118
319.919
318.738
317.575
316.43
315.303
314.194
313.104
312.033
310.981
309.948
308.935
307.94
306.965
306.009
305.072
304.154
303.255
302.374
301.51
300.664
299.835
299.023
298.227
297.446
296.681
295.93
295.193
294.47
293.759
293.062
292.378
291.705
291.045
290.396
289.759
289.133
288.519
287.916
287.325
286.745
286.177
285.62
27.3251
-0.897115
28.006
-0.842912
28.6859
-0.825772
29.3504
-0.824825
29.9972
-0.82757
30.6293
-0.829495
31.2503
-0.829378
31.864
-0.827693
32.4714
-0.82523
33.0707
-0.822555
33.659
-0.819894
34.2356
-0.817321
34.8001
-0.814857
35.3524
-0.812446
35.894
-0.810033
36.4274
-0.807598
36.9548
-0.805111
37.4765
-0.802526
37.9927
-0.799726
38.504
-0.796634
39.0103
-0.793147
39.5124
-0.789179
40.0113
-0.784668
40.5067
-0.779582
40.9968
-0.773864
41.4796
-0.76748
41.952
-0.760423
42.4085
-0.752617
42.8483
-0.743984
43.2779
-0.734571
43.7063
-0.724505
44.1385
-0.713868
44.5775
-0.702673
45.023
-0.690905
45.4651
-0.678545
45.9127
-0.665552
46.458
-0.65194
47.0814
-0.638788
47.715
-0.625772
48.3513
-0.612312
48.9798
-0.598611
49.5917
-0.584858
50.1799
-0.571287
50.7384
-0.558148
51.2629
-0.545692
51.7522
-0.534296
52.2093
-0.524369
52.6388
-0.5159
53.0464
-0.508748
53.4371
-0.502893
53.8149
-0.498222
54.1824
-0.494653
54.5409
-0.492816
54.8907
-0.492754
55.2318
-0.494603
55.5641
-0.498578
55.8885
-0.503859
56.2064
-0.510099
56.5192
-0.51719
56.8297
-0.525077
57.1436
-0.533524
57.4646
-0.542421
57.7913
-0.551309
58.1205
-0.559851
58.4483
-0.567967
58.7718
-0.575621
59.0893
-0.582809
59.4
-0.589539
59.7029
-0.595837
59.9968
-0.601711
60.2815
-0.607209
60.5569
-0.612368
60.8223
-0.617217
61.0774
-0.621786
61.3223
-0.626113
61.5579
-0.630247
61.784
-0.634225
61.9996
-0.638072
62.2034
-0.641801
62.3949
-0.645438
62.5737
-0.64901
62.7389
-0.652541
62.8895
-0.656045
63.024
-0.659538
63.1407
-0.663025
63.2383
-0.666515
63.3151
-0.670015
63.3704
-0.673535
63.4031
-0.677092
63.4118
-0.680684
63.3963
-0.684296
63.3567
-0.687919
63.292
-0.691544
63.2008
-0.695157
63.0828
-0.698744
62.9383
-0.702307
62.766
-0.705852
62.5603
-0.709394
62.3083
-0.712981
61.9811
-0.716731
61.5183
-0.720876
60.8019
-0.725818
59.6171
-0.732187
57.6184
-0.740768
54.3462
-0.752268
49.3836
-0.766674
42.6843
-0.782478
34.8556
-0.796481
27.0117
-0.804632
20.1855
-0.803659
14.8377
-0.792687
10.86
-0.772693
7.89566
-0.744636
5.61329
-0.704985
3.79814
-0.654553
2.33899
-0.585034
1.24897
-0.425699
0.608335
-0.193242
0.289096
-0.105199
0.122037
-0.0692645
0.0421953
-0.0298446
0.0123999
-0.00832265
0.00329087
-0.0017605
0.000819882
-0.000342944
0.000195924
-6.52936e-005
4.54825e-005
-1.23718e-005
1.03378e-005
-2.34177e-006
2.31232e-006
-4.43116e-007
5.10761e-007
-8.38317e-008
1.11689e-007
-1.58578e-008
2.42229e-008
-2.99945e-009
5.21746e-009
-5.67315e-010
1.11723e-009
-1.07287e-010
2.37913e-010
-2.03002e-011
5.02798e-011
-3.83713e-012
1.0365e-011
-7.26467e-013
1.90425e-012
-1.36289e-013
1.13687e-013
-2.51843e-014
-3.25073e-013
-3.23656e-015
-3.62377e-013
-6.98226e-016
-4.29878e-013
2.13111e-015
-4.40536e-013
5.45137e-016
-4.33431e-013
1.39385e-015
-3.94351e-013
1.24683e-015
-4.28102e-013
1.06035e-015
-4.26326e-013
1.35569e-015
-3.94351e-013
9.21138e-016
-3.81917e-013
1.42551e-015
-4.22773e-013
1.54434e-015
1.35916e-015
282.123
279.228
276.85
274.902
273.288
271.924
270.747
269.708
268.778
267.932
267.157
266.437
265.76
265.114
264.486
263.865
263.244
262.619
261.99
261.355
260.716
260.077
259.44
258.81
258.188
257.575
256.976
256.393
255.826
255.273
254.735
254.212
253.709
253.231
252.783
252.363
251.964
251.585
251.223
250.878
250.554
250.246
249.945
249.653
249.385
249.138
248.901
248.67
248.442
248.215
247.991
247.805
247.73
247.71
247.677
247.608
247.487
247.302
247.047
246.742
246.324
245.816
245.261
244.688
244.121
243.575
243.058
242.573
242.116
241.67
241.227
240.783
240.339
239.89
239.432
238.962
238.48
237.988
237.492
236.997
236.507
236.024
235.55
235.082
234.618
234.156
233.695
233.237
232.783
232.336
231.898
231.471
231.054
230.64
230.226
229.811
229.394
228.979
228.571
228.173
227.788
227.417
227.057
226.696
226.321
225.92
225.473
224.954
224.299
223.462
222.595
221.722
220.796
219.595
217.919
215.257
210.449
198.632
162.006
83.0301
29.7801
7.60482
1.55075
0.295376
0.0555477
0.0104251
0.00195543
0.000366623
6.87096e-005
1.28719e-005
2.41046e-006
4.5123e-007
8.44395e-008
1.57958e-008
2.95353e-009
5.51729e-010
1.02611e-010
1.85718e-011
2.97895e-012
-2.23821e-013
-8.82849e-013
-1.03917e-012
-1.12976e-012
-1.19194e-012
-1.24345e-012
-1.15641e-012
-1.26477e-012
-1.28786e-012
-1.30029e-012
)
;

boundaryField
{
    inlet
    {
        type            calculated;
        value           nonuniform List<scalar> 2(1.33949e-011 -4.87127e-012);
    }
    outlet
    {
        type            calculated;
        value           nonuniform List<scalar> 2(-1.28395e-012 -4.30571e-013);
    }
    bottom
    {
        type            symmetryPlane;
        value           uniform 0;
    }
    top
    {
        type            symmetryPlane;
        value           uniform 0;
    }
    obstacle
    {
        type            calculated;
        value           nonuniform List<scalar> 
102
(
29.9873
-26.5931
0.135928
0.135211
0.135198
0.134477
0.133945
0.13415
0.13314
0.133455
0.132326
0.132746
0.131547
0.132057
0.130797
0.131366
0.130104
0.13062
0.129477
0.129853
0.128842
0.129245
0.128164
0.128706
0.127448
0.128132
0.126775
0.127501
0.126172
0.126829
0.125628
0.126182
0.125076
0.125567
0.124511
0.125003
0.123923
0.124435
0.123353
0.123864
0.122905
0.123278
0.12262
0.122562
0.122327
0.122117
0.121922
0.121725
0.121541
0.121354
0.121181
0.121006
0.120846
0.120683
0.120537
0.120388
0.120256
0.120122
0.120005
0.119885
0.119785
0.11968
0.119595
0.119506
0.119437
0.119364
0.119311
0.119253
0.119216
0.119173
0.119153
0.119125
0.119119
0.119106
0.119115
0.119115
0.119137
0.119149
0.119183
0.119205
0.11925
0.119281
0.119335
0.119374
0.119436
0.119481
0.119549
0.119599
0.119672
0.119726
0.119803
0.119861
0.11994
0.120001
0.120082
0.120145
0.120227
0.120292
0.120375
0.120442
0.120526
0.120596
)
;
    }
    defaultFaces
    {
        type            empty;
        value           nonuniform 0();
    }
}


// ************************************************************************* //
