/*--------------------------------*- C++ -*----------------------------------*\
| =========                 |                                                 |
| \\      /  F ield         | OpenFOAM: The Open Source CFD Toolbox           |
|  \\    /   O peration     | Version:  5.x                                   |
|   \\  /    A nd           | Web:      www.OpenFOAM.org                      |
|    \\/     M anipulation  |                                                 |
\*---------------------------------------------------------------------------*/
/*   Windows 32 and 64 bit porting by blueCAPE: http://www.bluecape.com.pt   *\
|  Based on Windows porting (2.0.x v4) by Symscape: http://www.symscape.com   |
\*---------------------------------------------------------------------------*/
FoamFile
{
    version     2.0;
    format      ascii;
    class       volScalarField;
    location    "0.003";
    object      mag(U);
}
// * * * * * * * * * * * * * * * * * * * * * * * * * * * * * * * * * * * * * //

dimensions      [0 1 -1 0 0 0 0];

internalField   nonuniform List<scalar> 
1000
(
1.00762e-012
1.56629e-012
1.5309e-012
1.49768e-012
1.6971e-012
1.59785e-012
1.48461e-012
1.21561e-012
1.92697e-012
2.00259e-012
2.32544e-012
1.8371e-012
2.35943e-012
2.41039e-012
2.25704e-012
2.53055e-012
1.98593e-012
2.41339e-012
1.80157e-012
1.46691e-012
1.40971e-012
8.23246e-013
1.05393e-012
7.95432e-013
1.04797e-012
1.26483e-012
1.29299e-012
1.00649e-012
8.62535e-013
8.12188e-013
8.33125e-013
8.16519e-013
9.64246e-013
8.6603e-013
9.61701e-013
8.78369e-013
8.72219e-013
8.8421e-013
8.36765e-013
8.32793e-013
8.56841e-013
8.89625e-013
8.25126e-013
1.07898e-012
8.66795e-013
9.14474e-013
9.09279e-013
1.05108e-012
1.01481e-012
1.18799e-012
1.08916e-012
1.14262e-012
1.17433e-012
1.09346e-012
1.19453e-012
1.18833e-012
1.21556e-012
1.37658e-012
1.26625e-012
1.29051e-012
1.14026e-012
1.12517e-012
1.13377e-012
1.10244e-012
1.148e-012
1.06636e-012
1.15768e-012
1.08483e-012
1.25107e-012
1.12082e-012
1.16479e-012
1.10653e-012
1.14208e-012
1.10647e-012
1.11909e-012
1.11034e-012
1.15798e-012
1.083e-012
1.22858e-012
1.23332e-012
1.24631e-012
1.29914e-012
1.33103e-012
1.18985e-012
1.31897e-012
1.20786e-012
1.42285e-012
1.15226e-012
1.3309e-012
1.55798e-012
1.1659e-012
1.05424e-012
9.77182e-013
1.06348e-012
9.5846e-013
1.01705e-012
9.56927e-013
9.76526e-013
1.03942e-012
1.16342e-012
1.21294e-012
1.1411e-012
1.18814e-012
1.11453e-012
1.13541e-012
1.0604e-012
1.13711e-012
1.12209e-012
1.06793e-012
1.05011e-012
1.07549e-012
1.08748e-012
1.14839e-012
1.11825e-012
1.27095e-012
1.20432e-012
1.43241e-012
1.87447e-012
3.52996e-012
1.12701e-011
3.37812e-011
1.0668e-010
3.28456e-010
9.97778e-010
2.98469e-009
8.78185e-009
2.5418e-008
7.23367e-008
2.02334e-007
5.55997e-007
1.50022e-006
3.97275e-006
1.0319e-005
2.6275e-005
6.55424e-005
0.00016006
0.000382383
0.000892949
0.00203651
0.00453172
0.00982894
0.0207548
0.0426143
0.0849605
0.164228
0.307286
0.555593
0.969012
1.62752
2.62841
4.07674
6.06841
8.66769
11.8846
15.6677
19.9279
24.572
29.5206
34.7117
40.098
45.6438
51.322
57.1114
62.9956
68.9612
74.9971
81.0941
87.2441
93.44
99.6753
105.944
112.241
118.562
124.9
131.252
137.612
143.978
150.341
156.706
163.051
169.4
175.712
182.014
188.29
194.517
200.719
206.873
212.959
218.987
224.944
230.804
236.556
242.194
247.691
253.015
258.144
263.052
267.702
272.052
276.059
279.688
282.906
285.679
287.984
289.817
291.207
292.181
292.827
293.198
293.333
293.357
293.347
293.301
293.212
293.102
292.987
292.906
292.878
292.868
292.866
292.886
292.923
292.947
292.96
292.971
292.976
292.989
293.019
293.073
293.19
293.454
293.559
293.272
292.947
292.825
292.862
292.941
293.011
293.055
293.075
293.083
293.084
293.081
293.075
293.061
293.059
293.068
293.069
293.068
293.07
293.076
293.082
293.083
293.082
293.079
293.069
293.041
292.972
292.827
292.538
291.984
290.918
288.809
284.642
276.236
256.394
198.433
95.2059
25.3706
5.1807
0.936381
0.162016
0.0277861
0.00475838
0.000814773
0.000139533
2.39006e-005
4.09484e-006
7.01728e-007
1.20284e-007
2.0623e-008
3.53671e-009
6.06343e-010
1.03721e-010
1.74337e-011
3.49817e-012
1.13316e-012
1.00144e-012
1.01716e-012
9.83203e-013
1.00285e-012
1.0408e-012
1.06145e-012
1.11275e-012
1.36886e-012
1.06614e-012
1.01187e-012
9.93227e-013
1.04695e-012
9.72704e-013
1.24216e-012
1.52292e-012
9.08573e-013
1.52366e-012
9.66305e-013
1.40655e-012
1.75607e-012
2.11285e-012
2.20452e-012
1.8864e-012
1.9146e-012
1.75175e-012
1.30683e-012
9.78363e-013
9.11859e-013
8.43468e-013
1.01347e-012
9.71186e-013
1.17379e-012
1.56801e-012
1.27223e-012
1.52206e-012
1.44826e-012
1.50481e-012
1.75814e-012
1.3164e-012
1.06263e-012
8.91506e-013
1.1131e-012
9.02383e-013
8.16528e-013
9.79438e-013
8.32008e-013
9.26658e-013
1.04476e-012
8.86609e-013
8.21525e-013
8.94535e-013
8.66835e-013
9.34517e-013
8.31106e-013
1.07311e-012
1.03321e-012
1.22478e-012
2.02222e-012
2.29801e-012
2.8601e-012
2.59724e-012
2.14056e-012
2.12035e-012
1.77909e-012
2.76859e-012
1.66704e-012
2.03763e-012
1.5703e-012
1.31077e-012
1.17854e-012
1.10721e-012
1.13905e-012
1.13244e-012
1.10077e-012
1.1519e-012
1.12788e-012
1.14339e-012
1.08341e-012
1.05242e-012
1.17506e-012
1.04914e-012
1.1548e-012
1.18474e-012
1.14898e-012
1.26237e-012
1.2186e-012
1.09645e-012
1.1517e-012
1.1177e-012
1.33798e-012
1.11847e-012
1.35673e-012
1.15852e-012
1.50285e-012
1.15409e-012
1.10208e-012
1.16361e-012
1.28343e-012
1.0686e-012
1.81363e-012
1.00921e-012
1.11739e-012
1.44761e-012
9.88282e-013
1.03006e-012
9.66393e-013
9.79264e-013
1.12391e-012
9.72433e-013
1.00745e-012
1.06722e-012
1.49722e-012
1.28262e-012
1.1071e-012
1.0733e-012
1.18814e-012
1.06819e-012
1.03554e-012
1.08076e-012
1.085e-012
1.74973e-012
1.71963e-012
1.59942e-012
1.51778e-012
1.67515e-012
1.56767e-012
1.89741e-012
1.56941e-012
1.87716e-012
1.63843e-012
2.29666e-012
4.19467e-012
1.07869e-011
3.38831e-011
1.05775e-010
3.28098e-010
9.97479e-010
2.98425e-009
8.78127e-009
2.54174e-008
7.23365e-008
2.02334e-007
5.55996e-007
1.50022e-006
3.97275e-006
1.0319e-005
2.6275e-005
6.55424e-005
0.00016006
0.000382383
0.000892949
0.00203651
0.00453172
0.00982894
0.0207548
0.0426143
0.0849605
0.164228
0.307286
0.555593
0.969012
1.62752
2.62841
4.07674
6.06841
8.66769
11.8846
15.6677
19.9279
24.572
29.5206
34.7117
40.098
45.6438
51.322
57.1114
62.9956
68.9612
74.9971
81.0941
87.2441
93.44
99.6753
105.944
112.241
118.562
124.9
131.252
137.612
143.978
150.341
156.706
163.051
169.4
175.712
182.014
188.29
194.517
200.719
206.873
212.959
218.987
224.944
230.804
236.556
242.194
247.691
253.015
258.144
263.052
267.702
272.052
276.059
279.688
282.906
285.679
287.984
289.817
291.207
292.181
292.827
293.198
293.333
293.357
293.347
293.301
293.212
293.102
292.987
292.906
292.878
292.868
292.866
292.886
292.923
292.947
292.96
292.971
292.976
292.989
293.019
293.073
293.19
293.454
293.559
293.272
292.947
292.825
292.862
292.941
293.011
293.055
293.075
293.083
293.084
293.081
293.075
293.061
293.059
293.068
293.069
293.068
293.07
293.076
293.082
293.083
293.082
293.079
293.069
293.041
292.972
292.827
292.538
291.984
290.918
288.809
284.642
276.236
256.394
198.433
95.2059
25.3706
5.1807
0.936381
0.162016
0.0277861
0.00475838
0.000814773
0.000139533
2.39006e-005
4.09484e-006
7.01728e-007
1.20283e-007
2.06222e-008
3.53643e-009
6.0666e-010
1.0452e-010
1.79327e-011
3.43337e-012
1.47072e-012
1.20222e-012
1.39456e-012
1.11792e-012
1.01093e-012
1.05148e-012
9.65538e-013
1.06973e-012
1.06319e-012
1.02832e-012
1.19205e-012
9.99957e-013
1.35367e-012
1.05438e-012
8.00219e-013
5.33479e-013
5.33479e-013
8.00219e-013
6.00164e-013
8.00219e-013
6.00164e-013
6.00164e-013
6.66849e-013
4.66794e-013
4.66794e-013
6.66849e-013
5.33479e-013
6.00164e-013
8.00219e-013
4.00109e-013
7.33534e-013
4.00109e-013
8.66904e-013
2.6674e-013
8.00219e-013
2.00055e-013
5.33479e-013
6.66849e-013
2.00055e-013
7.33534e-013
6.00164e-013
2.6674e-013
5.33479e-013
4.00109e-013
5.33479e-013
5.33479e-013
2.6674e-013
4.66794e-013
6.00164e-013
3.33424e-013
4.66794e-013
4.00109e-013
3.33424e-013
6.66849e-014
2.6674e-013
1.81669e-025
2.6674e-013
6.66849e-014
3.33424e-013
6.66849e-014
2.00055e-013
1.3337e-013
6.66849e-014
1.3337e-013
2.00055e-013
2.6674e-013
2.00055e-013
2.00055e-013
2.6674e-013
2.6674e-013
3.33424e-013
6.66849e-014
1.3337e-013
2.00055e-013
6.66849e-014
3.33424e-013
6.66849e-014
5.33479e-013
6.66849e-014
4.66794e-013
1.3337e-013
4.00109e-013
2.00055e-013
2.00055e-013
2.00055e-013
4.66794e-013
6.66849e-014
4.00109e-013
6.66849e-014
4.00109e-013
2.6674e-013
2.6674e-013
1.3337e-013
4.00109e-013
2.37097e-026
4.00109e-013
2.15606e-025
4.66794e-013
6.72867e-026
2.6674e-013
1.51108e-025
2.6674e-013
1.3337e-013
3.33424e-013
6.66849e-014
2.00055e-013
2.6674e-013
3.33424e-013
6.66849e-014
2.6674e-013
1.3337e-013
1.3337e-013
2.00055e-013
2.00055e-013
1.43326e-012
1.47875e-012
1.25335e-012
1.44548e-012
1.6051e-012
1.46608e-012
1.49975e-012
1.73105e-012
1.51975e-012
1.65878e-012
1.83096e-012
1.31443e-012
1.29137e-012
1.21352e-012
8.61202e-013
7.8477e-013
8.84544e-013
5.47031e-013
8.92998e-013
5.64526e-013
4.6477e-013
9.0876e-013
6.56583e-013
9.06934e-013
4.59753e-013
8.18289e-013
8.64401e-013
1.29842e-012
1.33178e-012
1.31723e-012
9.68469e-013
1.17462e-012
1.17103e-012
1.53569e-012
9.78016e-013
1.0258e-012
1.15067e-012
1.10407e-012
1.24285e-012
1.24524e-012
1.51612e-012
1.44287e-012
1.47384e-012
1.5185e-012
1.23342e-012
1.19696e-012
1.16846e-012
1.06219e-012
1.22719e-012
8.88944e-013
1.09611e-012
3.34944e-013
1.04466e-012
4.24494e-013
6.10735e-013
8.2691e-013
4.48797e-013
3.54183e-013
5.72964e-013
6.99543e-013
3.05737e-013
3.8195e-013
2.91908e-013
5.03131e-013
3.29069e-013
3.21068e-013
3.59702e-013
3.4463e-013
3.15451e-013
4.43423e-013
3.40406e-013
3.40818e-013
4.74518e-013
3.57499e-013
5.0161e-013
3.65291e-013
3.66151e-013
4.89555e-013
3.4752e-013
4.82217e-013
3.81125e-013
3.81133e-013
4.80069e-013
3.35945e-013
8.91425e-013
6.37491e-013
5.92744e-013
4.19024e-013
5.00356e-013
3.79506e-013
3.39155e-013
3.1849e-013
3.3258e-013
3.1965e-013
3.26037e-013
4.69477e-013
5.25428e-013
4.59251e-013
6.77906e-013
4.57651e-013
3.61284e-013
3.77945e-013
4.49868e-013
3.45336e-013
4.44722e-013
4.17229e-013
3.71496e-013
3.91465e-013
3.80364e-013
7.62844e-013
3.38499e-013
5.24054e-013
5.53658e-013
4.13208e-013
3.61952e-013
3.33038e-013
3.52477e-013
3.27607e-013
3.24543e-013
4.5128e-013
3.2327e-013
3.25493e-013
3.91919e-013
3.27087e-013
3.35535e-013
4.25474e-013
4.49574e-013
6.95619e-013
3.55071e-013
5.24893e-013
3.78771e-013
3.54575e-013
4.28917e-013
3.36116e-013
6.9881e-013
3.87564e-013
4.01715e-013
4.33659e-013
3.43474e-013
3.57069e-013
4.134e-013
3.77016e-013
3.37285e-013
3.35649e-013
4.76653e-013
3.17423e-013
4.50607e-013
3.20378e-013
4.81136e-013
3.27589e-013
7.08305e-013
2.41689e-013
8.10667e-013
6.05455e-013
6.90613e-013
8.37994e-013
6.34535e-013
8.51121e-013
6.35471e-013
4.56283e-013
8.59351e-013
8.28869e-013
9.28276e-013
9.8705e-013
9.57343e-013
6.02164e-013
1.03649e-012
1.04374e-012
1.2045e-012
1.22458e-012
9.4396e-013
8.16343e-013
7.06497e-013
7.23594e-013
7.26147e-013
6.25351e-013
5.67622e-013
8.10275e-013
7.10241e-013
1.00231e-012
7.42464e-013
1.01495e-012
9.90772e-013
1.13687e-012
8.35715e-013
9.05699e-013
1.20743e-012
1.33815e-012
1.61784e-012
1.17669e-012
1.57384e-012
1.84892e-012
1.49734e-012
1.80323e-012
1.466e-012
1.32304e-012
1.38661e-012
1.12897e-012
1.03116e-012
1.24801e-012
1.19266e-012
1.25555e-012
1.04402e-012
7.81182e-013
5.85733e-013
2.87035e-013
3.57911e-013
6.23568e-013
7.13467e-013
6.31142e-013
6.73163e-013
6.5044e-013
1.00213e-012
7.56769e-013
8.97623e-013
6.17105e-013
7.48309e-013
7.92159e-013
6.07867e-013
3.49591e-013
4.7753e-013
4.79517e-013
3.41136e-013
4.50908e-013
3.84708e-013
3.67121e-013
4.19656e-013
4.34622e-013
5.26905e-013
3.40624e-013
3.43119e-013
4.02527e-013
3.42392e-013
3.27579e-013
3.38195e-013
3.22004e-013
3.35433e-013
3.15913e-013
3.4214e-013
3.07919e-013
3.36107e-013
3.17792e-013
4.70315e-013
5.65144e-013
4.2584e-013
4.36769e-013
4.45896e-013
3.74023e-013
4.00512e-013
3.48648e-013
3.602e-013
4.1285e-013
3.94282e-013
3.33273e-013
3.84548e-013
3.66607e-013
3.67143e-013
3.41529e-013
3.95558e-013
3.66716e-013
4.1277e-013
6.97983e-013
4.86606e-013
7.12996e-013
4.68962e-013
5.14551e-013
5.4744e-013
6.00192e-013
3.57968e-013
3.22361e-013
3.06965e-013
3.62272e-013
4.33061e-013
3.19704e-013
4.70611e-013
3.2933e-013
3.24903e-013
3.5228e-013
4.25945e-013
4.87921e-013
3.59311e-013
3.38198e-013
3.39621e-013
3.45288e-013
3.67291e-013
4.98701e-013
4.34822e-013
5.18775e-013
3.53574e-013
4.87327e-013
3.51572e-013
3.50927e-013
4.76843e-013
4.71209e-013
3.89805e-013
3.14068e-013
4.06016e-013
3.71854e-013
4.56404e-013
3.35454e-013
)
;

boundaryField
{
    inlet
    {
        type            calculated;
        value           nonuniform List<scalar> 2(1.24216e-012 1.00762e-012);
    }
    outlet
    {
        type            calculated;
        value           nonuniform List<scalar> 2(3.35454e-013 3.27589e-013);
    }
    bottom
    {
        type            symmetryPlane;
    }
    top
    {
        type            symmetryPlane;
    }
    obstacle
    {
        type            calculated;
        value           nonuniform List<scalar> 
102
(
9.72704e-013
1.43326e-012
8.00219e-013
5.33479e-013
5.33479e-013
8.00219e-013
6.00164e-013
8.00219e-013
6.00164e-013
6.00164e-013
6.66849e-013
4.66794e-013
4.66794e-013
6.66849e-013
5.33479e-013
6.00164e-013
8.00219e-013
4.00109e-013
7.33534e-013
4.00109e-013
8.66904e-013
2.6674e-013
8.00219e-013
2.00055e-013
5.33479e-013
6.66849e-013
2.00055e-013
7.33534e-013
6.00164e-013
2.6674e-013
5.33479e-013
4.00109e-013
5.33479e-013
5.33479e-013
2.6674e-013
4.66794e-013
6.00164e-013
3.33424e-013
4.66794e-013
4.00109e-013
3.33424e-013
6.66849e-014
2.6674e-013
1.81669e-025
2.6674e-013
6.66849e-014
3.33424e-013
6.66849e-014
2.00055e-013
1.3337e-013
6.66849e-014
1.3337e-013
2.00055e-013
2.6674e-013
2.00055e-013
2.00055e-013
2.6674e-013
2.6674e-013
3.33424e-013
6.66849e-014
1.3337e-013
2.00055e-013
6.66849e-014
3.33424e-013
6.66849e-014
5.33479e-013
6.66849e-014
4.66794e-013
1.3337e-013
4.00109e-013
2.00055e-013
2.00055e-013
2.00055e-013
4.66794e-013
6.66849e-014
4.00109e-013
6.66849e-014
4.00109e-013
2.6674e-013
2.6674e-013
1.3337e-013
4.00109e-013
2.37097e-026
4.00109e-013
2.15606e-025
4.66794e-013
6.72867e-026
2.6674e-013
1.51108e-025
2.6674e-013
1.3337e-013
3.33424e-013
6.66849e-014
2.00055e-013
2.6674e-013
3.33424e-013
6.66849e-014
2.6674e-013
1.3337e-013
1.3337e-013
2.00055e-013
2.00055e-013
)
;
    }
    defaultFaces
    {
        type            empty;
    }
}


// ************************************************************************* //
