/*--------------------------------*- C++ -*----------------------------------*\
| =========                 |                                                 |
| \\      /  F ield         | OpenFOAM: The Open Source CFD Toolbox           |
|  \\    /   O peration     | Version:  5.x                                   |
|   \\  /    A nd           | Web:      www.OpenFOAM.org                      |
|    \\/     M anipulation  |                                                 |
\*---------------------------------------------------------------------------*/
/*   Windows 32 and 64 bit porting by blueCAPE: http://www.bluecape.com.pt   *\
|  Based on Windows porting (2.0.x v4) by Symscape: http://www.symscape.com   |
\*---------------------------------------------------------------------------*/
FoamFile
{
    version     2.0;
    format      ascii;
    class       volScalarField;
    location    "0.003";
    object      p;
}
// * * * * * * * * * * * * * * * * * * * * * * * * * * * * * * * * * * * * * //

dimensions      [1 -1 -2 0 0 0 0];

internalField   nonuniform List<scalar> 
1000
(
100000
100000
100000
100000
100000
100000
100000
100000
100000
100000
100000
100000
100000
100000
100000
100000
100000
100000
100000
100000
100000
100000
100000
100000
100000
100000
100000
100000
100000
100000
100000
100000
100000
100000
100000
100000
100000
100000
100000
100000
100000
100000
100000
100000
100000
100000
100000
100000
100000
100000
100000
100000
100000
100000
100000
100000
100000
100000
100000
100000
100000
100000
100000
100000
100000
100000
100000
100000
100000
100000
100000
100000
100000
100000
100000
100000
100000
100000
100000
100000
100000
100000
100000
100000
100000
100000
100000
100000
100000
100000
100000
100000
100000
100000
100000
100000
100000
100000
100000
100000
100000
100000
100000
100000
100000
100000
100000
100000
100000
100000
100000
100000
100000
100000
100000
100000
100000
100000
100000
100000
100000
100000
100000
100000
100000
100000
100000
100000
100000
100000
100000
100000
100000
100000
100000
99999.9
99999.9
99999.7
99999.3
99998.4
99996.5
99992.5
99984.6
99969.2
99940.3
99888
99797
99645
99402.5
99033.5
98499.7
97767.1
96814.7
95643.1
94279
92763.8
91137.8
89434.5
87679.2
85891.2
84084.9
82270.8
80457.4
78650.7
76855.8
75076.5
73316
71576.9
69861.1
68170.6
66506.6
64870.6
63263.5
61686.2
60139.5
58623.9
57140.2
55688.2
54269.6
52882.2
51530.4
50208.9
48923.4
47670.2
46450.8
45266.4
44116.2
43001.1
41921.3
40877.7
39872
38904.6
37976.1
37088.9
36246.1
35449.3
34700
34001.7
33358.6
32774.6
32252.1
31793.6
31400.7
31075.6
30817
30623.1
30480.8
30394.5
30337.9
30313.5
30308.6
30309.3
30313.4
30322.5
30341.2
30351.8
30363.6
30369
30369.1
30368.5
30366.8
30363.8
30356
30351.9
30349.7
30343.7
30343.1
30339.5
30338
30341.8
30341.4
30338
30299
30314.6
30326.7
30332.6
30332.5
30330.8
30328.9
30327.7
30326.9
30326.5
30326.3
30326.6
30324.9
30327.4
30327.3
30327.4
30327.7
30328.5
30329.7
30330.5
30330.8
30330.8
30330.4
30329.2
30326.4
30320.1
30306.8
30280
30227.7
30126.7
29925.4
29529.3
28772
27066.1
21531.7
13889.4
10978.9
10190.6
10033.5
10005.8
10001
10000.2
10000
10000
10000
10000
10000
10000
10000
10000
10000
10000
10000
10000
10000
10000
10000
10000
10000
10000
10000
10000
10000
10000
10000
10000
10000
10000
100000
100000
100000
100000
100000
100000
100000
100000
100000
100000
100000
100000
100000
100000
100000
100000
100000
100000
100000
100000
100000
100000
100000
100000
100000
100000
100000
100000
100000
100000
100000
100000
100000
100000
100000
100000
100000
100000
100000
100000
100000
100000
100000
100000
100000
100000
100000
100000
100000
100000
100000
100000
100000
100000
100000
100000
100000
100000
100000
100000
100000
100000
100000
100000
100000
100000
100000
100000
100000
100000
100000
100000
100000
100000
100000
100000
100000
100000
100000
100000
100000
100000
100000
100000
100000
100000
100000
100000
100000
100000
100000
100000
100000
100000
100000
100000
100000
100000
100000
100000
100000
100000
100000
100000
100000
100000
100000
100000
100000
100000
100000
100000
100000
100000
100000
100000
100000
100000
100000
100000
100000
100000
100000
100000
100000
100000
100000
100000
100000
100000
100000
100000
100000
100000
100000
99999.9
99999.9
99999.7
99999.3
99998.4
99996.5
99992.5
99984.6
99969.2
99940.3
99888
99797
99645
99402.5
99033.5
98499.7
97767.1
96814.7
95643.1
94279
92763.8
91137.8
89434.5
87679.2
85891.2
84084.9
82270.8
80457.4
78650.7
76855.8
75076.5
73316
71576.9
69861.1
68170.6
66506.6
64870.6
63263.5
61686.2
60139.5
58623.9
57140.2
55688.2
54269.6
52882.2
51530.4
50208.9
48923.4
47670.2
46450.8
45266.4
44116.2
43001.1
41921.3
40877.7
39872
38904.6
37976.1
37088.9
36246.1
35449.3
34700
34001.7
33358.6
32774.6
32252.1
31793.6
31400.7
31075.6
30817
30623.1
30480.8
30394.5
30337.9
30313.5
30308.6
30309.3
30313.4
30322.5
30341.2
30351.8
30363.6
30369
30369.1
30368.5
30366.8
30363.8
30356
30351.9
30349.7
30343.7
30343.1
30339.5
30338
30341.8
30341.4
30338
30299
30314.6
30326.7
30332.6
30332.5
30330.8
30328.9
30327.7
30326.9
30326.5
30326.3
30326.6
30324.9
30327.4
30327.3
30327.4
30327.7
30328.5
30329.7
30330.5
30330.8
30330.8
30330.4
30329.2
30326.4
30320.1
30306.8
30280
30227.7
30126.7
29925.4
29529.3
28772
27066.1
21531.7
13889.4
10978.9
10190.6
10033.5
10005.8
10001
10000.2
10000
10000
10000
10000
10000
10000
10000
10000
10000
10000
10000
10000
10000
10000
10000
10000
10000
10000
10000
10000
10000
10000
10000
10000
10000
10000
10000
10000
10000
10000
10000
10000
10000
10000
10000
10000
10000
10000
10000
10000
10000
10000
10000
10000
10000
10000
10000
10000
10000
10000
10000
10000
10000
10000
10000
10000
10000
10000
10000
10000
10000
10000
10000
10000
10000
10000
10000
10000
10000
10000
10000
10000
10000
10000
10000
10000
10000
10000
10000
10000
10000
10000
10000
10000
10000
10000
10000
10000
10000
10000
10000
10000
10000
10000
10000
10000
10000
10000
10000
10000
10000
10000
10000
10000
10000
10000
10000
10000
10000
10000
10000
10000
10000
10000
10000
10000
10000
10000
10000
10000
10000
10000
10000
10000
10000
10000
10000
10000
10000
10000
10000
10000
10000
10000
10000
10000
10000
10000
10000
10000
10000
10000
10000
10000
10000
10000
10000
10000
10000
10000
10000
10000
10000
10000
10000
10000
10000
10000
10000
10000
10000
10000
10000
10000
10000
10000
10000
10000
10000
10000
10000
10000
10000
10000
10000
10000
10000
10000
10000
10000
10000
10000
10000
10000
10000
10000
10000
10000
10000
10000
10000
10000
10000
10000
10000
10000
10000
10000
10000
10000
10000
10000
10000
10000
10000
10000
10000
10000
10000
10000
10000
10000
10000
10000
10000
10000
10000
10000
10000
10000
10000
10000
10000
10000
10000
10000
10000
10000
10000
10000
10000
10000
10000
10000
10000
10000
10000
10000
10000
10000
10000
10000
10000
10000
10000
10000
10000
10000
10000
10000
10000
10000
10000
10000
10000
10000
10000
10000
10000
10000
10000
10000
10000
10000
10000
10000
10000
10000
10000
10000
10000
10000
10000
10000
10000
10000
10000
10000
10000
10000
10000
10000
10000
10000
10000
10000
10000
10000
10000
10000
10000
10000
10000
10000
10000
10000
10000
10000
10000
10000
10000
10000
10000
10000
10000
10000
10000
10000
10000
10000
10000
10000
10000
10000
10000
10000
10000
10000
10000
10000
10000
10000
10000
10000
10000
10000
10000
10000
10000
10000
10000
10000
10000
10000
10000
10000
10000
10000
10000
10000
10000
10000
10000
10000
10000
10000
10000
10000
10000
10000
10000
10000
10000
10000
10000
10000
10000
10000
10000
10000
10000
10000
10000
10000
10000
10000
10000
10000
10000
10000
10000
10000
10000
10000
10000
10000
10000
10000
10000
10000
10000
10000
10000
10000
10000
10000
10000
10000
10000
10000
10000
10000
10000
10000
10000
10000
10000
10000
10000
10000
10000
10000
10000
10000
10000
10000
10000
10000
10000
10000
10000
10000
10000
10000
10000
10000
10000
10000
10000
10000
10000
10000
10000
10000
10000
10000
)
;

boundaryField
{
    inlet
    {
        type            zeroGradient;
    }
    outlet
    {
        type            zeroGradient;
    }
    bottom
    {
        type            symmetryPlane;
    }
    top
    {
        type            symmetryPlane;
    }
    obstacle
    {
        type            zeroGradient;
    }
    defaultFaces
    {
        type            empty;
    }
}


// ************************************************************************* //
