/*--------------------------------*- C++ -*----------------------------------*\
| =========                 |                                                 |
| \\      /  F ield         | OpenFOAM: The Open Source CFD Toolbox           |
|  \\    /   O peration     | Version:  5.x                                   |
|   \\  /    A nd           | Web:      www.OpenFOAM.org                      |
|    \\/     M anipulation  |                                                 |
\*---------------------------------------------------------------------------*/
/*   Windows 32 and 64 bit porting by blueCAPE: http://www.bluecape.com.pt   *\
|  Based on Windows porting (2.0.x v4) by Symscape: http://www.symscape.com   |
\*---------------------------------------------------------------------------*/
FoamFile
{
    version     2.0;
    format      ascii;
    class       volScalarField;
    location    "0.003";
    object      p;
}
// * * * * * * * * * * * * * * * * * * * * * * * * * * * * * * * * * * * * * //

dimensions      [1 -1 -2 0 0 0 0];

internalField   nonuniform List<scalar> 
10000
(
100000
100000
100000
100000
100000
100000
100000
100000
100000
100000
99999.9
99999.5
99997.1
99986
99938.2
99765.4
99234.8
97910.2
95114.5
90268.7
83421.3
75444.6
67556.4
60271.4
53967.4
48585
44019
40281.5
37134.6
34870.1
33088.9
31692.7
30721.5
30333.3
30348.1
30400.2
30531.4
30541.7
30530.7
30480.4
30300.8
29867.4
29507.9
29240.4
28710.8
27635.9
25400.2
20251.6
11464.6
10317.8
10058.2
10007.1
10001.8
10000.2
10000.1
10000
10000
10000
10000
10000
100000
100000
100000
100000
100000
100000
100000
100000
100000
100000
99999.9
99999.5
99997.3
99987.2
99943.1
99782.3
99283.2
98026
95346.2
90648.7
83938.5
76037.6
68163.4
60852.8
54499.7
49060.9
44444.2
40656.3
37465.5
35097.4
33290.1
31840.6
30809.6
30360.3
30367
30404.7
30506.1
30539.3
30529.5
30483.9
30328.3
29957.7
29601.7
29368.1
28943.4
28120.2
26466.6
22215.5
12257.3
10525.3
10086
10013.9
10002.8
10000.4
10000.1
10000
10000
10000
10000
10000
100000
100000
100000
100000
100000
100000
100000
100000
100000
100000
99999.9
99999.5
99997.3
99987.3
99943.5
99783.8
99287
98034.7
95362.1
90673.6
83967.9
76064
68184
60867.8
54511.8
49074.2
44453.9
40656
37463.2
35110.2
33302.4
31868.5
30813.9
30364.8
30368.8
30395
30476.5
30528.7
30515.1
30458.3
30299.2
29952.3
29556.7
29311.6
28873.5
28054.2
26447.3
22487.3
12683.2
10642.9
10104
10019.2
10003.4
10000.6
10000.1
10000
10000
10000
10000
10000
100000
100000
100000
100000
100000
100000
100000
100000
100000
100000
99999.9
99999.6
99997.5
99988.3
99947.4
99797.5
99326.8
98130.8
95557.9
90998.6
84418.1
76592
68735.4
61404.4
55001.1
49512.5
44849.5
41000.8
37764.8
35316.7
33470.5
31989.1
30885.9
30377.2
30379.5
30398
30471.1
30535.5
30529.2
30487.6
30359.9
30075.2
29673.2
29435.6
29098.3
28446.3
27131.4
23542.3
13757.7
10834.7
10135.3
10026.8
10004.6
10001
10000.2
10000
10000
10000
10000
10000
100000
100000
100000
100000
100000
100000
100000
100000
100000
100000
99999.9
99999.6
99997.6
99988.5
99948.1
99800
99333.4
98146.2
95585.9
91042.9
84471.1
76639.1
68769.6
61429.3
55025.9
49536.6
44866.3
41012
37773
35334.5
33497.7
32034.2
30908.7
30372.3
30374
30386.6
30449.9
30523.6
30512
30461
30325.3
30026.4
29603.4
29350.5
29000.4
28370.1
27089.9
23743.9
14698.8
10987.2
10167.2
10034.6
10005.9
10001.3
10000.2
10000.1
10000
10000
10000
10000
100000
100000
100000
100000
100000
100000
100000
100000
100000
100000
99999.9
99999.6
99997.7
99989.2
99951.3
99811.2
99366.1
98226.2
95751.5
91321
84863.2
77108.8
69274.2
61923.9
55477.4
49943.7
45231
41330.6
38049.6
35539.3
33673.8
32172.9
30998.7
30399.1
30392.8
30400
30452.1
30542.6
30533.2
30496.2
30391.1
30143.3
29736.9
29494.2
29217.5
28666.3
27519.8
24451.4
15859.2
11168.2
10212.4
10043.5
10007.9
10001.7
10000.3
10000.1
10000
10000
10000
10000
100000
100000
100000
100000
100000
100000
100000
100000
100000
100000
99999.9
99999.6
99997.8
99989.4
99952.1
99814.3
99374.7
98246
95788.5
91380.1
84935
77173.6
69319
61957.1
55511
49975.5
45257.8
41350.5
38072.5
35552.3
33689.1
32196.6
31021.4
30389.6
30383
30391.2
30437.1
30529.6
30520.5
30483.4
30378.7
30139.4
29651.9
29413.2
29137.4
28596.3
27465.7
24637.2
16907.3
11345.1
10263.7
10053.1
10010.3
10002
10000.4
10000.1
10000
10000
10000
10000
100000
100000
100000
100000
100000
100000
100000
100000
100000
100000
99999.9
99999.6
99997.9
99990.1
99954.7
99823.5
99401.8
98313
95929.1
91618.5
85276.1
77590.3
69777.7
62414.1
55926.9
50351.9
45595
41655.1
38337.4
35770.8
33857.4
32341
31109.6
30419.5
30389.2
30399.1
30443.5
30543.5
30536.3
30510.2
30432.9
30240.8
29811.9
29536.7
29277
28770.3
27730.2
25181.6
18060.7
11542.6
10325.9
10064.6
10013.1
10002.3
10000.5
10000.1
10000
10000
10000
10000
100000
100000
100000
100000
100000
100000
100000
100000
100000
100000
99999.9
99999.6
99998
99990.3
99955.7
99827
99411.5
98335.8
95972.1
91688.1
85362.4
77670.5
69833.8
62452.4
55969.1
50392.4
45626
41674.4
38354.7
35779.6
33867.8
32334.8
31124.8
30418.5
30378.1
30390.5
30437.6
30530.6
30524.2
30497.7
30418.8
30217.2
29732.2
29460.5
29212.9
28733.8
27750.7
25463
19147.3
11748.1
10395.7
10078.3
10015.9
10002.8
10000.7
10000.1
10000
10000
10000
10000
100000
100000
100000
100000
100000
100000
100000
100000
100000
100000
99999.9
99999.7
99998.1
99990.8
99957.8
99834.6
99434.2
98392.3
96092
91893.5
85659.7
78039.4
70248.9
62876
56352.4
50736.6
45938.4
41949.9
38586.9
35961.2
34010.6
32478
31231.5
30474.4
30397
30408.8
30453.9
30540.8
30535.6
30522
30468.2
30298.7
29934.3
29581.6
29332
28875.2
27965.2
25910.7
20308.8
11978.2
10476.1
10094.7
10018.7
10003.4
10000.9
10000.1
10000
10000
10000
10000
100000
100000
100000
100000
100000
100000
100000
100000
100000
100000
99999.9
99999.7
99998.1
99991.1
99958.8
99838.3
99444.4
98416.6
96138.5
91969.9
85756.6
78132.3
70316
62917.8
56400.8
50782.9
45975.3
41979.1
38610.8
35974.4
34027.6
32475.1
31252.7
30495.9
30401.1
30413.1
30458.8
30536.1
30529.3
30513
30453.5
30271.1
29864.8
29545
29310.6
28878.7
28022.8
26187.4
21340.9
12232.2
10566.7
10113.1
10021.4
10004.4
10001
10000.2
10000
10000
10000
10000
100000
100000
100000
100000
100000
100000
100000
100000
100000
100000
99999.9
99999.7
99998.2
99991.5
99960.5
99844.7
99463.5
98464.7
96241.1
92148.1
86016.7
78458.8
70689.6
63310.7
56753.5
51095.8
46267.1
42236.8
38834.4
36150.4
34177.4
32619.1
31355
30555.6
30421.7
30432.9
30476.9
30554
30545.6
30538.2
30498.7
30350.8
30013.5
29637.8
29389
28984.7
28189.2
26530.3
22257.3
12565.2
10669.8
10133.2
10024.5
10005.6
10001.2
10000.2
10000.1
10000
10000
10000
100000
100000
100000
100000
100000
100000
100000
100000
100000
100000
99999.9
99999.7
99998.3
99991.7
99961.5
99848.3
99473.8
98489.6
96289.3
92228.4
86120.6
78561.4
70767
63356.2
56808
51146.6
46310
42270.8
38860.6
36175.2
34199.3
32613.2
31368.4
30571.7
30417.7
30429
30472.4
30556.2
30549.2
30533.6
30484.8
30326.2
29980.6
29623.6
29382.8
28997.1
28246.3
26727.3
22859.7
13113.5
10783.4
10153.8
10028.3
10006.9
10001.3
10000.3
10000.1
10000
10000
10000
100000
100000
100000
100000
100000
100000
100000
100000
100000
100000
99999.9
99999.7
99998.3
99992.1
99962.9
99853.8
99490.2
98531
96377.6
92384
86348.8
78850.3
71101.9
63718.3
57133.2
51435.4
46580.1
42511.4
39078.9
36345.3
34338
32744.8
31463.5
30623.2
30424.5
30433.8
30474.2
30571.3
30565.6
30553.5
30520.3
30392.2
30092.1
29678.6
29427.2
29071.3
28377.4
26960.6
23308.1
13837.6
10907.1
10175.2
10033.4
10008.2
10001.4
10000.4
10000.1
10000
10000
10000
100000
100000
100000
100000
100000
100000
100000
100000
100000
100000
100000
99999.7
99998.4
99992.3
99963.9
99857.3
99500.3
98555.7
96426.2
92465.9
86456.7
78960.1
71188.5
63768.2
57192.4
51493.4
46625.6
42549.3
39106.1
36377.8
34363.2
32733.1
31465.5
30631.2
30407.8
30416.8
30458.8
30566.6
30564.4
30549.4
30506.2
30373.1
30067.9
29669.8
29425.7
29104.3
28469
27143.9
23711.7
14616.8
11036.6
10197.3
10039.8
10009.5
10001.7
10000.4
10000.1
10000
10000
10000
100000
100000
100000
100000
100000
100000
100000
100000
100000
100000
100000
99999.7
99998.4
99992.6
99965.1
99862
99514.4
98591.7
96502.8
92602.8
86657.8
79216.2
71488.1
64100.4
57491.8
51758.5
46874.6
42769.1
39310.2
36530.1
34487.4
32855.6
31547.4
30675.2
30406
30413.6
30458.4
30564.4
30567
30560.6
30527.5
30410.8
30115.8
29706
29465
29176.3
28596.1
27357.3
24121.4
15426
11171.6
10221.9
10047.7
10010.7
10001.9
10000.5
10000.1
10000
10000
10000
100000
100000
100000
100000
100000
100000
100000
100000
100000
100000
100000
99999.7
99998.5
99992.8
99966
99865.4
99524.1
98615.7
96550.7
92684.4
86767.3
79330.7
71582.3
64155.3
57555.7
51820.6
46921.2
42809.1
39335.8
36563.7
34514.9
32849.4
31551
30680.8
30386.1
30398.8
30445.5
30552.2
30555.2
30550.5
30516.8
30387.5
30078.2
29711
29483.9
29217.3
28678.9
27517.2
24483.1
16250
11307
10250.1
10056.8
10011.8
10002.3
10000.6
10000.1
10000
10000
10000
100000
100000
100000
100000
100000
100000
100000
100000
100000
100000
100000
99999.8
99998.5
99993.1
99967
99869.5
99536.3
98647.2
96617.9
92805.5
86945.6
79558.5
71849.4
64457.8
57830.6
52066.2
47153.4
43007.4
39517.8
36696.5
34623.5
32963.2
31628.8
30722.1
30387.9
30398.6
30443.2
30545
30547.7
30544.6
30522.2
30414.8
30103.9
29745.8
29526.3
29271.7
28760
27655.6
24809.8
17066.8
11445.4
10284.4
10066.8
10013
10002.7
10000.7
10000.1
10000
10000
10000
100000
100000
100000
100000
100000
100000
100000
100000
100000
100000
100000
99999.8
99998.6
99993.3
99967.9
99872.6
99545.6
98670.1
96664.3
92885.4
87054.5
79675.5
71949.6
64518.3
57897.6
52128.7
47199
43052.8
39545.4
36733.4
34652.9
32967.3
31642.7
30729.3
30374.6
30385.6
30432.3
30536.7
30537.8
30532.2
30502.6
30385.2
30085.9
29766.6
29556.8
29304.9
28803.9
27741.1
25100.7
17854.1
11582.9
10325.2
10077
10014.2
10003.2
10000.7
10000.2
10000
10000
10000
100000
100000
100000
100000
100000
100000
100000
100000
100000
100000
100000
99999.8
99998.6
99993.5
99968.8
99876.2
99556.3
98698
96723.7
92993.3
87213.6
79878.9
72187.6
64792.3
58149.7
52355.6
47415.6
43241.3
39713.2
36855.9
34747.5
33081.9
31720.3
30770.1
30381.4
30388.4
30430.3
30531.3
30537.9
30531.7
30498.6
30388
30123.2
29804.8
29597.6
29345.6
28848.7
27818.5
25360.7
18633.6
11724.5
10374.9
10087.3
10015.7
10003.8
10000.8
10000.2
10000
10000
10000
100000
100000
100000
100000
100000
100000
100000
100000
100000
100000
100000
99999.8
99998.6
99993.7
99969.5
99879.2
99565
98719.7
96768.1
93070.6
87320.5
79996.1
72291.9
64858.2
58219
52418.9
47461.6
43288.9
39742.4
36898
34778.2
33088.3
31740
30780.2
30376.8
30384.1
30423.2
30522.6
30539.6
30531.5
30490.2
30373.9
30132.5
29832.2
29627.7
29375.4
28882.6
27884.1
25595.4
19419.4
11865.1
10432.2
10097.1
10017.6
10004.3
10000.9
10000.2
10000
10000
10000
100000
100000
100000
100000
100000
100000
100000
100000
100000
100000
100000
99999.8
99998.7
99993.9
99970.3
99882.4
99574.6
98744.5
96821
93167.5
87463.3
80178.6
72504.7
65106.2
58449.8
52628.6
47661.7
43466.7
39904.1
37016.2
34865.9
33196.8
31811.2
30819.2
30387.8
30392.5
30426.3
30516.5
30547.7
30538.1
30497.1
30390.5
30165
29862.8
29659
29410.3
28927.7
27965.6
25845
20243.1
12015
10498.2
10106.8
10019.9
10004.9
10001
10000.2
10000.1
10000
10000
100000
100000
100000
100000
100000
100000
100000
100000
100000
100000
100000
99999.8
99998.7
99994.1
99971
99885.1
99582.6
98764.9
96863.1
93241.6
87566.8
80294.4
72611.1
65176.4
58520.8
52692.4
47707.7
43511.8
39932.7
37062.4
34897.6
33201.1
31831.5
30831.7
30388.7
30393.6
30422.8
30506.6
30554.7
30544.4
30502.1
30398.4
30187.7
29882.2
29679.6
29436.5
28970.1
28049.1
26085.4
21007.1
12171.7
10569.9
10116.2
10022.6
10005.5
10001.1
10000.3
10000.1
10000
10000
100000
100000
100000
100000
100000
100000
100000
100000
100000
100000
100000
99999.8
99998.8
99994.2
99971.7
99887.9
99591.2
98787.2
96910.6
93329.1
87695.8
80458.9
72802.2
65401
58732
52886.4
47894.3
43673
40084
37174.7
34979.6
33304.2
31892.4
30866.8
30397.8
30401.6
30426.4
30502.8
30566.1
30555
30514.8
30418.2
30222.5
29901
29698.5
29461.9
29017.1
28144.1
26330.9
21734.8
12354.3
10648.1
10126
10025.8
10006
10001.2
10000.3
10000.1
10000
10000
100000
100000
100000
100000
100000
100000
100000
100000
100000
100000
100000
99999.8
99998.8
99994.4
99972.4
99890.4
99598.6
98806.2
96950.2
93399.6
87795
80571.9
72908.8
65474.1
58803.8
52948.3
47939.7
43719.6
40114
37222.7
35012.9
33310.8
31911.1
30879.1
30399.6
30403.4
30425.8
30493.8
30572.4
30561.4
30523.1
30432.1
30249.7
29912.1
29710.4
29478.8
29057.3
28234.5
26551.9
22331.3
12596.2
10728
10136.2
10029.3
10006.6
10001.4
10000.3
10000.1
10000
10000
100000
100000
100000
100000
100000
100000
100000
100000
100000
100000
100000
99999.8
99998.8
99994.5
99973
99892.9
99606.3
98826.3
96993.1
93479.1
87912.4
80721.1
73081.3
65677.9
58997.7
53127.5
48112
43867.9
40254.9
37326.6
35090.9
33400
31963.6
30911.8
30407.2
30409.3
30429.9
30486.6
30580.6
30569.5
30534.2
30452.6
30283.9
29924.6
29720.9
29493.4
29096
28322.2
26750.4
22765.4
12966.1
10810.4
10147.9
10033.1
10007.2
10001.6
10000.4
10000.1
10000
10000
100000
100000
100000
100000
100000
100000
100000
100000
100000
100000
100000
99999.8
99998.8
99994.7
99973.6
99895.2
99613.1
98844
97030.2
93545.6
88006.9
80830.2
73186.6
65752.6
59068.9
53187.6
48156.4
43917.2
40285
37374.9
35125.5
33405.9
31983.5
30928.3
30408.6
30411.1
30429.2
30477.1
30584.2
30574.6
30542.4
30467.9
30309.1
29936.9
29728.1
29504.5
29129.7
28398.4
26904.1
23057.6
13429.2
10889.5
10160.8
10037
10007.8
10001.7
10000.4
10000.1
10000
10000
100000
100000
100000
100000
100000
100000
100000
100000
100000
100000
100000
99999.8
99998.9
99994.8
99974.2
99897.5
99620
98862.3
97069.2
93618.3
88114.2
80966.4
73343.1
65937.6
59247.9
53352.7
48317.7
44056
40419.3
37470.4
35197.8
33481.9
32034.6
30964.6
30415.9
30416.4
30430.6
30473.2
30587.3
30580.5
30553.3
30485.9
30333.1
29951.8
29736.5
29517.1
29163
28468.1
27034.4
23316.3
13930.2
10968.5
10176.2
10041.2
10008.5
10001.9
10000.4
10000.1
10000
10000
100000
100000
100000
100000
100000
100000
100000
100000
100000
100000
100000
99999.8
99998.9
99995
99974.7
99899.6
99626.3
98878.7
97103.7
93680.7
88203.6
81070.8
73445.6
66012.9
59318.2
53411.5
48361.5
44106.3
40447
37516.5
35231.8
33494.2
32059.1
30987.7
30418.2
30418.6
30430.1
30469.2
30585.5
30582.7
30558.3
30497.1
30350.1
29965.7
29745.1
29529.6
29191.7
28524
27132.1
23543.4
14432.5
11042.4
10193.3
10045.3
10009.3
10002.1
10000.5
10000.1
10000
10000
100000
100000
100000
100000
100000
100000
100000
100000
100000
100000
100000
99999.8
99998.9
99995.1
99975.2
99901.6
99632.6
98895.3
97139.4
93747.4
88302.5
81196.1
73588.6
66181.4
59484.2
53565.6
48511.5
44234.7
40575.2
37604
35297.9
33561
32111.2
31027.6
30426.8
30424.4
30432.3
30468.6
30584.3
30584.2
30565.2
30508.8
30364.6
29980.2
29755.3
29543.6
29218.3
28573.2
27223.2
23781.8
14955.4
11117.1
10213.4
10049.7
10010.1
10002.3
10000.5
10000.1
10000
10000
100000
100000
100000
100000
100000
100000
100000
100000
100000
100000
100000
99999.8
99998.9
99995.2
99975.7
99903.5
99638.4
98910.4
97171.5
93805.6
88386.6
81295.1
73687.3
66256
59553
53624.4
48554.8
44284.4
40600.2
37647.3
35330.3
33578.8
32138.5
31053.2
30431.9
30427.5
30434.3
30468.3
30582.1
30583.4
30566.8
30515
30372.7
29994.5
29765.8
29557.5
29242.4
28616
27303.1
23995.6
15473.6
11187.1
10235.2
10053.9
10011
10002.5
10000.6
10000.1
10000
10000
100000
100000
100000
100000
100000
100000
100000
100000
100000
100000
100000
99999.8
99999
99995.3
99976.1
99905.4
99644.1
98925.7
97204.3
93867
88478
81411
73818.9
66410.2
59706.8
53773
48694.1
44402
40720.7
37727.6
35390.8
33638.2
32189.3
31092.5
30444.3
30432.1
30438.5
30470.8
30580.6
30582.5
30568.4
30520.1
30379
30010.4
29777
29572.3
29266.7
28660.1
27391.9
24240
16015
11261.6
10260.1
10058.4
10012
10002.7
10000.6
10000.1
10000
10000
100000
100000
100000
100000
100000
100000
100000
100000
100000
100000
100000
99999.9
99999
99995.4
99976.6
99907.1
99649.4
98939.6
97234
93921.1
88556.7
81504.4
73912.9
66483
59772.9
53828.8
48736.5
44450.4
40744.5
37768.2
35421.5
33660.2
32214.9
31116
30453.3
30435.9
30442.9
30473.4
30578.9
30580
30566.8
30520.9
30381.4
30026.1
29787.7
29586.7
29289.3
28700.3
27470.5
24449.2
16529.1
11334
10285.7
10062.7
10013
10003
10000.7
10000.2
10000
10000
100000
100000
100000
100000
100000
100000
100000
100000
100000
100000
100000
99999.9
99999
99995.5
99977
99908.8
99654.6
98953.6
97264.3
93977.9
88641.8
81612.2
74035
66624.9
59915.1
53972.3
48865.8
44557.5
40855.4
37842.2
35477.3
33715.3
32263.5
31152.7
30469
30442.1
30449.4
30478.3
30577
30577.2
30565.2
30521.4
30384.3
30042.3
29798.6
29601.2
29311.6
28740.9
27556.9
24716.3
17073.8
11416
10313.9
10067.6
10014.1
10003.2
10000.7
10000.2
10000
10000
100000
100000
100000
100000
100000
100000
100000
100000
100000
100000
100000
99999.9
99999
99995.6
99977.4
99910.4
99659.5
98966.4
97291.7
94028
88715.1
81699.6
74123.6
66694.8
59977.1
54018.7
48906.2
44604.6
40880.1
37880.6
35505.9
33738.6
32286.6
31173.2
30480.6
30447.8
30455.8
30483.2
30574.4
30572.9
30560.8
30519.6
30386
30057.1
29808.8
29614.7
29332
28777.9
27635.1
24911.9
17564.4
11496.6
10341.7
10072.3
10015.3
10003.4
10000.8
10000.2
10000
10000
100000
100000
100000
100000
100000
100000
100000
100000
100000
100000
100000
99999.9
99999
99995.7
99977.8
99911.9
99664.3
98979.3
97319.8
94080.8
88794.7
81800.5
74237.6
66826.5
60109.6
54148.6
49024.2
44702.8
40981.2
37949.5
35557.4
33789.3
32333
31207.8
30498.1
30455.6
30463.9
30489.6
30571.7
30569
30557.7
30519.4
30389.7
30071.6
29819.2
29628.2
29352.9
28817
27721.9
25154.6
18104.1
11590.9
10372.5
10077.7
10016.5
10003.7
10000.8
10000.2
10000
10000
100000
100000
100000
100000
100000
100000
100000
100000
100000
100000
100000
99999.9
99999.1
99995.8
99978.1
99913.4
99668.7
98991
97345
94126.8
88862.6
81881.7
74320.3
66892.8
60167.6
54189.4
49063.5
44748.7
41007.5
37986.2
35583.9
33810.5
32352.4
31225.7
30510.1
30463
30471.4
30494.8
30568.7
30564.5
30553.8
30518.4
30392.9
30083.8
29828.5
29640.3
29372.1
28852.5
27796.1
25323.3
18544
11682.7
10401.9
10082.9
10017.7
10004
10000.9
10000.2
10000.1
10000
100000
100000
100000
100000
100000
100000
100000
100000
100000
100000
100000
99999.9
99999.1
99995.9
99978.5
99914.8
99673.1
99002.9
97371.2
94176.2
88937.3
81976.8
74427.6
67015.9
60292.4
54306.8
49171.6
44839.5
41100.2
38051.3
35632.3
33855.9
32395.7
31258.3
30527
30471.3
30479.6
30500.6
30566.2
30560.6
30551.7
30519.3
30397.9
30095.7
29837.9
29652.4
29391.7
28889.2
27874.1
25532.9
19080
11794.1
10434.5
10088.9
10019.1
10004.3
10001
10000.2
10000.1
10000
100000
100000
100000
100000
100000
100000
100000
100000
100000
100000
100000
99999.9
99999.1
99995.9
99978.8
99916.1
99677.2
99013.6
97394.3
94218.3
88999.8
82051.7
74504.1
67077.9
60346.9
54350.3
49210.8
44884
41127.9
38086.4
35657.2
33873.8
32411
31273.2
30537.4
30477.9
30485.9
30504.9
30563.4
30556.4
30549.1
30519
30401.2
30105.1
29845.9
29662.9
29408.5
28920.3
27935.6
25670.5
19456.6
11902.7
10464.4
10094.6
10020.4
10004.5
10001
10000.2
10000.1
10000
100000
100000
100000
100000
100000
100000
100000
100000
100000
100000
100000
99999.9
99999.1
99996
99979.1
99917.4
99681.3
99024.8
97418.9
94264.7
89070.5
82141.9
74605.8
67193.8
60464.4
54464.4
49311.1
44968.5
41214
38148.7
35703.5
33915.6
32451.8
31302.6
30552.2
30483.3
30491.7
30510.3
30560.5
30553
30547.4
30519.8
30405.6
30114.9
29854.1
29673.5
29425.6
28952.4
28001.3
25842.4
19902.9
12035.9
10498.4
10101.5
10021.9
10004.8
10001.1
10000.3
10000.1
10000
100000
100000
100000
100000
100000
100000
100000
100000
100000
100000
100000
99999.9
99999.1
99996.1
99979.4
99918.6
99685
99034.5
97440
94303
89127.7
82210.4
74675.8
67251.1
60515.2
54506.6
49348.6
45011.1
41242.3
38182.3
35727.4
33931.3
32464.6
31314.1
30560.2
30486.8
30495.3
30515
30556.6
30549.6
30545.1
30518.9
30407.5
30122.3
29860.7
29682.2
29439.5
28978
28052.1
25955.8
20206
12162.3
10528.1
10107.6
10023.2
10005.1
10001.2
10000.3
10000.1
10000
100000
100000
100000
100000
100000
100000
100000
100000
100000
100000
100000
99999.9
99999.1
99996.1
99979.7
99919.8
99688.8
99044.9
97463.2
94346.9
89194.9
82296.5
74772.9
67360.7
60625.8
54612.5
49442.3
45090.6
41323.1
38242.3
35772.6
33971.4
32503.5
31340.6
30573.2
30489.3
30498.6
30520.6
30552.9
30546.8
30543.8
30519.5
30410.9
30130.7
29867.8
29691.4
29454.6
29006.6
28111.6
26109.2
20606.1
12315.4
10563.9
10115.5
10024.9
10005.5
10001.3
10000.3
10000.1
10000
100000
100000
100000
100000
100000
100000
100000
100000
100000
100000
100000
99999.9
99999.1
99996.2
99980
99920.9
99692.1
99053.7
97482.3
94381.5
89246.8
82358.6
74836.3
67413.2
60672.6
54650.1
49478
45131.1
41351.1
38274.1
35795.6
33985.8
32515.3
31351
30579.6
30490.7
30500.4
30524.5
30549.9
30544
30541.7
30518.6
30412.1
30136.4
29873.2
29698.6
29466.4
29028.3
28155.5
26212.1
20880.8
12453.1
10594
10122
10026.2
10005.8
10001.3
10000.3
10000.1
10000
100000
100000
100000
100000
100000
100000
100000
100000
100000
100000
100000
99999.9
99999.1
99996.3
99980.3
99922
99695.7
99063.5
97504.3
94423.3
89311.1
82441.2
74929.5
67517.1
60777
54748.7
49567.1
45206.4
41427.2
38332
35840.2
34025.2
32551.1
31375.5
30591.4
30492.5
30502.4
30528.2
30548
30541.9
30540.4
30519.4
30415.3
30143.6
29879.8
29707.1
29480.4
29054.7
28209.8
26350.8
21249.4
12621.3
10633.4
10130.9
10028.1
10006.2
10001.4
10000.3
10000.1
10000
100000
100000
100000
100000
100000
100000
100000
100000
100000
100000
100000
99999.9
99999.2
99996.3
99980.5
99922.9
99698.7
99071.4
97521.4
94454.2
89357.7
82496.9
74986.2
67564.8
60820.1
54784.9
49601.4
45244.3
41454.1
38361.6
35862.1
34039
32562.8
31386
30597.2
30493.3
30503.4
30530.3
30547.3
30540.1
30538.7
30518.5
30416.1
30147.3
29884.3
29713.1
29490.1
29072.3
28244.7
26435.2
21482.6
12763.2
10664.2
10137.5
10029.4
10006.5
10001.5
10000.3
10000.1
10000
100000
100000
100000
100000
100000
100000
100000
100000
100000
100000
100000
99999.9
99999.2
99996.4
99980.7
99924
99702.1
99080.8
97542.5
94494.3
89419.8
82576.9
75076.2
67663.6
60918.6
54876.7
49685.5
45315.7
41525.7
38417.6
35906.1
34078.3
32595.7
31409.1
30608.5
30495
30505
30532.4
30547.6
30539.5
30538.1
30519.8
30419.5
30152.9
29890.7
29721.4
29503.3
29096.9
28294.5
26560.5
21828.1
12945.7
10708.4
10147.6
10031.5
10006.9
10001.6
10000.4
10000.1
10000
100000
100000
100000
100000
100000
100000
100000
100000
100000
100000
100000
99999.9
99999.2
99996.4
99981
99924.8
99704.7
99087.7
97557.6
94521.6
89460.9
82626
75126.4
67706.9
60958.5
54911.2
49717.4
45350.3
41551.1
38444.8
35926.6
34091.2
32608
31420.3
30614.4
30496
30506
30533.3
30548.4
30539.5
30537.8
30519.7
30420.2
30154
29894.4
29726.5
29510.8
29110.5
28322.6
26632.6
22035.8
13084
10739.1
10154
10032.8
10007.2
10001.6
10000.4
10000.1
10000
100000
100000
100000
100000
100000
100000
100000
100000
100000
100000
100000
99999.9
99999.2
99996.5
99981.2
99925.9
99708.1
99096.8
97578.1
94560.5
89521.4
82703.9
75213.8
67800.7
61051.3
54997.8
49797
45418.1
41618.1
38498.5
35970.1
34129.1
32638.2
31442.9
30625.8
30497.8
30507.4
30534.4
30550.3
30540.6
30538.7
30521.9
30424
30158.1
29901.1
29735.1
29524
29134.7
28371.1
26751.6
22359.6
13284.3
10789.7
10165.6
10035.2
10007.7
10001.7
10000.4
10000.1
10000
100000
100000
100000
100000
100000
100000
100000
100000
100000
100000
100000
99999.9
99999.2
99996.5
99981.4
99926.6
99710.3
99102.7
97591.2
94584.1
89557.1
82746.6
75257.5
67839.9
61088.2
55031
49826.6
45449.1
41642.1
38523.1
35989.2
34141.4
32650.9
31454.6
30631.6
30499
30508.6
30534.8
30552.1
30542.4
30539.9
30522.7
30424.8
30156.7
29903.9
29739.1
29529.2
29144.5
28392.1
26808.3
22527.7
13412
10818.6
10171.5
10036.4
10007.9
10001.8
10000.4
10000.1
10000
100000
100000
100000
100000
100000
100000
100000
100000
100000
100000
100000
99999.9
99999.2
99996.6
99981.6
99927.6
99713.5
99111.6
97611.3
94622.1
89616.6
82823
75342.7
67928.8
61175.4
55110.6
49901.6
45513.8
41704.4
38574.5
36031.8
34177.1
32678.9
31477.1
30643.5
30500.9
30509.8
30534.9
30554.5
30544.8
30541.9
30525.7
30429.7
30160.8
29911.4
29748.5
29543.4
29169.6
28440.1
26921.4
22823.9
13644.9
10877.6
10185.1
10039.2
10008.5
10001.9
10000.4
10000.1
10000
100000
100000
100000
100000
100000
100000
100000
100000
100000
100000
100000
99999.9
99999.2
99996.7
99982
99929.2
99718.7
99125.2
97641.1
94675.8
89695.4
82916.6
75439.5
68024.3
61267.7
55199
49976.5
45589.7
41767.3
38635.8
36079.7
34210.9
32713
31506.5
30656.8
30502.3
30511.2
30534.6
30559.6
30550.6
30546.1
30529.5
30431.4
30150.4
29915
29754.4
29549.8
29183.5
28476
27029.4
23253.9
13920.8
10944.9
10198.4
10041.7
10009
10002
10000.5
10000.1
10000
100000
100000
100000
100000
100000
100000
100000
100000
100000
100000
100000
99999.9
99999.2
99996.6
99981.8
99928
99714.6
99112.1
97609.4
94610.2
89591
82772.8
75269.9
67835.5
61090.9
55035.4
49850.7
45467.7
41659.4
38543.3
36011.1
34155.3
32663.8
31481.3
30649
30504
30514.4
30538.3
30561.1
30555.6
30548.6
30528.4
30432.8
30119.9
29912.8
29752
29541.2
29150.9
28387.1
26793.7
22866.2
13504.6
10823.7
10166.9
10034.5
10007.4
10001.6
10000.4
10000.1
10000
100000
100000
100000
100000
100000
100000
100000
100000
100000
100000
100000
99999.9
99999.2
99996.7
99982.2
99929.5
99719.6
99126.2
97641.5
94671.4
89685.1
82894.8
75410.4
68003.4
61264.7
55205.7
49970.8
45577.2
41775.1
38641.5
36087.3
34231.2
32738.8
31539.7
30692.1
30526.2
30535.2
30556.2
30583.3
30578.3
30568.3
30542.5
30443.1
30090.7
29926.5
29773.6
29570.5
29202.6
28487.2
27026.8
23417.7
13729.5
10847.4
10167.5
10034
10007.1
10001.6
10000.4
10000.1
10000
100000
100000
100000
100000
100000
100000
100000
100000
100000
100000
100000
99999.9
99999.2
99996.7
99982.2
99929.1
99718.4
99120
97624.8
94629.8
89613.3
82781.3
75259
67804.6
61061.8
54977.8
49836.6
45467.9
41663.5
38541.8
36008.7
34161.7
32653.4
31484.6
30663.7
30522.9
30530.8
30549
30587.2
30581.7
30565.6
30521
30402.8
30051.7
29921.2
29766.2
29553.2
29151.5
28368.5
26776
23044.8
13501.8
10794.6
10154.7
10030.9
10006.4
10001.4
10000.3
10000.1
10000
100000
100000
100000
100000
100000
100000
100000
100000
100000
100000
100000
99999.9
99999.2
99996.8
99982.4
99930
99721.4
99128.6
97645.1
94669.7
89678.1
82871.7
75373.6
67967.8
61247.8
55226
49977.8
45565.6
41767.4
38625.1
36075
34233.6
32778
31569.6
30691.1
30527.6
30533.3
30548.8
30599.2
30594.2
30571.1
30516.5
30398.3
30066
29945.7
29799.3
29591.7
29211.3
28473.1
26978.3
23373.8
13606.7
10793.9
10150.8
10029.5
10006
10001.3
10000.3
10000.1
10000
100000
100000
100000
100000
100000
100000
100000
100000
100000
100000
100000
99999.9
99999.3
99996.8
99982.5
99930.1
99722
99127.4
97639.6
94648.6
89636.3
82790.8
75250.7
67779.1
61035.4
54931.6
49812.3
45460.3
41656.4
38533.3
35998.7
34160.1
32661.5
31493.3
30639.8
30507.1
30514.2
30534.1
30588
30586.7
30569.9
30514.7
30388
30058.9
29941.3
29789.9
29563.1
29151.1
28356.8
26774.6
23107.9
13472.9
10768.5
10144.6
10027.9
10005.6
10001.2
10000.3
10000.1
10000
100000
100000
100000
100000
100000
100000
100000
100000
100000
100000
100000
99999.9
99999.3
99996.8
99982.6
99930.7
99724.1
99132.6
97652
94672.1
89677.5
82848.9
75330.7
67915
61213.2
55209.4
49984.7
45553.6
41777.5
38632.9
36081.8
34246.4
32771.3
31542
30663.2
30536
30544.1
30565.9
30628.6
30640.3
30635.9
30589.2
30452.9
30112.4
29986.1
29837.3
29609.8
29210.5
28442.4
26908.2
23286.1
13518
10762.7
10140.9
10026.7
10005.3
10001.1
10000.2
10000.1
10000
100000
100000
100000
100000
100000
100000
100000
100000
100000
100000
100000
99999.9
99999.3
99996.8
99982.8
99931.1
99725.6
99134.3
97653.8
94666.7
89659.9
82799.8
75242.4
67756.9
61013.2
54918.8
49781.8
45444.9
41657.5
38545.9
36011.7
34159.2
32631.3
31448.5
30619.6
30513.1
30523.9
30555.1
30639
30656.7
30651.8
30612.8
30480.9
30164.4
29990.5
29831.1
29577.6
29144.4
28322.4
26707.9
23059.3
13440.4
10749.2
10137.3
10025.7
10005
10001
10000.2
10000
10000
100000
100000
100000
100000
100000
100000
100000
100000
100000
100000
100000
99999.9
99999.3
99996.9
99982.9
99931.5
99727.3
99138
97661.8
94680.4
89683.2
82829.4
75285.1
67850.1
61160.4
55163.6
49994.3
45547.8
41783.3
38640.9
36094.4
34268
32806.3
31616.3
30709.8
30520.9
30531.2
30565.7
30657.6
30684.8
30681.2
30653.9
30541.1
30225.4
30037
29879.9
29626.4
29204.8
28403.3
26820.4
23172.3
13447.6
10742.2
10134.5
10024.9
10004.8
10001
10000.2
10000
10000
100000
100000
100000
100000
100000
100000
100000
100000
100000
100000
100000
99999.9
99999.3
99996.9
99983.1
99932
99729
99141.2
97667.4
94685.3
89681.9
82806.5
75231.3
67735.6
60994.4
54900
49741.7
45426.1
41668.7
38554.5
36028.8
34207.3
32716.5
31510.2
30648.4
30489.4
30500.4
30533.7
30631.3
30640.9
30638.3
30619.8
30525.7
30200.8
30014.4
29855.4
29591.6
29161
28347.9
26749.5
23096.2
13409.7
10733.2
10132
10024.2
10004.6
10000.9
10000.2
10000
10000
100000
100000
100000
100000
100000
100000
100000
100000
100000
100000
100000
99999.9
99999.3
99996.9
99983.2
99932.5
99730.6
99145
97674.2
94696
89694.1
82816.1
75241.5
67778.4
61091.2
55103.5
49998.9
45543.7
41769.6
38628
36088.7
34280
32831.5
31653.7
30777.6
30540.9
30547.7
30569.6
30636
30641.4
30633.9
30602.7
30502.5
30160.6
30035.1
29872.9
29611.1
29191.5
28392.7
26810.7
23127.1
13384.3
10725.3
10129.9
10023.7
10004.5
10000.9
10000.2
10000
10000
100000
100000
100000
100000
100000
100000
100000
100000
100000
100000
100000
99999.9
99999.3
99997
99983.3
99933.1
99732.2
99148.9
97681.2
94706.4
89701.2
82811.1
75214.4
67708.4
60972.7
54885.3
49693
45387.2
41665.1
38556.6
36028.1
34221.5
32767.4
31591.8
30720.5
30502
30509.2
30534.1
30591.7
30601.2
30590.1
30546
30428.7
30110
29973.2
29830.3
29577.5
29162.5
28368.7
26796.2
23102.2
13354
10717.1
10128
10023.2
10004.3
10000.9
10000.2
10000
10000
100000
100000
100000
100000
100000
100000
100000
100000
100000
100000
100000
99999.9
99999.3
99997
99983.5
99933.6
99733.9
99153.1
97688.7
94718.2
89710.1
82814.2
75204.3
67705.1
61005
55024.7
50006.1
45549.3
41778.2
38637.8
36089.4
34283.7
32842.2
31670
30800.6
30547.8
30554.4
30576
30628.1
30633
30619
30558.6
30416.6
30110.6
30012.3
29871.3
29609.6
29190.9
28390.1
26805.4
23078.3
13320.3
10709.2
10126.2
10022.8
10004.2
10000.8
10000.2
10000
10000
100000
100000
100000
100000
100000
100000
100000
100000
100000
100000
100000
99999.9
99999.3
99997
99983.7
99934.1
99735.5
99157.5
97696.5
94731.1
89719.6
82817.5
75189.1
67665.7
60936
54871.4
49632.8
45342.2
41673.6
38587.2
36049.7
34249.8
32817.9
31664.9
30812
30536
30542.2
30563.4
30620.5
30633.8
30622.7
30570.4
30451.7
30129.9
30000.9
29852.8
29608
29192.4
28391.5
26801.6
23044.1
13287.3
10701.4
10124.5
10022.4
10004.2
10000.8
10000.2
10000
10000
100000
100000
100000
100000
100000
100000
100000
100000
100000
100000
100000
99999.9
99999.3
99997
99983.8
99934.6
99737.2
99162
97704.8
94744.9
89730.3
82822.6
75175
67636.8
60913.9
54931.9
49954.5
45555.9
41773.3
38634
36088.2
34294.2
32872.9
31729.5
30888.7
30581.4
30588.8
30608.8
30672.1
30670.2
30656.9
30605.5
30491.2
30178.6
30058.9
29895.3
29639.4
29216.5
28404.5
26795.5
22998.6
13252.5
10693.6
10122.9
10022.1
10004.1
10000.8
10000.2
10000
10000
100000
100000
100000
100000
100000
100000
100000
100000
100000
100000
100000
99999.9
99999.3
99997
99984
99935.1
99739
99166.6
97713.6
94759.5
89742.8
82828.7
75161.6
67604.6
60870.7
54845.3
49648.2
45296.4
41647.1
38588.9
36069
34287.2
32876.6
31746.9
30914
30583.7
30591
30604.8
30646
30657.7
30645.6
30586
30445.6
30174.7
30053.2
29889.4
29653.3
29230.5
28413.9
26792.8
22952.3
13217.7
10685.8
10121.2
10021.8
10004
10000.8
10000.2
10000
10000
100000
100000
100000
100000
100000
100000
100000
100000
100000
100000
100000
99999.9
99999.4
99997.1
99984.1
99935.6
99740.9
99171.3
97722.9
94775.1
89757.5
82835.7
75149.9
67571.9
60827.9
54827.1
49821.5
45549.3
41777.2
38646.6
36109.6
34326.1
32912.7
31778.8
30941.3
30614.3
30595
30600.9
30621
30629.5
30604.9
30540.9
30445.9
30184.8
30055
29896.2
29668.7
29246
28427.5
26798.6
22918.1
13184
10677.4
10119.6
10021.4
10004
10000.8
10000.2
10000
10000
100000
100000
100000
100000
100000
100000
100000
100000
100000
100000
100000
99999.9
99999.4
99997.1
99984.3
99936
99742.8
99176.1
97732.7
94791.6
89774.8
82843.6
75140.8
67538.8
60781
54776.4
49671.2
45249.7
41646.9
38609.3
36098.4
34328.8
32911.1
31768.6
30924.3
30581.4
30552.3
30560.4
30581.6
30580.1
30557.5
30510
30438.9
30171.7
30035.8
29888.9
29677.6
29267.1
28460.7
26830.8
22906
13149.8
10668.1
10117.8
10021.1
10003.9
10000.8
10000.2
10000
10000
100000
100000
100000
100000
100000
100000
100000
100000
100000
100000
100000
99999.9
99999.4
99997.1
99984.5
99936.5
99744.7
99181
97743.1
94809.1
89794.8
82853
75134.7
67506.2
60731
54722.7
49661.3
45400
41692.8
38606.9
36098.4
34342.4
32921.2
31771.2
30926.9
30603.1
30565.2
30575.2
30592.3
30588.4
30584.1
30546.3
30447.4
30167.1
30035.5
29916.2
29706.3
29301.3
28509.7
26889
22904.4
13112
10658
10116
10020.8
10003.9
10000.8
10000.2
10000
10000
100000
100000
100000
100000
100000
100000
100000
100000
100000
100000
100000
99999.9
99999.4
99997.1
99984.6
99936.9
99746.6
99185.8
97754
94827.7
89817.1
82864.8
75133.2
67474.7
60678.2
54660.7
49594.4
45263.4
41599
38582.5
36103
34404.8
33035.1
31920.7
31086.6
30766
30732.9
30672.9
30572.6
30531.8
30490.6
30432.7
30302.7
30149.4
30023
29915.1
29715.6
29326.6
28556.4
26946
22887.2
13068.8
10647.4
10114.1
10020.5
10003.8
10000.7
10000.2
10000
10000
100000
100000
100000
100000
100000
100000
100000
100000
100000
100000
100000
99999.9
99999.4
99997.1
99984.8
99937.3
99748.4
99190.6
97765.3
94847.4
89841.3
82880.4
75137.6
67445.2
60624.5
54592.9
49526.9
45229.2
41598.2
38555.8
36099.8
34432.9
33107.4
32044.2
31224.1
30873.1
30841.5
30771.4
30667.1
30458.1
30383.8
30327.9
30286.9
30209.9
30031.7
29927.3
29731.5
29348.1
28582.7
26961.5
22825.8
13023.1
10637.1
10112.3
10020.3
10003.8
10000.7
10000.2
10000
10000
100000
100000
100000
100000
100000
100000
100000
100000
100000
100000
100000
99999.9
99999.4
99997.1
99984.9
99937.7
99750.2
99195.4
97776.6
94868.2
89867.5
82901.6
75147.3
67420.6
60572.4
54522.1
49449.1
45149.9
41492.1
38462.7
35981.6
34272.9
32894.4
31789.9
30978.5
30736.2
30721.3
30695.8
30646.7
30513
30373.7
30284.2
30251.6
30171.1
29997.4
29897.9
29718.9
29362.6
28635
27039.7
22822.8
12983.1
10626.5
10110.5
10020
10003.8
10000.7
10000.2
10000
10000
100000
100000
100000
100000
100000
100000
100000
100000
100000
100000
100000
99999.9
99999.4
99997.1
99985.1
99938
99751.8
99200.1
97787.8
94889.9
89895.4
82929
75160.6
67404.4
60523.8
54447.4
49362.7
45063.9
41436.8
38409.2
35923.1
34209.1
32802.4
31646.5
30846.3
30589.7
30601.1
30634.3
30683.3
30665.5
30615.2
30503.8
30369.8
30216.1
29982.1
29862.1
29688.1
29346.5
28652.3
27101
22818.1
12934.6
10613.3
10108.6
10019.8
10003.8
10000.7
10000.2
10000
10000
100000
100000
100000
100000
100000
100000
100000
100000
100000
100000
100000
99999.9
99999.4
99997.1
99985.2
99938.3
99753.5
99204.7
97798.8
94912.3
89925.3
82962.3
75178.3
67394.4
60479.2
54374
49268.6
44964.8
41344.6
38348.6
35924.7
34303.3
32993.9
31897.5
31122.5
30778.3
30735.2
30684.2
30699.9
30708.2
30692.6
30673.7
30463.9
30310.6
30124.5
29988.7
29792.6
29404.6
28626.7
26972.2
22599.5
12877.7
10601.9
10107.3
10019.7
10003.8
10000.8
10000.2
10000
10000
100000
100000
100000
100000
100000
100000
100000
100000
100000
100000
100000
99999.9
99999.4
99997.1
99985.3
99938.5
99755
99208.9
97809.6
94935
89957.2
83000.9
75203
67391.7
60444.4
54301.9
49172.1
44851.7
41232.3
38276.5
35911.8
34372.8
33174
32166.5
31476.9
31151.7
31028.8
30786.6
30695.1
30626.7
30480.8
30412.7
30368.4
30288.5
30224.7
30093.9
29894.2
29505.8
28715.7
27001.5
22496.6
12845.3
10596.2
10106.3
10019.6
10003.8
10000.8
10000.2
10000
10000
100000
100000
100000
100000
100000
100000
100000
100000
100000
100000
100000
99999.9
99999.4
99997.1
99985.4
99938.7
99756.5
99212.8
97820.3
94957.6
89991.1
83043.9
75236.8
67399.2
60425
54244.9
49077
44721.9
41083.2
38133.9
35768.5
34225.5
33026.5
32060.6
31452.3
31201.3
31096.7
30885.9
30714.9
30571.6
30395.5
30308.4
30225.8
30172.3
30118.3
29995.9
29829
29511
28829.6
27193.6
22541.1
12806
10587.3
10105.2
10019.6
10003.8
10000.8
10000.2
10000
10000
100000
100000
100000
100000
100000
100000
100000
100000
100000
100000
100000
99999.9
99999.4
99997.1
99985.5
99938.9
99757.8
99216.3
97830.5
94979.9
90026.8
83091.1
75280.8
67416.9
60412.3
54206.6
48986.7
44574.8
40901.3
37943.2
35583.7
34026
32779.7
31726.5
31118.7
30964.4
30941.9
30896.8
30822.6
30689.3
30562.3
30483.4
30374.4
30280.6
30127.2
29923.3
29768.6
29458.4
28791.7
27168.9
22362
12739.9
10575.3
10104.7
10019.8
10003.9
10000.8
10000.2
10000
10000
100000
100000
100000
100000
100000
100000
100000
100000
100000
100000
100000
99999.9
99999.4
99997.1
99985.6
99939
99758.9
99219.4
97840
95001.4
90063.2
83143
75334.5
67446.3
60418.6
54190.9
48913.8
44441.4
40720.3
37724.9
35351.5
33792.2
32566.3
31497.7
30910.9
30838.2
30840
30835
30823.2
30804
30768.2
30686.6
30615.1
30506.6
30372.5
30046.3
29835.7
29460.6
28701.8
26972.7
22035.3
12696.2
10570.5
10105.4
10020.1
10004
10000.8
10000.2
10000
10000
100000
100000
100000
100000
100000
100000
100000
100000
100000
100000
100000
99999.9
99999.4
99997.1
99985.7
99939.1
99760
99222
97848.6
95021.2
90098.3
83198.8
75395.8
67491.5
60450.5
54189.6
48878.3
44348.8
40583.2
37532.3
35098.7
33489.2
32253.2
31250.7
30783.3
30765.5
30773.8
30795
30855.8
30860.3
30852.7
30827.5
30772.8
30677.3
30505.8
30216.5
29914.6
29494.2
28664.6
26861
21830
12678.2
10572.3
10107.2
10020.7
10004.1
10000.8
10000.2
10000
10000
100000
100000
100000
100000
100000
100000
100000
100000
100000
100000
100000
99999.9
99999.4
99997.1
99985.7
99939.2
99760.9
99224.2
97856.2
95038.8
90131.2
83255.7
75461.4
67554.4
60512.5
54222.5
48861.1
44306.4
40517.7
37408.7
34912.8
33242.1
31960.5
30935.1
30634.2
30634.3
30654.1
30708.9
30841.1
30956.3
30948.9
30926.4
30874.2
30768.5
30571.3
30222.7
29892.8
29436.8
28543.4
26663.8
21600.2
12679.4
10580.7
10110.4
10021.4
10004.3
10000.9
10000.2
10000
10000
100000
100000
100000
100000
100000
100000
100000
100000
100000
100000
100000
99999.9
99999.4
99997.1
99985.8
99939.3
99761.6
99225.9
97862.9
95053.9
90161.5
83310.6
75528.1
67631.6
60600.5
54286.7
48895
44309.1
40490.2
37357
34828.3
33108
31795.9
30744.3
30463.6
30467.4
30497.7
30577
30760.4
31084.3
31074.6
31047.8
30986.3
30859.6
30612.8
30207.3
29766.1
29261.4
28288.3
26327.8
21424.3
12726.2
10601.1
10115.4
10022.5
10004.5
10000.9
10000.2
10000
10000
100000
100000
100000
100000
100000
100000
100000
100000
100000
100000
100000
99999.9
99999.4
99997.1
99985.8
99939.3
99762.2
99227.2
97868.6
95066.3
90188.4
83360.7
75591.5
67715.9
60700.2
54370.8
48974.5
44383.5
40540
37363.5
34800.6
33053.6
31716.8
30661.4
30313.5
30317.3
30347.3
30427.4
30621.3
31037
31028.3
31003.5
30947
30824.6
30580.5
30106.7
29499.3
28969.8
27993.5
26062.1
21497.6
12827.7
10633.7
10121.9
10023.7
10004.7
10001
10000.2
10000
10000
100000
100000
100000
100000
100000
100000
100000
100000
100000
100000
100000
99999.9
99999.4
99997.1
99985.9
99939.3
99762.7
99228.2
97873.3
95076.1
90211.9
83403.5
75646.4
67800.2
60793.8
54460.1
49073.8
44487.2
40628.3
37423.6
34822.5
33042
31686
30606.5
30144.1
30146.5
30173.8
30251.8
30448.5
30718.1
30711.6
30693
30643
30520.4
30262.5
29777.9
29140
28641.6
27728.7
25930.1
21768.2
12964.3
10672.5
10128.9
10024.9
10004.9
10001
10000.2
10000
10000
100000
100000
100000
100000
100000
100000
100000
100000
100000
100000
100000
99999.9
99999.4
99997.1
99985.9
99939.4
99763
99229
97877.1
95083.9
90232.6
83438.4
75695.6
67879.1
60868.7
54546.4
49169.5
44578.8
40707.1
37480.3
34847.7
33018.3
31595.7
30449.7
29887.2
29889.1
29916.3
29996.6
30197.4
30450.7
30443
30421.2
30364.1
30233.3
29970.5
29451.4
28881.3
28416
27562.7
25885.8
22069.4
13125
10712
10136
10026.1
10005.1
10001
10000.2
10000
10000
100000
100000
100000
100000
100000
100000
100000
100000
100000
100000
100000
99999.9
99999.4
99997.1
99985.9
99939.4
99763.3
99229.6
97879.9
95089.9
90250.2
83466.1
75744.2
67947
60937.8
54632.3
49251.4
44649.8
40767.3
37521.5
34858
32994.1
31523.9
30326.6
29611
29611.9
29635
29709.2
29898.5
30238.3
30230
30207.5
30152.9
30028.2
29769.7
29301.2
28751.1
28296.1
27479.2
25883.6
22319.7
13296.9
10750.2
10142.9
10027.3
10005.3
10001.1
10000.2
10000
10000
100000
100000
100000
100000
100000
100000
100000
100000
100000
100000
100000
99999.9
99999.4
99997.1
99985.9
99939.4
99763.4
99230
97881.8
95094.4
90263.7
83488.4
75790
68005
61015.2
54724.7
49345.7
44743.7
40859.5
37601.4
34914.8
33018.6
31496.2
30265.5
29457.7
29435.4
29448.6
29499.6
29647.9
29996
29994.1
29976.9
29935.1
29840.7
29637
29232
28700.6
28252.1
27449.8
25893.6
22510.7
13492.3
10788.8
10149.5
10028.3
10005.5
10001.1
10000.2
10000
10000
100000
100000
100000
100000
100000
100000
100000
100000
100000
100000
100000
99999.9
99999.4
99997.1
99985.9
99939.4
99763.4
99230.2
97882.8
95097.4
90272.6
83505.7
75827.3
68054.3
61093.1
54818.1
49455.8
44871.5
41000.5
37749.6
35065.5
33171.6
31634.3
30378.9
29464.3
29345.7
29355.8
29395.7
29519.2
29813.8
29813.1
29800.7
29772
29699.2
29507.3
29040.4
28687.2
28273.9
27498.9
25996.8
22731.8
13736.1
10826.2
10154.9
10029
10005.5
10001.1
10000.2
10000
10000
100000
100000
100000
100000
100000
100000
100000
100000
100000
100000
100000
99999.9
99999.4
99997.1
99985.9
99939.4
99763.5
99230.3
97883.4
95099.1
90277.5
83517.4
75851.4
68092.7
61157.1
54898.5
49560.6
45002.4
41153
37924.2
35263.1
33394.8
31871.8
30622.1
29693.2
29366.1
29373
29399.8
29491.1
29709
29711.1
29710.8
29682
29572.8
29335
28925.2
28696.8
28328
27617.9
26227.6
23058.6
14009.3
10852.9
10157.8
10029.3
10005.6
10001.1
10000.2
10000
10000
100000
100000
100000
100000
100000
100000
100000
100000
100000
100000
100000
99999.9
99999.4
99997.1
99985.9
99939.4
99763.5
99230.4
97883.6
95100
90279.9
83524.1
75864.3
68117.5
61197.7
54955
49639.9
45104.8
41275.9
38071.9
35438.9
33601.3
32103.3
30876.9
29965.2
29550
29553.4
29571.6
29623.5
29679.1
29687
29684.7
29653.8
29523.5
29192.5
28891.5
28716
28400.2
27779.7
26512.2
23389.8
14173.8
10861.7
10157.9
10029.2
10005.5
10001.1
10000.2
10000
10000
100000
100000
100000
100000
100000
100000
100000
100000
100000
100000
100000
99999.9
99999.4
99997.1
99985.9
99939.4
99763.5
99230.4
97883.7
95100.4
90280.8
83527.4
75870
68130.8
61218.3
54986.4
49686
45166.1
41352.5
38167.9
35556.7
33742.3
32265.5
31065.6
30174.5
29797.2
29798.2
29806.3
29830.2
29831.5
29828.4
29812.4
29751.9
29590.5
29216
28975.3
28818.1
28524.7
27942.5
26718
23568.7
14173.2
10855.5
10156.5
10029
10005.5
10001.1
10000.2
10000
10000
100000
100000
100000
100000
100000
100000
100000
100000
100000
100000
100000
99999.9
99999.4
99997.1
99985.9
99939.4
99763.5
99230.4
97883.7
95100.5
90281.2
83528.8
75872.2
68136.9
61226.9
55000.9
49707.7
45195.2
41389.6
38216.2
35618
33817.5
32354.3
31175.5
30293.7
30013.9
30016.2
30025.5
30052.2
30048.3
30037.1
30007.8
29933.3
29771.2
29457.6
29151.6
28978.2
28671.8
28067.8
26809.3
23591
14078.6
10844
10154.7
10028.7
10005.5
10001.1
10000.2
10000
10000
100000
100000
100000
100000
100000
100000
100000
100000
100000
100000
100000
99999.9
99999.4
99997.1
99985.9
99939.4
99763.5
99230.4
97883.7
95100.6
90281.3
83529.3
75872.8
68139.3
61230
55006.7
49716.2
45206.6
41404.5
38236
35643.4
33848.9
32392
31226.8
30346.5
30155.9
30160.6
30178.7
30233.3
30232
30220.5
30189.8
30129.3
30002.7
29723.3
29334.1
29132.4
28798.4
28147.1
26822.6
23539.6
13981
10834.4
10153.5
10028.6
10005.4
10001.1
10000.2
10000
10000
100000
100000
100000
100000
100000
100000
100000
100000
100000
100000
100000
99999.9
99999.4
99997.1
99985.9
99939.4
99763.5
99230.4
97883.7
95100.6
90281.3
83529.5
75873
68140.1
61230.9
55008.6
49719.1
45210.4
41409.5
38242.8
35652.2
33859.9
32405.5
31246.3
30365.7
30234
30241
30264.2
30334.2
30345.4
30339.7
30320.4
30266.1
30154.4
29951.6
29478.1
29245.6
28888.6
28196.9
26811.6
23478.4
13912.3
10828.5
10152.8
10028.5
10005.4
10001.1
10000.2
10000
10000
100000
100000
100000
100000
100000
100000
100000
100000
100000
100000
100000
99999.9
99999.4
99997.1
99985.9
99939.4
99763.5
99230.4
97883.7
95100.6
90281.3
83529.5
75873.1
68140.3
61231.1
55009.2
49719.9
45211.5
41411
38244.8
35654.8
33863.2
32409.7
31252.5
30372.1
30268.6
30276.2
30301.7
30377.8
30410.2
30404.1
30387.6
30347
30254.1
30046.8
29579.7
29301.7
28933.7
28223.4
26808.7
23448.4
13877.1
10825.9
10152.5
10028.5
10005.4
10001.1
10000.2
10000
10000
100000
100000
100000
100000
100000
100000
100000
100000
100000
100000
100000
99999.9
99999.4
99997.1
99985.9
99939.4
99763.5
99230.4
97883.7
95100.6
90281.3
83529.6
75873.1
68140.4
61231.2
55009.4
49720.2
45211.8
41411.4
38245.4
35655.5
33864
32410.8
31254.3
30374
30281.4
30289.1
30315.2
30393
30439.8
30433.9
30418
30379.7
30291.5
30084.1
29632.7
29327.4
28953.8
28234.8
26806.5
23433.9
13861.9
10824.8
10152.4
10028.4
10005.4
10001.1
10000.2
10000
10000
100000
100000
100000
100000
100000
100000
100000
100000
100000
100000
100000
99999.9
99999.4
99997.1
99985.9
99939.4
99763.5
99230.4
97883.7
95100.6
90281.3
83529.6
75873.1
68140.4
61231.2
55009.4
49720.2
45211.9
41411.5
38245.5
35655.7
33864.2
32411.1
31254.7
30374.6
30285.4
30293.2
30319.5
30397.8
30450.1
30444.3
30428.6
30391.3
30304.5
30097.7
29652.7
29337.3
28961.6
28239.4
26805.8
23428.6
13856.6
10824.5
10152.4
10028.4
10005.4
10001.1
10000.2
10000
10000
100000
100000
100000
100000
100000
100000
100000
100000
100000
100000
100000
99999.9
99999.4
99997.1
99985.9
99939.4
99763.5
99230.4
97883.7
95100.6
90281.3
83529.6
75873.1
68140.4
61231.2
55009.4
49720.2
45211.9
41411.5
38245.5
35655.7
33864.3
32411.2
31254.8
30374.7
30286.5
30294.3
30320.7
30399.2
30453.2
30447.4
30431.9
30394.8
30308.6
30102.1
29659.2
29340.6
28964.1
28240.8
26805.5
23426.8
13854.9
10824.4
10152.4
10028.4
10005.4
10001.1
10000.2
10000
10000
100000
100000
100000
100000
100000
100000
100000
100000
100000
100000
100000
99999.9
99999.4
99997.1
99985.9
99939.4
99763.5
99230.4
97883.7
95100.6
90281.3
83529.6
75873.1
68140.4
61231.2
55009.4
49720.2
45211.9
41411.5
38245.5
35655.7
33864.3
32411.2
31254.8
30374.8
30286.7
30294.6
30321
30399.5
30454
30448.2
30432.7
30395.8
30309.7
30103.3
29661
29341.5
28964.8
28241.2
26805.5
23426.4
13854.4
10824.3
10152.4
10028.4
10005.4
10001.1
10000.2
10000
10000
100000
100000
100000
100000
100000
100000
100000
100000
100000
100000
100000
99999.9
99999.4
99997.1
99985.9
99939.4
99763.5
99230.4
97883.7
95100.6
90281.3
83529.6
75873.1
68140.4
61231.2
55009.4
49720.2
45211.9
41411.5
38245.5
35655.7
33864.3
32411.2
31254.8
30374.8
30286.8
30294.6
30321
30399.6
30454.2
30448.4
30432.9
30396
30310
30103.6
29661.5
29341.7
28965
28241.3
26805.4
23426.2
13854.3
10824.3
10152.4
10028.4
10005.4
10001.1
10000.2
10000
10000
100000
100000
100000
100000
100000
100000
100000
100000
100000
100000
100000
99999.9
99999.4
99997.1
99985.9
99939.4
99763.5
99230.4
97883.7
95100.6
90281.3
83529.6
75873.1
68140.4
61231.2
55009.4
49720.2
45211.9
41411.5
38245.5
35655.7
33864.3
32411.2
31254.8
30374.8
30286.8
30294.7
30321
30399.6
30454.2
30448.4
30432.9
30396
30310
30103.6
29661.6
29341.8
28965
28241.3
26805.4
23426.2
13854.3
10824.3
10152.4
10028.4
10005.4
10001.1
10000.2
10000
10000
10000
10000
10000
10000
10000
10000
10000
10000
10000
10000
10000
10000
10000
10000
10000
10000
10000
10000
10000
10000
10000
10000
10000
10000
10000
10000
10000
10000
10000
10000
10000
10000
10000
10000
10000
10000
10000
10000
10000
10000
10000
10000
10000
10000
10000
10000
10000
10000
10000
10000
10000
10000
10000
10000
10000
10000
10000
10000
10000
10000
10000
10000
10000
10000
10000
10000
10000
10000
10000
10000
10000
10000
10000
10000
10000
10000
10000
10000
10000
10000
10000
10000
10000
10000
10000
10000
10000
10000
10000
10000
10000
10000
10000
10000
10000
10000
10000
10000
10000
10000
10000
10000
10000
10000
10000
10000
10000
10000
10000
10000
10000
10000
10000
10000
10000
10000
10000
10000
10000
10000
10000
10000
10000
10000
10000
10000
10000
10000
10000
10000
10000
10000
10000
10000
10000
10000
10000
10000
10000
10000
10000
10000
10000
10000
10000
10000
10000
10000
10000
10000
10000
10000
10000
10000
10000
10000
10000
10000
10000
10000
10000
10000
10000
10000
10000
10000
10000
10000
10000
10000
10000
10000
10000
10000
10000
10000
10000
10000
10000
10000
10000
10000
10000
10000
10000
10000
10000
10000
10000
10000
10000
10000
10000
10000
10000
10000
10000
10000
10000
10000
10000
10000
10000
10000
10000
10000
10000
10000
10000
10000
10000
10000
10000
10000
10000
10000
10000
10000
10000
10000
10000
10000
10000
10000
10000
10000
10000
10000
10000
10000
10000
10000
10000
10000
10000
10000
10000
10000
10000
10000
10000
10000
10000
10000
10000
10000
10000
10000
10000
10000
10000
10000
10000
10000
10000
10000
10000
10000
10000
10000
10000
10000
10000
10000
10000
10000
10000
10000
10000
10000
10000
10000
10000
10000
10000
10000
10000
10000
10000
10000
10000
10000
10000
10000
10000
10000
10000
10000
10000
10000
10000
10000
10000
10000
10000
10000
10000
10000
10000
10000
10000
10000
10000
10000
10000
10000
10000
10000
10000
10000
10000
10000
10000
10000
10000
10000
10000
10000
10000
10000
10000
10000
10000
10000
10000
10000
10000
10000
10000
10000
10000
10000
10000
10000
10000
10000
10000
10000
10000
10000
10000
10000
10000
10000
10000
10000
10000
10000
10000
10000
10000
10000
10000
10000
10000
10000
10000
10000
10000
10000
10000
10000
10000
10000
10000
10000
10000
10000
10000
10000
10000
10000
10000
10000
10000
10000
10000
10000
10000
10000
10000
10000
10000
10000
10000
10000
10000
10000
10000
10000
10000
10000
10000
10000
10000
10000
10000
10000
10000
10000
10000
10000
10000
10000
10000
10000
10000
10000
10000
10000
10000
10000
10000
10000
10000
10000
10000
10000
10000
10000
10000
10000
10000
10000
10000
10000
10000
10000
10000
10000
10000
10000
10000
10000
10000
10000
10000
10000
10000
10000
10000
10000
10000
10000
10000
10000
10000
10000
10000
10000
10000
10000
10000
10000
10000
10000
10000
10000
10000
10000
10000
10000
10000
10000
10000
10000
10000
10000
10000
10000
10000
10000
10000
10000
10000
10000
10000
10000
10000
10000
10000
10000
10000
10000
10000
10000
10000
10000
10000
10000
10000
10000
10000
10000
10000
10000
10000
10000
10000
10000
10000
10000
10000
10000
10000
10000
10000
10000
10000
10000
10000
10000
10000
10000
10000
10000
10000
10000
10000
10000
10000
10000
10000
10000
10000
10000
10000
10000
10000
10000
10000
10000
10000
10000
10000
10000
10000
10000
10000
10000
10000
10000
10000
10000
10000
10000
10000
10000
10000
10000
10000
10000
10000
10000
10000
10000
10000
10000
10000
10000
10000
10000
10000
10000
10000
10000
10000
10000
10000
10000
10000
10000
10000
10000
10000
10000
10000
10000
10000
10000
10000
10000
10000
10000
10000
10000
10000
10000
10000
10000
10000
10000
10000
10000
10000
10000
10000
10000
10000
10000
10000
10000
10000
10000
10000
10000
10000
10000
10000
10000
10000
10000
10000
10000
10000
10000
10000
10000
10000
10000
10000
10000
10000
10000
10000
10000
10000
10000
10000
10000
10000
10000
10000
10000
10000
10000
10000
10000
10000
10000
10000
10000
10000
10000
10000
10000
10000
10000
10000
10000
10000
10000
10000
10000
10000
10000
10000
10000
10000
10000
10000
10000
10000
10000
10000
10000
10000
10000
10000
10000
10000
10000
10000
10000
10000
10000
10000
10000
10000
10000
10000
10000
10000
10000
10000
10000
10000
10000
10000
10000
10000
10000
10000
10000
10000
10000
10000
10000
10000
10000
10000
10000
10000
10000
10000
10000
10000
10000
10000
10000
10000
10000
10000
10000
10000
10000
10000
10000
10000
10000
10000
10000
10000
10000
10000
10000
10000
10000
10000
10000
10000
10000
10000
10000
10000
10000
10000
10000
10000
10000
10000
10000
10000
10000
10000
10000
10000
10000
10000
10000
10000
10000
10000
10000
10000
10000
10000
10000
10000
10000
10000
10000
10000
10000
10000
10000
10000
10000
10000
10000
10000
10000
10000
10000
10000
10000
10000
10000
10000
10000
10000
10000
10000
10000
10000
10000
10000
10000
10000
10000
10000
10000
10000
10000
10000
10000
10000
10000
10000
10000
10000
10000
10000
10000
10000
10000
10000
10000
10000
10000
10000
10000
10000
10000
10000
10000
10000
10000
10000
10000
10000
10000
10000
10000
10000
10000
10000
10000
10000
10000
10000
10000
10000
10000
10000
10000
10000
10000
10000
10000
10000
10000
10000
10000
10000
10000
10000
10000
10000
10000
10000
10000
10000
10000
10000
10000
10000
10000
10000
10000
10000
10000
10000
10000
10000
10000
10000
10000
10000
10000
10000
10000
10000
10000
10000
10000
10000
10000
10000
10000
10000
10000
10000
10000
10000
10000
10000
10000
10000
10000
10000
10000
10000
10000
10000
10000
10000
10000
10000
10000
10000
10000
10000
10000
10000
10000
10000
10000
10000
10000
10000
10000
10000
10000
10000
10000
10000
10000
10000
10000
10000
10000
10000
10000
10000
10000
10000
10000
10000
10000
10000
10000
10000
10000
10000
10000
10000
10000
10000
10000
10000
10000
10000
10000
10000
10000
10000
10000
10000
10000
10000
10000
10000
10000
10000
10000
10000
10000
10000
10000
10000
10000
10000
10000
10000
10000
10000
10000
10000
10000
10000
10000
10000
10000
10000
10000
10000
10000
10000
10000
10000
10000
10000
10000
10000
10000
10000
10000
10000
10000
10000
10000
10000
10000
10000
10000
10000
10000
10000
10000
10000
10000
10000
10000
10000
10000
10000
10000
10000
10000
10000
10000
10000
10000
10000
10000
10000
10000
10000
10000
10000
10000
10000
10000
10000
10000
10000
10000
10000
10000
10000
10000
10000
10000
10000
10000
10000
10000
10000
10000
10000
10000
10000
10000
10000
10000
10000
10000
10000
10000
10000
10000
10000
10000
10000
10000
10000
10000
10000
10000
10000
10000
10000
10000
10000
10000
10000
10000
10000
10000
10000
10000
10000
10000
10000
10000
10000
10000
10000
10000
10000
10000
10000
10000
10000
10000
10000
10000
10000
10000
10000
10000
10000
10000
10000
10000
10000
10000
10000
10000
10000
10000
10000
10000
10000
10000
10000
10000
10000
10000
10000
10000
10000
10000
10000
10000
10000
10000
10000
10000
10000
10000
10000
10000
10000
10000
10000
10000
10000
10000
10000
10000
10000
10000
10000
10000
10000
10000
10000
10000
10000
10000
10000
10000
10000
10000
10000
10000
10000
10000
10000
10000
10000
10000
10000
10000
10000
10000
10000
10000
10000
10000
10000
10000
10000
10000
10000
10000
10000
10000
10000
10000
10000
10000
10000
10000
10000
10000
10000
10000
10000
10000
10000
10000
10000
10000
10000
10000
10000
10000
10000
10000
10000
10000
10000
10000
10000
10000
10000
10000
10000
10000
10000
10000
10000
10000
10000
10000
10000
10000
10000
10000
10000
10000
10000
10000
10000
10000
10000
10000
10000
10000
10000
10000
10000
10000
10000
10000
10000
10000
10000
10000
10000
10000
10000
10000
10000
10000
10000
10000
10000
10000
10000
10000
10000
10000
10000
10000
10000
10000
10000
10000
10000
10000
10000
10000
10000
10000
10000
10000
10000
10000
10000
10000
10000
10000
10000
10000
10000
10000
10000
10000
10000
10000
10000
10000
10000
10000
10000
10000
10000
10000
10000
10000
10000
10000
10000
10000
10000
10000
10000
10000
10000
10000
10000
10000
10000
10000
10000
10000
10000
10000
10000
10000
10000
10000
10000
10000
10000
10000
10000
10000
10000
10000
10000
10000
10000
10000
10000
10000
10000
10000
10000
10000
10000
10000
10000
10000
10000
10000
10000
10000
10000
10000
10000
10000
10000
10000
10000
10000
10000
10000
10000
10000
10000
10000
10000
10000
10000
10000
10000
10000
10000
10000
10000
10000
10000
10000
10000
10000
10000
10000
10000
10000
10000
10000
10000
10000
10000
10000
10000
10000
10000
10000
10000
10000
10000
10000
10000
10000
10000
10000
10000
10000
10000
10000
10000
10000
10000
10000
10000
10000
10000
10000
10000
10000
10000
10000
10000
10000
10000
10000
10000
10000
10000
10000
10000
10000
10000
10000
10000
10000
10000
10000
10000
10000
10000
10000
10000
10000
10000
10000
10000
10000
10000
10000
10000
10000
10000
10000
10000
10000
10000
10000
10000
10000
10000
10000
10000
10000
10000
10000
10000
10000
10000
10000
10000
10000
10000
10000
10000
10000
10000
10000
10000
10000
10000
10000
10000
10000
10000
10000
10000
10000
10000
10000
10000
10000
10000
10000
10000
10000
10000
10000
10000
10000
10000
10000
10000
10000
10000
10000
10000
10000
10000
10000
10000
10000
10000
10000
10000
10000
10000
10000
10000
10000
10000
10000
10000
10000
10000
10000
10000
10000
10000
10000
10000
10000
10000
10000
10000
10000
10000
10000
10000
10000
10000
10000
10000
10000
10000
10000
10000
10000
10000
10000
10000
10000
10000
10000
10000
10000
10000
10000
10000
10000
10000
10000
10000
10000
10000
10000
10000
10000
10000
10000
10000
10000
10000
10000
10000
10000
10000
10000
10000
10000
10000
10000
10000
10000
10000
10000
10000
10000
10000
10000
10000
10000
10000
10000
10000
10000
10000
10000
10000
10000
10000
10000
10000
10000
10000
10000
10000
10000
10000
10000
10000
10000
10000
10000
10000
10000
10000
10000
10000
10000
10000
10000
10000
10000
10000
10000
10000
10000
10000
10000
10000
10000
10000
10000
10000
10000
10000
10000
10000
10000
10000
10000
10000
10000
10000
10000
10000
10000
10000
10000
10000
10000
10000
10000
10000
10000
10000
10000
10000
10000
10000
10000
10000
10000
10000
10000
10000
10000
10000
10000
10000
10000
10000
10000
10000
10000
10000
10000
10000
10000
10000
10000
10000
10000
10000
10000
10000
10000
10000
10000
10000
10000
10000
10000
10000
10000
10000
10000
10000
10000
10000
10000
10000
10000
10000
10000
10000
10000
10000
10000
10000
10000
10000
10000
10000
10000
10000
10000
10000
10000
10000
10000
10000
10000
10000
10000
10000
10000
10000
10000
10000
10000
10000
10000
10000
10000
10000
10000
10000
10000
10000
10000
10000
10000
10000
10000
10000
10000
10000
10000
10000
10000
10000
10000
10000
10000
10000
10000
10000
10000
10000
10000
10000
10000
10000
10000
10000
10000
10000
10000
10000
10000
10000
10000
10000
10000
10000
10000
10000
10000
10000
10000
10000
10000
10000
10000
10000
10000
10000
10000
10000
10000
10000
10000
10000
10000
10000
10000
10000
10000
10000
10000
10000
10000
10000
10000
10000
10000
10000
10000
10000
10000
10000
10000
10000
10000
10000
10000
10000
10000
10000
10000
10000
10000
10000
10000
10000
10000
10000
10000
10000
10000
10000
10000
10000
10000
10000
10000
10000
10000
10000
10000
10000
10000
10000
10000
10000
10000
10000
10000
10000
10000
10000
10000
10000
10000
10000
10000
10000
10000
10000
10000
10000
10000
10000
10000
10000
10000
10000
10000
10000
10000
10000
10000
10000
10000
10000
10000
10000
10000
10000
10000
10000
10000
10000
10000
10000
10000
10000
10000
10000
10000
10000
10000
10000
10000
10000
10000
10000
10000
10000
10000
10000
10000
10000
10000
10000
10000
10000
10000
10000
10000
10000
10000
10000
10000
10000
10000
10000
10000
10000
10000
10000
10000
10000
10000
10000
10000
10000
10000
10000
10000
10000
10000
10000
10000
10000
10000
10000
10000
10000
10000
10000
10000
10000
10000
10000
10000
10000
10000
10000
10000
10000
10000
10000
10000
10000
10000
10000
10000
10000
10000
10000
10000
10000
10000
10000
10000
10000
10000
10000
10000
10000
10000
10000
10000
10000
10000
10000
10000
10000
10000
10000
10000
10000
10000
10000
10000
10000
10000
10000
10000
10000
10000
10000
10000
10000
10000
10000
10000
10000
10000
10000
10000
10000
10000
10000
10000
10000
10000
10000
10000
10000
10000
10000
10000
10000
10000
10000
10000
10000
10000
10000
10000
10000
10000
10000
10000
10000
10000
10000
10000
10000
10000
10000
10000
10000
10000
10000
10000
10000
10000
10000
10000
10000
10000
10000
10000
10000
10000
10000
10000
10000
10000
10000
10000
10000
10000
10000
10000
10000
10000
10000
10000
10000
10000
10000
10000
10000
10000
10000
10000
10000
10000
10000
10000
10000
10000
10000
10000
10000
10000
10000
10000
10000
10000
10000
10000
10000
10000
10000
10000
10000
10000
10000
10000
10000
10000
10000
10000
10000
10000
10000
10000
10000
10000
10000
10000
10000
10000
10000
10000
10000
10000
10000
10000
10000
10000
10000
10000
10000
10000
10000
10000
10000
10000
10000
10000
10000
10000
10000
10000
10000
10000
10000
10000
10000
10000
10000
10000
10000
10000
10000
10000
10000
10000
10000
10000
10000
10000
10000
10000
10000
10000
10000
10000
10000
10000
10000
10000
10000
10000
10000
10000
10000
10000
10000
10000
10000
10000
10000
10000
10000
10000
10000
10000
10000
10000
10000
10000
10000
10000
10000
10000
10000
10000
10000
10000
10000
10000
10000
10000
10000
10000
10000
10000
10000
10000
10000
10000
10000
10000
10000
10000
10000
10000
10000
10000
10000
10000
10000
10000
10000
10000
10000
10000
10000
10000
10000
10000
10000
10000
10000
10000
10000
10000
10000
10000
10000
10000
10000
10000
10000
10000
10000
10000
10000
10000
10000
10000
10000
10000
10000
10000
10000
10000
10000
10000
10000
10000
10000
10000
10000
10000
10000
10000
10000
10000
10000
10000
10000
10000
10000
10000
10000
10000
10000
10000
10000
10000
10000
10000
10000
10000
10000
10000
10000
10000
10000
10000
10000
10000
10000
10000
10000
10000
10000
10000
10000
10000
10000
10000
10000
10000
10000
10000
10000
10000
10000
10000
10000
10000
10000
10000
10000
10000
10000
10000
10000
10000
10000
10000
10000
10000
10000
10000
10000
10000
10000
10000
10000
10000
10000
10000
10000
10000
10000
10000
10000
10000
10000
10000
10000
10000
10000
10000
10000
10000
10000
10000
10000
10000
10000
10000
10000
10000
10000
10000
10000
10000
10000
10000
10000
10000
10000
10000
10000
10000
10000
10000
10000
10000
10000
10000
10000
10000
10000
10000
10000
10000
10000
10000
10000
10000
10000
10000
10000
10000
10000
10000
10000
10000
10000
10000
10000
10000
10000
10000
10000
10000
10000
10000
10000
10000
10000
10000
10000
10000
10000
10000
10000
10000
10000
10000
10000
10000
10000
10000
10000
10000
10000
10000
10000
10000
10000
10000
10000
10000
10000
10000
10000
10000
10000
10000
10000
10000
10000
10000
10000
10000
10000
10000
10000
10000
10000
10000
10000
10000
10000
10000
10000
10000
10000
10000
10000
10000
10000
10000
10000
10000
10000
10000
10000
10000
10000
10000
10000
10000
10000
10000
10000
10000
10000
10000
10000
10000
10000
10000
10000
10000
10000
10000
10000
10000
10000
10000
10000
10000
10000
10000
10000
10000
10000
10000
10000
10000
10000
10000
10000
10000
10000
10000
10000
10000
10000
10000
10000
10000
10000
10000
10000
10000
10000
10000
10000
10000
10000
10000
10000
10000
10000
10000
10000
10000
10000
10000
10000
10000
10000
10000
10000
10000
10000
10000
10000
10000
10000
10000
10000
10000
10000
10000
10000
10000
10000
10000
10000
10000
10000
10000
10000
10000
10000
10000
10000
10000
10000
10000
10000
10000
10000
10000
10000
10000
10000
10000
10000
10000
10000
10000
10000
10000
10000
10000
10000
10000
10000
10000
10000
10000
10000
10000
10000
10000
10000
10000
10000
10000
10000
10000
10000
10000
10000
10000
10000
10000
10000
10000
10000
10000
10000
10000
10000
10000
10000
10000
10000
10000
10000
10000
10000
10000
10000
10000
10000
10000
10000
10000
10000
10000
10000
10000
10000
10000
10000
10000
10000
10000
10000
10000
10000
10000
10000
10000
10000
10000
10000
10000
10000
10000
10000
10000
10000
10000
10000
10000
10000
10000
10000
10000
10000
10000
10000
10000
10000
10000
10000
10000
10000
10000
10000
10000
10000
10000
10000
10000
10000
10000
10000
10000
10000
10000
10000
10000
10000
10000
10000
10000
10000
10000
10000
10000
10000
10000
10000
10000
10000
10000
10000
10000
10000
10000
10000
10000
10000
10000
10000
10000
10000
10000
10000
10000
10000
10000
10000
10000
10000
10000
10000
10000
10000
10000
10000
10000
10000
10000
10000
10000
10000
10000
10000
10000
10000
10000
10000
10000
10000
10000
10000
10000
10000
10000
10000
10000
10000
10000
10000
10000
10000
10000
10000
10000
10000
10000
10000
10000
10000
10000
10000
10000
10000
10000
10000
10000
10000
10000
10000
10000
10000
10000
10000
10000
10000
10000
10000
10000
10000
10000
10000
10000
10000
10000
10000
10000
10000
10000
10000
10000
10000
10000
10000
10000
10000
10000
10000
10000
10000
10000
10000
10000
10000
10000
10000
10000
10000
10000
10000
10000
10000
10000
10000
10000
10000
10000
10000
10000
10000
10000
10000
10000
10000
10000
10000
10000
10000
10000
10000
10000
10000
10000
10000
10000
10000
10000
10000
10000
10000
10000
10000
10000
10000
10000
10000
10000
10000
10000
10000
10000
10000
10000
10000
10000
10000
10000
10000
10000
10000
10000
10000
10000
10000
10000
10000
10000
10000
10000
10000
10000
10000
10000
10000
10000
10000
10000
10000
10000
10000
10000
10000
10000
10000
10000
10000
10000
10000
10000
10000
10000
10000
10000
10000
10000
10000
10000
10000
10000
10000
10000
10000
10000
10000
10000
10000
10000
10000
10000
10000
10000
10000
10000
10000
10000
10000
10000
10000
10000
10000
10000
10000
10000
10000
10000
10000
10000
10000
10000
10000
10000
10000
10000
10000
10000
10000
10000
10000
10000
10000
10000
10000
10000
10000
10000
10000
10000
10000
10000
10000
10000
10000
10000
10000
10000
10000
10000
10000
10000
10000
10000
10000
10000
10000
10000
10000
10000
10000
10000
10000
10000
10000
10000
10000
10000
10000
10000
10000
10000
10000
10000
10000
10000
10000
10000
10000
10000
10000
10000
10000
10000
10000
10000
10000
10000
10000
10000
10000
10000
10000
10000
10000
10000
10000
10000
10000
10000
10000
10000
10000
10000
10000
10000
10000
10000
10000
10000
10000
10000
10000
10000
10000
10000
10000
10000
10000
10000
10000
10000
10000
10000
10000
10000
10000
10000
10000
10000
10000
10000
10000
10000
10000
10000
10000
10000
10000
10000
10000
10000
10000
10000
10000
10000
10000
10000
10000
10000
10000
10000
10000
10000
10000
10000
10000
10000
10000
10000
10000
10000
10000
10000
10000
10000
10000
10000
10000
10000
10000
10000
10000
10000
10000
10000
10000
10000
10000
10000
10000
10000
10000
10000
10000
10000
10000
10000
10000
10000
10000
10000
10000
10000
10000
10000
10000
10000
10000
10000
10000
10000
10000
10000
10000
10000
10000
10000
10000
10000
10000
10000
10000
10000
10000
10000
10000
10000
10000
10000
10000
10000
10000
10000
10000
10000
10000
10000
10000
10000
10000
10000
10000
10000
10000
10000
10000
10000
10000
10000
10000
10000
10000
10000
10000
10000
10000
10000
10000
10000
10000
10000
10000
10000
10000
10000
10000
10000
10000
10000
10000
10000
10000
10000
10000
10000
10000
10000
10000
10000
10000
10000
10000
10000
10000
10000
10000
10000
10000
10000
10000
10000
10000
10000
10000
10000
10000
10000
10000
10000
10000
10000
10000
10000
10000
10000
10000
10000
10000
10000
10000
10000
10000
10000
10000
10000
10000
10000
10000
10000
10000
10000
10000
10000
10000
10000
10000
10000
10000
10000
10000
10000
10000
10000
10000
10000
10000
10000
10000
10000
10000
10000
10000
10000
10000
10000
10000
10000
10000
10000
10000
10000
10000
10000
10000
10000
10000
10000
10000
10000
10000
10000
10000
10000
10000
10000
10000
10000
10000
10000
10000
10000
10000
10000
10000
10000
10000
10000
10000
10000
10000
10000
10000
10000
10000
10000
10000
10000
10000
10000
10000
10000
10000
10000
10000
10000
10000
10000
10000
10000
10000
10000
10000
10000
10000
10000
10000
10000
10000
10000
10000
10000
10000
10000
10000
10000
10000
10000
10000
10000
10000
10000
10000
10000
10000
10000
10000
10000
10000
10000
10000
10000
10000
10000
10000
10000
10000
10000
10000
10000
10000
10000
10000
10000
10000
10000
10000
10000
10000
10000
10000
10000
10000
10000
10000
10000
10000
10000
10000
10000
10000
10000
10000
10000
10000
10000
10000
10000
10000
10000
10000
10000
10000
10000
10000
10000
10000
10000
10000
10000
10000
10000
10000
10000
10000
10000
10000
10000
10000
10000
10000
10000
10000
10000
10000
10000
10000
10000
10000
10000
10000
10000
10000
10000
10000
10000
10000
10000
10000
10000
10000
10000
10000
10000
10000
10000
10000
10000
10000
10000
10000
10000
10000
10000
10000
10000
10000
10000
10000
10000
10000
10000
10000
10000
10000
10000
10000
10000
10000
10000
10000
10000
10000
10000
10000
10000
10000
10000
10000
10000
10000
10000
10000
10000
10000
10000
10000
10000
10000
10000
10000
10000
10000
10000
10000
10000
10000
10000
10000
10000
10000
10000
10000
10000
10000
10000
10000
10000
10000
10000
10000
10000
10000
10000
10000
10000
10000
10000
10000
10000
10000
10000
10000
10000
10000
10000
10000
10000
10000
10000
10000
10000
10000
10000
10000
10000
10000
10000
10000
10000
10000
10000
10000
10000
10000
10000
10000
10000
10000
10000
10000
10000
10000
10000
10000
10000
10000
10000
10000
10000
10000
10000
10000
10000
10000
10000
10000
10000
10000
10000
10000
10000
10000
10000
10000
10000
10000
10000
10000
10000
10000
10000
10000
10000
10000
10000
10000
10000
10000
10000
10000
10000
10000
10000
10000
10000
10000
10000
10000
10000
10000
10000
10000
10000
10000
10000
10000
10000
10000
10000
10000
10000
10000
10000
10000
10000
10000
10000
10000
10000
10000
10000
10000
10000
10000
10000
10000
10000
10000
10000
10000
10000
10000
10000
10000
10000
10000
10000
10000
10000
10000
10000
10000
10000
10000
10000
10000
10000
10000
10000
10000
10000
10000
10000
10000
10000
10000
10000
10000
10000
10000
10000
10000
10000
10000
10000
10000
10000
10000
10000
10000
10000
10000
10000
10000
10000
10000
10000
10000
10000
10000
10000
10000
10000
10000
10000
10000
10000
10000
10000
10000
10000
10000
10000
10000
10000
10000
10000
10000
10000
10000
10000
10000
10000
10000
10000
10000
10000
10000
10000
10000
10000
10000
10000
10000
10000
10000
10000
10000
10000
10000
10000
10000
10000
10000
10000
10000
10000
10000
10000
10000
10000
10000
10000
10000
10000
10000
10000
10000
10000
10000
10000
10000
10000
10000
10000
10000
10000
10000
10000
10000
10000
10000
10000
10000
10000
10000
10000
10000
10000
10000
10000
10000
10000
10000
10000
10000
10000
10000
10000
10000
10000
10000
10000
10000
10000
10000
10000
10000
10000
10000
10000
10000
10000
10000
10000
10000
10000
10000
10000
10000
10000
10000
10000
10000
10000
10000
10000
10000
10000
10000
10000
10000
10000
10000
10000
10000
10000
10000
10000
10000
10000
10000
10000
10000
10000
10000
10000
10000
10000
10000
10000
10000
10000
10000
10000
10000
10000
10000
10000
10000
10000
10000
10000
10000
10000
10000
10000
10000
10000
10000
10000
10000
10000
10000
10000
10000
10000
10000
10000
10000
10000
10000
10000
10000
10000
10000
10000
10000
10000
10000
10000
10000
10000
10000
10000
10000
10000
10000
10000
10000
10000
10000
10000
10000
10000
10000
10000
10000
10000
10000
10000
10000
10000
10000
10000
10000
10000
10000
10000
10000
10000
10000
10000
10000
10000
10000
10000
10000
10000
10000
10000
10000
10000
10000
10000
10000
10000
10000
10000
10000
10000
10000
10000
10000
10000
10000
10000
10000
10000
10000
10000
10000
10000
10000
10000
10000
10000
10000
10000
10000
10000
10000
10000
10000
10000
10000
10000
10000
10000
10000
10000
10000
10000
10000
10000
10000
10000
10000
10000
10000
10000
10000
10000
10000
10000
10000
10000
10000
10000
10000
10000
10000
10000
10000
10000
10000
10000
10000
10000
10000
10000
10000
10000
10000
10000
10000
10000
10000
10000
10000
10000
10000
10000
10000
10000
10000
10000
10000
10000
10000
10000
10000
10000
10000
10000
10000
10000
10000
10000
10000
10000
10000
10000
10000
10000
10000
10000
10000
10000
10000
10000
10000
10000
10000
10000
10000
10000
10000
10000
10000
10000
10000
10000
10000
10000
10000
10000
10000
10000
10000
10000
10000
10000
10000
10000
10000
10000
10000
10000
10000
10000
10000
10000
10000
10000
10000
10000
10000
10000
10000
10000
10000
10000
10000
10000
10000
10000
10000
10000
10000
10000
10000
10000
10000
10000
10000
10000
10000
10000
10000
10000
10000
10000
10000
10000
10000
10000
10000
10000
)
;

boundaryField
{
    inlet
    {
        type            zeroGradient;
    }
    outlet
    {
        type            zeroGradient;
    }
    bottom
    {
        type            symmetryPlane;
    }
    top
    {
        type            symmetryPlane;
    }
    obstacle
    {
        type            zeroGradient;
    }
    defaultFaces
    {
        type            empty;
    }
}


// ************************************************************************* //
