/*--------------------------------*- C++ -*----------------------------------*\
| =========                 |                                                 |
| \\      /  F ield         | OpenFOAM: The Open Source CFD Toolbox           |
|  \\    /   O peration     | Version:  5.x                                   |
|   \\  /    A nd           | Web:      www.OpenFOAM.org                      |
|    \\/     M anipulation  |                                                 |
\*---------------------------------------------------------------------------*/
/*   Windows 32 and 64 bit porting by blueCAPE: http://www.bluecape.com.pt   *\
|  Based on Windows porting (2.0.x v4) by Symscape: http://www.symscape.com   |
\*---------------------------------------------------------------------------*/
FoamFile
{
    version     2.0;
    format      ascii;
    class       volScalarField;
    location    "0.003";
    object      T;
}
// * * * * * * * * * * * * * * * * * * * * * * * * * * * * * * * * * * * * * //

dimensions      [0 0 0 1 0 0 0];

internalField   nonuniform List<scalar> 
10000
(
348.432
348.432
348.432
348.432
348.432
348.432
348.432
348.432
348.432
348.432
348.432
348.431
348.429
348.418
348.37
348.198
347.667
346.336
343.507
338.468
331.032
321.726
312.073
301.308
295.163
282.358
275.488
273.605
269.278
258.067
250.477
248.127
248.213
251.299
265.856
303.116
348.145
387.215
415.075
431.12
437.633
438.132
433.529
420.052
407.528
396.492
382.385
358.907
292.763
281.366
279.212
278.803
278.76
278.748
278.747
278.746
278.746
278.746
278.746
278.746
348.432
348.432
348.432
348.432
348.432
348.432
348.432
348.432
348.432
348.432
348.432
348.432
348.429
348.419
348.375
348.215
347.715
346.452
343.739
338.855
331.569
322.353
312.662
301.997
295.379
282.445
276.048
273.872
268.198
256.396
249.912
248.245
248.466
251.295
264.702
299.663
341.447
378.077
403.108
414.974
417.84
416.602
409.081
400.455
394.209
388.026
379.595
363.283
298.263
283.02
279.435
278.857
278.768
278.749
278.747
278.746
278.746
278.746
278.746
278.746
348.432
348.432
348.432
348.432
348.432
348.432
348.432
348.432
348.432
348.432
348.432
348.432
348.429
348.419
348.376
348.216
347.719
346.461
343.759
338.895
331.641
322.473
312.815
302.549
294.539
285.47
275.576
272.078
269.789
263.158
254.561
250.15
249.165
250.256
257.309
280.577
319.248
356.255
385.289
403.317
411.263
412.517
410.969
405.944
398.712
391.407
381.863
364.316
301.86
283.989
279.58
278.899
278.773
278.751
278.747
278.746
278.746
278.746
278.746
278.746
348.432
348.432
348.432
348.432
348.432
348.432
348.432
348.432
348.432
348.432
348.432
348.432
348.43
348.42
348.38
348.23
347.759
346.557
343.955
339.224
332.105
323.027
313.316
303.459
293.454
287.916
275.926
269.04
267.347
264.555
257.133
251.226
249.46
250.267
256.76
279.36
319.178
355.37
381.496
397.104
404.452
406.36
405.733
403.604
398.023
391.651
383.981
369.09
311.186
285.573
279.833
278.96
278.783
278.754
278.747
278.746
278.746
278.746
278.746
278.746
348.432
348.432
348.432
348.432
348.432
348.432
348.432
348.432
348.432
348.432
348.432
348.432
348.43
348.42
348.38
348.232
347.766
346.573
343.987
339.283
332.199
323.159
313.508
303.681
293.932
288.277
276.454
269.874
268.212
265.498
258.087
252.212
250.439
251.19
257.364
279.075
317.997
353.351
379.162
394.995
402.751
405.045
404.62
403.582
399.608
392.957
384.312
368.45
317.708
286.836
280.092
279.023
278.793
278.757
278.748
278.746
278.746
278.746
278.746
278.746
348.432
348.432
348.432
348.432
348.432
348.432
348.432
348.432
348.432
348.432
348.432
348.432
348.43
348.421
348.383
348.243
347.798
346.653
344.153
339.564
332.601
323.647
314.027
304.098
294.54
288.195
276.204
270.409
268.767
264.834
256.284
250.951
249.518
250.392
256.695
278.577
318.225
354.241
379.843
394.946
402.057
404.066
403.618
402.548
399.238
393.646
386.282
372.476
326.383
288.386
280.458
279.093
278.809
278.759
278.748
278.747
278.746
278.746
278.746
278.746
348.432
348.432
348.432
348.432
348.432
348.432
348.432
348.432
348.432
348.432
348.432
348.432
348.43
348.421
348.384
348.247
347.807
346.674
344.193
339.636
332.71
323.789
314.206
304.348
294.832
288.653
276.868
270.917
269.28
265.694
257.224
251.511
249.844
250.499
256.165
276.075
314.1
350.569
377.296
393.81
401.913
404.47
403.855
403.022
399.967
393.958
386.048
372.299
332.707
289.879
280.873
279.17
278.828
278.762
278.749
278.747
278.746
278.746
278.746
278.746
348.432
348.432
348.432
348.432
348.432
348.432
348.432
348.432
348.432
348.432
348.432
348.432
348.43
348.422
348.387
348.256
347.834
346.741
344.334
339.877
333.06
324.224
314.679
304.785
295.273
288.756
276.833
271.235
269.58
265.235
256.192
250.76
249.213
249.901
255.967
277.367
315.988
352.482
378.551
394.343
402.133
404.671
404.278
403.177
399.967
394.357
387.333
375.256
340.028
291.57
281.377
279.263
278.851
278.764
278.75
278.747
278.746
278.746
278.746
278.746
348.432
348.432
348.432
348.432
348.432
348.432
348.432
348.432
348.432
348.432
348.432
348.432
348.43
348.422
348.388
348.259
347.844
346.764
344.379
339.958
333.178
324.371
314.851
305.001
295.561
289.134
277.37
271.678
270.03
265.97
256.784
250.829
249.073
249.614
255.432
276.281
314.018
350.504
377.019
393.46
401.815
404.672
404.156
403.306
400.586
394.8
387.552
375.88
345.825
293.282
281.944
279.372
278.873
278.768
278.752
278.747
278.746
278.746
278.746
278.746
348.432
348.432
348.432
348.432
348.432
348.432
348.432
348.432
348.432
348.432
348.432
348.432
348.43
348.423
348.39
348.267
347.867
346.821
344.499
340.166
333.486
324.76
315.284
305.448
295.89
289.426
277.414
271.78
270.143
265.79
256.229
250.395
248.721
249.296
255.23
276.327
314.243
351.106
377.913
394.081
402.17
404.949
404.856
403.644
400.742
395.295
388.63
378.113
352.198
295.209
282.598
279.504
278.895
278.773
278.753
278.747
278.746
278.746
278.746
278.746
348.432
348.432
348.432
348.432
348.432
348.432
348.432
348.432
348.432
348.432
348.432
348.432
348.43
348.423
348.391
348.271
347.877
346.845
344.548
340.251
333.609
324.91
315.448
305.648
296.096
289.844
277.872
272.056
270.416
266.373
256.835
250.572
248.751
249.259
255.035
275.944
313.455
349.729
376.423
392.975
401.618
404.754
404.609
403.707
401.341
395.873
389.068
379.047
357.129
297.351
283.334
279.652
278.917
278.781
278.754
278.747
278.746
278.746
278.746
278.746
348.432
348.432
348.432
348.432
348.432
348.432
348.432
348.432
348.432
348.432
348.432
348.432
348.43
348.423
348.393
348.277
347.896
346.893
344.651
340.433
333.88
325.259
315.846
306.083
296.397
290.175
277.965
272.127
270.519
266.399
256.569
250.23
248.382
248.875
254.654
276.216
314.758
350.82
376.626
392.399
400.852
404.341
404.598
403.657
401.561
396.614
390.172
380.831
361.516
300.183
284.172
279.813
278.942
278.79
278.755
278.748
278.746
278.746
278.746
278.746
348.432
348.432
348.432
348.432
348.432
348.432
348.432
348.432
348.432
348.432
348.432
348.432
348.43
348.424
348.394
348.281
347.906
346.919
344.701
340.521
334.006
325.41
316.003
306.268
296.552
290.579
278.405
272.27
270.65
266.928
257.293
250.359
248.244
248.595
253.914
274.565
312.842
349.049
375.18
391.232
399.825
403.484
403.88
403.19
401.703
397.303
390.803
381.757
364.051
304.83
285.099
279.979
278.972
278.801
278.756
278.748
278.747
278.746
278.746
278.746
348.432
348.432
348.432
348.432
348.432
348.432
348.432
348.432
348.432
348.432
348.432
348.432
348.43
348.424
348.395
348.286
347.923
346.96
344.79
340.68
334.245
325.723
316.367
306.676
296.861
290.876
278.541
272.391
270.807
267.035
257.191
250.195
248.047
248.334
253.461
273.698
311.424
347.924
374.735
391.157
399.773
403.5
404.06
403.187
401.761
397.752
391.632
383.005
366.075
310.702
286.116
280.151
279.013
278.812
278.758
278.749
278.747
278.746
278.746
278.746
348.432
348.432
348.432
348.432
348.432
348.432
348.432
348.432
348.432
348.432
348.432
348.432
348.43
348.424
348.396
348.29
347.933
346.985
344.839
340.768
334.372
325.874
316.523
306.839
297.021
291.2
278.918
272.564
270.944
267.378
257.717
250.343
248
248.213
253.057
272.439
309.224
345.911
373.729
391.054
400.091
403.78
404.263
403.41
402.029
397.99
392.032
383.795
367.797
316.671
287.19
280.33
279.064
278.822
278.759
278.749
278.747
278.746
278.746
278.746
348.432
348.432
348.432
348.432
348.432
348.432
348.432
348.432
348.432
348.432
348.432
348.432
348.43
348.425
348.397
348.294
347.947
347.021
344.916
340.908
334.583
326.153
316.855
307.215
297.348
291.456
279.05
272.779
271.185
267.449
257.515
250.246
247.94
248.131
252.815
271.693
308.272
345.352
373.862
391.376
400.437
404.166
404.656
403.748
402.335
398.391
392.68
384.846
369.636
322.478
288.317
280.531
279.128
278.831
278.761
278.75
278.747
278.746
278.746
278.746
348.432
348.432
348.432
348.432
348.432
348.432
348.432
348.432
348.432
348.432
348.432
348.432
348.43
348.425
348.398
348.298
347.957
347.045
344.965
340.995
334.71
326.304
317.009
307.361
297.514
291.721
279.353
272.981
271.341
267.66
257.805
250.313
247.883
248.023
252.342
270.113
306.567
344.473
374.054
391.959
400.983
404.425
404.722
403.933
402.583
398.67
393.084
385.593
371.225
328.034
289.454
280.761
279.2
278.84
278.764
278.751
278.747
278.746
278.746
278.746
348.432
348.432
348.432
348.432
348.432
348.432
348.432
348.432
348.432
348.432
348.432
348.432
348.431
348.425
348.399
348.302
347.969
347.077
345.033
341.119
334.897
326.554
317.309
307.711
297.83
291.966
279.507
273.205
271.577
267.761
257.653
250.222
247.818
247.932
252.026
269.206
305.888
344.358
374.334
392.195
401.176
404.668
404.921
404.153
402.854
399.045
393.577
386.364
372.739
333.24
290.62
281.04
279.28
278.849
278.768
278.751
278.747
278.746
278.746
278.746
348.432
348.432
348.432
348.432
348.432
348.432
348.432
348.432
348.432
348.432
348.432
348.432
348.431
348.425
348.4
348.305
347.978
347.1
345.08
341.203
335.021
326.703
317.462
307.846
297.993
292.192
279.755
273.401
271.728
267.928
257.852
250.251
247.764
247.838
251.723
268.459
305.322
344.174
374.351
392.122
400.933
404.375
404.689
404.106
403.033
399.507
394.015
386.916
374.03
337.987
291.78
281.372
279.361
278.859
278.772
278.752
278.747
278.746
278.746
278.746
348.432
348.432
348.432
348.432
348.432
348.432
348.432
348.432
348.432
348.432
348.432
348.432
348.431
348.426
348.401
348.308
347.989
347.128
345.14
341.314
335.189
326.927
317.732
308.167
298.305
292.413
279.925
273.667
271.985
268.045
257.698
250.228
247.791
247.848
251.625
268.238
305.365
344.511
374.915
392.474
400.922
404.191
404.559
403.991
403.069
399.917
394.502
387.527
375.285
342.533
292.975
281.775
279.444
278.872
278.776
278.752
278.747
278.746
278.746
278.746
348.432
348.432
348.432
348.432
348.432
348.432
348.432
348.432
348.432
348.432
348.432
348.432
348.431
348.426
348.402
348.311
347.997
347.15
345.185
341.395
335.309
327.073
317.883
308.294
298.468
292.597
280.142
273.859
272.131
268.185
257.886
250.322
247.814
247.799
251.352
267.671
304.798
344.083
375
392.978
401.355
404.354
404.666
404.108
403.218
400.256
394.859
387.959
376.323
346.863
294.154
282.239
279.522
278.886
278.781
278.753
278.748
278.746
278.746
278.746
348.432
348.432
348.432
348.432
348.432
348.432
348.432
348.432
348.432
348.432
348.432
348.432
348.431
348.426
348.402
348.315
348.007
347.175
345.239
341.495
335.46
327.276
318.128
308.584
298.788
292.761
280.378
274.128
272.38
268.438
258.059
250.471
247.806
247.649
250.677
265.895
302.842
342.762
374.42
393.167
401.964
404.988
405.247
404.596
403.57
400.476
395.153
388.443
377.52
351.299
295.417
282.772
279.6
278.905
278.785
278.754
278.748
278.746
278.746
278.746
348.432
348.432
348.432
348.432
348.432
348.432
348.432
348.432
348.432
348.432
348.432
348.432
348.431
348.426
348.403
348.317
348.015
347.195
345.281
341.572
335.575
327.417
318.278
308.691
299.023
292.742
280.754
274.307
272.49
268.881
258.99
250.759
247.281
246.595
248.522
261.032
296.585
338.384
371.769
392.077
401.868
405.372
405.793
405.146
404.022
400.761
395.452
388.872
378.554
355.12
296.752
283.35
279.676
278.927
278.79
278.755
278.748
278.746
278.746
278.746
348.432
348.432
348.432
348.432
348.432
348.432
348.432
348.432
348.432
348.432
348.432
348.432
348.431
348.426
348.404
348.32
348.024
347.217
345.329
341.662
335.712
327.6
318.505
308.9
299.674
291.764
282.677
274.372
271.471
269.057
261.94
252.359
246.871
245.31
246.344
254.942
285.191
329.29
365.966
389.185
400.867
405.389
406.176
405.575
404.486
401.232
395.926
389.49
379.747
358.709
298.334
283.98
279.755
278.952
278.794
278.756
278.748
278.747
278.746
278.746
348.432
348.432
348.432
348.432
348.432
348.432
348.432
348.432
348.432
348.432
348.432
348.432
348.431
348.426
348.404
348.323
348.031
347.237
345.369
341.736
335.821
327.736
318.655
308.942
300.299
290.311
285.021
275.006
268.902
267.148
264.281
256.278
249.071
246.568
247.079
252.904
275.056
317.719
357.08
383.887
398.468
404.661
406.096
405.6
404.687
401.686
396.372
390.031
380.708
361.371
300.412
284.623
279.837
278.98
278.799
278.757
278.749
278.747
278.746
278.746
348.432
348.432
348.432
348.432
348.432
348.432
348.432
348.432
348.432
348.432
348.432
348.432
348.431
348.427
348.405
348.325
348.039
347.257
345.412
341.818
335.946
327.903
318.857
309.181
300.656
290.132
285.539
275.708
268.305
266.301
264.252
257.759
250.704
248.249
248.738
253.531
271.461
311.042
350.584
378.91
395.516
403.357
405.767
405.396
404.732
402.193
396.987
390.764
381.774
363.414
303.591
285.291
279.932
279.011
278.804
278.758
278.749
278.747
278.746
278.746
348.432
348.432
348.432
348.432
348.432
348.432
348.432
348.432
348.432
348.432
348.432
348.432
348.431
348.427
348.406
348.327
348.046
347.275
345.45
341.887
336.049
328.032
318.996
309.287
300.836
290.132
285.693
276.119
268.192
265.992
263.985
258.032
252.119
250.12
250.64
255.007
271.181
309.009
347.788
375.782
392.866
401.627
404.956
404.856
404.486
402.568
397.672
391.392
382.476
364.563
307.366
285.937
280.036
279.042
278.809
278.76
278.749
278.747
278.746
278.746
348.432
348.432
348.432
348.432
348.432
348.432
348.432
348.432
348.432
348.432
348.432
348.432
348.431
348.427
348.406
348.33
348.053
347.293
345.489
341.962
336.164
328.186
319.18
309.518
301.095
290.242
285.908
276.49
268.278
265.933
263.802
258.191
252.87
250.957
251.378
255.469
271.24
308.67
346.753
374.202
391.163
400.203
403.982
404.152
403.976
402.681
398.54
392.274
383.377
365.837
311.342
286.591
280.161
279.075
278.814
278.761
278.75
278.747
278.746
278.746
348.432
348.432
348.432
348.432
348.432
348.432
348.432
348.432
348.432
348.432
348.432
348.432
348.431
348.427
348.407
348.332
348.059
347.309
345.524
342.026
336.261
328.308
319.312
309.629
301.215
290.351
286.04
276.663
268.226
265.817
263.783
258.42
253.165
251.201
251.541
255.481
271.137
308.274
345.486
372.627
389.709
399.036
403.139
403.542
403.443
402.521
399.049
392.81
383.864
366.665
315.042
287.209
280.299
279.108
278.82
278.763
278.75
278.747
278.746
278.746
348.432
348.432
348.432
348.432
348.432
348.432
348.432
348.432
348.432
348.432
348.432
348.432
348.431
348.427
348.407
348.334
348.065
347.326
345.56
342.095
336.366
328.45
319.481
309.851
301.408
290.587
286.254
276.812
268.377
265.931
263.898
258.596
253.343
251.353
251.627
255.39
270.595
307.014
343.511
370.687
388.224
398.06
402.552
403.194
403.156
402.468
399.623
393.552
384.621
367.905
318.867
287.843
280.461
279.143
278.827
278.764
278.75
278.747
278.746
278.746
348.432
348.432
348.432
348.432
348.432
348.432
348.432
348.432
348.432
348.432
348.432
348.432
348.431
348.427
348.408
348.336
348.071
347.341
345.593
342.155
336.457
328.565
319.605
309.96
301.503
290.728
286.38
276.845
268.394
266.02
264.008
258.712
253.475
251.473
251.689
255.297
270.019
305.854
342.087
369.397
387.226
397.394
402.162
402.994
402.987
402.412
399.856
393.867
384.9
368.608
322.314
288.437
280.637
279.176
278.834
278.766
278.751
278.747
278.746
278.746
348.432
348.432
348.432
348.432
348.432
348.432
348.432
348.432
348.432
348.432
348.432
348.432
348.431
348.427
348.408
348.338
348.077
347.357
345.626
342.218
336.555
328.696
319.761
310.165
301.687
290.957
286.588
276.967
268.54
266.174
264.16
258.85
253.545
251.465
251.609
255.059
269.415
304.966
341.302
368.809
386.812
397.144
402.049
402.994
402.99
402.52
400.273
394.528
385.628
369.916
326.007
289.078
280.838
279.212
278.842
278.768
278.751
278.747
278.746
278.746
348.432
348.432
348.432
348.432
348.432
348.432
348.432
348.432
348.432
348.432
348.432
348.432
348.431
348.427
348.409
348.339
348.082
347.37
345.656
342.274
336.64
328.804
319.877
310.272
301.754
291.132
286.7
276.918
268.577
266.318
264.334
258.926
253.427
251.295
251.419
254.856
269.166
304.667
340.939
368.384
386.447
396.9
401.923
402.978
402.964
402.533
400.356
394.635
385.778
370.532
329.1
289.689
281.044
279.247
278.85
278.77
278.751
278.747
278.746
278.746
348.432
348.432
348.432
348.432
348.432
348.432
348.432
348.432
348.432
348.432
348.432
348.432
348.431
348.428
348.409
348.341
348.087
347.385
345.686
342.333
336.731
328.927
320.024
310.465
301.916
291.396
286.893
276.961
268.806
266.617
264.532
258.92
253.4
251.279
251.398
254.783
268.82
304.09
340.361
367.657
385.693
396.352
401.617
402.866
402.888
402.549
400.613
395.192
386.532
372.002
332.646
290.394
281.272
279.286
278.859
278.772
278.752
278.747
278.746
278.746
348.432
348.432
348.432
348.432
348.432
348.432
348.432
348.432
348.432
348.432
348.432
348.432
348.431
348.428
348.409
348.343
348.092
347.397
345.714
342.384
336.809
329.027
320.131
310.563
301.978
291.545
286.978
276.9
268.901
266.827
264.641
258.808
253.33
251.303
251.45
254.818
268.356
302.971
339.336
366.549
384.52
395.322
400.919
402.502
402.633
402.364
400.58
395.312
386.674
372.501
335.303
291.056
281.496
279.324
278.868
278.773
278.752
278.747
278.746
278.746
348.432
348.432
348.432
348.432
348.432
348.432
348.432
348.432
348.432
348.432
348.432
348.432
348.431
348.428
348.41
348.344
348.097
347.41
345.742
342.439
336.894
329.142
320.27
310.743
302.136
291.787
287.151
276.94
269.174
267.177
264.733
258.603
253.361
251.489
251.679
255.073
268.302
302.474
339.016
366.085
383.692
394.361
400.13
402.011
402.273
402.106
400.648
395.917
387.539
373.954
338.715
291.854
281.745
279.367
278.878
278.776
278.753
278.748
278.746
278.746
348.432
348.432
348.432
348.432
348.432
348.432
348.432
348.432
348.432
348.432
348.432
348.432
348.431
348.428
348.41
348.346
348.101
347.422
345.768
342.486
336.967
329.234
320.369
310.831
302.2
291.896
287.221
276.904
269.287
267.36
264.727
258.41
253.33
251.546
251.747
255.173
268.348
302.338
339.062
366.121
383.424
393.737
399.393
401.376
401.729
401.648
400.43
396.022
387.652
374.293
340.831
292.58
281.982
279.408
278.887
278.778
278.753
278.748
278.746
278.746
348.432
348.432
348.432
348.432
348.432
348.432
348.432
348.432
348.432
348.432
348.432
348.432
348.431
348.428
348.411
348.347
348.106
347.434
345.794
342.537
337.047
329.344
320.5
311.001
302.357
292.108
287.388
276.978
269.522
267.624
264.816
258.32
253.227
251.393
251.564
255.043
268.597
302.955
339.855
366.809
383.695
393.552
398.989
401.002
401.42
401.385
400.35
396.455
388.499
375.688
344.186
293.507
282.247
279.457
278.899
278.78
278.754
278.748
278.746
278.746
348.432
348.432
348.432
348.432
348.432
348.432
348.432
348.432
348.432
348.432
348.432
348.432
348.431
348.428
348.411
348.348
348.11
347.445
345.817
342.58
337.113
329.427
320.59
311.081
302.415
292.21
287.448
276.963
269.581
267.728
264.942
258.315
252.989
251.03
251.166
254.702
268.728
303.65
340.585
367.529
384.279
393.794
398.85
400.691
401.077
401.045
400.078
396.338
388.435
375.815
345.762
294.323
282.488
279.502
278.909
278.782
278.754
278.748
278.746
278.746
348.432
348.432
348.432
348.432
348.432
348.432
348.432
348.432
348.432
348.432
348.432
348.432
348.431
348.428
348.411
348.35
348.114
347.456
345.842
342.628
337.19
329.532
320.716
311.241
302.578
292.39
287.617
277.107
269.724
267.88
265.128
258.466
252.958
250.871
250.968
254.466
268.581
303.55
340.513
367.571
384.436
393.95
398.905
400.648
400.994
400.969
400.045
396.566
389.141
377.106
348.685
295.413
282.765
279.558
278.921
278.785
278.755
278.748
278.747
278.746
348.432
348.432
348.432
348.432
348.432
348.432
348.432
348.432
348.432
348.432
348.432
348.432
348.431
348.428
348.411
348.351
348.117
347.466
345.863
342.668
337.25
329.608
320.796
311.311
302.63
292.474
287.665
277.118
269.754
267.933
265.223
258.543
252.927
250.801
250.889
254.362
268.439
303.294
340.215
367.394
384.413
394.001
398.914
400.592
400.889
400.847
399.885
396.363
388.909
377.021
349.711
296.314
283.004
279.607
278.931
278.787
278.755
278.748
278.747
278.746
348.432
348.432
348.432
348.432
348.432
348.432
348.432
348.432
348.432
348.432
348.432
348.432
348.431
348.428
348.412
348.352
348.121
347.476
345.887
342.713
337.323
329.708
320.918
311.467
302.78
292.668
287.82
277.237
269.928
268.112
265.355
258.644
253.041
250.881
250.946
254.339
268.235
302.835
339.78
367.21
384.416
394.077
398.977
400.634
400.908
400.871
399.946
396.628
389.638
378.353
352.482
297.564
283.298
279.67
278.945
278.79
278.756
278.748
278.747
278.746
348.432
348.432
348.432
348.432
348.432
348.432
348.432
348.432
348.432
348.432
348.432
348.432
348.431
348.428
348.412
348.353
348.125
347.485
345.906
342.748
337.376
329.775
320.988
311.528
302.816
292.759
287.845
277.206
270.004
268.214
265.395
258.603
253.043
250.922
250.989
254.333
267.98
302.241
339.32
367.158
384.684
394.351
399.132
400.697
400.908
400.851
399.872
396.44
389.331
378.122
353.192
298.496
283.539
279.723
278.955
278.792
278.756
278.748
278.747
278.746
348.432
348.432
348.432
348.432
348.432
348.432
348.432
348.432
348.432
348.432
348.432
348.432
348.431
348.428
348.412
348.354
348.128
347.495
345.928
342.792
337.447
329.873
321.107
311.68
302.954
292.977
287.981
277.275
270.252
268.477
265.476
258.548
253.133
251.086
251.16
254.422
267.636
301.26
338.464
366.743
384.752
394.705
399.471
400.91
401.031
400.962
400.015
396.752
390.121
379.562
355.94
299.894
283.864
279.794
278.97
278.795
278.757
278.749
278.747
278.746
348.432
348.432
348.432
348.432
348.432
348.432
348.432
348.432
348.432
348.432
348.432
348.432
348.431
348.428
348.413
348.355
348.131
347.503
345.945
342.823
337.494
329.932
321.167
311.732
302.982
293.062
287.986
277.214
270.373
268.627
265.444
258.349
253.097
251.162
251.249
254.496
267.583
300.827
337.931
366.383
384.602
394.725
399.586
401.031
401.112
401.013
399.997
396.579
389.756
379.147
356.289
300.789
284.107
279.847
278.981
278.798
278.758
278.749
278.747
278.746
348.432
348.432
348.432
348.432
348.432
348.432
348.432
348.432
348.432
348.432
348.432
348.432
348.431
348.428
348.413
348.356
348.135
347.512
345.967
342.865
337.563
330.027
321.285
311.877
303.131
293.235
288.139
277.318
270.603
268.861
265.512
258.283
253.053
251.114
251.182
254.4
267.545
300.758
337.787
366.293
384.545
394.691
399.614
401.105
401.202
401.11
400.149
396.933
390.645
380.751
359.113
302.339
284.474
279.928
278.998
278.801
278.759
278.749
278.747
278.746
348.432
348.432
348.432
348.432
348.432
348.432
348.432
348.432
348.432
348.432
348.432
348.432
348.431
348.428
348.413
348.357
348.137
347.519
345.982
342.892
337.604
330.077
321.334
311.916
303.164
293.273
288.153
277.311
270.652
268.939
265.595
258.221
252.854
250.844
250.879
254.107
267.576
301.162
338.148
366.571
384.677
394.717
399.604
401.094
401.194
401.096
400.128
396.876
390.369
380.273
359.24
303.141
284.71
279.979
279.008
278.803
278.759
278.749
278.747
278.746
348.432
348.432
348.432
348.432
348.432
348.432
348.432
348.432
348.432
348.432
348.432
348.432
348.431
348.429
348.413
348.358
348.14
347.528
346.003
342.933
337.672
330.173
321.456
312.064
303.336
293.445
288.357
277.507
270.813
269.109
265.849
258.378
252.678
250.478
250.465
253.679
267.415
301.398
338.434
366.724
384.687
394.609
399.494
401.018
401.157
401.084
400.234
397.293
391.364
382.041
362.124
304.864
285.132
280.073
279.027
278.807
278.76
278.749
278.747
278.746
348.432
348.432
348.432
348.432
348.432
348.432
348.432
348.432
348.432
348.432
348.432
348.432
348.431
348.429
348.413
348.359
348.143
347.534
346.016
342.956
337.708
330.22
321.518
312.132
303.395
293.538
288.446
277.556
270.813
269.125
265.95
258.428
252.548
250.273
250.242
253.442
267.273
301.477
338.564
366.676
384.528
394.438
399.287
400.811
401.006
400.96
400.175
397.322
391.198
381.526
362.023
305.582
285.35
280.12
279.037
278.809
278.76
278.749
278.747
278.746
348.432
348.432
348.432
348.432
348.432
348.432
348.432
348.432
348.432
348.432
348.432
348.432
348.431
348.429
348.414
348.36
348.146
347.543
346.037
343.001
337.791
330.344
321.664
312.317
303.538
293.69
288.611
277.691
270.842
269.149
266.071
258.616
252.609
250.241
250.18
253.29
266.951
301.23
338.499
366.342
383.711
393.71
398.955
400.737
401.048
401.037
400.432
398.057
392.665
383.838
365.336
307.721
285.854
280.23
279.059
278.814
278.761
278.75
278.747
278.746
348.432
348.432
348.432
348.432
348.432
348.432
348.432
348.432
348.432
348.432
348.432
348.432
348.431
348.429
348.414
348.361
348.151
347.557
346.065
343.048
337.845
330.388
321.663
312.297
303.488
293.565
288.551
277.701
270.634
268.935
266.109
258.959
252.807
250.287
250.149
253.1
266.64
301.229
338.942
366.751
383.702
392.6
397.143
398.785
399.284
399.365
398.822
396.354
390.541
381.596
365.225
309.2
286.3
280.331
279.079
278.818
278.762
278.75
278.747
278.746
348.432
348.432
348.432
348.432
348.432
348.432
348.432
348.432
348.432
348.432
348.432
348.432
348.431
348.429
348.414
348.36
348.147
347.544
346.034
342.985
337.749
330.259
321.531
312.133
303.422
293.395
288.565
277.808
270.555
268.856
266.383
259.624
253.141
250.376
250.136
253.008
266.651
301.404
338.649
366.041
383.425
393.099
397.91
399.292
399.719
399.737
399.098
396.573
390.706
380.97
363.272
306.64
285.382
280.081
279.022
278.805
278.759
278.749
278.747
278.746
348.432
348.432
348.432
348.432
348.432
348.432
348.432
348.432
348.432
348.432
348.432
348.432
348.431
348.429
348.414
348.362
348.152
347.558
346.066
343.045
337.838
330.371
321.644
312.274
303.556
293.495
288.592
277.872
270.478
268.757
266.364
259.805
253.209
250.218
249.923
252.686
266.427
301.382
338.611
365.731
382.872
392.435
397.391
398.832
399.518
399.569
398.966
396.5
390.854
382.223
366.794
308.77
285.578
280.086
279.017
278.803
278.759
278.749
278.747
278.746
348.432
348.432
348.432
348.432
348.432
348.432
348.432
348.432
348.432
348.432
348.432
348.432
348.431
348.429
348.414
348.361
348.151
347.551
346.05
343.004
337.77
330.265
321.508
312.079
303.383
293.251
288.531
277.811
270.441
268.724
266.422
259.971
253.239
250.243
249.943
252.724
266.315
300.339
337.586
366.077
384.526
394.466
398.99
399.958
400.547
400.544
399.857
397.201
391.088
381.337
364.512
306.935
285.161
279.984
278.993
278.797
278.757
278.749
278.747
278.746
348.432
348.432
348.432
348.432
348.432
348.432
348.432
348.432
348.432
348.432
348.432
348.432
348.431
348.429
348.414
348.362
348.154
347.56
346.07
343.044
337.833
330.35
321.612
312.233
303.577
293.504
288.621
277.967
270.445
268.71
266.438
260.149
253.512
250.292
249.873
252.436
265.473
299.537
337.524
366.117
384.299
394.096
398.792
400.084
400.878
400.945
400.351
397.816
391.916
383.007
367.462
308.268
285.175
279.953
278.981
278.794
278.756
278.748
278.747
278.746
348.432
348.432
348.432
348.432
348.432
348.432
348.432
348.432
348.432
348.432
348.432
348.432
348.431
348.429
348.415
348.362
348.154
347.559
346.064
343.023
337.793
330.272
321.491
312.031
303.349
293.127
288.494
277.816
270.346
268.611
266.385
260.227
253.429
250.255
249.83
252.298
264.729
298.433
336.953
365.694
383.746
393.488
398.312
399.859
400.906
401.099
400.671
398.357
392.159
382.223
365.438
306.982
284.966
279.903
278.969
278.791
278.755
278.748
278.746
278.746
348.432
348.432
348.432
348.432
348.432
348.432
348.432
348.432
348.432
348.432
348.432
348.432
348.431
348.429
348.415
348.363
348.157
347.564
346.077
343.046
337.834
330.329
321.57
312.169
303.571
293.46
288.64
278.076
270.428
268.66
266.482
260.432
253.691
250.3
249.808
252.124
263.846
297.093
336.346
365.236
382.836
392.312
397.188
399.156
400.578
400.975
400.759
398.881
393.117
383.473
367.261
307.683
284.935
279.874
278.959
278.788
278.755
278.748
278.746
278.746
348.432
348.432
348.432
348.432
348.432
348.432
348.432
348.432
348.432
348.432
348.432
348.432
348.431
348.429
348.415
348.363
348.158
347.566
346.078
343.041
337.817
330.28
321.476
311.986
303.341
293.037
288.453
277.907
270.243
268.465
266.358
260.41
253.539
250.224
249.78
252.022
263.104
294.985
334.301
364.894
384.358
394.568
399.103
400.402
401.131
401.311
400.909
398.785
392.769
382.673
365.857
306.951
284.824
279.845
278.951
278.786
278.754
278.748
278.746
278.746
348.432
348.432
348.432
348.432
348.432
348.432
348.432
348.432
348.432
348.432
348.432
348.432
348.431
348.429
348.415
348.364
348.16
347.57
346.087
343.055
337.841
330.31
321.522
312.087
303.54
293.355
288.663
278.201
270.393
268.596
266.495
260.584
253.895
250.542
249.851
251.907
262.496
293.883
333.791
364.821
384.325
394.439
399.067
400.569
401.379
401.605
401.215
399.105
393.15
383.307
366.799
307.167
284.774
279.823
278.945
278.784
278.754
278.748
278.746
278.746
348.432
348.432
348.432
348.432
348.432
348.432
348.432
348.432
348.432
348.432
348.432
348.432
348.431
348.429
348.415
348.364
348.161
347.573
346.092
343.06
337.84
330.287
321.462
311.947
303.333
292.954
288.398
277.981
270.191
268.365
266.329
260.539
253.787
250.36
249.74
251.845
262.449
294.065
333.998
364.741
383.896
393.596
397.979
399.452
400.433
400.835
400.642
399.022
393.747
383.515
366.459
306.833
284.701
279.803
278.939
278.783
278.753
278.748
278.746
278.746
348.432
348.432
348.432
348.432
348.432
348.432
348.432
348.432
348.432
348.432
348.432
348.432
348.431
348.429
348.415
348.365
348.163
347.577
346.099
343.071
337.853
330.297
321.473
311.997
303.471
293.23
288.689
278.275
270.356
268.547
266.426
260.506
253.924
250.633
249.958
251.878
262.263
293.952
334.367
364.927
383.969
393.67
397.997
399.352
400.519
400.899
400.726
399.156
393.938
383.767
366.623
306.64
284.638
279.786
278.935
278.782
278.753
278.747
278.746
278.746
348.432
348.432
348.432
348.432
348.432
348.432
348.432
348.432
348.432
348.432
348.432
348.432
348.431
348.429
348.415
348.365
348.165
347.58
346.106
343.082
337.861
330.292
321.442
311.907
303.309
292.9
288.339
277.952
270.183
268.364
266.26
260.349
253.78
250.54
249.844
251.803
262.322
293.993
334.007
364.496
384.015
394.013
398.198
399.295
400.124
400.448
400.278
398.821
394.002
384.003
366.656
306.404
284.573
279.771
278.931
278.781
278.753
278.747
278.746
278.746
348.432
348.432
348.432
348.432
348.432
348.432
348.432
348.432
348.432
348.432
348.432
348.432
348.431
348.429
348.416
348.366
348.166
347.585
346.113
343.094
337.87
330.296
321.43
311.906
303.349
293.103
288.751
278.272
270.435
268.645
266.341
260.179
253.776
250.68
249.996
251.961
262.83
294.538
334.124
364.528
383.924
393.686
397.569
398.655
399.73
400.158
400.093
398.821
394.189
384.149
366.515
306.112
284.508
279.757
278.928
278.78
278.753
278.747
278.746
278.746
348.432
348.432
348.432
348.432
348.432
348.432
348.432
348.432
348.432
348.432
348.432
348.432
348.431
348.429
348.416
348.366
348.168
347.589
346.121
343.107
337.881
330.3
321.412
311.858
303.24
292.878
288.258
277.861
270.272
268.527
266.216
260.027
253.681
250.672
250.056
252.046
263.062
294.599
334.254
365.035
384.404
394.276
398.313
399.048
399.588
399.781
399.651
398.441
394.122
384.362
366.534
305.851
284.445
279.743
278.925
278.779
278.752
278.747
278.746
278.746
348.432
348.432
348.432
348.432
348.432
348.432
348.432
348.432
348.432
348.432
348.432
348.432
348.431
348.429
348.416
348.367
348.17
347.594
346.13
343.121
337.892
330.306
321.395
311.826
303.197
292.972
288.739
278.282
270.466
268.663
266.292
260.076
253.727
250.716
250.167
252.069
263.05
294.596
334.245
365.046
384.449
394.535
398.675
399.285
399.72
399.781
399.539
398.219
393.906
384.251
366.419
305.579
284.382
279.73
278.922
278.779
278.752
278.747
278.746
278.746
348.432
348.432
348.432
348.432
348.432
348.432
348.432
348.432
348.432
348.432
348.432
348.432
348.431
348.429
348.416
348.367
348.171
347.598
346.139
343.136
337.905
330.313
321.379
311.787
303.128
292.841
288.284
277.87
270.223
268.514
266.281
260.211
253.757
250.675
250.145
251.913
262.806
294.405
333.678
364.566
384.16
394.481
398.611
399.251
399.479
399.412
399
397.674
393.683
384.377
366.453
305.316
284.318
279.717
278.92
278.778
278.752
278.747
278.746
278.746
348.432
348.432
348.432
348.432
348.432
348.432
348.432
348.432
348.432
348.432
348.432
348.432
348.431
348.429
348.416
348.368
348.173
347.603
346.148
343.152
337.921
330.322
321.365
311.746
303.074
292.792
288.568
278.35
270.463
268.639
266.397
260.296
253.821
250.635
250.096
251.793
262.345
293.631
333.002
364.332
384.219
394.597
398.876
399.495
399.572
399.381
398.736
397.207
393.276
384.248
366.459
305.068
284.25
279.704
278.917
278.778
278.752
278.747
278.746
278.746
348.432
348.432
348.432
348.432
348.432
348.432
348.432
348.432
348.432
348.432
348.432
348.432
348.431
348.429
348.416
348.368
348.175
347.608
346.158
343.169
337.94
330.331
321.354
311.703
303.02
292.686
288.312
277.895
270.225
268.56
266.41
260.288
253.85
250.613
250.053
251.609
261.796
293.144
332.872
363.931
384.067
394.743
399.269
399.855
399.824
399.371
398.277
396.583
392.821
384.248
366.64
304.823
284.175
279.69
278.915
278.777
278.752
278.747
278.746
278.746
348.432
348.432
348.432
348.432
348.432
348.432
348.432
348.432
348.432
348.432
348.432
348.432
348.431
348.429
348.417
348.369
348.177
347.613
346.168
343.187
337.961
330.342
321.346
311.661
302.961
292.579
288.307
278.183
270.306
268.57
266.428
260.21
253.856
250.658
250.055
251.576
261.574
292.948
332.701
363.623
384.011
395.042
399.597
400.142
400.076
399.311
397.885
396.182
392.562
384.328
366.822
304.536
284.092
279.675
278.912
278.777
278.752
278.747
278.746
278.746
348.432
348.432
348.432
348.432
348.432
348.432
348.432
348.432
348.432
348.432
348.432
348.432
348.431
348.429
348.417
348.369
348.179
347.617
346.179
343.206
337.985
330.356
321.344
311.621
302.897
292.466
288.195
277.979
270.129
268.544
266.448
260.427
254.112
250.979
250.253
251.876
261.826
292.513
331.685
363.186
383.708
394.684
399.198
400.37
400.32
399.261
397.519
395.726
392.176
384.344
366.957
304.202
284.005
279.66
278.91
278.777
278.752
278.747
278.746
278.746
348.432
348.432
348.432
348.432
348.432
348.432
348.432
348.432
348.432
348.432
348.432
348.432
348.431
348.429
348.417
348.369
348.181
347.622
346.191
343.226
338.01
330.374
321.348
311.584
302.829
292.349
288.091
277.944
270.114
268.46
266.454
260.675
254.262
251.036
250.274
251.939
262.354
292.879
331.708
362.708
383.216
394.446
399.448
401.038
400.889
399.653
397.201
395.219
391.642
384.121
366.895
303.856
283.92
279.646
278.908
278.776
278.752
278.747
278.746
278.746
348.432
348.432
348.432
348.432
348.432
348.432
348.432
348.432
348.432
348.432
348.432
348.432
348.431
348.429
348.417
348.37
348.183
347.627
346.202
343.248
338.038
330.399
321.358
311.554
302.761
292.235
287.97
277.825
269.884
268.263
266.248
260.384
253.735
250.312
249.705
251.43
262.031
292.924
331.901
362.837
383.175
394.297
399.613
401.315
401.17
400.07
396.843
394.556
391.151
384.01
367.129
303.57
283.834
279.631
278.906
278.776
278.752
278.747
278.746
278.746
348.432
348.432
348.432
348.432
348.432
348.432
348.432
348.432
348.432
348.432
348.432
348.432
348.431
348.429
348.417
348.37
348.184
347.632
346.213
343.27
338.068
330.43
321.373
311.534
302.697
292.116
287.838
277.696
269.735
268.128
266.14
260.293
253.339
249.983
249.392
251.091
261.38
292.079
331.48
362.927
383.89
395.089
400.148
401.692
401.407
400.306
396.893
393.727
390.519
383.838
367.059
303.153
283.724
279.616
278.904
278.776
278.752
278.747
278.746
278.746
348.432
348.432
348.432
348.432
348.432
348.432
348.432
348.432
348.432
348.432
348.432
348.432
348.431
348.429
348.417
348.37
348.186
347.636
346.224
343.293
338.099
330.469
321.393
311.52
302.639
292.002
287.693
277.539
269.513
267.996
266.161
260.468
253.663
250.663
249.997
251.595
261.403
291.917
331.363
362.96
383.973
395.805
400.551
402.443
402.361
401.092
397.7
393.468
389.537
382.892
365.991
302.65
283.629
279.605
278.903
278.776
278.752
278.747
278.746
278.746
348.432
348.432
348.432
348.432
348.432
348.432
348.432
348.432
348.432
348.432
348.432
348.432
348.431
348.429
348.417
348.371
348.187
347.641
346.235
343.316
338.133
330.513
321.422
311.515
302.593
291.89
287.547
277.342
269.27
267.866
266.141
260.591
254.038
251.255
250.758
252.438
261.72
291.103
331.106
362.831
383.161
394.831
400.28
402.652
403.204
401.918
398.098
393.808
388.927
382.341
365.784
302.439
283.583
279.597
278.902
278.776
278.752
278.747
278.746
278.746
348.432
348.432
348.432
348.432
348.432
348.432
348.432
348.432
348.432
348.432
348.432
348.432
348.431
348.429
348.417
348.371
348.189
347.645
346.246
343.34
338.168
330.562
321.462
311.522
302.567
291.801
287.403
277.1
268.976
267.61
265.855
260.243
253.749
250.947
250.622
252.516
261.93
290.618
330.668
362.552
382.806
394.287
399.782
402.173
403.117
402.213
398.208
393.722
388.753
382.112
365.816
302.117
283.509
279.588
278.902
278.776
278.752
278.747
278.746
278.746
348.432
348.432
348.432
348.432
348.432
348.432
348.432
348.432
348.432
348.432
348.432
348.432
348.431
348.429
348.418
348.371
348.19
347.648
346.256
343.363
338.206
330.616
321.514
311.543
302.548
291.743
287.261
276.817
268.637
267.258
265.495
259.805
253.16
250.114
249.733
251.95
262.06
291.087
330.681
362.485
383.213
394.824
400.297
402.706
403.208
402.397
398.685
393.428
388.414
381.339
364.083
301.41
283.406
279.584
278.904
278.777
278.752
278.747
278.746
278.746
348.432
348.432
348.432
348.432
348.432
348.432
348.432
348.432
348.432
348.432
348.432
348.432
348.431
348.429
348.418
348.371
348.191
347.651
346.266
343.385
338.244
330.675
321.579
311.579
302.556
291.721
287.141
276.556
268.304
266.835
265.049
259.28
252.574
249.647
249.153
251.64
262.17
291.559
330.735
362.896
383.886
395.534
401.097
403.56
404.292
403.138
399.514
393.873
387.745
379.889
361.713
300.918
283.363
279.589
278.907
278.778
278.753
278.747
278.746
278.746
348.432
348.432
348.432
348.432
348.432
348.432
348.432
348.432
348.432
348.432
348.432
348.432
348.431
348.429
348.418
348.371
348.192
347.654
346.274
343.405
338.281
330.738
321.653
311.637
302.599
291.721
287.078
276.375
268.047
266.445
264.539
258.584
251.801
249.155
248.743
251.418
262.054
291.553
330.57
363.062
384.35
396.164
401.602
404.123
404.974
404.009
400.03
394.686
387.799
378.824
359.858
300.641
283.374
279.604
278.911
278.779
278.753
278.747
278.746
278.746
348.432
348.432
348.432
348.432
348.432
348.432
348.432
348.432
348.432
348.432
348.432
348.432
348.431
348.429
348.418
348.371
348.193
347.656
346.282
343.424
338.315
330.803
321.732
311.718
302.685
291.772
287.043
276.291
267.917
266.189
264.141
258.017
251.094
248.407
248.388
251.133
261.619
291.045
330.257
363.261
384.862
396.622
401.925
404.284
405.117
404.379
400.391
394.907
387.854
377.795
357.681
300.479
283.438
279.629
278.917
278.78
278.753
278.747
278.746
278.746
348.432
348.432
348.432
348.432
348.432
348.432
348.432
348.432
348.432
348.432
348.432
348.432
348.431
348.429
348.418
348.371
348.194
347.658
346.288
343.439
338.347
330.864
321.812
311.818
302.807
291.869
287.091
276.291
267.857
266.075
263.944
257.706
250.673
247.914
248.063
250.776
261.005
290.184
329.7
363.355
385.343
397.199
402.383
404.521
405.045
404.487
400.457
394.635
387.28
376.61
356.084
300.73
283.601
279.67
278.925
278.782
278.753
278.748
278.746
278.746
348.432
348.432
348.432
348.432
348.432
348.432
348.432
348.432
348.432
348.432
348.432
348.432
348.431
348.429
348.418
348.371
348.195
347.659
346.294
343.452
338.375
330.92
321.888
311.928
302.947
291.995
287.215
276.419
267.947
266.078
263.862
257.567
250.469
247.658
247.786
250.415
260.548
289.583
329.066
362.867
385.021
397.205
402.368
404.328
404.751
403.999
399.8
394.103
386.538
375.807
356.225
301.512
283.866
279.721
278.935
278.784
278.754
278.748
278.746
278.746
348.432
348.432
348.432
348.432
348.432
348.432
348.432
348.432
348.432
348.432
348.432
348.432
348.431
348.429
348.418
348.371
348.195
347.66
346.299
343.462
338.4
330.968
321.954
312.038
303.077
292.13
287.373
276.596
268.113
266.196
263.888
257.508
250.4
247.459
247.445
250.016
260.152
289.126
328.561
361.664
383.622
396.055
401.367
403.216
403.525
402.506
398.398
393.484
386.136
375.59
357.494
302.629
284.183
279.778
278.945
278.785
278.754
278.748
278.746
278.746
348.432
348.432
348.432
348.432
348.432
348.432
348.432
348.432
348.432
348.432
348.432
348.432
348.431
348.429
348.418
348.372
348.195
347.661
346.303
343.47
338.422
331.007
322.013
312.14
303.18
292.262
287.524
276.748
268.267
266.303
263.922
257.422
250.198
247.003
246.922
249.411
259.503
288.373
327.759
360.745
382.503
394.911
400.459
402.17
402.379
401.088
397.161
393.02
386.302
375.874
358.873
303.965
284.505
279.835
278.955
278.787
278.754
278.748
278.746
278.746
348.432
348.432
348.432
348.432
348.432
348.432
348.432
348.432
348.432
348.432
348.432
348.432
348.431
348.429
348.418
348.372
348.196
347.661
346.306
343.476
338.441
331.038
322.072
312.228
303.275
292.394
287.649
276.864
268.387
266.374
263.927
257.332
250.044
246.626
246.371
248.722
258.706
287.455
326.75
359.964
381.651
393.962
399.761
401.493
401.581
400.401
396.439
392.57
386.685
376.567
360.063
305.379
284.817
279.891
278.964
278.788
278.754
278.748
278.746
278.746
348.432
348.432
348.432
348.432
348.432
348.432
348.432
348.432
348.432
348.432
348.432
348.432
348.431
348.429
348.418
348.372
348.196
347.662
346.307
343.481
338.455
331.062
322.127
312.303
303.383
292.535
287.793
277.024
268.566
266.519
264.029
257.362
249.982
246.398
246.134
248.274
258.071
286.704
325.939
359.1
380.76
393.015
398.965
400.906
401.135
400.07
396.16
392.16
386.861
377.376
361.269
307.03
285.135
279.944
278.972
278.79
278.755
278.748
278.746
278.746
348.432
348.432
348.432
348.432
348.432
348.432
348.432
348.432
348.432
348.432
348.432
348.432
348.431
348.429
348.418
348.372
348.196
347.662
346.309
343.484
338.465
331.082
322.171
312.367
303.492
292.676
287.964
277.248
268.833
266.803
264.331
257.693
250.292
246.647
246.13
248.14
257.71
286.204
325.482
358.538
380.117
392.289
398.248
400.445
400.727
399.279
396.25
392.073
386.931
378.332
362.953
309.197
285.449
279.987
278.978
278.79
278.755
278.748
278.746
278.746
348.432
348.432
348.432
348.432
348.432
348.432
348.432
348.432
348.432
348.432
348.432
348.432
348.431
348.429
348.418
348.372
348.196
347.662
346.309
343.486
338.47
331.095
322.2
312.417
303.582
292.797
288.13
277.479
269.119
267.143
264.734
258.19
250.822
247.228
246.628
248.304
257.601
285.969
325.212
358.222
379.759
391.929
397.82
399.976
400.101
398.785
396.575
392.311
387.119
379.289
365.176
311.735
285.679
280.011
278.98
278.79
278.755
278.748
278.746
278.746
348.432
348.432
348.432
348.432
348.432
348.432
348.432
348.432
348.432
348.432
348.432
348.432
348.431
348.429
348.418
348.372
348.196
347.662
346.309
343.487
338.472
331.102
322.216
312.45
303.639
292.882
288.256
277.66
269.348
267.433
265.095
258.652
251.334
247.835
247.256
248.779
258.001
286.291
325.444
358.029
379.641
391.824
397.655
399.726
399.567
398.62
396.827
392.769
387.562
380.191
367.092
313.319
285.76
280.012
278.979
278.79
278.755
278.748
278.746
278.746
348.432
348.432
348.432
348.432
348.432
348.432
348.432
348.432
348.432
348.432
348.432
348.432
348.431
348.429
348.418
348.372
348.196
347.662
346.309
343.487
338.473
331.106
322.223
312.467
303.668
292.93
288.331
277.768
269.49
267.622
265.338
258.966
251.691
248.283
247.762
249.344
258.634
286.951
326.034
358.449
380.128
392.329
398.03
399.925
399.653
398.953
397.297
393.41
388.157
380.772
367.906
313.366
285.711
280
278.977
278.79
278.755
278.748
278.746
278.746
348.432
348.432
348.432
348.432
348.432
348.432
348.432
348.432
348.432
348.432
348.432
348.432
348.431
348.429
348.418
348.372
348.196
347.662
346.309
343.487
338.474
331.108
322.225
312.475
303.68
292.951
288.366
277.819
269.558
267.718
265.465
259.134
251.886
248.544
248.071
249.798
259.243
287.693
326.805
359.186
380.857
393.052
398.725
400.579
400.626
399.686
397.899
394.064
388.699
381.013
367.801
312.508
285.613
279.986
278.975
278.79
278.755
278.748
278.746
278.746
348.432
348.432
348.432
348.432
348.432
348.432
348.432
348.432
348.432
348.432
348.432
348.432
348.431
348.429
348.418
348.372
348.196
347.662
346.309
343.487
338.474
331.108
322.226
312.478
303.684
292.96
288.38
277.839
269.586
267.757
265.517
259.204
251.968
248.666
248.224
250.076
259.662
288.268
327.495
359.87
381.526
393.705
399.46
401.44
401.657
400.511
398.447
394.562
389.082
381.026
367.365
311.604
285.53
279.976
278.974
278.789
278.755
278.748
278.746
278.746
348.432
348.432
348.432
348.432
348.432
348.432
348.432
348.432
348.432
348.432
348.432
348.432
348.431
348.429
348.418
348.372
348.196
347.662
346.309
343.487
338.474
331.108
322.226
312.479
303.685
292.963
288.384
277.846
269.595
267.77
265.536
259.229
251.997
248.714
248.283
250.229
259.901
288.592
327.892
360.299
381.965
394.177
399.967
402.004
402.527
401.15
398.848
394.916
389.319
380.975
366.948
310.962
285.479
279.971
278.973
278.789
278.755
278.748
278.746
278.746
348.432
348.432
348.432
348.432
348.432
348.432
348.432
348.432
348.432
348.432
348.432
348.432
348.431
348.429
348.418
348.372
348.196
347.662
346.309
343.487
338.474
331.108
322.226
312.48
303.686
292.964
288.386
277.848
269.598
267.774
265.541
259.236
252.006
248.73
248.303
250.298
260.008
288.734
328.063
360.538
382.205
394.421
400.266
402.38
402.875
401.587
399.052
395.091
389.439
380.97
366.752
310.632
285.456
279.968
278.973
278.789
278.755
278.748
278.746
278.746
348.432
348.432
348.432
348.432
348.432
348.432
348.432
348.432
348.432
348.432
348.432
348.432
348.431
348.429
348.418
348.372
348.196
347.662
346.309
343.487
338.474
331.108
322.226
312.48
303.686
292.964
288.386
277.849
269.599
267.775
265.543
259.238
252.009
248.734
248.309
250.324
260.047
288.785
328.122
360.646
382.317
394.534
400.388
402.521
403.01
401.809
399.148
395.168
389.49
380.966
366.663
310.49
285.447
279.967
278.973
278.789
278.755
278.748
278.746
278.746
348.432
348.432
348.432
348.432
348.432
348.432
348.432
348.432
348.432
348.432
348.432
348.432
348.431
348.429
348.418
348.372
348.196
347.662
346.309
343.487
338.474
331.108
322.226
312.48
303.686
292.964
288.386
277.849
269.599
267.775
265.543
259.238
252.009
248.735
248.31
250.332
260.059
288.801
328.14
360.683
382.356
394.573
400.43
402.57
403.06
401.891
399.186
395.198
389.51
380.965
366.631
310.439
285.444
279.967
278.973
278.789
278.755
278.748
278.746
278.746
348.432
348.432
348.432
348.432
348.432
348.432
348.432
348.432
348.432
348.432
348.432
348.432
348.431
348.429
348.418
348.372
348.196
347.662
346.309
343.487
338.474
331.108
322.226
312.48
303.686
292.964
288.386
277.849
269.599
267.775
265.543
259.239
252.009
248.736
248.311
250.334
260.062
288.805
328.145
360.694
382.368
394.585
400.444
402.585
403.075
401.918
399.199
395.207
389.516
380.965
366.62
310.423
285.443
279.967
278.973
278.789
278.755
278.748
278.746
278.746
348.432
348.432
348.432
348.432
348.432
348.432
348.432
348.432
348.432
348.432
348.432
348.432
348.431
348.429
348.418
348.372
348.196
347.662
346.309
343.487
338.474
331.108
322.226
312.48
303.686
292.964
288.386
277.849
269.599
267.775
265.543
259.239
252.009
248.736
248.311
250.334
260.063
288.806
328.147
360.697
382.371
394.588
400.447
402.589
403.08
401.925
399.203
395.21
389.518
380.964
366.618
310.419
285.442
279.967
278.973
278.789
278.755
278.748
278.746
278.746
348.432
348.432
348.432
348.432
348.432
348.432
348.432
348.432
348.432
348.432
348.432
348.432
348.431
348.429
348.418
348.372
348.196
347.662
346.309
343.487
338.474
331.108
322.226
312.48
303.686
292.964
288.386
277.849
269.599
267.775
265.543
259.239
252.009
248.736
248.311
250.335
260.063
288.807
328.147
360.698
382.371
394.589
400.448
402.59
403.081
401.927
399.204
395.211
389.518
380.964
366.617
310.418
285.442
279.967
278.973
278.789
278.755
278.748
278.746
278.746
348.432
348.432
348.432
348.432
348.432
348.432
348.432
348.432
348.432
348.432
348.432
348.432
348.431
348.429
348.418
348.372
348.196
347.662
346.309
343.487
338.474
331.108
322.226
312.48
303.686
292.964
288.386
277.849
269.599
267.775
265.543
259.239
252.009
248.736
248.311
250.335
260.064
288.807
328.147
360.698
382.372
394.589
400.448
402.591
403.081
401.927
399.204
395.211
389.519
380.964
366.617
310.418
285.442
279.967
278.973
278.789
278.755
278.748
278.746
278.746
278.746
278.746
278.746
278.746
278.746
278.746
278.746
278.746
278.746
278.746
278.746
278.746
278.746
278.746
278.746
278.746
278.746
278.746
278.746
278.746
278.746
278.746
278.746
278.746
278.746
278.746
278.746
278.746
278.746
278.746
278.746
278.746
278.746
278.746
278.746
278.746
278.746
278.746
278.746
278.746
278.746
278.746
278.746
278.746
278.746
278.746
278.746
278.746
278.746
278.746
278.746
278.746
278.746
278.746
278.746
278.746
278.746
278.746
278.746
278.746
278.746
278.746
278.746
278.746
278.746
278.746
278.746
278.746
278.746
278.746
278.746
278.746
278.746
278.746
278.746
278.746
278.746
278.746
278.746
278.746
278.746
278.746
278.746
278.746
278.746
278.746
278.746
278.746
278.746
278.746
278.746
278.746
278.746
278.746
278.746
278.746
278.746
278.746
278.746
278.746
278.746
278.746
278.746
278.746
278.746
278.746
278.746
278.746
278.746
278.746
278.746
278.746
278.746
278.746
278.746
278.746
278.746
278.746
278.746
278.746
278.746
278.746
278.746
278.746
278.746
278.746
278.746
278.746
278.746
278.746
278.746
278.746
278.746
278.746
278.746
278.746
278.746
278.746
278.746
278.746
278.746
278.746
278.746
278.746
278.746
278.746
278.746
278.746
278.746
278.746
278.746
278.746
278.746
278.746
278.746
278.746
278.746
278.746
278.746
278.746
278.746
278.746
278.746
278.746
278.746
278.746
278.746
278.746
278.746
278.746
278.746
278.746
278.746
278.746
278.746
278.746
278.746
278.746
278.746
278.746
278.746
278.746
278.746
278.746
278.746
278.746
278.746
278.746
278.746
278.746
278.746
278.746
278.746
278.746
278.746
278.746
278.746
278.746
278.746
278.746
278.746
278.746
278.746
278.746
278.746
278.746
278.746
278.746
278.746
278.746
278.746
278.746
278.746
278.746
278.746
278.746
278.746
278.746
278.746
278.746
278.746
278.746
278.746
278.746
278.746
278.746
278.746
278.746
278.746
278.746
278.746
278.746
278.746
278.746
278.746
278.746
278.746
278.746
278.746
278.746
278.746
278.746
278.746
278.746
278.746
278.746
278.746
278.746
278.746
278.746
278.746
278.746
278.746
278.746
278.746
278.746
278.746
278.746
278.746
278.746
278.746
278.746
278.746
278.746
278.746
278.746
278.746
278.746
278.746
278.746
278.746
278.746
278.746
278.746
278.746
278.746
278.746
278.746
278.746
278.746
278.746
278.746
278.746
278.746
278.746
278.746
278.746
278.746
278.746
278.746
278.746
278.746
278.746
278.746
278.746
278.746
278.746
278.746
278.746
278.746
278.746
278.746
278.746
278.746
278.746
278.746
278.746
278.746
278.746
278.746
278.746
278.746
278.746
278.746
278.746
278.746
278.746
278.746
278.746
278.746
278.746
278.746
278.746
278.746
278.746
278.746
278.746
278.746
278.746
278.746
278.746
278.746
278.746
278.746
278.746
278.746
278.746
278.746
278.746
278.746
278.746
278.746
278.746
278.746
278.746
278.746
278.746
278.746
278.746
278.746
278.746
278.746
278.746
278.746
278.746
278.746
278.746
278.746
278.746
278.746
278.746
278.746
278.746
278.746
278.746
278.746
278.746
278.746
278.746
278.746
278.746
278.746
278.746
278.746
278.746
278.746
278.746
278.746
278.746
278.746
278.746
278.746
278.746
278.746
278.746
278.746
278.746
278.746
278.746
278.746
278.746
278.746
278.746
278.746
278.746
278.746
278.746
278.746
278.746
278.746
278.746
278.746
278.746
278.746
278.746
278.746
278.746
278.746
278.746
278.746
278.746
278.746
278.746
278.746
278.746
278.746
278.746
278.746
278.746
278.746
278.746
278.746
278.746
278.746
278.746
278.746
278.746
278.746
278.746
278.746
278.746
278.746
278.746
278.746
278.746
278.746
278.746
278.746
278.746
278.746
278.746
278.746
278.746
278.746
278.746
278.746
278.746
278.746
278.746
278.746
278.746
278.746
278.746
278.746
278.746
278.746
278.746
278.746
278.746
278.746
278.746
278.746
278.746
278.746
278.746
278.746
278.746
278.746
278.746
278.746
278.746
278.746
278.746
278.746
278.746
278.746
278.746
278.746
278.746
278.746
278.746
278.746
278.746
278.746
278.746
278.746
278.746
278.746
278.746
278.746
278.746
278.746
278.746
278.746
278.746
278.746
278.746
278.746
278.746
278.746
278.746
278.746
278.746
278.746
278.746
278.746
278.746
278.746
278.746
278.746
278.746
278.746
278.746
278.746
278.746
278.746
278.746
278.746
278.746
278.746
278.746
278.746
278.746
278.746
278.746
278.746
278.746
278.746
278.746
278.746
278.746
278.746
278.746
278.746
278.746
278.746
278.746
278.746
278.746
278.746
278.746
278.746
278.746
278.746
278.746
278.746
278.746
278.746
278.746
278.746
278.746
278.746
278.746
278.746
278.746
278.746
278.746
278.746
278.746
278.746
278.746
278.746
278.746
278.746
278.746
278.746
278.746
278.746
278.746
278.746
278.746
278.746
278.746
278.746
278.746
278.746
278.746
278.746
278.746
278.746
278.746
278.746
278.746
278.746
278.746
278.746
278.746
278.746
278.746
278.746
278.746
278.746
278.746
278.746
278.746
278.746
278.746
278.746
278.746
278.746
278.746
278.746
278.746
278.746
278.746
278.746
278.746
278.746
278.746
278.746
278.746
278.746
278.746
278.746
278.746
278.746
278.746
278.746
278.746
278.746
278.746
278.746
278.746
278.746
278.746
278.746
278.746
278.746
278.746
278.746
278.746
278.746
278.746
278.746
278.746
278.746
278.746
278.746
278.746
278.746
278.746
278.746
278.746
278.746
278.746
278.746
278.746
278.746
278.746
278.746
278.746
278.746
278.746
278.746
278.746
278.746
278.746
278.746
278.746
278.746
278.746
278.746
278.746
278.746
278.746
278.746
278.746
278.746
278.746
278.746
278.746
278.746
278.746
278.746
278.746
278.746
278.746
278.746
278.746
278.746
278.746
278.746
278.746
278.746
278.746
278.746
278.746
278.746
278.746
278.746
278.746
278.746
278.746
278.746
278.746
278.746
278.746
278.746
278.746
278.746
278.746
278.746
278.746
278.746
278.746
278.746
278.746
278.746
278.746
278.746
278.746
278.746
278.746
278.746
278.746
278.746
278.746
278.746
278.746
278.746
278.746
278.746
278.746
278.746
278.746
278.746
278.746
278.746
278.746
278.746
278.746
278.746
278.746
278.746
278.746
278.746
278.746
278.746
278.746
278.746
278.746
278.746
278.746
278.746
278.746
278.746
278.746
278.746
278.746
278.746
278.746
278.746
278.746
278.746
278.746
278.746
278.746
278.746
278.746
278.746
278.746
278.746
278.746
278.746
278.746
278.746
278.746
278.746
278.746
278.746
278.746
278.746
278.746
278.746
278.746
278.746
278.746
278.746
278.746
278.746
278.746
278.746
278.746
278.746
278.746
278.746
278.746
278.746
278.746
278.746
278.746
278.746
278.746
278.746
278.746
278.746
278.746
278.746
278.746
278.746
278.746
278.746
278.746
278.746
278.746
278.746
278.746
278.746
278.746
278.746
278.746
278.746
278.746
278.746
278.746
278.746
278.746
278.746
278.746
278.746
278.746
278.746
278.746
278.746
278.746
278.746
278.746
278.746
278.746
278.746
278.746
278.746
278.746
278.746
278.746
278.746
278.746
278.746
278.746
278.746
278.746
278.746
278.746
278.746
278.746
278.746
278.746
278.746
278.746
278.746
278.746
278.746
278.746
278.746
278.746
278.746
278.746
278.746
278.746
278.746
278.746
278.746
278.746
278.746
278.746
278.746
278.746
278.746
278.746
278.746
278.746
278.746
278.746
278.746
278.746
278.746
278.746
278.746
278.746
278.746
278.746
278.746
278.746
278.746
278.746
278.746
278.746
278.746
278.746
278.746
278.746
278.746
278.746
278.746
278.746
278.746
278.746
278.746
278.746
278.746
278.746
278.746
278.746
278.746
278.746
278.746
278.746
278.746
278.746
278.746
278.746
278.746
278.746
278.746
278.746
278.746
278.746
278.746
278.746
278.746
278.746
278.746
278.746
278.746
278.746
278.746
278.746
278.746
278.746
278.746
278.746
278.746
278.746
278.746
278.746
278.746
278.746
278.746
278.746
278.746
278.746
278.746
278.746
278.746
278.746
278.746
278.746
278.746
278.746
278.746
278.746
278.746
278.746
278.746
278.746
278.746
278.746
278.746
278.746
278.746
278.746
278.746
278.746
278.746
278.746
278.746
278.746
278.746
278.746
278.746
278.746
278.746
278.746
278.746
278.746
278.746
278.746
278.746
278.746
278.746
278.746
278.746
278.746
278.746
278.746
278.746
278.746
278.746
278.746
278.746
278.746
278.746
278.746
278.746
278.746
278.746
278.746
278.746
278.746
278.746
278.746
278.746
278.746
278.746
278.746
278.746
278.746
278.746
278.746
278.746
278.746
278.746
278.746
278.746
278.746
278.746
278.746
278.746
278.746
278.746
278.746
278.746
278.746
278.746
278.746
278.746
278.746
278.746
278.746
278.746
278.746
278.746
278.746
278.746
278.746
278.746
278.746
278.746
278.746
278.746
278.746
278.746
278.746
278.746
278.746
278.746
278.746
278.746
278.746
278.746
278.746
278.746
278.746
278.746
278.746
278.746
278.746
278.746
278.746
278.746
278.746
278.746
278.746
278.746
278.746
278.746
278.746
278.746
278.746
278.746
278.746
278.746
278.746
278.746
278.746
278.746
278.746
278.746
278.746
278.746
278.746
278.746
278.746
278.746
278.746
278.746
278.746
278.746
278.746
278.746
278.746
278.746
278.746
278.746
278.746
278.746
278.746
278.746
278.746
278.746
278.746
278.746
278.746
278.746
278.746
278.746
278.746
278.746
278.746
278.746
278.746
278.746
278.746
278.746
278.746
278.746
278.746
278.746
278.746
278.746
278.746
278.746
278.746
278.746
278.746
278.746
278.746
278.746
278.746
278.746
278.746
278.746
278.746
278.746
278.746
278.746
278.746
278.746
278.746
278.746
278.746
278.746
278.746
278.746
278.746
278.746
278.746
278.746
278.746
278.746
278.746
278.746
278.746
278.746
278.746
278.746
278.746
278.746
278.746
278.746
278.746
278.746
278.746
278.746
278.746
278.746
278.746
278.746
278.746
278.746
278.746
278.746
278.746
278.746
278.746
278.746
278.746
278.746
278.746
278.746
278.746
278.746
278.746
278.746
278.746
278.746
278.746
278.746
278.746
278.746
278.746
278.746
278.746
278.746
278.746
278.746
278.746
278.746
278.746
278.746
278.746
278.746
278.746
278.746
278.746
278.746
278.746
278.746
278.746
278.746
278.746
278.746
278.746
278.746
278.746
278.746
278.746
278.746
278.746
278.746
278.746
278.746
278.746
278.746
278.746
278.746
278.746
278.746
278.746
278.746
278.746
278.746
278.746
278.746
278.746
278.746
278.746
278.746
278.746
278.746
278.746
278.746
278.746
278.746
278.746
278.746
278.746
278.746
278.746
278.746
278.746
278.746
278.746
278.746
278.746
278.746
278.746
278.746
278.746
278.746
278.746
278.746
278.746
278.746
278.746
278.746
278.746
278.746
278.746
278.746
278.746
278.746
278.746
278.746
278.746
278.746
278.746
278.746
278.746
278.746
278.746
278.746
278.746
278.746
278.746
278.746
278.746
278.746
278.746
278.746
278.746
278.746
278.746
278.746
278.746
278.746
278.746
278.746
278.746
278.746
278.746
278.746
278.746
278.746
278.746
278.746
278.746
278.746
278.746
278.746
278.746
278.746
278.746
278.746
278.746
278.746
278.746
278.746
278.746
278.746
278.746
278.746
278.746
278.746
278.746
278.746
278.746
278.746
278.746
278.746
278.746
278.746
278.746
278.746
278.746
278.746
278.746
278.746
278.746
278.746
278.746
278.746
278.746
278.746
278.746
278.746
278.746
278.746
278.746
278.746
278.746
278.746
278.746
278.746
278.746
278.746
278.746
278.746
278.746
278.746
278.746
278.746
278.746
278.746
278.746
278.746
278.746
278.746
278.746
278.746
278.746
278.746
278.746
278.746
278.746
278.746
278.746
278.746
278.746
278.746
278.746
278.746
278.746
278.746
278.746
278.746
278.746
278.746
278.746
278.746
278.746
278.746
278.746
278.746
278.746
278.746
278.746
278.746
278.746
278.746
278.746
278.746
278.746
278.746
278.746
278.746
278.746
278.746
278.746
278.746
278.746
278.746
278.746
278.746
278.746
278.746
278.746
278.746
278.746
278.746
278.746
278.746
278.746
278.746
278.746
278.746
278.746
278.746
278.746
278.746
278.746
278.746
278.746
278.746
278.746
278.746
278.746
278.746
278.746
278.746
278.746
278.746
278.746
278.746
278.746
278.746
278.746
278.746
278.746
278.746
278.746
278.746
278.746
278.746
278.746
278.746
278.746
278.746
278.746
278.746
278.746
278.746
278.746
278.746
278.746
278.746
278.746
278.746
278.746
278.746
278.746
278.746
278.746
278.746
278.746
278.746
278.746
278.746
278.746
278.746
278.746
278.746
278.746
278.746
278.746
278.746
278.746
278.746
278.746
278.746
278.746
278.746
278.746
278.746
278.746
278.746
278.746
278.746
278.746
278.746
278.746
278.746
278.746
278.746
278.746
278.746
278.746
278.746
278.746
278.746
278.746
278.746
278.746
278.746
278.746
278.746
278.746
278.746
278.746
278.746
278.746
278.746
278.746
278.746
278.746
278.746
278.746
278.746
278.746
278.746
278.746
278.746
278.746
278.746
278.746
278.746
278.746
278.746
278.746
278.746
278.746
278.746
278.746
278.746
278.746
278.746
278.746
278.746
278.746
278.746
278.746
278.746
278.746
278.746
278.746
278.746
278.746
278.746
278.746
278.746
278.746
278.746
278.746
278.746
278.746
278.746
278.746
278.746
278.746
278.746
278.746
278.746
278.746
278.746
278.746
278.746
278.746
278.746
278.746
278.746
278.746
278.746
278.746
278.746
278.746
278.746
278.746
278.746
278.746
278.746
278.746
278.746
278.746
278.746
278.746
278.746
278.746
278.746
278.746
278.746
278.746
278.746
278.746
278.746
278.746
278.746
278.746
278.746
278.746
278.746
278.746
278.746
278.746
278.746
278.746
278.746
278.746
278.746
278.746
278.746
278.746
278.746
278.746
278.746
278.746
278.746
278.746
278.746
278.746
278.746
278.746
278.746
278.746
278.746
278.746
278.746
278.746
278.746
278.746
278.746
278.746
278.746
278.746
278.746
278.746
278.746
278.746
278.746
278.746
278.746
278.746
278.746
278.746
278.746
278.746
278.746
278.746
278.746
278.746
278.746
278.746
278.746
278.746
278.746
278.746
278.746
278.746
278.746
278.746
278.746
278.746
278.746
278.746
278.746
278.746
278.746
278.746
278.746
278.746
278.746
278.746
278.746
278.746
278.746
278.746
278.746
278.746
278.746
278.746
278.746
278.746
278.746
278.746
278.746
278.746
278.746
278.746
278.746
278.746
278.746
278.746
278.746
278.746
278.746
278.746
278.746
278.746
278.746
278.746
278.746
278.746
278.746
278.746
278.746
278.746
278.746
278.746
278.746
278.746
278.746
278.746
278.746
278.746
278.746
278.746
278.746
278.746
278.746
278.746
278.746
278.746
278.746
278.746
278.746
278.746
278.746
278.746
278.746
278.746
278.746
278.746
278.746
278.746
278.746
278.746
278.746
278.746
278.746
278.746
278.746
278.746
278.746
278.746
278.746
278.746
278.746
278.746
278.746
278.746
278.746
278.746
278.746
278.746
278.746
278.746
278.746
278.746
278.746
278.746
278.746
278.746
278.746
278.746
278.746
278.746
278.746
278.746
278.746
278.746
278.746
278.746
278.746
278.746
278.746
278.746
278.746
278.746
278.746
278.746
278.746
278.746
278.746
278.746
278.746
278.746
278.746
278.746
278.746
278.746
278.746
278.746
278.746
278.746
278.746
278.746
278.746
278.746
278.746
278.746
278.746
278.746
278.746
278.746
278.746
278.746
278.746
278.746
278.746
278.746
278.746
278.746
278.746
278.746
278.746
278.746
278.746
278.746
278.746
278.746
278.746
278.746
278.746
278.746
278.746
278.746
278.746
278.746
278.746
278.746
278.746
278.746
278.746
278.746
278.746
278.746
278.746
278.746
278.746
278.746
278.746
278.746
278.746
278.746
278.746
278.746
278.746
278.746
278.746
278.746
278.746
278.746
278.746
278.746
278.746
278.746
278.746
278.746
278.746
278.746
278.746
278.746
278.746
278.746
278.746
278.746
278.746
278.746
278.746
278.746
278.746
278.746
278.746
278.746
278.746
278.746
278.746
278.746
278.746
278.746
278.746
278.746
278.746
278.746
278.746
278.746
278.746
278.746
278.746
278.746
278.746
278.746
278.746
278.746
278.746
278.746
278.746
278.746
278.746
278.746
278.746
278.746
278.746
278.746
278.746
278.746
278.746
278.746
278.746
278.746
278.746
278.746
278.746
278.746
278.746
278.746
278.746
278.746
278.746
278.746
278.746
278.746
278.746
278.746
278.746
278.746
278.746
278.746
278.746
278.746
278.746
278.746
278.746
278.746
278.746
278.746
278.746
278.746
278.746
278.746
278.746
278.746
278.746
278.746
278.746
278.746
278.746
278.746
278.746
278.746
278.746
278.746
278.746
278.746
278.746
278.746
278.746
278.746
278.746
278.746
278.746
278.746
278.746
278.746
278.746
278.746
278.746
278.746
278.746
278.746
278.746
278.746
278.746
278.746
278.746
278.746
278.746
278.746
278.746
278.746
278.746
278.746
278.746
278.746
278.746
278.746
278.746
278.746
278.746
278.746
278.746
278.746
278.746
278.746
278.746
278.746
278.746
278.746
278.746
278.746
278.746
278.746
278.746
278.746
278.746
278.746
278.746
278.746
278.746
278.746
278.746
278.746
278.746
278.746
278.746
278.746
278.746
278.746
278.746
278.746
278.746
278.746
278.746
278.746
278.746
278.746
278.746
278.746
278.746
278.746
278.746
278.746
278.746
278.746
278.746
278.746
278.746
278.746
278.746
278.746
278.746
278.746
278.746
278.746
278.746
278.746
278.746
278.746
278.746
278.746
278.746
278.746
278.746
278.746
278.746
278.746
278.746
278.746
278.746
278.746
278.746
278.746
278.746
278.746
278.746
278.746
278.746
278.746
278.746
278.746
278.746
278.746
278.746
278.746
278.746
278.746
278.746
278.746
278.746
278.746
278.746
278.746
278.746
278.746
278.746
278.746
278.746
278.746
278.746
278.746
278.746
278.746
278.746
278.746
278.746
278.746
278.746
278.746
278.746
278.746
278.746
278.746
278.746
278.746
278.746
278.746
278.746
278.746
278.746
278.746
278.746
278.746
278.746
278.746
278.746
278.746
278.746
278.746
278.746
278.746
278.746
278.746
278.746
278.746
278.746
278.746
278.746
278.746
278.746
278.746
278.746
278.746
278.746
278.746
278.746
278.746
278.746
278.746
278.746
278.746
278.746
278.746
278.746
278.746
278.746
278.746
278.746
278.746
278.746
278.746
278.746
278.746
278.746
278.746
278.746
278.746
278.746
278.746
278.746
278.746
278.746
278.746
278.746
278.746
278.746
278.746
278.746
278.746
278.746
278.746
278.746
278.746
278.746
278.746
278.746
278.746
278.746
278.746
278.746
278.746
278.746
278.746
278.746
278.746
278.746
278.746
278.746
278.746
278.746
278.746
278.746
278.746
278.746
278.746
278.746
278.746
278.746
278.746
278.746
278.746
278.746
278.746
278.746
278.746
278.746
278.746
278.746
278.746
278.746
278.746
278.746
278.746
278.746
278.746
278.746
278.746
278.746
278.746
278.746
278.746
278.746
278.746
278.746
278.746
278.746
278.746
278.746
278.746
278.746
278.746
278.746
278.746
278.746
278.746
278.746
278.746
278.746
278.746
278.746
278.746
278.746
278.746
278.746
278.746
278.746
278.746
278.746
278.746
278.746
278.746
278.746
278.746
278.746
278.746
278.746
278.746
278.746
278.746
278.746
278.746
278.746
278.746
278.746
278.746
278.746
278.746
278.746
278.746
278.746
278.746
278.746
278.746
278.746
278.746
278.746
278.746
278.746
278.746
278.746
278.746
278.746
278.746
278.746
278.746
278.746
278.746
278.746
278.746
278.746
278.746
278.746
278.746
278.746
278.746
278.746
278.746
278.746
278.746
278.746
278.746
278.746
278.746
278.746
278.746
278.746
278.746
278.746
278.746
278.746
278.746
278.746
278.746
278.746
278.746
278.746
278.746
278.746
278.746
278.746
278.746
278.746
278.746
278.746
278.746
278.746
278.746
278.746
278.746
278.746
278.746
278.746
278.746
278.746
278.746
278.746
278.746
278.746
278.746
278.746
278.746
278.746
278.746
278.746
278.746
278.746
278.746
278.746
278.746
278.746
278.746
278.746
278.746
278.746
278.746
278.746
278.746
278.746
278.746
278.746
278.746
278.746
278.746
278.746
278.746
278.746
278.746
278.746
278.746
278.746
278.746
278.746
278.746
278.746
278.746
278.746
278.746
278.746
278.746
278.746
278.746
278.746
278.746
278.746
278.746
278.746
278.746
278.746
278.746
278.746
278.746
278.746
278.746
278.746
278.746
278.746
278.746
278.746
278.746
278.746
278.746
278.746
278.746
278.746
278.746
278.746
278.746
278.746
278.746
278.746
278.746
278.746
278.746
278.746
278.746
278.746
278.746
278.746
278.746
278.746
278.746
278.746
278.746
278.746
278.746
278.746
278.746
278.746
278.746
278.746
278.746
278.746
278.746
278.746
278.746
278.746
278.746
278.746
278.746
278.746
278.746
278.746
278.746
278.746
278.746
278.746
278.746
278.746
278.746
278.746
278.746
278.746
278.746
278.746
278.746
278.746
278.746
278.746
278.746
278.746
278.746
278.746
278.746
278.746
278.746
278.746
278.746
278.746
278.746
278.746
278.746
278.746
278.746
278.746
278.746
278.746
278.746
278.746
278.746
278.746
278.746
278.746
278.746
278.746
278.746
278.746
278.746
278.746
278.746
278.746
278.746
278.746
278.746
278.746
278.746
278.746
278.746
278.746
278.746
278.746
278.746
278.746
278.746
278.746
278.746
278.746
278.746
278.746
278.746
278.746
278.746
278.746
278.746
278.746
278.746
278.746
278.746
278.746
278.746
278.746
278.746
278.746
278.746
278.746
278.746
278.746
278.746
278.746
278.746
278.746
278.746
278.746
278.746
278.746
278.746
278.746
278.746
278.746
278.746
278.746
278.746
278.746
278.746
278.746
278.746
278.746
278.746
278.746
278.746
278.746
278.746
278.746
278.746
278.746
278.746
278.746
278.746
278.746
278.746
278.746
278.746
278.746
278.746
278.746
278.746
278.746
278.746
278.746
278.746
278.746
278.746
278.746
278.746
278.746
278.746
278.746
278.746
278.746
278.746
278.746
278.746
278.746
278.746
278.746
278.746
278.746
278.746
278.746
278.746
278.746
278.746
278.746
278.746
278.746
278.746
278.746
278.746
278.746
278.746
278.746
278.746
278.746
278.746
278.746
278.746
278.746
278.746
278.746
278.746
278.746
278.746
278.746
278.746
278.746
278.746
278.746
278.746
278.746
278.746
278.746
278.746
278.746
278.746
278.746
278.746
278.746
278.746
278.746
278.746
278.746
278.746
278.746
278.746
278.746
278.746
278.746
278.746
278.746
278.746
278.746
278.746
278.746
278.746
278.746
278.746
278.746
278.746
278.746
278.746
278.746
278.746
278.746
278.746
278.746
278.746
278.746
278.746
278.746
278.746
278.746
278.746
278.746
278.746
278.746
278.746
278.746
278.746
278.746
278.746
278.746
278.746
278.746
278.746
278.746
278.746
278.746
278.746
278.746
278.746
278.746
278.746
278.746
278.746
278.746
278.746
278.746
278.746
278.746
278.746
278.746
278.746
278.746
278.746
278.746
278.746
278.746
278.746
278.746
278.746
278.746
278.746
278.746
278.746
278.746
278.746
278.746
278.746
278.746
278.746
278.746
278.746
278.746
278.746
278.746
278.746
278.746
278.746
278.746
278.746
278.746
278.746
278.746
278.746
278.746
278.746
278.746
278.746
278.746
278.746
278.746
278.746
278.746
278.746
278.746
278.746
278.746
278.746
278.746
278.746
278.746
278.746
278.746
278.746
278.746
278.746
278.746
278.746
278.746
278.746
278.746
278.746
278.746
278.746
278.746
278.746
278.746
278.746
278.746
278.746
278.746
278.746
278.746
278.746
278.746
278.746
278.746
278.746
278.746
278.746
278.746
278.746
278.746
278.746
278.746
278.746
278.746
278.746
278.746
278.746
278.746
278.746
278.746
278.746
278.746
278.746
278.746
278.746
278.746
278.746
278.746
278.746
278.746
278.746
278.746
278.746
278.746
278.746
278.746
278.746
278.746
278.746
278.746
278.746
278.746
278.746
278.746
278.746
278.746
278.746
278.746
278.746
278.746
278.746
278.746
278.746
278.746
278.746
278.746
278.746
278.746
278.746
278.746
278.746
278.746
278.746
278.746
278.746
278.746
278.746
278.746
278.746
278.746
278.746
278.746
278.746
278.746
278.746
278.746
278.746
278.746
278.746
278.746
278.746
278.746
278.746
278.746
278.746
278.746
278.746
278.746
278.746
278.746
278.746
278.746
278.746
278.746
278.746
278.746
278.746
278.746
278.746
278.746
278.746
278.746
278.746
278.746
278.746
278.746
278.746
278.746
278.746
278.746
278.746
278.746
278.746
278.746
278.746
278.746
278.746
278.746
278.746
278.746
278.746
278.746
278.746
278.746
278.746
278.746
278.746
278.746
278.746
278.746
278.746
278.746
278.746
278.746
278.746
278.746
278.746
278.746
278.746
278.746
278.746
278.746
278.746
278.746
278.746
278.746
278.746
278.746
278.746
278.746
278.746
278.746
278.746
278.746
278.746
278.746
278.746
278.746
278.746
278.746
278.746
278.746
278.746
278.746
278.746
278.746
278.746
278.746
278.746
278.746
278.746
278.746
278.746
278.746
278.746
278.746
278.746
278.746
278.746
278.746
278.746
278.746
278.746
278.746
278.746
278.746
278.746
278.746
278.746
278.746
278.746
278.746
278.746
278.746
278.746
278.746
278.746
278.746
278.746
278.746
278.746
278.746
278.746
278.746
278.746
278.746
278.746
278.746
278.746
278.746
278.746
278.746
278.746
278.746
278.746
278.746
278.746
278.746
278.746
278.746
278.746
278.746
278.746
278.746
278.746
278.746
278.746
278.746
278.746
278.746
278.746
278.746
278.746
278.746
278.746
278.746
278.746
278.746
278.746
278.746
278.746
278.746
278.746
278.746
278.746
278.746
278.746
278.746
278.746
278.746
278.746
278.746
278.746
278.746
278.746
278.746
278.746
278.746
278.746
278.746
278.746
278.746
278.746
278.746
278.746
278.746
278.746
278.746
278.746
278.746
278.746
278.746
278.746
278.746
278.746
278.746
278.746
278.746
278.746
278.746
278.746
278.746
278.746
278.746
278.746
278.746
278.746
278.746
278.746
278.746
278.746
278.746
278.746
278.746
278.746
278.746
278.746
278.746
278.746
278.746
278.746
278.746
278.746
278.746
278.746
278.746
278.746
278.746
278.746
278.746
278.746
278.746
278.746
278.746
278.746
278.746
278.746
278.746
278.746
278.746
278.746
278.746
278.746
278.746
278.746
278.746
278.746
278.746
278.746
278.746
278.746
278.746
278.746
278.746
278.746
278.746
278.746
278.746
278.746
278.746
278.746
278.746
278.746
278.746
278.746
278.746
278.746
278.746
278.746
278.746
278.746
278.746
278.746
278.746
278.746
278.746
278.746
278.746
278.746
278.746
278.746
278.746
278.746
278.746
278.746
278.746
278.746
278.746
278.746
278.746
278.746
278.746
278.746
278.746
278.746
278.746
278.746
278.746
278.746
278.746
278.746
278.746
278.746
278.746
278.746
278.746
278.746
278.746
278.746
278.746
278.746
278.746
278.746
278.746
278.746
278.746
278.746
278.746
278.746
278.746
278.746
278.746
278.746
278.746
278.746
278.746
278.746
278.746
278.746
278.746
278.746
278.746
278.746
278.746
278.746
278.746
278.746
278.746
278.746
278.746
278.746
278.746
278.746
278.746
278.746
278.746
278.746
278.746
278.746
278.746
278.746
278.746
278.746
278.746
278.746
278.746
278.746
278.746
278.746
278.746
278.746
278.746
278.746
278.746
278.746
278.746
278.746
278.746
278.746
278.746
278.746
278.746
278.746
278.746
278.746
278.746
278.746
278.746
278.746
278.746
278.746
278.746
278.746
278.746
278.746
278.746
278.746
278.746
278.746
278.746
278.746
278.746
278.746
278.746
278.746
278.746
278.746
278.746
278.746
278.746
278.746
278.746
278.746
278.746
278.746
278.746
278.746
278.746
278.746
278.746
278.746
278.746
278.746
278.746
278.746
278.746
278.746
278.746
278.746
278.746
278.746
278.746
278.746
278.746
278.746
278.746
278.746
278.746
278.746
278.746
278.746
278.746
278.746
278.746
278.746
278.746
278.746
278.746
278.746
278.746
278.746
278.746
278.746
278.746
278.746
278.746
278.746
278.746
278.746
278.746
278.746
278.746
278.746
278.746
278.746
278.746
278.746
278.746
278.746
278.746
278.746
278.746
278.746
278.746
278.746
278.746
278.746
278.746
278.746
278.746
278.746
278.746
278.746
278.746
278.746
278.746
278.746
278.746
278.746
278.746
278.746
278.746
278.746
278.746
278.746
278.746
278.746
278.746
278.746
278.746
278.746
278.746
278.746
278.746
278.746
278.746
278.746
278.746
278.746
278.746
278.746
278.746
278.746
278.746
278.746
278.746
278.746
278.746
278.746
278.746
278.746
278.746
278.746
278.746
278.746
278.746
278.746
278.746
278.746
278.746
278.746
278.746
278.746
278.746
278.746
278.746
278.746
278.746
278.746
278.746
278.746
278.746
278.746
278.746
278.746
278.746
278.746
278.746
278.746
278.746
278.746
278.746
278.746
278.746
278.746
278.746
278.746
278.746
278.746
278.746
278.746
278.746
278.746
278.746
278.746
278.746
278.746
278.746
278.746
278.746
278.746
278.746
278.746
278.746
278.746
278.746
278.746
278.746
278.746
278.746
278.746
278.746
278.746
278.746
278.746
278.746
278.746
278.746
278.746
278.746
278.746
278.746
278.746
278.746
278.746
278.746
278.746
278.746
278.746
278.746
278.746
278.746
278.746
278.746
278.746
278.746
278.746
278.746
278.746
278.746
278.746
278.746
278.746
278.746
278.746
278.746
278.746
278.746
278.746
278.746
278.746
278.746
278.746
278.746
278.746
278.746
278.746
278.746
278.746
278.746
278.746
278.746
278.746
278.746
278.746
278.746
278.746
278.746
278.746
278.746
278.746
278.746
278.746
278.746
278.746
278.746
278.746
278.746
278.746
278.746
278.746
278.746
278.746
278.746
278.746
278.746
278.746
278.746
278.746
278.746
278.746
278.746
278.746
278.746
278.746
278.746
278.746
278.746
278.746
278.746
278.746
278.746
278.746
278.746
278.746
278.746
278.746
278.746
278.746
278.746
278.746
278.746
278.746
278.746
278.746
278.746
278.746
278.746
278.746
278.746
278.746
278.746
278.746
278.746
278.746
278.746
278.746
278.746
278.746
278.746
278.746
278.746
278.746
278.746
278.746
278.746
278.746
278.746
278.746
278.746
278.746
278.746
278.746
278.746
278.746
278.746
278.746
278.746
278.746
278.746
278.746
278.746
278.746
278.746
278.746
278.746
278.746
278.746
278.746
278.746
278.746
278.746
278.746
278.746
278.746
278.746
278.746
278.746
278.746
278.746
278.746
278.746
278.746
278.746
278.746
278.746
278.746
278.746
278.746
278.746
278.746
278.746
278.746
278.746
278.746
278.746
278.746
278.746
278.746
278.746
278.746
278.746
278.746
278.746
278.746
278.746
278.746
278.746
278.746
278.746
278.746
278.746
278.746
278.746
278.746
278.746
278.746
278.746
278.746
278.746
278.746
278.746
278.746
278.746
278.746
278.746
278.746
278.746
278.746
278.746
278.746
278.746
278.746
278.746
278.746
278.746
278.746
278.746
278.746
278.746
278.746
278.746
278.746
278.746
278.746
278.746
278.746
278.746
278.746
278.746
278.746
278.746
278.746
278.746
278.746
278.746
278.746
278.746
278.746
278.746
278.746
278.746
278.746
278.746
278.746
278.746
278.746
278.746
278.746
278.746
278.746
278.746
278.746
278.746
278.746
278.746
278.746
278.746
278.746
278.746
278.746
278.746
278.746
278.746
278.746
278.746
278.746
278.746
278.746
278.746
278.746
278.746
278.746
278.746
278.746
278.746
278.746
278.746
278.746
278.746
278.746
278.746
278.746
278.746
278.746
278.746
278.746
278.746
278.746
278.746
278.746
278.746
278.746
278.746
278.746
278.746
278.746
278.746
278.746
278.746
278.746
278.746
278.746
278.746
278.746
278.746
278.746
278.746
278.746
278.746
278.746
278.746
278.746
278.746
278.746
278.746
278.746
278.746
278.746
278.746
278.746
278.746
278.746
278.746
278.746
278.746
278.746
278.746
278.746
278.746
278.746
278.746
278.746
278.746
278.746
278.746
278.746
278.746
278.746
278.746
278.746
278.746
278.746
278.746
278.746
278.746
278.746
278.746
278.746
278.746
278.746
278.746
278.746
278.746
278.746
278.746
278.746
278.746
278.746
278.746
278.746
278.746
278.746
278.746
278.746
278.746
278.746
278.746
278.746
278.746
278.746
278.746
278.746
278.746
278.746
278.746
278.746
278.746
278.746
278.746
278.746
278.746
278.746
278.746
278.746
278.746
278.746
278.746
278.746
278.746
278.746
278.746
278.746
278.746
278.746
278.746
278.746
278.746
278.746
278.746
278.746
278.746
278.746
278.746
278.746
278.746
278.746
278.746
278.746
278.746
278.746
278.746
278.746
278.746
278.746
278.746
278.746
278.746
278.746
278.746
278.746
278.746
278.746
278.746
278.746
278.746
278.746
278.746
278.746
278.746
278.746
278.746
278.746
278.746
278.746
278.746
278.746
278.746
278.746
278.746
278.746
278.746
278.746
278.746
278.746
278.746
278.746
278.746
278.746
278.746
278.746
278.746
278.746
278.746
278.746
278.746
278.746
278.746
278.746
278.746
278.746
278.746
278.746
278.746
278.746
278.746
278.746
278.746
278.746
278.746
278.746
278.746
278.746
278.746
278.746
278.746
278.746
278.746
278.746
278.746
278.746
278.746
278.746
278.746
278.746
278.746
278.746
278.746
278.746
278.746
278.746
278.746
278.746
278.746
278.746
278.746
278.746
278.746
278.746
278.746
278.746
278.746
278.746
278.746
278.746
278.746
278.746
278.746
278.746
278.746
278.746
278.746
278.746
278.746
278.746
278.746
278.746
278.746
278.746
278.746
278.746
278.746
278.746
278.746
278.746
278.746
278.746
278.746
278.746
278.746
278.746
278.746
278.746
278.746
278.746
278.746
278.746
278.746
278.746
278.746
278.746
278.746
278.746
278.746
278.746
278.746
278.746
278.746
278.746
278.746
278.746
278.746
278.746
278.746
278.746
278.746
278.746
278.746
278.746
278.746
278.746
278.746
278.746
278.746
278.746
278.746
278.746
278.746
278.746
278.746
278.746
278.746
278.746
278.746
278.746
278.746
278.746
278.746
278.746
278.746
)
;

boundaryField
{
    inlet
    {
        type            zeroGradient;
    }
    outlet
    {
        type            zeroGradient;
    }
    bottom
    {
        type            symmetryPlane;
    }
    top
    {
        type            symmetryPlane;
    }
    obstacle
    {
        type            zeroGradient;
    }
    defaultFaces
    {
        type            empty;
    }
}


// ************************************************************************* //
