/*--------------------------------*- C++ -*----------------------------------*\
| =========                 |                                                 |
| \\      /  F ield         | OpenFOAM: The Open Source CFD Toolbox           |
|  \\    /   O peration     | Version:  5.x                                   |
|   \\  /    A nd           | Web:      www.OpenFOAM.org                      |
|    \\/     M anipulation  |                                                 |
\*---------------------------------------------------------------------------*/
/*   Windows 32 and 64 bit porting by blueCAPE: http://www.bluecape.com.pt   *\
|  Based on Windows porting (2.0.x v4) by Symscape: http://www.symscape.com   |
\*---------------------------------------------------------------------------*/
FoamFile
{
    version     2.0;
    format      ascii;
    class       volScalarField;
    location    "0.008";
    object      mag(U);
}
// * * * * * * * * * * * * * * * * * * * * * * * * * * * * * * * * * * * * * //

dimensions      [0 1 -1 0 0 0 0];

internalField   nonuniform List<scalar> 
1000
(
3.07446e-012
3.03663e-012
2.95189e-012
2.95032e-012
3.01186e-012
2.97505e-012
2.91918e-012
2.8872e-012
2.8498e-012
2.89545e-012
2.74767e-012
2.74289e-012
2.79911e-012
2.65713e-012
2.66327e-012
2.6073e-012
2.6528e-012
2.55586e-012
2.55884e-012
2.57509e-012
2.55332e-012
2.53261e-012
2.53524e-012
2.46424e-012
2.57434e-012
2.67586e-012
2.9332e-012
3.45818e-012
4.33154e-012
7.40141e-012
1.40781e-011
3.00921e-011
6.61764e-011
1.48812e-010
3.35471e-010
7.53322e-010
1.67887e-009
3.71033e-009
8.12514e-009
1.76249e-008
3.78617e-008
8.05322e-008
1.69569e-007
3.53399e-007
7.2885e-007
1.48725e-006
3.00204e-006
5.99298e-006
1.18296e-005
2.30833e-005
4.45163e-005
8.48254e-005
0.000159661
0.000296769
0.000544566
0.000986183
0.00176195
0.00310456
0.00539276
0.00923101
0.0155641
0.0258367
0.0422057
0.0678114
0.107102
0.166191
0.253217
0.378625
0.555299
0.79843
1.12504
1.5531
2.10025
2.78227
3.61149
4.59538
5.7356
7.02761
8.46133
10.0231
11.6979
13.4709
15.3285
17.2583
19.2499
21.2944
23.3844
25.5138
27.6775
29.8713
32.0917
34.336
36.6017
38.8869
41.1898
43.5089
45.843
48.1911
50.552
52.925
55.3092
57.704
60.1086
62.5224
64.9449
67.3755
69.8137
72.259
74.711
77.1692
79.6331
82.1025
84.5769
87.0559
89.5393
92.0267
94.5177
97.0122
99.5098
102.01
104.513
107.019
109.527
112.036
114.547
117.06
119.575
122.09
124.607
127.124
129.642
132.161
134.68
137.2
139.719
142.239
144.759
147.278
149.797
152.316
154.834
157.351
159.867
162.382
164.897
167.409
169.922
172.431
174.94
177.445
179.95
182.453
184.952
187.45
189.945
192.436
194.925
197.41
199.891
202.369
204.842
207.31
209.774
212.232
214.684
217.13
219.569
222.001
224.425
226.84
229.246
231.642
234.026
236.399
238.759
241.104
243.434
245.746
248.04
250.314
252.564
254.791
256.99
259.16
261.297
263.399
265.461
267.481
269.453
271.374
273.239
275.043
276.781
278.447
280.036
281.543
282.962
284.288
285.518
286.647
287.673
288.595
289.413
290.127
290.743
291.264
291.696
292.049
292.33
292.548
292.714
292.837
292.924
292.985
293.027
293.055
293.071
293.082
293.09
293.096
293.102
293.108
293.114
293.121
293.13
293.138
293.148
293.157
293.165
293.172
293.179
293.185
293.19
293.195
293.198
293.201
293.204
293.206
293.208
293.209
293.21
293.211
293.212
293.212
293.213
293.213
293.213
293.214
293.215
293.215
293.216
293.217
293.218
293.22
293.221
293.222
293.224
293.225
293.227
293.228
293.229
293.23
293.231
293.232
293.232
293.232
293.232
293.231
293.231
293.23
293.229
293.228
293.226
293.224
293.219
293.212
293.2
293.179
293.145
293.092
293.014
292.906
292.767
292.595
292.403
292.202
292.142
292.268
292.143
291.647
291.175
290.933
290.85
290.814
290.798
290.794
290.794
290.802
290.802
290.78
3.36206e-012
3.3593e-012
3.61287e-012
3.42324e-012
3.82641e-012
3.58654e-012
3.87058e-012
4.19581e-012
3.99376e-012
4.31515e-012
3.98981e-012
3.74052e-012
3.92768e-012
3.60577e-012
3.7123e-012
3.51494e-012
3.41691e-012
3.11281e-012
3.16553e-012
2.643e-012
2.79464e-012
2.49496e-012
2.50772e-012
2.62223e-012
2.93587e-012
2.85586e-012
3.45769e-012
3.66236e-012
5.43945e-012
8.03092e-012
1.42892e-011
2.97629e-011
6.64071e-011
1.48816e-010
3.35541e-010
7.51922e-010
1.67798e-009
3.70922e-009
8.12425e-009
1.76247e-008
3.78608e-008
8.05315e-008
1.69569e-007
3.53398e-007
7.28849e-007
1.48725e-006
3.00203e-006
5.99298e-006
1.18296e-005
2.30833e-005
4.45163e-005
8.48254e-005
0.000159661
0.000296769
0.000544566
0.000986183
0.00176195
0.00310456
0.00539276
0.00923101
0.0155641
0.0258367
0.0422057
0.0678114
0.107102
0.166191
0.253217
0.378625
0.555299
0.79843
1.12504
1.5531
2.10025
2.78227
3.61149
4.59538
5.7356
7.02761
8.46133
10.0231
11.6979
13.4709
15.3285
17.2583
19.2499
21.2944
23.3844
25.5138
27.6775
29.8713
32.0917
34.336
36.6017
38.8869
41.1898
43.5089
45.843
48.1911
50.552
52.925
55.3092
57.704
60.1086
62.5224
64.9449
67.3755
69.8137
72.259
74.711
77.1692
79.6331
82.1025
84.5769
87.0559
89.5393
92.0267
94.5177
97.0122
99.5098
102.01
104.513
107.019
109.527
112.036
114.547
117.06
119.575
122.09
124.607
127.124
129.642
132.161
134.68
137.2
139.719
142.239
144.759
147.278
149.797
152.316
154.834
157.351
159.867
162.382
164.897
167.409
169.922
172.431
174.94
177.445
179.95
182.453
184.952
187.45
189.945
192.436
194.925
197.41
199.891
202.369
204.842
207.31
209.774
212.232
214.684
217.13
219.569
222.001
224.425
226.84
229.246
231.642
234.026
236.399
238.759
241.104
243.434
245.746
248.04
250.314
252.564
254.791
256.99
259.16
261.297
263.399
265.461
267.481
269.453
271.374
273.239
275.043
276.781
278.447
280.036
281.543
282.962
284.288
285.518
286.647
287.673
288.595
289.413
290.127
290.743
291.264
291.696
292.049
292.33
292.548
292.714
292.837
292.924
292.985
293.027
293.055
293.071
293.082
293.09
293.096
293.102
293.108
293.114
293.121
293.13
293.138
293.148
293.157
293.165
293.172
293.179
293.185
293.19
293.195
293.198
293.201
293.204
293.206
293.208
293.209
293.21
293.211
293.212
293.212
293.213
293.213
293.213
293.214
293.215
293.215
293.216
293.217
293.218
293.22
293.221
293.222
293.224
293.225
293.227
293.228
293.229
293.23
293.231
293.232
293.232
293.232
293.232
293.232
293.231
293.231
293.231
293.231
293.232
293.233
293.233
293.233
293.233
293.232
293.23
293.226
293.218
293.204
293.18
293.146
293.097
293.056
293.071
293.193
293.18
292.941
292.71
292.571
292.528
292.528
292.55
292.608
292.732
292.995
293.443
295.381
295.63
296.08
296.534
296.716
296.817
296.89
296.974
297.081
297.205
297.342
297.485
297.631
297.779
297.927
298.074
298.221
298.367
298.512
298.657
298.8
298.943
299.086
299.227
299.368
299.508
299.648
299.787
299.925
300.062
300.199
300.336
300.471
300.606
300.74
300.873
301.005
301.137
301.267
301.397
301.526
301.654
301.781
301.908
302.034
302.159
302.284
302.408
302.532
302.654
302.776
302.898
303.018
303.138
303.257
303.375
303.492
303.609
303.725
303.84
303.953
304.067
304.179
304.29
304.4
304.509
304.617
304.724
304.83
304.934
305.038
305.14
305.241
305.34
305.438
305.535
305.63
305.723
305.815
305.906
305.994
306.081
306.166
306.25
306.331
306.411
306.49
306.566
306.641
306.715
306.787
306.858
306.927
306.995
307.062
307.128
307.192
307.256
307.319
307.381
307.442
183.202
183.553
184.322
185.205
185.933
186.561
187.174
187.807
188.459
189.123
189.795
190.478
191.172
191.879
192.6
193.335
194.084
194.847
195.624
196.413
197.214
198.026
198.85
199.684
200.529
201.385
202.251
203.127
204.014
204.911
205.817
206.734
207.661
208.598
209.546
210.504
211.472
212.451
213.441
214.441
215.45
216.469
217.497
218.533
219.576
220.624
221.677
222.732
223.788
224.842
225.893
226.938
227.977
229.007
230.028
231.036
232.03
233.009
233.971
234.915
235.839
236.74
237.618
238.47
239.295
240.092
240.859
241.595
242.299
242.968
243.603
244.2
244.759
245.277
245.752
246.181
246.564
246.896
247.177
247.403
247.573
247.684
247.733
247.719
247.64
247.486
247.252
246.925
246.476
245.848
244.92
243.453
240.986
236.691
229.243
216.895
198.079
172.628
142.919
113.352
87.8688
67.8839
52.6461
40.7565
31.1357
23.1732
16.5822
11.2271
7.02661
3.89714
1.7623
0.62739
0.181268
0.0440559
0.00980802
0.00212789
0.000459292
9.90934e-005
2.1386e-005
4.61639e-006
9.96487e-007
2.15056e-007
4.63956e-008
1.00064e-008
2.15881e-009
4.68291e-010
1.03499e-010
2.56787e-011
8.22576e-012
5.52493e-012
4.41641e-012
4.90786e-012
4.56646e-012
5.12805e-012
4.64017e-012
5.18477e-012
4.81006e-012
5.15434e-012
5.09926e-012
5.10736e-012
5.25864e-012
5.06589e-012
4.90042e-012
5.05082e-012
4.82354e-012
4.89206e-012
4.70561e-012
4.56503e-012
4.36997e-012
4.21894e-012
307.606
307.526
307.369
307.138
306.854
306.572
306.312
306.07
305.836
305.604
305.369
305.132
304.891
304.648
304.403
304.156
303.908
303.658
303.407
303.155
302.902
302.647
302.389
302.129
301.868
301.606
301.341
301.074
300.805
300.536
300.267
299.997
299.729
299.461
299.196
298.934
298.674
298.42
298.172
297.929
297.692
297.461
297.239
297.024
296.817
296.618
296.428
296.244
296.066
295.896
295.732
295.571
295.406
295.235
295.067
294.894
294.698
294.487
294.268
294.034
293.784
293.518
293.236
292.94
292.63
292.309
291.977
291.637
291.291
290.941
290.587
290.234
289.88
289.529
289.18
288.836
288.496
288.161
287.832
287.509
287.192
286.88
286.575
286.275
285.982
285.694
285.411
285.134
284.861
284.591
284.324
284.056
283.782
283.498
283.195
282.867
282.503
282.097
281.654
281.183
280.694
280.181
279.632
279.005
278.195
276.973
274.935
271.26
263.498
244.022
193.828
109.847
40.5052
11.1198
2.59884
0.562081
0.118598
0.0248669
0.00520518
0.00108881
0.000227646
4.75747e-005
9.93805e-006
2.07507e-006
4.33082e-007
9.03472e-008
1.88401e-008
3.92804e-009
8.19556e-010
1.72054e-010
3.73455e-011
1.01593e-011
4.7593e-012
3.7675e-012
3.71667e-012
3.51013e-012
3.56888e-012
3.36233e-012
3.46133e-012
3.32377e-012
3.40627e-012
3.40393e-012
3.43606e-012
3.49217e-012
3.49964e-012
3.5448e-012
3.61376e-012
3.61329e-012
3.60929e-012
3.69218e-012
)
;

boundaryField
{
    inlet
    {
        type            calculated;
        value           nonuniform List<scalar> 2(3.36206e-012 3.07446e-012);
    }
    outlet
    {
        type            calculated;
        value           nonuniform List<scalar> 2(3.69218e-012 4.21894e-012);
    }
    bottom
    {
        type            symmetryPlane;
    }
    top
    {
        type            symmetryPlane;
    }
    obstacle
    {
        type            calculated;
        value           nonuniform List<scalar> 
102
(
290.78
183.202
295.63
296.08
296.534
296.716
296.817
296.89
296.974
297.081
297.205
297.342
297.485
297.631
297.779
297.927
298.074
298.221
298.367
298.512
298.657
298.8
298.943
299.086
299.227
299.368
299.508
299.648
299.787
299.925
300.062
300.199
300.336
300.471
300.606
300.74
300.873
301.005
301.137
301.267
301.397
301.526
301.654
301.781
301.908
302.034
302.159
302.284
302.408
302.532
302.654
302.776
302.898
303.018
303.138
303.257
303.375
303.492
303.609
303.725
303.84
303.953
304.067
304.179
304.29
304.4
304.509
304.617
304.724
304.83
304.934
305.038
305.14
305.241
305.34
305.438
305.535
305.63
305.723
305.815
305.906
305.994
306.081
306.166
306.25
306.331
306.411
306.49
306.566
306.641
306.715
306.787
306.858
306.927
306.995
307.062
307.128
307.192
307.256
307.319
307.381
307.442
)
;
    }
    defaultFaces
    {
        type            empty;
    }
}


// ************************************************************************* //
