/*--------------------------------*- C++ -*----------------------------------*\
| =========                 |                                                 |
| \\      /  F ield         | OpenFOAM: The Open Source CFD Toolbox           |
|  \\    /   O peration     | Version:  5.x                                   |
|   \\  /    A nd           | Web:      www.OpenFOAM.org                      |
|    \\/     M anipulation  |                                                 |
\*---------------------------------------------------------------------------*/
/*   Windows 32 and 64 bit porting by blueCAPE: http://www.bluecape.com.pt   *\
|  Based on Windows porting (2.0.x v4) by Symscape: http://www.symscape.com   |
\*---------------------------------------------------------------------------*/
FoamFile
{
    version     2.0;
    format      ascii;
    class       surfaceScalarField;
    location    "0.008";
    object      phi;
}
// * * * * * * * * * * * * * * * * * * * * * * * * * * * * * * * * * * * * * //

dimensions      [1 0 -1 0 0 0 0];

internalField   nonuniform List<scalar> 
1447
(
-1.42109e-013
1.49436e-013
-7.4607e-014
1.48659e-013
-1.13687e-013
1.44454e-013
-1.59872e-013
1.44378e-013
-3.30402e-013
1.44433e-013
-1.95399e-013
1.43434e-013
-1.20792e-013
1.43593e-013
-2.27374e-013
1.39326e-013
-1.66978e-013
1.39284e-013
-1.10134e-013
1.39055e-013
-1.06581e-013
1.34413e-013
-1.63425e-013
1.32935e-013
-9.23706e-014
1.34247e-013
-6.39488e-014
1.29591e-013
-6.39488e-014
1.29452e-013
1.10134e-013
1.27509e-013
1.95399e-013
1.28071e-013
9.59233e-014
1.23457e-013
1.91847e-013
1.24407e-013
1.95399e-013
1.21209e-013
-1.52767e-013
1.22638e-013
-2.27374e-013
1.17746e-013
-9.59233e-014
1.22173e-013
1.06581e-013
1.2023e-013
4.05009e-013
1.24525e-013
6.14619e-013
1.22e-013
9.37916e-013
1.27877e-013
1.41398e-012
1.26947e-013
2.34479e-012
1.2905e-013
4.78195e-012
1.28189e-013
9.94405e-012
1.31326e-013
2.18563e-011
1.29161e-013
4.87539e-011
1.30305e-013
1.10028e-010
1.30132e-013
2.47795e-010
1.3229e-013
5.54582e-010
1.3007e-013
1.23093e-009
1.28959e-013
2.70829e-009
1.28883e-013
5.90334e-009
1.2608e-013
1.27444e-008
1.23894e-013
2.72447e-008
1.2261e-013
5.76633e-008
1.21521e-013
1.20808e-007
1.1928e-013
2.50492e-007
1.18384e-013
5.13936e-007
1.16129e-013
1.04318e-006
1.14651e-013
2.09438e-006
1.12937e-013
4.1582e-006
1.12778e-013
8.16225e-006
1.13361e-013
1.58368e-005
1.10495e-013
3.0365e-005
1.10155e-013
5.75188e-005
1.05783e-013
0.000107612
1.03598e-013
0.000198791
1.02293e-013
0.000362483
1.02002e-013
0.00065221
9.88654e-014
0.00115757
1.00572e-013
0.00202583
9.61384e-014
0.00349451
9.51669e-014
0.00593897
9.29465e-014
0.00993992
9.10175e-014
0.0163754
9.06289e-014
0.026541
8.58549e-014
0.0422985
8.49737e-014
0.0662479
8.15389e-014
0.101907
8.01789e-014
0.153877
7.98181e-014
0.227941
7.53772e-014
0.331068
7.48013e-014
0.471248
7.00412e-014
0.657124
6.95347e-014
0.897419
6.6773e-014
1.20018
6.49342e-014
1.57196
6.33868e-014
2.017
6.22905e-014
2.53664
5.8939e-014
3.12903
6.06043e-014
3.78914
5.67602e-014
4.50935
5.94733e-014
5.28096
5.45189e-014
6.09519
5.21111e-014
6.94386
5.33046e-014
7.81966
5.10841e-014
8.71626
5.13062e-014
9.62833
5.10425e-014
10.5514
4.86833e-014
11.4819
4.89539e-014
12.4167
4.55955e-014
13.3534
4.69833e-014
14.29
4.58314e-014
15.2248
4.47004e-014
16.1564
4.6671e-014
17.0838
4.50057e-014
18.006
4.38261e-014
18.9222
4.37012e-014
19.8317
4.24799e-014
20.734
4.4742e-014
21.6286
4.48253e-014
22.515
4.38954e-014
23.3929
4.42285e-014
24.2619
4.29309e-014
25.1219
4.34722e-014
25.9724
4.3486e-014
26.8134
4.35901e-014
27.6445
4.37705e-014
28.4657
4.35832e-014
29.2766
4.44367e-014
30.0773
4.39926e-014
30.8676
4.30628e-014
31.6473
4.32918e-014
32.4164
4.23828e-014
33.1748
4.26464e-014
33.9224
4.28477e-014
34.6591
4.26673e-014
35.3849
4.27922e-014
36.0998
4.22509e-014
36.8036
4.1786e-014
37.4965
4.16681e-014
38.1783
4.13003e-014
38.8491
4.13072e-014
39.5089
4.15848e-014
40.1577
4.12656e-014
40.7955
4.01554e-014
41.4223
3.91943e-014
42.0382
3.86392e-014
42.6432
3.80494e-014
43.2373
3.81223e-014
43.8206
3.78586e-014
44.3931
3.72133e-014
44.9549
3.70398e-014
45.5061
3.67345e-014
46.0467
3.63806e-014
46.5767
3.59365e-014
47.0963
3.56416e-014
47.6054
3.55375e-014
48.1043
3.54612e-014
48.5929
3.54022e-014
49.0712
3.51351e-014
49.5396
3.49304e-014
49.9976
3.48888e-014
50.4466
3.53259e-014
50.8838
3.57457e-014
51.3147
3.58012e-014
51.73
3.57075e-014
52.1444
3.56902e-014
52.5383
3.61204e-014
52.9337
3.65229e-014
53.313
3.65263e-014
53.6803
3.64986e-014
54.0534
3.68108e-014
54.3927
3.72653e-014
54.7482
3.7581e-014
55.0816
3.79106e-014
55.3995
3.80286e-014
55.7295
3.8327e-014
56.033
3.88405e-014
56.3273
3.93713e-014
56.6302
3.96558e-014
56.9099
3.97946e-014
57.1775
4.0204e-014
57.453
4.04191e-014
57.7129
4.03531e-014
57.9548
4.04642e-014
58.2001
4.07625e-014
58.4413
4.09568e-014
58.6631
4.0766e-014
58.877
4.05544e-014
59.094
4.04711e-014
59.3009
4.00305e-014
59.4911
3.96939e-014
59.6771
3.95552e-014
59.8635
3.91354e-014
60.0399
3.89445e-014
60.2017
3.85803e-014
60.3584
3.83686e-014
60.5149
3.79696e-014
60.6636
3.75221e-014
60.7993
3.7071e-014
60.927
3.68941e-014
61.0534
3.65923e-014
61.1759
3.62904e-014
61.2879
3.59296e-014
61.3893
3.55861e-014
61.486
3.5548e-014
61.5811
3.55271e-014
61.6707
3.53988e-014
61.7502
3.54231e-014
61.8209
3.5567e-014
61.8877
3.51611e-014
61.9526
3.45089e-014
62.0124
3.4233e-014
62.0636
3.40006e-014
62.1068
3.36519e-014
62.146
3.29129e-014
62.1834
3.23942e-014
62.2176
3.17194e-014
62.2459
3.07358e-014
62.2669
2.9865e-014
62.2827
2.90479e-014
62.2976
2.81043e-014
62.3129
2.70305e-014
62.3246
2.58508e-014
62.3302
2.47719e-014
62.3321
2.37692e-014
62.3339
2.2652e-014
62.3359
2.1573e-014
62.3376
2.04472e-014
62.3389
1.92919e-014
62.3375
1.82146e-014
62.3327
1.71252e-014
62.3286
1.60739e-014
62.3285
1.49897e-014
62.3294
1.40703e-014
62.3279
1.3177e-014
62.3251
1.23131e-014
62.3214
1.15463e-014
62.3188
1.07258e-014
62.3174
9.96425e-015
62.3167
9.20444e-015
62.3164
8.40647e-015
62.3154
7.40727e-015
62.3128
6.24327e-015
62.31
5.16254e-015
62.3079
4.02109e-015
62.3065
2.91954e-015
62.3055
1.82666e-015
62.3046
7.25114e-016
62.3026
-4.12864e-016
62.2995
-1.7087e-015
62.2964
-2.84668e-015
62.294
-4.5363e-015
62.2922
-4.95264e-015
62.2908
-5.39499e-015
62.2888
-4.10609e-015
62.2856
-1.09582e-014
62.282
-9.97466e-015
62.2788
-1.01238e-014
62.2766
-1.01499e-014
62.2747
-1.11196e-014
62.272
-1.11022e-014
62.2683
-1.2117e-014
62.264
-1.3883e-014
62.2599
-1.14735e-014
62.2567
-2.11098e-014
62.2541
-7.04818e-015
62.2511
-3.64101e-014
62.2466
-1.70731e-014
62.241
-5.16427e-014
62.2357
-5.49196e-014
62.2318
1.28408e-013
62.2287
1.12238e-012
62.2248
5.9481e-012
62.219
2.24991e-011
62.212
7.34361e-011
62.2053
2.09556e-010
62.1999
5.30426e-010
62.195
1.20798e-009
62.1895
2.49087e-009
62.1823
4.67838e-009
62.1737
8.04373e-009
62.1647
1.26986e-008
62.1564
1.8463e-008
62.1487
2.4824e-008
62.1407
3.1162e-008
62.1311
3.76603e-008
62.1193
4.6804e-008
62.1059
7.75329e-008
62.0922
1.50267e-007
62.0793
3.24905e-007
62.0676
6.13506e-007
62.0563
1.0842e-006
62.0435
1.89308e-006
62.027
3.25679e-006
62.0048
5.45962e-006
61.9765
8.91059e-006
61.943
1.41617e-005
61.9068
2.21392e-005
61.8708
3.49403e-005
61.8383
5.55827e-005
61.8123
8.87466e-005
61.7911
0.000139827
61.7755
0.000215913
61.7643
0.00032351
61.7529
0.000467321
61.7306
0.000656402
61.6574
0.000881991
61.4554
0.00117432
60.4974
0.0014484
58.3973
0.00171012
55.9507
0.00200887
53.3787
0.0023814
50.8235
0.00276361
48.44
0.00312501
46.3397
0.00347478
44.534
0.00381785
43.0776
0.00415543
41.8791
0.00451259
41.01
0.0048905
40.2828
0.00537705
0.00593784
-5.42855e-012
-6.39488e-012
-6.25278e-012
-7.47491e-012
-7.41807e-012
-8.12861e-012
-9.89075e-012
-1.04876e-011
-1.0715e-011
-1.09992e-011
-9.23706e-012
-9.72022e-012
-9.26548e-012
-8.3844e-012
-8.86757e-012
-8.01492e-012
-7.5886e-012
-5.91172e-012
-4.88853e-012
-4.54747e-012
-2.84217e-012
-4.54747e-013
2.01794e-012
4.43379e-012
4.68958e-012
6.33804e-012
8.83915e-012
1.23066e-011
2.02647e-011
3.46745e-011
6.93205e-011
1.52653e-010
3.41657e-010
7.70683e-010
1.7323e-009
3.87806e-009
8.61317e-009
1.8955e-008
4.13209e-008
8.92089e-008
1.90711e-007
4.03641e-007
8.45654e-007
1.75344e-006
3.59755e-006
7.30226e-006
1.46607e-005
2.91074e-005
5.71357e-005
0.000110858
0.000212555
0.000402632
0.000753284
0.00139154
0.00253738
0.00456547
0.00810298
0.0141808
0.0244616
0.0415728
0.0695794
0.114628
0.185787
0.29609
0.463735
0.713352
1.07714
1.59558
2.31748
3.29874
4.59987
6.28193
8.40128
11.0037
14.119
17.7565
21.9032
26.524
31.5655
36.9667
42.6663
48.607
54.7376
61.0138
67.3983
73.86
80.3731
86.9168
93.4736
100.03
106.573
113.095
119.587
126.042
132.455
138.822
145.138
151.4
157.605
163.75
169.834
175.853
181.807
187.694
193.512
199.26
204.937
210.541
216.073
221.531
226.915
232.224
237.457
242.614
247.694
252.698
257.625
262.475
267.248
271.944
276.562
281.104
285.568
289.956
294.267
298.502
302.661
306.744
310.752
314.685
318.543
322.327
326.037
329.674
333.238
336.73
340.15
343.499
346.777
349.983
353.126
356.186
359.203
362.11
365.011
367.768
370.536
373.191
375.762
378.374
380.749
383.238
385.571
387.797
390.107
392.231
394.291
396.411
398.369
400.243
402.171
403.99
405.684
407.401
409.089
410.642
412.139
413.658
415.106
416.437
417.74
419.045
420.28
421.412
422.509
423.604
424.645
425.595
426.489
427.374
428.231
429.015
429.725
430.402
431.068
431.695
432.251
432.746
433.214
433.668
434.087
434.445
434.748
435.022
435.284
435.523
435.721
435.868
435.979
436.083
436.19
436.273
436.311
436.324
436.337
436.351
436.363
436.372
436.362
436.329
436.3
436.3
436.306
436.296
436.276
436.25
436.231
436.222
436.217
436.215
436.208
436.19
436.17
436.155
436.146
436.138
436.132
436.118
436.097
436.075
436.058
436.046
436.036
436.021
435.999
435.974
435.952
435.936
435.923
435.904
435.878
435.848
435.82
435.797
435.779
435.758
435.726
435.687
435.65
435.622
435.601
435.574
435.533
435.484
435.437
435.399
435.365
435.327
435.276
435.216
435.153
435.095
435.041
434.985
434.917
434.835
434.742
434.645
434.556
434.474
434.395
434.306
434.191
434.037
433.84
433.608
433.358
433.113
432.897
432.726
432.607
432.528
432.469
432.387
432.236
431.784
430.126
424.134
409.588
392.452
374.451
356.608
340.056
325.28
312.814
302.412
294.306
287.887
283.483
280.223
279.816
279.567
279.327
279.096
278.874
278.661
278.457
278.262
278.077
277.903
277.74
277.587
277.443
277.309
277.184
277.066
276.955
276.85
276.751
276.655
276.564
276.476
276.391
276.309
276.229
276.153
276.08
276.009
275.942
275.878
275.818
275.762
275.709
275.66
275.614
275.572
275.534
275.499
275.467
275.438
275.412
275.388
275.368
275.349
275.333
275.319
275.307
275.297
275.287
275.28
275.274
275.269
275.267
275.265
275.265
275.266
275.269
275.272
275.277
275.283
275.29
275.297
275.306
275.314
275.325
275.336
275.347
275.359
275.372
275.385
275.399
275.413
275.427
275.442
275.457
275.472
275.487
275.502
275.518
275.533
275.549
275.564
275.58
275.596
275.611
275.627
275.642
275.658
275.673
275.688
275.704
275.719
275.734
275.749
275.764
275.779
275.793
275.808
275.823
275.837
21.0825
-0.195637
21.1488
-0.200756
21.2152
-0.200833
21.2828
-0.201131
21.3516
-0.201548
21.4201
-0.202009
21.488
-0.202496
21.5575
-0.203036
21.6306
-0.203661
21.7065
-0.204384
21.7825
-0.205199
21.8572
-0.206086
21.9333
-0.207052
22.0155
-0.208129
22.1056
-0.209348
22.2001
-0.210701
22.2934
-0.212148
22.382
-0.21364
22.4674
-0.215154
22.5555
-0.216702
22.6532
-0.218315
22.766
-0.220021
22.8964
-0.221834
23.0439
-0.223752
23.2058
-0.225755
23.3789
-0.227814
23.5596
-0.229906
23.7452
-0.232014
23.9335
-0.234126
24.1231
-0.236239
24.3134
-0.238356
24.504
-0.240479
24.6949
-0.242613
24.8861
-0.244764
25.0775
-0.246936
25.2692
-0.24913
25.461
-0.251354
25.6528
-0.253609
25.8442
-0.25588
26.0353
-0.258156
26.2258
-0.260422
26.4157
-0.262658
26.6048
-0.264852
26.7933
-0.266993
26.9806
-0.269068
27.1666
-0.271056
27.3511
-0.27294
27.5334
-0.274686
27.7133
-0.276267
27.8907
-0.277649
28.0651
-0.278803
28.2365
-0.279698
28.4049
-0.280326
28.57
-0.280683
28.7318
-0.280776
28.8901
-0.280561
29.0449
-0.280046
29.196
-0.27929
29.343
-0.278279
29.4856
-0.277033
29.6233
-0.27558
29.7556
-0.273938
29.8822
-0.272141
30.0027
-0.270217
30.1165
-0.268204
30.2236
-0.266139
30.3237
-0.264073
30.4163
-0.262048
30.5012
-0.260117
30.5784
-0.258332
30.6472
-0.256742
30.7073
-0.255379
30.7586
-0.254268
30.8003
-0.253392
30.8321
-0.2527
30.8536
-0.252093
30.8644
-0.251451
30.864
-0.250754
30.8521
-0.250026
30.8284
-0.249279
30.792
-0.248524
30.7426
-0.247766
30.68
-0.247016
30.6034
-0.246274
30.5113
-0.245556
30.4022
-0.244873
30.2734
-0.24424
30.1201
-0.243693
29.9329
-0.243305
29.6934
-0.2432
29.3659
-0.243586
28.884
-0.2448
28.1305
-0.247318
26.92
-0.251717
25.0174
-0.258504
22.2397
-0.267772
18.6463
-0.278758
14.6618
-0.28955
10.9161
-0.29733
7.88257
-0.29931
5.67365
-0.294009
4.13472
-0.281624
3.04455
-0.26333
2.23416
-0.240328
1.60568
-0.213648
1.10948
-0.183864
0.721105
-0.151414
0.427557
-0.116838
0.220714
-0.0810836
0.0929729
-0.0459565
0.0306035
-0.01751
0.00845925
-0.0047275
0.00215434
-0.00113889
0.000528419
-0.000255181
0.000126703
-5.46619e-005
2.98743e-005
-1.15114e-005
6.95085e-006
-2.41239e-006
1.59988e-006
-5.04837e-007
3.64957e-007
-1.0558e-007
8.2624e-008
-2.20705e-008
1.85844e-008
-4.61162e-009
4.15663e-009
-9.6318e-010
9.2515e-010
-2.01089e-010
2.05077e-010
-4.19734e-011
4.5361e-011
-8.76672e-012
1.00813e-011
-1.83974e-012
2.3137e-012
-3.95341e-013
6.03517e-013
-9.40211e-014
2.53575e-013
-3.03325e-014
1.94955e-013
-1.65805e-014
2.03393e-013
-1.34107e-014
2.13607e-013
-1.27697e-014
2.23377e-013
-1.28101e-014
2.23377e-013
-1.27346e-014
2.18048e-013
-1.28439e-014
2.35367e-013
-1.29536e-014
2.3137e-013
-1.29441e-014
2.39808e-013
-1.29831e-014
2.40696e-013
-1.31288e-014
2.5091e-013
-1.32654e-014
2.34035e-013
-1.3471e-014
2.26041e-013
-1.35465e-014
2.15383e-013
-1.36167e-014
2.18048e-013
-1.3739e-014
2.07834e-013
-1.3958e-014
1.96287e-013
-1.38522e-014
1.803e-013
-1.42469e-014
1.69198e-013
-1.41571e-014
1.44329e-013
-1.43019e-014
-1.44338e-014
275.722
275.599
275.474
275.348
275.217
275.082
274.943
274.8
274.654
274.505
274.352
274.198
274.043
273.886
273.73
273.573
273.416
273.259
273.102
272.944
272.785
272.623
272.457
272.29
272.123
271.951
271.774
271.593
271.412
271.233
271.055
270.873
270.681
270.476
270.264
270.054
269.87
269.722
269.6
269.483
269.352
269.2
269.036
268.885
268.772
268.713
268.713
268.752
268.799
268.814
268.765
268.636
268.421
268.144
267.826
267.382
266.838
266.29
265.761
265.268
264.819
264.41
264.034
263.682
263.346
263.015
262.687
262.356
262.023
261.691
261.36
261.032
260.708
260.388
260.073
259.763
259.458
259.157
258.86
258.569
258.287
258.013
257.747
257.488
257.238
256.995
256.758
256.526
256.3
256.077
255.852
255.623
255.381
255.119
254.829
254.503
254.134
253.73
253.302
252.861
252.412
251.944
251.42
250.766
249.824
248.22
245.257
239.232
223.66
178.316
95.4228
36.8534
10.4282
2.39594
0.511762
0.107537
0.0225267
0.00471498
0.000986403
0.000206272
4.31163e-005
9.00851e-006
1.88136e-006
3.92734e-007
8.19462e-008
1.70911e-008
3.56334e-009
7.42943e-010
1.55222e-010
3.28058e-011
7.45359e-012
2.20624e-012
1.03029e-012
8.2423e-013
6.6791e-013
5.86198e-013
4.9738e-013
3.44613e-013
2.34479e-013
4.9738e-014
1.24345e-013
1.13687e-013
2.84217e-014
-1.74083e-013
-2.13163e-013
-3.30402e-013
-2.20268e-013
-2.70006e-013
-3.05533e-013
)
;

boundaryField
{
    inlet
    {
        type            calculated;
        value           nonuniform List<scalar> 2(5.16884e-012 2.21189e-013);
    }
    outlet
    {
        type            calculated;
        value           nonuniform List<scalar> 2(-3.15291e-013 1.29148e-013);
    }
    bottom
    {
        type            symmetryPlane;
        value           uniform 0;
    }
    top
    {
        type            symmetryPlane;
        value           uniform 0;
    }
    obstacle
    {
        type            calculated;
        value           nonuniform List<scalar> 
102
(
39.8516
-21.0213
-0.000536701
-0.000533361
-0.00053065
-0.000528051
-0.000525643
-0.000523311
-0.000521006
-0.000518701
-0.000516409
-0.000514131
-0.000511884
-0.000509665
-0.000507485
-0.000505336
-0.000503226
-0.000501146
-0.000499101
-0.000497083
-0.000495095
-0.000493129
-0.000491191
-0.000489272
-0.000487377
-0.000485499
-0.000483644
-0.000481805
-0.000479988
-0.000478187
-0.000476409
-0.000474647
-0.000472909
-0.000471188
-0.00046949
-0.000467812
-0.000466156
-0.000464521
-0.000462909
-0.000461318
-0.000459749
-0.000458202
-0.000456677
-0.000455173
-0.000453691
-0.000452229
-0.00045079
-0.00044937
-0.000447972
-0.000446594
-0.000445234
-0.000443897
-0.000442575
-0.000441278
-0.000439997
-0.000438738
-0.000437498
-0.000436274
-0.000435074
-0.000433885
-0.000432724
-0.000431572
-0.000430446
-0.000429328
-0.000428237
-0.000427152
-0.000426096
-0.000425042
-0.000424021
-0.000422997
-0.000422006
-0.000421012
-0.000420051
-0.000419085
-0.00041815
-0.000417211
-0.000416302
-0.000415387
-0.000414502
-0.000413609
-0.000412746
-0.000411874
-0.00041103
-0.000410176
-0.000409349
-0.000408511
-0.0004077
-0.000406875
-0.000406076
-0.000405263
-0.000404474
-0.00040367
-0.000402888
-0.00040209
-0.000401313
-0.00040052
-0.000399745
-0.000398954
-0.000398179
-0.000397388
-0.000396612
-0.000395817
)
;
    }
    defaultFaces
    {
        type            empty;
        value           nonuniform 0();
    }
}


// ************************************************************************* //
