/*--------------------------------*- C++ -*----------------------------------*\
| =========                 |                                                 |
| \\      /  F ield         | OpenFOAM: The Open Source CFD Toolbox           |
|  \\    /   O peration     | Version:  5.x                                   |
|   \\  /    A nd           | Web:      www.OpenFOAM.org                      |
|    \\/     M anipulation  |                                                 |
\*---------------------------------------------------------------------------*/
/*   Windows 32 and 64 bit porting by blueCAPE: http://www.bluecape.com.pt   *\
|  Based on Windows porting (2.0.x v4) by Symscape: http://www.symscape.com   |
\*---------------------------------------------------------------------------*/
FoamFile
{
    version     2.0;
    format      ascii;
    class       labelList;
    note        "nPoints: 254 nCells: 100 nFaces: 426 nInternalFaces: 174";
    location    "constant/polyMesh";
    object      owner;
}
// * * * * * * * * * * * * * * * * * * * * * * * * * * * * * * * * * * * * * //


426
(
0
0
1
1
2
2
3
3
4
4
5
6
6
7
7
8
8
9
9
10
10
11
12
12
13
13
14
14
15
15
16
16
17
18
18
19
19
20
20
21
21
22
22
23
24
24
25
25
26
26
27
27
28
28
29
30
30
31
31
32
32
33
33
34
34
35
35
36
36
37
37
38
38
39
39
40
40
41
41
42
42
43
43
44
44
45
45
46
46
47
47
48
48
49
49
50
50
51
51
52
52
53
53
54
55
56
57
58
59
60
60
61
61
62
62
63
63
64
64
65
65
66
66
67
67
68
69
70
70
71
71
72
73
73
74
74
75
76
76
77
77
78
79
79
80
80
81
82
82
83
83
84
85
85
86
86
87
88
88
89
89
90
91
91
92
92
93
94
94
95
95
96
97
98
30
36
42
48
54
0
6
12
18
24
87
90
93
96
99
72
75
78
81
84
0
1
2
3
4
5
70
71
72
54
55
56
57
58
59
68
69
97
98
99
5
11
17
23
29
70
73
76
79
82
60
61
0
6
12
18
24
1
7
13
19
25
2
8
14
20
26
3
9
15
21
27
4
10
16
22
28
5
11
17
23
29
0
6
12
18
24
1
7
13
19
25
2
8
14
20
26
3
9
15
21
27
4
10
16
22
28
5
11
17
23
29
30
36
42
48
54
31
37
43
49
55
32
38
44
50
56
33
39
45
51
57
34
40
46
52
58
35
41
47
53
59
30
36
42
48
54
31
37
43
49
55
32
38
44
50
56
33
39
45
51
57
34
40
46
52
58
35
41
47
53
59
60
62
64
66
68
61
63
65
67
69
60
62
64
66
68
61
63
65
67
69
70
73
76
79
82
71
74
77
80
83
72
75
78
81
84
70
73
76
79
82
71
74
77
80
83
72
75
78
81
84
85
88
91
94
97
86
89
92
95
98
87
90
93
96
99
85
88
91
94
97
86
89
92
95
98
87
90
93
96
99
)


// ************************************************************************* //
