/*--------------------------------*- C++ -*----------------------------------*\
| =========                 |                                                 |
| \\      /  F ield         | OpenFOAM: The Open Source CFD Toolbox           |
|  \\    /   O peration     | Version:  5.x                                   |
|   \\  /    A nd           | Web:      www.OpenFOAM.org                      |
|    \\/     M anipulation  |                                                 |
\*---------------------------------------------------------------------------*/
/*   Windows 32 and 64 bit porting by blueCAPE: http://www.bluecape.com.pt   *\
|  Based on Windows porting (2.0.x v4) by Symscape: http://www.symscape.com   |
\*---------------------------------------------------------------------------*/
FoamFile
{
    version     2.0;
    format      ascii;
    class       vectorField;
    location    "constant/polyMesh";
    object      points;
}
// * * * * * * * * * * * * * * * * * * * * * * * * * * * * * * * * * * * * * //


254
(
(0 0 0)
(2.414089053 0 0)
(4.163771705 0 0)
(5.431906108 0 0)
(6.351024135 0 0)
(7.017182189 0 0)
(7.5 0 0)
(0 0.09560142959 0)
(2.383317004 0.09560142959 0)
(4.110696701 0.09560142959 0)
(5.362666376 0.09560142959 0)
(6.270068537 0.09560142959 0)
(6.92773517 0.09560142959 0)
(7.40439857 0.09560142959 0)
(0 0.1595339588 0)
(2.362738495 0.1595339588 0)
(4.075203307 0.1595339588 0)
(5.316362977 0.1595339588 0)
(6.215930265 0.1595339588 0)
(6.867918342 0.1595339588 0)
(7.340466041 0.1595339588 0)
(0 0.2022882178 0)
(2.348976816 0.2022882178 0)
(4.051467444 0.2022882178 0)
(5.285398028 0.2022882178 0)
(6.179725821 0.2022882178 0)
(6.827916419 0.2022882178 0)
(7.297711782 0.2022882178 0)
(0 0.2308797141 0)
(2.339773827 0.2308797141 0)
(4.035594315 0.2308797141 0)
(5.264690518 0.2308797141 0)
(6.15551445 0.2308797141 0)
(6.80116552 0.2308797141 0)
(7.269120286 0.2308797141 0)
(0 0.25 0)
(2.333619418 0.25 0)
(4.024979314 0.25 0)
(5.250842571 0.25 0)
(6.139323331 0.25 0)
(6.783276116 0.25 0)
(7.25 0.25 0)
(0 0 2)
(2.414089053 0 2)
(4.163771705 0 2)
(5.431906108 0 2)
(6.351024135 0 2)
(7.017182189 0 2)
(7.5 0 2)
(0 0.09560142959 2)
(2.383317004 0.09560142959 2)
(4.110696701 0.09560142959 2)
(5.362666376 0.09560142959 2)
(6.270068537 0.09560142959 2)
(6.92773517 0.09560142959 2)
(7.40439857 0.09560142959 2)
(0 0.1595339588 2)
(2.362738495 0.1595339588 2)
(4.075203307 0.1595339588 2)
(5.316362977 0.1595339588 2)
(6.215930265 0.1595339588 2)
(6.867918342 0.1595339588 2)
(7.340466041 0.1595339588 2)
(0 0.2022882178 2)
(2.348976816 0.2022882178 2)
(4.051467444 0.2022882178 2)
(5.285398028 0.2022882178 2)
(6.179725821 0.2022882178 2)
(6.827916419 0.2022882178 2)
(7.297711782 0.2022882178 2)
(0 0.2308797141 2)
(2.339773827 0.2308797141 2)
(4.035594315 0.2308797141 2)
(5.264690518 0.2308797141 2)
(6.15551445 0.2308797141 2)
(6.80116552 0.2308797141 2)
(7.269120286 0.2308797141 2)
(0 0.25 2)
(2.333619418 0.25 2)
(4.024979314 0.25 2)
(5.250842571 0.25 2)
(6.139323331 0.25 2)
(6.783276116 0.25 2)
(7.25 0.25 2)
(0 0.3311538865 0)
(2.333619418 0.3311538865 0)
(4.024979314 0.3311538865 0)
(5.250842571 0.3311538865 0)
(6.139323331 0.3311538865 0)
(6.783276116 0.3311538865 0)
(7.25 0.3311538865 0)
(0 0.4754681719 0)
(2.333619418 0.4754681719 0)
(4.024979314 0.4754681719 0)
(5.250842571 0.4754681719 0)
(6.139323331 0.4754681719 0)
(6.783276116 0.4754681719 0)
(7.25 0.4754681719 0)
(0 0.7320992942 0)
(2.333619418 0.7320992942 0)
(4.024979314 0.7320992942 0)
(5.250842571 0.7320992942 0)
(6.139323331 0.7320992942 0)
(6.783276116 0.7320992942 0)
(7.25 0.7320992942 0)
(0 1.188461135 0)
(2.333619418 1.188461135 0)
(4.024979314 1.188461135 0)
(5.250842571 1.188461135 0)
(6.139323331 1.188461135 0)
(6.783276116 1.188461135 0)
(7.25 1.188461135 0)
(0 2 0)
(2.333619418 2 0)
(4.024979314 2 0)
(5.250842571 2 0)
(6.139323331 2 0)
(6.783276116 2 0)
(7.25 2 0)
(0 0.3311538865 2)
(2.333619418 0.3311538865 2)
(4.024979314 0.3311538865 2)
(5.250842571 0.3311538865 2)
(6.139323331 0.3311538865 2)
(6.783276116 0.3311538865 2)
(7.25 0.3311538865 2)
(0 0.4754681719 2)
(2.333619418 0.4754681719 2)
(4.024979314 0.4754681719 2)
(5.250842571 0.4754681719 2)
(6.139323331 0.4754681719 2)
(6.783276116 0.4754681719 2)
(7.25 0.4754681719 2)
(0 0.7320992942 2)
(2.333619418 0.7320992942 2)
(4.024979314 0.7320992942 2)
(5.250842571 0.7320992942 2)
(6.139323331 0.7320992942 2)
(6.783276116 0.7320992942 2)
(7.25 0.7320992942 2)
(0 1.188461135 2)
(2.333619418 1.188461135 2)
(4.024979314 1.188461135 2)
(5.250842571 1.188461135 2)
(6.139323331 1.188461135 2)
(6.783276116 1.188461135 2)
(7.25 1.188461135 2)
(0 2 2)
(2.333619418 2 2)
(4.024979314 2 2)
(5.250842571 2 2)
(6.139323331 2 2)
(6.783276116 2 2)
(7.25 2 2)
(7.375 0.25 0)
(7.5 0.25 0)
(7.375 0.3311538865 0)
(7.5 0.3311538865 0)
(7.375 0.4754681719 0)
(7.5 0.4754681719 0)
(7.375 0.7320992942 0)
(7.5 0.7320992942 0)
(7.375 1.188461135 0)
(7.5 1.188461135 0)
(7.375 2 0)
(7.5 2 0)
(7.375 0.25 2)
(7.5 0.25 2)
(7.375 0.3311538865 2)
(7.5 0.3311538865 2)
(7.375 0.4754681719 2)
(7.5 0.4754681719 2)
(7.375 0.7320992942 2)
(7.5 0.7320992942 2)
(7.375 1.188461135 2)
(7.5 1.188461135 2)
(7.375 2 2)
(7.5 2 2)
(7.75 0 0)
(7.90887275 0 0)
(8.411272499 0 0)
(10 0 0)
(7.65439857 0.09560142959 0)
(7.820021748 0.09560142959 0)
(8.343768223 0.09560142959 0)
(10 0.09560142959 0)
(7.590466041 0.1595339588 0)
(7.760603502 0.1595339588 0)
(8.298625393 0.1595339588 0)
(10 0.1595339588 0)
(7.547711782 0.2022882178 0)
(7.720868126 0.2022882178 0)
(8.268436563 0.2022882178 0)
(10 0.2022882178 0)
(7.519120286 0.2308797141 0)
(7.694295478 0.2308797141 0)
(8.248248076 0.2308797141 0)
(10 0.2308797141 0)
(7.676525278 0.25 0)
(8.234747221 0.25 0)
(10 0.25 0)
(7.75 0 2)
(7.90887275 0 2)
(8.411272499 0 2)
(10 0 2)
(7.65439857 0.09560142959 2)
(7.820021748 0.09560142959 2)
(8.343768223 0.09560142959 2)
(10 0.09560142959 2)
(7.590466041 0.1595339588 2)
(7.760603502 0.1595339588 2)
(8.298625393 0.1595339588 2)
(10 0.1595339588 2)
(7.547711782 0.2022882178 2)
(7.720868126 0.2022882178 2)
(8.268436563 0.2022882178 2)
(10 0.2022882178 2)
(7.519120286 0.2308797141 2)
(7.694295478 0.2308797141 2)
(8.248248076 0.2308797141 2)
(10 0.2308797141 2)
(7.676525278 0.25 2)
(8.234747221 0.25 2)
(10 0.25 2)
(7.676525278 0.3311538865 0)
(8.234747221 0.3311538865 0)
(10 0.3311538865 0)
(7.676525278 0.4754681719 0)
(8.234747221 0.4754681719 0)
(10 0.4754681719 0)
(7.676525278 0.7320992942 0)
(8.234747221 0.7320992942 0)
(10 0.7320992942 0)
(7.676525278 1.188461135 0)
(8.234747221 1.188461135 0)
(10 1.188461135 0)
(7.676525278 2 0)
(8.234747221 2 0)
(10 2 0)
(7.676525278 0.3311538865 2)
(8.234747221 0.3311538865 2)
(10 0.3311538865 2)
(7.676525278 0.4754681719 2)
(8.234747221 0.4754681719 2)
(10 0.4754681719 2)
(7.676525278 0.7320992942 2)
(8.234747221 0.7320992942 2)
(10 0.7320992942 2)
(7.676525278 1.188461135 2)
(8.234747221 1.188461135 2)
(10 1.188461135 2)
(7.676525278 2 2)
(8.234747221 2 2)
(10 2 2)
)


// ************************************************************************* //
