/*--------------------------------*- C++ -*----------------------------------*\
| =========                 |                                                 |
| \\      /  F ield         | OpenFOAM: The Open Source CFD Toolbox           |
|  \\    /   O peration     | Version:  5.x                                   |
|   \\  /    A nd           | Web:      www.OpenFOAM.org                      |
|    \\/     M anipulation  |                                                 |
\*---------------------------------------------------------------------------*/
/*   Windows 32 and 64 bit porting by blueCAPE: http://www.bluecape.com.pt   *\
|  Based on Windows porting (2.0.x v4) by Symscape: http://www.symscape.com   |
\*---------------------------------------------------------------------------*/
FoamFile
{
    version     2.0;
    format      ascii;
    class       volScalarField;
    location    "0.003";
    object      mag(U);
}
// * * * * * * * * * * * * * * * * * * * * * * * * * * * * * * * * * * * * * //

dimensions      [0 1 -1 0 0 0 0];

internalField   nonuniform List<scalar> 
1000
(
8.82563e-013
9.47909e-013
8.17188e-013
7.96013e-013
7.8026e-013
6.72277e-013
7.87252e-013
6.65405e-013
9.68992e-013
6.91356e-013
9.71625e-013
6.21373e-013
6.76579e-013
6.24206e-013
7.81156e-013
5.05627e-013
1.09412e-012
9.75407e-013
7.84493e-013
5.11809e-013
4.655e-013
5.88334e-013
3.42973e-013
3.80346e-013
5.77207e-013
4.95662e-013
3.93703e-013
3.03363e-013
7.04656e-013
3.49445e-013
6.91096e-013
3.14194e-013
9.44268e-013
2.79245e-013
6.135e-013
6.38273e-013
6.51512e-014
4.16294e-013
5.78875e-014
2.41238e-013
4.59866e-013
9.74891e-014
3.30204e-013
9.765e-013
1.23383e-012
1.33112e-012
1.33395e-012
7.32081e-013
1.43179e-012
1.25742e-012
9.0061e-013
4.66477e-013
9.90384e-013
5.81383e-013
8.28786e-013
4.17105e-013
8.62261e-013
7.48831e-013
6.42653e-013
3.25734e-013
5.98244e-013
5.52708e-013
3.89887e-013
4.80891e-013
8.32958e-013
8.05242e-013
1.03611e-012
8.08617e-013
3.08019e-013
2.59601e-013
3.82878e-013
3.03522e-013
2.00772e-013
4.19196e-013
3.26588e-013
2.61759e-013
6.41251e-013
4.46144e-013
1.8435e-013
3.09045e-013
3.44372e-013
9.42066e-013
3.03567e-013
5.3027e-013
4.34209e-013
1.14325e-012
9.60208e-013
1.17106e-012
8.88664e-013
1.09953e-012
9.94403e-013
8.70036e-013
5.25118e-013
8.52132e-013
1.03094e-012
9.83728e-013
1.04378e-012
1.05126e-012
8.53431e-013
8.21156e-013
2.42905e-013
1.11401e-013
7.29372e-013
1.4588e-013
7.935e-013
9.58788e-013
1.38004e-012
9.18147e-013
8.63025e-013
8.71059e-013
5.91896e-013
5.39947e-013
9.9323e-014
3.73638e-013
3.7125e-013
1.35264e-012
1.53537e-012
3.21228e-012
8.00986e-012
2.45021e-011
7.56267e-011
2.31825e-010
6.99909e-010
2.07974e-009
6.09168e-009
1.75524e-008
4.97443e-008
1.38586e-007
3.79387e-007
1.02004e-006
2.69223e-006
6.97171e-006
1.77034e-005
4.40558e-005
0.000107375
0.000256129
0.000597516
0.00136216
0.00303191
0.00658273
0.0139267
0.0286785
0.0574111
0.11158
0.210234
0.383431
0.675878
1.14972
1.88481
2.97467
4.51691
6.59911
9.28312
12.5933
16.5125
20.9875
25.9412
31.2863
36.9372
42.817
48.8609
55.0163
61.2428
67.5113
73.804
80.111
86.428
92.7537
99.088
105.432
111.785
118.147
124.518
130.897
137.282
143.67
150.06
156.449
162.83
169.211
175.571
181.931
188.26
194.579
200.875
207.135
213.376
219.58
225.74
231.864
237.942
243.959
249.918
255.818
261.642
267.372
273.006
278.54
283.95
289.209
294.297
299.198
303.883
308.312
312.439
316.219
319.609
322.561
325.026
326.947
328.296
329.049
329.182
328.794
328.027
326.92
325.525
323.945
322.246
320.442
318.525
316.492
314.302
311.907
309.309
306.536
303.668
300.784
297.923
295.122
292.38
289.742
287.231
284.866
282.677
280.551
278.808
277.453
275.573
273.147
270.834
268.644
266.506
264.477
262.557
260.593
258.386
255.981
253.43
250.794
248.183
245.484
242.655
239.751
236.781
233.746
230.651
227.501
224.305
221.069
217.796
214.485
211.135
207.755
204.357
200.953
197.547
194.136
190.732
187.343
183.855
179.918
174.939
167.658
148.063
99.3994
43.2871
14.1521
4.02538
1.07011
0.277718
0.0714951
0.0183436
0.00469634
0.0012002
0.000306215
7.80063e-005
1.98433e-005
5.04122e-006
1.27923e-006
3.24268e-007
8.21212e-008
2.07802e-008
5.25491e-009
1.32858e-009
3.35985e-010
8.53206e-011
2.22829e-011
5.83741e-012
2.20836e-012
3.08779e-012
3.08121e-012
1.91364e-012
2.7263e-012
2.56819e-012
1.54331e-012
2.90846e-012
9.10224e-013
3.1472e-012
7.2916e-013
2.94471e-012
1.24713e-012
1.63992e-012
1.1316e-012
9.14828e-013
8.84613e-013
1.53376e-012
1.69625e-012
1.1523e-012
6.04302e-013
4.10836e-013
7.91767e-013
6.02241e-013
1.23155e-012
3.4947e-013
1.68876e-012
3.53728e-013
1.80147e-012
7.73062e-013
1.8597e-012
2.46179e-012
1.79342e-012
2.95296e-012
1.70933e-012
3.20419e-012
1.39674e-012
1.99987e-012
6.77512e-013
1.82941e-012
1.62943e-013
1.41154e-012
1.15335e-012
7.31365e-013
6.50088e-013
1.01425e-012
1.20298e-012
4.3357e-013
3.82709e-013
6.02239e-013
1.7551e-013
4.92335e-013
2.46139e-013
4.28526e-013
7.28084e-013
7.43312e-013
4.81108e-013
3.69088e-013
6.88181e-013
2.84461e-013
3.98984e-013
3.70208e-013
4.04784e-013
9.25419e-013
9.56855e-013
4.82452e-013
1.31127e-012
6.58624e-013
1.77876e-012
3.3618e-013
1.67668e-012
2.80841e-013
1.16295e-012
2.57924e-013
1.13636e-012
4.47919e-013
1.09413e-012
1.05239e-012
8.97665e-013
9.44135e-013
6.70023e-013
1.92834e-012
3.9334e-013
1.70993e-012
1.02421e-012
1.60868e-012
2.86027e-013
1.45482e-012
4.97831e-013
1.49456e-012
5.00553e-013
9.99702e-013
7.05852e-013
4.32392e-013
6.91604e-013
9.95399e-013
3.88205e-013
1.16071e-012
4.9781e-013
1.22627e-013
9.94927e-013
6.83573e-013
1.27084e-012
4.2529e-013
1.01251e-012
1.52816e-014
6.08977e-013
2.63159e-013
7.65806e-014
1.35074e-013
8.42864e-014
2.5747e-014
4.48827e-013
6.4192e-013
1.86616e-013
5.8017e-013
4.66637e-013
1.84313e-013
1.00654e-012
7.12442e-013
2.30915e-012
4.4308e-012
1.29168e-011
3.93408e-011
1.15968e-010
3.39336e-010
9.74169e-010
2.75517e-009
7.65992e-009
2.09304e-008
5.6171e-008
1.47974e-007
3.82428e-007
9.69003e-007
2.40556e-006
5.84648e-006
1.38995e-005
3.22949e-005
7.32565e-005
0.000162044
0.00034907
0.000731168
0.00148647
0.00292676
0.00556612
0.0101909
0.017886
0.0299248
0.047372
0.0702629
0.0967472
0.126536
0.178917
0.309232
0.603169
1.1648
2.1088
3.55131
5.58437
8.2447
11.5037
15.2873
19.5068
24.0784
28.93
34.0045
39.2578
44.6561
50.1742
55.7927
61.4963
67.2731
73.1131
79.0082
84.9513
90.936
96.9567
103.008
109.086
115.184
121.3
127.428
133.565
139.704
145.847
151.98
158.114
164.221
170.329
176.4
182.449
188.475
194.447
200.381
206.27
212.085
217.828
223.496
229.062
234.508
239.824
244.991
249.977
254.753
259.292
263.566
267.536
271.165
274.42
277.282
279.735
281.778
283.413
284.69
285.661
286.373
286.91
287.317
287.63
287.874
288.08
288.295
288.529
288.772
289.017
289.272
289.545
289.861
290.265
290.816
291.498
292.146
292.65
293.063
293.429
293.752
294.061
294.376
294.668
295.06
295.395
295.527
295.684
295.932
296.267
296.654
297.048
297.414
297.734
298.003
298.227
298.423
298.606
298.777
298.928
299.091
299.299
299.55
299.83
300.117
300.397
300.629
300.807
300.995
301.228
301.494
301.792
302.106
302.402
302.604
302.556
302.109
301.051
298.764
293.996
283.654
256.399
181.554
74.0632
17.7868
3.43752
0.597816
0.100846
0.0169248
0.00284202
0.000478209
8.07164e-005
1.36852e-005
2.3352e-006
4.02131e-007
7.01515e-008
1.24606e-008
2.26883e-009
4.26197e-010
8.3564e-011
1.65535e-011
3.78458e-012
4.62748e-013
3.68498e-013
4.19141e-013
8.81484e-013
3.33424e-013
4.66794e-013
2.00055e-013
5.33479e-013
1.3337e-013
6.00164e-013
6.66849e-014
6.66849e-013
1.3337e-013
5.33479e-013
6.66849e-014
6.00164e-013
2.00055e-013
5.33479e-013
3.33424e-013
6.00164e-013
2.6674e-013
5.33479e-013
2.00055e-013
4.00109e-013
2.6674e-013
3.33424e-013
3.33424e-013
2.6674e-013
5.33479e-013
2.6674e-013
3.33424e-013
5.33479e-013
1.3337e-013
3.33424e-013
6.66849e-013
1.3337e-013
8.00219e-013
2.00055e-013
5.33479e-013
1.17595e-025
5.33479e-013
6.66849e-014
5.33479e-013
2.00055e-013
3.33424e-013
4.66794e-013
3.33424e-013
7.33534e-013
2.6674e-013
8.66904e-013
4.00109e-013
8.00219e-013
4.66794e-013
7.33534e-013
9.33589e-013
7.33534e-013
9.33589e-013
5.33479e-013
8.66904e-013
1.00027e-012
1.00027e-012
1.06696e-012
1.00027e-012
1.40038e-012
6.66849e-013
1.40038e-012
5.33479e-013
1.3337e-012
7.33534e-013
1.26701e-012
9.33589e-013
1.13364e-012
1.13364e-012
8.00219e-013
1.46707e-012
6.00164e-013
1.3337e-012
1.3337e-012
7.33534e-013
1.40038e-012
9.33589e-013
1.3337e-012
1.06696e-012
1.53375e-012
8.66904e-013
1.73381e-012
8.00219e-013
1.80049e-012
1.00027e-012
1.66712e-012
8.00219e-013
2.06723e-012
1.40038e-012
1.73381e-012
1.13364e-012
1.86718e-012
1.20033e-012
1.86718e-012
9.33589e-013
1.80049e-012
1.46707e-012
1.3337e-012
1.3337e-012
1.53375e-012
1.02131e-012
9.90781e-013
1.12392e-012
6.99772e-013
1.06234e-012
5.31995e-013
1.19813e-012
9.94166e-013
9.20682e-013
1.03145e-012
6.50812e-013
5.67432e-013
7.29759e-013
1.81241e-013
2.0015e-013
1.23415e-013
4.53045e-013
2.46274e-013
8.46584e-014
3.27464e-013
3.43687e-013
2.13043e-013
4.89631e-013
2.9272e-013
3.39762e-013
2.56725e-013
1.95797e-013
7.35941e-013
2.96671e-013
7.73261e-013
4.29508e-013
5.30225e-013
1.91805e-013
9.63024e-013
1.89973e-013
5.49885e-013
3.91743e-013
4.32174e-013
2.98276e-013
4.79849e-013
4.48975e-013
2.93865e-013
1.80943e-013
2.9288e-013
1.26629e-013
4.81547e-013
2.75995e-013
7.13775e-013
2.89584e-013
4.81453e-013
1.71268e-013
4.829e-013
6.82243e-014
6.50353e-013
1.45431e-013
7.68902e-013
4.05697e-013
4.2769e-013
8.15712e-014
1.33541e-014
3.00297e-013
3.18966e-013
7.16434e-013
3.91649e-013
3.97103e-013
4.7259e-013
5.36269e-013
4.63046e-013
5.74754e-013
1.42065e-013
3.06101e-013
6.5024e-013
8.61568e-013
5.78231e-013
9.26502e-013
6.51413e-013
6.8265e-013
2.23387e-013
2.68171e-013
1.47679e-013
1.22156e-013
3.97431e-013
6.58195e-013
5.37416e-013
2.74955e-013
4.46938e-013
3.04705e-013
4.16275e-013
5.01461e-013
4.24523e-013
8.43222e-013
1.74621e-013
3.73148e-013
2.07298e-013
5.89999e-013
2.18001e-013
7.22816e-013
8.34797e-014
3.92649e-013
1.47904e-013
2.64701e-013
4.38854e-013
7.80366e-014
4.80714e-013
3.69968e-013
2.22846e-013
3.62911e-013
2.72269e-013
2.59419e-013
1.89881e-013
3.24106e-013
4.87618e-013
2.26138e-013
7.22146e-013
4.46924e-013
9.3067e-013
9.06264e-013
1.46583e-012
8.76872e-013
1.68863e-012
6.19308e-013
2.04312e-012
1.35646e-012
2.4247e-012
1.5979e-012
2.38565e-012
1.3754e-012
2.12924e-012
1.61407e-012
2.36465e-012
1.77255e-012
2.71597e-012
2.04177e-012
2.24343e-012
2.2292e-012
1.98378e-012
2.05439e-012
1.70845e-012
2.22225e-012
1.32245e-012
1.99607e-012
1.35119e-012
1.74921e-012
1.03354e-012
1.84507e-012
1.28776e-012
2.08312e-012
1.6948e-012
2.18227e-012
1.94576e-012
5.01523e-013
2.05776e-012
3.55376e-013
1.96406e-012
2.05195e-013
8.49497e-013
5.80756e-013
1.65987e-013
1.66204e-012
2.19676e-013
8.62718e-013
6.29227e-013
1.07395e-012
8.34593e-013
4.67896e-013
9.55242e-013
3.63949e-013
1.73682e-013
9.97646e-013
3.12805e-013
1.04529e-012
4.78026e-013
3.54739e-013
7.77552e-013
3.07303e-013
7.85471e-013
6.40696e-013
8.20936e-013
9.54212e-013
2.76985e-013
4.10495e-013
3.24557e-013
4.44902e-013
4.12579e-013
3.81008e-013
1.09413e-012
1.92196e-013
9.31647e-013
3.10087e-013
1.6405e-013
5.37905e-013
1.98707e-013
7.44881e-013
4.48632e-013
5.7544e-013
2.1545e-013
3.64683e-013
7.77233e-013
2.78968e-013
5.39607e-013
1.05422e-012
3.11912e-013
1.14481e-012
6.90055e-013
1.66003e-012
4.86135e-013
1.46958e-012
9.376e-014
5.89223e-013
4.27742e-013
1.37536e-013
4.02391e-013
3.77595e-013
3.48119e-013
2.55405e-013
2.84243e-013
2.46583e-013
5.22447e-013
2.87724e-013
9.37474e-013
6.06635e-013
9.9618e-013
3.87281e-013
4.3864e-013
3.05382e-013
2.01234e-013
5.03881e-013
1.36011e-014
1.24813e-013
2.47878e-013
7.76769e-013
3.07898e-013
1.37144e-012
6.78277e-013
2.30704e-012
1.08748e-012
1.83353e-012
2.33492e-012
1.2554e-012
2.81125e-012
7.17224e-013
1.80388e-012
9.88896e-013
7.8652e-013
7.85386e-013
4.54847e-013
2.76037e-013
8.08182e-013
3.40917e-013
1.08106e-012
6.28275e-013
1.27836e-012
1.86093e-013
1.04506e-012
5.80723e-013
9.01193e-013
1.00998e-012
1.14243e-012
3.77153e-013
1.11442e-012
5.50114e-013
7.57903e-013
5.68884e-013
7.19428e-013
1.57633e-013
4.54802e-013
6.89896e-013
2.08896e-013
8.67564e-013
3.48703e-013
7.71048e-013
1.47707e-013
3.48417e-013
3.05188e-013
1.33445e-013
8.6332e-013
2.10853e-013
5.02286e-013
7.3547e-014
3.65147e-013
7.19169e-013
2.68942e-013
2.55627e-013
1.61367e-013
1.71474e-013
2.53809e-013
3.63359e-013
6.81118e-013
4.04852e-013
1.54646e-012
8.41899e-013
1.15558e-012
2.62516e-013
4.27286e-013
4.86204e-013
3.55441e-013
2.64202e-013
4.80266e-013
4.77136e-013
4.22242e-013
)
;

boundaryField
{
    inlet
    {
        type            calculated;
        value           nonuniform List<scalar> 2(3.08779e-012 8.82563e-013);
    }
    outlet
    {
        type            calculated;
        value           nonuniform List<scalar> 2(4.22242e-013 1.94576e-012);
    }
    bottom
    {
        type            symmetryPlane;
    }
    top
    {
        type            symmetryPlane;
    }
    obstacle
    {
        type            calculated;
        value           nonuniform List<scalar> 
102
(
2.20836e-012
1.02131e-012
3.33424e-013
4.66794e-013
2.00055e-013
5.33479e-013
1.3337e-013
6.00164e-013
6.66849e-014
6.66849e-013
1.3337e-013
5.33479e-013
6.66849e-014
6.00164e-013
2.00055e-013
5.33479e-013
3.33424e-013
6.00164e-013
2.6674e-013
5.33479e-013
2.00055e-013
4.00109e-013
2.6674e-013
3.33424e-013
3.33424e-013
2.6674e-013
5.33479e-013
2.6674e-013
3.33424e-013
5.33479e-013
1.3337e-013
3.33424e-013
6.66849e-013
1.3337e-013
8.00219e-013
2.00055e-013
5.33479e-013
1.17595e-025
5.33479e-013
6.66849e-014
5.33479e-013
2.00055e-013
3.33424e-013
4.66794e-013
3.33424e-013
7.33534e-013
2.6674e-013
8.66904e-013
4.00109e-013
8.00219e-013
4.66794e-013
7.33534e-013
9.33589e-013
7.33534e-013
9.33589e-013
5.33479e-013
8.66904e-013
1.00027e-012
1.00027e-012
1.06696e-012
1.00027e-012
1.40038e-012
6.66849e-013
1.40038e-012
5.33479e-013
1.3337e-012
7.33534e-013
1.26701e-012
9.33589e-013
1.13364e-012
1.13364e-012
8.00219e-013
1.46707e-012
6.00164e-013
1.3337e-012
1.3337e-012
7.33534e-013
1.40038e-012
9.33589e-013
1.3337e-012
1.06696e-012
1.53375e-012
8.66904e-013
1.73381e-012
8.00219e-013
1.80049e-012
1.00027e-012
1.66712e-012
8.00219e-013
2.06723e-012
1.40038e-012
1.73381e-012
1.13364e-012
1.86718e-012
1.20033e-012
1.86718e-012
9.33589e-013
1.80049e-012
1.46707e-012
1.3337e-012
1.3337e-012
1.53375e-012
)
;
    }
    defaultFaces
    {
        type            empty;
    }
}


// ************************************************************************* //
