/*--------------------------------*- C++ -*----------------------------------*\
| =========                 |                                                 |
| \\      /  F ield         | OpenFOAM: The Open Source CFD Toolbox           |
|  \\    /   O peration     | Version:  5.x                                   |
|   \\  /    A nd           | Web:      www.OpenFOAM.org                      |
|    \\/     M anipulation  |                                                 |
\*---------------------------------------------------------------------------*/
/*   Windows 32 and 64 bit porting by blueCAPE: http://www.bluecape.com.pt   *\
|  Based on Windows porting (2.0.x v4) by Symscape: http://www.symscape.com   |
\*---------------------------------------------------------------------------*/
FoamFile
{
    version     2.0;
    format      ascii;
    class       volScalarField;
    location    "0.003";
    object      p;
}
// * * * * * * * * * * * * * * * * * * * * * * * * * * * * * * * * * * * * * //

dimensions      [1 -1 -2 0 0 0 0];

internalField   nonuniform List<scalar> 
1000
(
100000
100000
100000
100000
100000
100000
100000
100000
100000
100000
100000
100000
100000
100000
100000
100000
100000
100000
100000
100000
100000
100000
100000
100000
100000
100000
100000
100000
100000
100000
100000
100000
100000
100000
100000
100000
100000
100000
100000
100000
100000
100000
100000
100000
100000
100000
100000
100000
100000
100000
100000
100000
100000
100000
100000
100000
100000
100000
100000
100000
100000
100000
100000
100000
100000
100000
100000
100000
100000
100000
100000
100000
100000
100000
100000
100000
100000
100000
100000
100000
100000
100000
100000
100000
100000
100000
100000
100000
100000
100000
100000
100000
100000
100000
100000
100000
100000
100000
100000
100000
100000
100000
100000
100000
100000
100000
100000
100000
100000
100000
100000
100000
100000
100000
100000
100000
100000
100000
100000
100000
100000
100000
100000
100000
100000
100000
100000
100000
100000
100000
100000
100000
100000
100000
100000
99999.9
99999.8
99999.5
99998.9
99997.6
99995
99989.7
99979.2
99959.5
99923.6
99860.2
99752.9
99578.6
99307.7
98905.7
98337.3
97571.6
96588.9
95384.7
93971.2
92374.4
90628.5
88770.8
86836.2
84855.2
82852.8
80848.4
78856.8
76887.8
74947.5
73038.7
71162.7
69319.3
67508.4
65729.4
63981.9
62265.6
60580.3
58926
57302.8
55710.8
54150.2
52621.3
51123.9
49659
48225.4
46825.2
45456.4
44120.3
42816.4
41545.3
40305.7
39098.8
37924.7
36781.9
35670.9
34593
33547.8
32533.8
31551.8
30603.3
29689.4
28807.9
27960
27147.7
26372.8
25636.5
24938.4
24281.9
23668.4
23103
22586.3
22122.8
21713.6
21361.1
21069.9
20830.4
20660
20543.9
20467.3
20419.7
20397.3
20396.2
20406
20422.7
20445.4
20477
20515.1
20561.6
20620.7
20688
20765.9
20847.1
20926.4
21004.3
21070.7
21136.1
21190.8
21239
21286.8
21308.8
21361
21414.7
21363.9
21369.1
21387.3
21384.6
21375.5
21361.7
21340.3
21309.3
21266.7
21232.3
21190.9
21149.8
21113.6
21064.7
21016.1
20966.1
20913.9
20860
20804.6
20747.7
20689.4
20629.3
20567.5
20504.3
20439.6
20372.9
20303.1
20230.1
20155.1
20079.4
20005.7
19933.2
19849.8
19724.9
19515.3
19176
18137.6
14430.9
11697.2
10532.5
10146.4
10038.3
10009.9
10002.5
10000.6
10000.2
10000
10000
10000
10000
10000
10000
10000
10000
10000
10000
10000
10000
10000
10000
10000
10000
100000
100000
100000
100000
100000
100000
100000
100000
100000
100000
100000
100000
100000
100000
100000
100000
100000
100000
100000
100000
100000
100000
100000
100000
100000
100000
100000
100000
100000
100000
100000
100000
100000
100000
100000
100000
100000
100000
100000
100000
100000
100000
100000
100000
100000
100000
100000
100000
100000
100000
100000
100000
100000
100000
100000
100000
100000
100000
100000
100000
100000
100000
100000
100000
100000
100000
100000
100000
100000
100000
100000
100000
100000
100000
100000
100000
100000
100000
100000
100000
100000
100000
100000
100000
100000
100000
100000
100000
100000
100000
100000
100000
100000
100000
100000
100000
100000
100000
100000
100000
100000
100000
100000
100000
100000
100000
100000
100000
100000
100000
100000
100000
100000
100000
100000
100000
100000
100000
100000
100000
100000
100000
100000
100000
100000
100000
100000
100000
100000
100000
100000
100000
100000
100000
100000
100000
100000
100000
100000
100000
100000
100001
100001
100002
100004
100006
100010
100016
100022
100027
100024
100004
99953.8
99845
99640.7
99297.5
98771.8
98030.3
97062.5
95886.8
94538.2
93056
91475.8
89827.2
88133.3
86411.8
84675.8
82935.1
81197.1
79467.4
77750.2
76048.9
74366.2
72704.1
71064.5
69448.7
67858
66293.5
64755.9
63246.2
61764.7
60312.3
58889.1
57496
56132.3
54800.3
53496.9
52227.2
50985.7
49777.3
48600.1
47454.2
46341
45260.6
44213.6
43200.7
42222.5
41280.8
40377.2
39512.3
38688.1
37907.9
37174.4
36489.7
35856.5
35278.5
34759.4
34301.9
33907.2
33575.4
33306.9
33094.1
32942.4
32831.5
32755.7
32712.8
32681.3
32666.1
32655.1
32649
32646.2
32641.8
32637.1
32630.3
32622.6
32612.6
32600.3
32582.5
32554.9
32512.6
32450.5
32403.1
32367.2
32336.7
32305.4
32279.4
32254.2
32225.5
32213.6
32179.8
32152
32138.1
32127
32118.1
32108
32095.4
32082.6
32070.3
32056.7
32042.2
32028.7
32015.1
31998
31975.9
31961
31949.5
31943.4
31936.8
31928.2
31916.3
31890.6
31853.2
31828.8
31809.5
31793.9
31783.1
31775.2
31763.3
31737.9
31671.3
31561.4
31404.3
31124.4
30600
29580.1
27215.3
19589.3
12944.2
10679.3
10124.5
10021.2
10003.6
10000.6
10000.1
10000
10000
10000
10000
10000
10000
10000
10000
10000
10000
10000
10000
10000
10000
10000
10000
10000
10000
10000
10000
10000
10000
10000
10000
10000
10000
10000
10000
10000
10000
10000
10000
10000
10000
10000
10000
10000
10000
10000
10000
10000
10000
10000
10000
10000
10000
10000
10000
10000
10000
10000
10000
10000
10000
10000
10000
10000
10000
10000
10000
10000
10000
10000
10000
10000
10000
10000
10000
10000
10000
10000
10000
10000
10000
10000
10000
10000
10000
10000
10000
10000
10000
10000
10000
10000
10000
10000
10000
10000
10000
10000
10000
10000
10000
10000
10000
10000
10000
10000
10000
10000
10000
10000
10000
10000
10000
10000
10000
10000
10000
10000
10000
10000
10000
10000
10000
10000
10000
10000
10000
10000
10000
10000
10000
10000
10000
10000
10000
10000
10000
10000
10000
10000
10000
10000
10000
10000
10000
10000
10000
10000
10000
10000
10000
10000
10000
10000
10000
10000
10000
10000
10000
10000
10000
10000
10000
10000
10000
10000
10000
10000
10000
10000
10000
10000
10000
10000
10000
10000
10000
10000
10000
10000
10000
10000
10000
10000
10000
10000
10000
10000
10000
10000
10000
10000
10000
10000
10000
10000
10000
10000
10000
10000
10000
10000
10000
10000
10000
10000
10000
10000
10000
10000
10000
10000
10000
10000
10000
10000
10000
10000
10000
10000
10000
10000
10000
10000
10000
10000
10000
10000
10000
10000
10000
10000
10000
10000
10000
10000
10000
10000
10000
10000
10000
10000
10000
10000
10000
10000
10000
10000
10000
10000
10000
10000
10000
10000
10000
10000
10000
10000
10000
10000
10000
10000
10000
10000
10000
10000
10000
10000
10000
10000
10000
10000
10000
10000
10000
10000
10000
10000
10000
10000
10000
10000
10000
10000
10000
10000
10000
10000
10000
10000
10000
10000
10000
10000
10000
10000
10000
10000
10000
10000
10000
10000
10000
10000
10000
10000
10000
10000
10000
10000
10000
10000
10000
10000
10000
10000
10000
10000
10000
10000
10000
10000
10000
10000
10000
10000
10000
10000
10000
10000
10000
10000
10000
10000
10000
10000
10000
10000
10000
10000
10000
10000
10000
10000
10000
10000
10000
10000
10000
10000
10000
10000
10000
10000
10000
10000
10000
10000
10000
10000
10000
10000
10000
10000
10000
10000
10000
10000
10000
10000
10000
10000
10000
10000
10000
10000
10000
10000
10000
10000
10000
10000
10000
10000
10000
10000
10000
10000
10000
10000
10000
10000
10000
10000
10000
10000
10000
10000
10000
10000
10000
10000
10000
10000
10000
10000
10000
10000
10000
10000
10000
10000
10000
10000
10000
10000
10000
10000
10000
10000
10000
10000
10000
)
;

boundaryField
{
    inlet
    {
        type            zeroGradient;
    }
    outlet
    {
        type            zeroGradient;
    }
    bottom
    {
        type            symmetryPlane;
    }
    top
    {
        type            symmetryPlane;
    }
    obstacle
    {
        type            zeroGradient;
    }
    defaultFaces
    {
        type            empty;
    }
}


// ************************************************************************* //
