/*--------------------------------*- C++ -*----------------------------------*\
| =========                 |                                                 |
| \\      /  F ield         | OpenFOAM: The Open Source CFD Toolbox           |
|  \\    /   O peration     | Version:  5.x                                   |
|   \\  /    A nd           | Web:      www.OpenFOAM.org                      |
|    \\/     M anipulation  |                                                 |
\*---------------------------------------------------------------------------*/
/*   Windows 32 and 64 bit porting by blueCAPE: http://www.bluecape.com.pt   *\
|  Based on Windows porting (2.0.x v4) by Symscape: http://www.symscape.com   |
\*---------------------------------------------------------------------------*/
FoamFile
{
    version     2.0;
    format      ascii;
    class       surfaceScalarField;
    location    "0.003";
    object      phi;
}
// * * * * * * * * * * * * * * * * * * * * * * * * * * * * * * * * * * * * * //

dimensions      [1 0 -1 0 0 0 0];

internalField   nonuniform List<scalar> 
1447
(
-4.1922e-013
4.22717e-014
-4.12115e-013
3.90313e-014
-3.83693e-013
3.91145e-014
-1.98952e-013
3.57631e-014
-1.77636e-013
3.76921e-014
1.91847e-013
3.25712e-014
3.69482e-013
3.46598e-014
6.89226e-013
3.36675e-014
1.91847e-013
3.31679e-014
3.33955e-013
3.01217e-014
7.17648e-013
3.03854e-014
4.76064e-013
3.09891e-014
5.25802e-013
2.61666e-014
6.75016e-013
2.82274e-014
6.32383e-013
2.77764e-014
7.95808e-013
2.33077e-014
1.36424e-012
2.58751e-014
1.19371e-012
2.43833e-014
6.25278e-013
2.43486e-014
3.83693e-013
2.17326e-014
5.32907e-013
2.12469e-014
1.91847e-013
2.34118e-014
-1.06581e-013
1.72917e-014
3.97904e-013
1.88807e-014
4.54747e-013
1.94914e-014
2.20268e-013
1.67019e-014
-2.27374e-013
1.67644e-014
-2.41585e-013
1.34823e-014
-3.83693e-013
1.84089e-014
-1.63425e-013
1.13451e-014
-4.83169e-013
1.22194e-014
-3.2685e-013
1.23027e-014
-7.10543e-013
5.17641e-015
-2.55795e-013
1.12133e-014
1.42109e-014
2.9976e-015
5.32907e-013
1.20667e-014
1.84741e-013
1.65146e-015
2.91323e-013
8.72913e-015
-2.62901e-013
6.10623e-016
-3.55271e-013
8.8124e-016
-5.18696e-013
-2.01228e-015
1.84741e-013
1.71391e-015
9.37916e-013
4.3715e-016
1.47082e-012
5.25274e-015
1.94689e-012
-2.91434e-016
1.63425e-012
7.93116e-015
1.55609e-012
-1.51268e-015
1.20792e-012
2.38004e-015
1.79057e-012
2.77556e-017
1.45661e-012
1.06859e-015
9.73444e-013
-3.21965e-015
8.66862e-013
-8.34749e-015
1.03739e-012
-8.32667e-016
8.02913e-013
-1.14977e-014
8.81073e-013
-7.19563e-015
5.82645e-013
-1.21014e-014
1.16529e-012
-1.37598e-014
8.2423e-013
-1.36974e-014
2.91323e-013
-1.07969e-014
1.84741e-013
-1.42802e-014
8.52651e-014
-1.40651e-014
-1.63425e-013
-1.90681e-014
2.84217e-014
-1.32394e-014
-6.60805e-013
-2.07334e-014
-1.05871e-012
-1.75415e-014
-1.00897e-012
-1.67019e-014
-1.18661e-012
-1.88738e-014
-6.25278e-013
-1.487e-014
-2.06057e-013
-1.39055e-014
1.42109e-013
-1.13035e-014
2.84217e-014
-1.39333e-014
-4.26326e-014
-1.2941e-014
-1.49214e-013
-1.0221e-014
-2.41585e-013
-1.14492e-014
6.39488e-014
-1.29896e-014
-5.54223e-013
-9.42996e-015
-1.63425e-013
-9.75608e-015
2.4869e-013
-4.73233e-015
1.7053e-013
-8.51402e-015
3.90799e-013
-5.41234e-015
-4.05009e-013
-5.95357e-015
-4.90274e-013
-1.1699e-014
-1.20792e-013
-3.06699e-015
-5.18696e-013
-8.39606e-015
-1.10134e-012
-5.25274e-015
-1.16529e-012
-1.01377e-014
-1.47082e-012
-3.14332e-015
-1.13687e-012
-9.79078e-015
-1.15818e-012
-5.7454e-015
-1.22924e-012
-7.66054e-015
-1.28608e-012
-5.32213e-015
-7.31859e-013
-2.66454e-015
-8.02913e-013
-1.36696e-015
-1.23634e-012
-4.64906e-016
-1.15818e-012
-5.64132e-015
-1.12976e-012
-6.19643e-015
-1.34293e-012
-1.75554e-015
-1.12266e-012
-5.39152e-015
-1.00187e-012
-2.39392e-015
-3.05533e-013
9.92262e-016
1.56319e-013
5.21805e-015
4.76064e-013
5.33601e-015
3.90799e-013
8.81933e-015
4.68958e-013
8.05606e-015
9.52127e-013
5.7801e-015
1.4353e-012
1.3177e-014
1.29319e-012
9.38138e-015
1.10845e-012
8.23647e-015
9.80549e-013
7.5287e-015
9.37916e-013
6.18255e-015
5.25802e-013
2.93515e-015
4.68958e-013
2.498e-015
1.7053e-013
-2.94209e-015
4.76064e-013
3.88578e-016
8.2423e-013
-6.43929e-015
1.53477e-012
4.82947e-015
2.33058e-012
2.44249e-015
5.34328e-012
1.011e-014
1.53193e-011
3.43406e-014
4.7109e-011
1.227e-013
1.44844e-010
3.97786e-013
4.3935e-010
1.24718e-012
1.31175e-009
3.83658e-012
3.85953e-009
1.1554e-011
1.11788e-008
3.4276e-011
3.18503e-008
9.9988e-011
8.92316e-008
2.8686e-010
2.45701e-007
8.08988e-010
6.64625e-007
2.2418e-009
1.76531e-006
6.10141e-009
4.60169e-006
1.63016e-008
1.17661e-005
4.27338e-008
2.94929e-005
1.09853e-007
7.24279e-005
2.76755e-007
0.000174145
6.82879e-007
0.000409662
1.64916e-006
0.000942143
3.89522e-006
0.00211653
8.99097e-006
0.00464045
2.02633e-005
0.00991958
4.45488e-005
0.0206518
9.54406e-005
0.0418255
0.000199027
0.082297
0.00040349
0.157098
0.000794151
0.290496
0.00151521
0.519507
0.00279797
0.897021
0.00499206
1.49305
0.00859086
2.39211
0.0142367
3.685
0.0226883
5.45498
0.0347384
7.76065
0.051082
10.6211
0.072166
14.0089
0.0980984
17.8541
0.128626
22.0573
0.163191
26.5073
0.201063
31.0959
0.24146
35.7283
0.283637
40.3272
0.326912
44.833
0.370689
49.2021
0.414476
53.4046
0.457889
57.4233
0.500651
61.2508
0.542583
64.8859
0.583583
68.331
0.6236
71.5901
0.662611
74.6676
0.700606
77.5681
0.737577
80.2957
0.773515
82.8545
0.80841
85.248
0.842244
87.4798
0.874999
89.5525
0.906655
91.4716
0.937184
93.2332
0.966586
94.8595
0.994768
96.3113
1.02191
97.6701
1.04752
98.8288
1.07257
99.8938
1.09534
100.856
1.11817
101.572
1.13865
102.314
1.15844
102.882
1.17671
103.24
1.19497
103.613
1.20864
103.893
1.22597
103.952
1.23827
103.933
1.24995
103.923
1.26241
103.802
1.27179
103.51
1.28014
103.125
1.28866
102.754
1.2949
102.347
1.2997
101.801
1.30437
101.14
1.30862
100.433
1.31053
99.755
1.31064
99.0406
1.31102
98.2552
1.31114
97.3737
1.31051
96.4436
1.3072
95.5195
1.30289
94.6351
1.29785
93.7903
1.29408
92.8627
1.28988
91.8828
1.28329
90.8772
1.27499
89.9771
1.26567
89.1471
1.25863
88.3242
1.25128
87.5108
1.24296
86.6816
1.2338
85.8477
1.22399
85.0281
1.2141
84.2295
1.2156
83.4515
1.22416
82.6976
1.23798
81.9466
1.25489
81.1422
1.27433
80.2759
1.29619
79.3826
1.31269
78.5164
1.32473
77.7118
1.32721
76.9228
1.31676
76.1136
1.29998
75.2666
1.2725
74.4059
1.24792
73.6017
1.21955
72.8449
1.19102
72.1644
1.16452
71.4778
1.12636
70.7101
1.14821
69.5509
1.11872
66.3865
1.02284
60.9175
0.997112
55.6742
0.937465
51.1768
0.860739
47.6459
0.795781
45.0243
0.743209
43.1443
0.703276
41.8226
0.67555
40.8832
0.660257
40.1899
0.654414
39.6329
0.655535
39.1182
0.661114
38.6745
0.669807
38.2652
0.680947
37.8378
0.692975
37.3873
0.705026
36.9132
0.716698
36.4226
0.727934
35.9176
0.738616
35.3977
0.748589
34.8668
0.757837
34.3288
0.766433
33.7814
0.774429
33.2254
0.78175
32.6642
0.788434
32.0957
0.794451
31.5183
0.799764
30.9369
0.804375
30.3523
0.808479
29.7606
0.81206
29.1632
0.815103
28.5677
0.817821
27.9597
0.819976
27.29
0.819997
26.4746
0.814709
25.4078
0.798768
23.6972
0.755169
16.0791
0.61349
6.94056
0.328701
2.3628
0.118856
0.671332
0.0352526
0.177156
0.00943574
0.0457236
0.0024452
0.0117254
0.00062913
0.0029989
0.000161676
0.00076559
4.15237e-005
0.000195119
1.06558e-005
4.96476e-005
2.73148e-006
1.26131e-005
6.99315e-007
3.19973e-006
1.78809e-007
8.10625e-007
4.56624e-008
2.05113e-007
1.16468e-008
5.18424e-008
2.9674e-009
1.30902e-008
7.5527e-010
3.3024e-009
1.92058e-010
8.32505e-010
4.87971e-011
2.09754e-010
1.23901e-011
5.28546e-011
3.14514e-012
1.33316e-011
7.99575e-013
3.39995e-012
2.0401e-013
8.89955e-013
5.26263e-014
2.62013e-013
1.27121e-014
6.54945e-015
-7.24754e-012
-6.25278e-012
-5.38591e-012
-5.91172e-012
-5.17275e-012
-5.01643e-012
-4.39115e-012
-5.03064e-012
-4.14957e-012
-4.26326e-012
-4.83169e-012
-3.68061e-012
-2.95586e-012
-2.40163e-012
-1.8332e-012
-2.78533e-012
-3.7943e-012
-3.65219e-012
-1.84741e-012
-9.80549e-013
-6.6791e-013
-1.98952e-012
-1.94689e-012
-1.35003e-012
-2.10321e-012
-1.9611e-012
-2.41585e-012
-2.77112e-012
-3.9222e-012
-4.90274e-012
-5.91172e-012
-6.08225e-012
-5.52802e-012
-6.73595e-012
-5.85487e-012
-4.78906e-012
-3.31113e-012
-3.15481e-012
-2.45848e-012
-1.4353e-012
-4.68958e-013
5.82645e-013
-8.52651e-014
-7.10543e-013
4.54747e-013
1.7053e-012
1.29319e-012
1.12266e-012
1.19371e-012
5.82645e-013
5.96856e-013
-1.02318e-012
-1.8332e-012
-1.53477e-012
-1.77636e-012
-7.67386e-013
-1.22213e-012
-7.24754e-013
-3.55271e-013
-2.98428e-013
2.98428e-013
1.5774e-012
1.86162e-012
2.01794e-012
2.20268e-012
2.44427e-012
3.33955e-012
2.64322e-012
2.89901e-012
1.89004e-012
1.98952e-012
1.23634e-012
1.0516e-012
2.10321e-012
2.24532e-012
2.71427e-012
2.45848e-012
2.65743e-012
2.38742e-012
3.21165e-012
3.08376e-012
3.25429e-012
3.42482e-012
3.45324e-012
2.89901e-012
2.55795e-012
2.33058e-012
3.25429e-012
2.359e-012
2.24532e-012
2.34479e-012
1.40687e-012
1.91847e-012
1.89004e-012
2.25953e-012
2.57216e-012
1.81899e-012
7.67386e-013
1.53477e-012
2.6148e-012
2.40163e-012
2.55795e-012
2.41585e-012
1.10845e-012
1.16529e-012
9.23706e-013
5.82645e-013
-5.40012e-013
8.52651e-014
-4.26326e-014
8.66862e-013
-3.41061e-013
-1.44951e-012
-8.81073e-013
-1.40687e-012
-8.52651e-013
-1.47793e-012
-2.21689e-012
-3.55271e-012
-8.15703e-012
-2.13305e-011
-6.32383e-011
-1.89956e-010
-5.58941e-010
-1.6197e-009
-4.61796e-009
-1.2951e-008
-3.57028e-008
-9.66866e-008
-2.57078e-007
-6.70726e-007
-1.71607e-006
-4.30268e-006
-1.05642e-005
-2.53789e-005
-5.96003e-005
-0.000136685
-0.000305759
-0.000666262
-0.00141201
-0.00290497
-0.00578859
-0.0111402
-0.0206297
-0.0365766
-0.061646
-0.0976729
-0.142723
-0.184975
-0.190705
-0.0899296
0.212021
0.858773
2.13671
4.37066
7.92151
13.107
20.1105
28.8827
39.1595
50.5978
62.8644
75.6744
88.8006
102.07
115.352
128.552
141.599
154.441
167.039
179.365
191.395
203.114
214.508
225.568
236.286
246.658
256.681
266.35
275.668
284.627
293.246
301.487
309.435
316.931
324.259
331.037
337.604
343.998
349.58
355.382
360.777
365.403
370.144
374.824
378.737
382.246
385.953
389.511
392.373
394.787
397.288
399.873
402.089
403.701
404.97
406.379
408.053
409.507
410.313
410.754
411.412
412.541
413.593
414.39
414.967
415.439
416.041
416.745
417.558
418.414
419.221
419.808
420.364
421.045
421.838
422.649
423.416
424.049
424.308
424.469
424.712
425.094
425.526
425.928
426.237
426.054
424.269
417.66
397.72
374.017
350.696
329.981
312.844
299.506
289.776
283.144
278.928
276.468
275.266
274.897
274.956
275.181
275.584
276.199
276.874
277.523
278.105
278.604
278.921
278.9
279.085
279.383
279.761
280.232
280.808
281.361
281.801
281.77
281.003
280.14
278.391
274.689
267.19
248.159
185.405
70.5687
19.0263
3.72243
0.640348
0.107657
0.0180583
0.00303159
0.000509815
8.59466e-005
1.45399e-005
2.47191e-006
4.23172e-007
7.31482e-008
1.28135e-008
2.28504e-009
4.17128e-010
7.8396e-011
1.52038e-011
3.02514e-012
6.83897e-013
1.24345e-013
1.1724e-013
2.98428e-013
1.27898e-013
1.7053e-013
1.98952e-013
1.42109e-013
1.42109e-013
1.7053e-013
1.42109e-013
1.7053e-013
1.42109e-013
1.13687e-013
1.42109e-013
1.13687e-013
1.98952e-013
1.7053e-013
1.7053e-013
1.7053e-013
2.27374e-013
1.98952e-013
1.7053e-013
1.42109e-013
1.13687e-013
1.13687e-013
1.42109e-013
1.7053e-013
1.98952e-013
1.42109e-013
1.7053e-013
1.7053e-013
1.42109e-013
1.42109e-013
1.98952e-013
8.52651e-014
1.42109e-013
1.13687e-013
1.13687e-013
1.42109e-013
1.13687e-013
8.52651e-014
1.13687e-013
1.42109e-013
1.42109e-013
1.7053e-013
1.98952e-013
2.55795e-013
2.55795e-013
2.55795e-013
2.55795e-013
2.84217e-013
2.84217e-013
3.41061e-013
3.12639e-013
3.41061e-013
3.41061e-013
3.41061e-013
3.69482e-013
3.69482e-013
3.97904e-013
4.26326e-013
4.54747e-013
4.83169e-013
4.54747e-013
4.54747e-013
4.26326e-013
3.69482e-013
4.54747e-013
4.26326e-013
4.54747e-013
4.26326e-013
4.54747e-013
4.83169e-013
4.83169e-013
4.26326e-013
4.83169e-013
5.11591e-013
5.11591e-013
4.83169e-013
4.83169e-013
5.11591e-013
5.11591e-013
5.40012e-013
5.11591e-013
5.11591e-013
5.96856e-013
5.40012e-013
5.68434e-013
5.40012e-013
5.96856e-013
6.53699e-013
6.82121e-013
7.10543e-013
7.10543e-013
6.53699e-013
6.53699e-013
6.53699e-013
6.53699e-013
6.25278e-013
6.53699e-013
5.96856e-013
5.96856e-013
5.68434e-013
6.25278e-013
8.34888e-014
1.48102e-015
8.17124e-014
2.43035e-015
7.81597e-014
3.42218e-015
7.10543e-014
8.97286e-016
6.03961e-014
3.76001e-016
7.99361e-014
1.61763e-016
9.14824e-014
2.31933e-015
7.90479e-014
6.49654e-016
9.32587e-014
9.979e-016
6.83897e-014
1.36566e-015
4.70735e-014
-5.9848e-017
5.50671e-014
9.38052e-016
3.37508e-014
-9.08561e-016
1.24345e-014
1.73472e-017
9.76996e-015
-2.57173e-016
1.15463e-014
-5.5381e-016
3.19744e-014
-5.63351e-016
5.32907e-015
-8.70831e-016
-2.30926e-014
-5.02636e-016
8.88178e-016
-9.42822e-016
1.33227e-014
-9.07694e-016
3.19744e-014
-3.13985e-016
4.08562e-014
1.70437e-016
1.5099e-014
-4.55799e-016
2.39808e-014
-8.64326e-016
2.22045e-014
-5.39065e-016
-2.57572e-014
-6.19296e-016
-4.70735e-014
-1.99753e-015
-3.4639e-014
-1.24943e-015
-3.4639e-014
-1.61416e-015
-1.86517e-014
-1.54824e-015
-1.86517e-014
-1.58294e-015
-5.32907e-014
-9.60603e-016
-5.06262e-014
-2.08817e-015
-1.86517e-014
-7.32487e-016
-3.9968e-014
-1.71521e-015
-4.26326e-014
-1.16617e-015
-1.59872e-014
-1.01698e-015
-2.30926e-014
-1.36826e-015
-4.17444e-014
-1.20737e-015
-3.19744e-014
-1.39081e-015
-4.44089e-015
-1.27719e-015
0
-1.09548e-015
8.88178e-015
-1.02869e-015
-2.22045e-014
-7.73253e-016
-2.13163e-014
-1.04951e-015
-4.70735e-014
-1.15229e-015
-2.66454e-014
-1.11846e-015
-1.68754e-014
-1.14015e-015
-3.10862e-014
-1.3353e-015
-3.28626e-014
-1.11022e-016
-1.5099e-014
-1.14752e-015
-4.26326e-014
-6.78711e-016
-4.08562e-014
-8.03611e-016
-5.77316e-014
-4.96998e-016
-5.68434e-014
-9.25041e-016
-6.12843e-014
-4.15033e-016
-2.04281e-014
-6.88685e-016
-6.21725e-015
-4.04191e-016
1.86517e-014
-2.98806e-016
-9.76996e-015
-5.8677e-016
3.37508e-014
-9.1073e-017
4.9738e-014
3.90313e-017
4.52971e-014
-8.40474e-016
4.9738e-014
5.50775e-016
5.68434e-014
-3.96818e-016
6.66134e-014
-2.2031e-016
5.86198e-014
1.21431e-017
2.93099e-014
3.85976e-017
-5.32907e-015
-5.83734e-016
-3.90799e-014
-7.91901e-016
-7.72715e-014
5.94143e-016
-1.03917e-013
-3.47378e-016
-9.50351e-014
-5.77229e-016
-8.9706e-014
-3.59521e-016
-9.23706e-014
-7.52436e-016
-3.81917e-014
7.31186e-016
-2.04281e-014
-5.01335e-016
-3.55271e-015
9.57134e-016
4.44089e-015
-2.43729e-016
2.39808e-014
7.16007e-016
7.90479e-014
6.9866e-016
8.61533e-014
2.3332e-016
5.06262e-014
1.84748e-016
4.44089e-014
1.40946e-016
1.59872e-014
7.43329e-016
2.93099e-014
-5.5728e-016
-1.15463e-014
7.51135e-016
-4.44089e-015
-3.13118e-016
-3.73035e-014
1.36176e-016
-5.32907e-014
-1.34875e-016
-2.04281e-014
-2.74086e-016
-3.81917e-014
-9.67108e-017
-4.79616e-014
-4.97866e-016
-3.55271e-014
-1.07119e-016
-6.57252e-014
-5.85903e-016
-4.17444e-014
-1.61763e-016
-4.17444e-014
-9.84456e-017
-1.42109e-014
-5.35162e-016
1.5099e-014
-1.96891e-016
4.08562e-014
-7.96672e-016
2.66454e-014
-5.36897e-016
2.75335e-014
-2.00361e-016
7.99361e-015
-5.96745e-016
-7.99361e-015
-6.44883e-016
-1.77636e-014
-6.73073e-016
-4.35207e-014
-5.3603e-016
-1.59872e-014
-5.93275e-016
-2.13163e-014
-1.01351e-015
9.76996e-015
-3.50848e-016
-1.5099e-014
-1.19349e-015
-5.68434e-014
-5.9848e-016
-4.9738e-014
-1.01438e-015
-1.05693e-013
-5.89372e-016
-8.79297e-014
-4.04624e-016
-1.49214e-013
-6.77843e-016
-2.06057e-013
-1.4138e-016
-1.81188e-013
-3.22225e-016
-2.22045e-013
-2.38091e-016
-1.66978e-013
-7.11237e-017
-2.23821e-013
-2.61943e-016
-2.89546e-013
2.30718e-016
-3.01981e-013
-9.36751e-017
-3.35731e-013
4.39752e-016
-3.51719e-013
5.09575e-016
-2.94875e-013
6.08454e-016
-3.03757e-013
5.83734e-016
-3.03757e-013
7.6935e-016
-3.30402e-013
6.73506e-016
-3.53495e-013
9.65374e-016
-4.01457e-013
1.00137e-015
-3.94351e-013
1.33444e-015
-3.9968e-013
1.13538e-015
-3.606e-013
1.28673e-015
-3.83693e-013
1.35135e-015
-3.4639e-013
1.37737e-015
-3.17968e-013
1.84922e-015
-3.51719e-013
1.24466e-015
-3.28626e-013
2.01098e-015
-2.71783e-013
9.3198e-016
-3.12639e-013
2.2044e-015
-2.82441e-013
1.3275e-015
-2.36255e-013
1.79587e-015
-2.46914e-013
1.92034e-015
-2.93099e-013
1.97195e-015
-2.8777e-013
2.19096e-015
-3.39284e-013
2.40519e-015
-3.69482e-013
2.50234e-015
-3.64153e-013
2.64936e-015
2.78944e-015
5.25802e-013
3.41061e-013
3.58824e-013
3.8014e-013
3.2685e-013
2.16716e-013
2.0961e-013
3.48166e-013
3.83693e-013
2.77112e-013
2.52243e-013
3.73035e-013
3.87246e-013
2.4869e-013
3.2685e-013
2.13163e-013
1.24345e-013
1.77636e-013
1.88294e-013
1.42109e-013
2.55795e-013
2.13163e-013
1.59872e-013
2.80664e-013
1.63425e-013
2.41585e-013
3.58824e-013
2.84217e-013
2.73559e-013
8.52651e-014
8.88178e-014
1.66978e-013
1.03029e-013
1.84741e-013
2.23821e-013
2.30926e-013
2.16716e-013
1.59872e-013
7.4607e-014
3.19744e-014
1.74083e-013
1.63425e-013
3.90799e-014
8.17124e-014
4.9738e-014
9.23706e-014
1.56319e-013
2.52243e-013
1.74083e-013
2.52243e-013
1.81188e-013
1.66978e-013
7.10543e-014
1.98952e-013
1.95399e-013
2.41585e-013
2.77112e-013
1.35003e-013
1.74083e-013
4.61853e-014
9.9476e-014
1.06581e-013
1.81188e-013
1.1724e-013
-1.42109e-014
7.10543e-015
1.13687e-013
8.17124e-014
8.17124e-014
1.03029e-013
4.9738e-014
1.10134e-013
2.13163e-014
9.9476e-014
1.38556e-013
1.10134e-013
8.52651e-014
-3.55271e-015
-9.9476e-014
-1.38556e-013
-2.59348e-013
-2.62901e-013
-4.01457e-013
-6.25278e-013
-5.29354e-013
-6.25278e-013
-6.89226e-013
-7.17648e-013
-6.99885e-013
-6.07514e-013
-5.25802e-013
-4.22773e-013
-3.73035e-013
-2.73559e-013
-1.88294e-013
-1.38556e-013
-1.77636e-013
-9.9476e-014
-1.1724e-013
-9.23706e-014
-1.42109e-013
-2.02505e-013
-2.41585e-013
-2.59348e-013
-2.62901e-013
-3.41061e-013
-3.33955e-013
-2.8777e-013
-2.06057e-013
-1.35003e-013
-3.55271e-014
-3.90799e-014
-3.55271e-014
-7.4607e-014
-1.13687e-013
-1.27898e-013
-1.77636e-013
-1.63425e-013
-8.52651e-014
-7.81597e-014
-1.42109e-013
-9.59233e-014
3.55271e-015
6.57252e-014
1.68754e-013
2.06057e-013
9.41469e-014
8.34888e-014
3.73035e-014
-5.15143e-014
-6.03961e-014
-8.88178e-015
-1.59872e-014
4.9738e-014
6.75016e-014
9.76996e-014
1.68754e-013
5.15143e-014
1.45661e-013
1.7053e-013
3.90799e-014
1.10134e-013
5.15143e-014
8.52651e-014
1.15463e-013
4.08562e-014
-4.9738e-014
0
8.88178e-015
)
;

boundaryField
{
    inlet
    {
        type            calculated;
        value           nonuniform List<scalar> 2(7.37742e-012 5.92612e-014);
    }
    outlet
    {
        type            calculated;
        value           nonuniform List<scalar> 2(-5.88568e-014 -3.55739e-013);
    }
    bottom
    {
        type            symmetryPlane;
        value           uniform 0;
    }
    top
    {
        type            symmetryPlane;
        value           uniform 0;
    }
    obstacle
    {
        type            calculated;
        value           nonuniform List<scalar> 
102
(
1.63709e-013
-8.88824e-014
3.7497e-029
7.22749e-042
1.04e-054
1.14773e-067
1.11663e-080
8.70819e-094
6.13328e-107
3.80064e-120
2.11223e-133
1.06632e-146
5.07362e-160
2.17329e-173
8.32577e-187
3.4384e-200
1.29371e-213
4.42636e-227
1.38887e-240
4.40553e-254
1.37228e-267
3.97102e-281
1.17047e-294
3.23895e-308
0
0
0
0
0
0
0
0
0
0
0
0
0
0
0
0
0
0
0
0
0
0
0
0
0
0
0
0
0
0
0
0
0
0
0
0
0
0
0
0
0
0
0
0
0
0
0
0
0
0
0
0
0
0
0
0
0
0
0
0
0
0
0
0
0
0
0
0
0
0
0
0
0
0
6.06263e-081
2.32741e-065
4.46741e-050
1.71502e-034
)
;
    }
    defaultFaces
    {
        type            empty;
        value           nonuniform 0();
    }
}


// ************************************************************************* //
