/*--------------------------------*- C++ -*----------------------------------*\
| =========                 |                                                 |
| \\      /  F ield         | OpenFOAM: The Open Source CFD Toolbox           |
|  \\    /   O peration     | Version:  5.x                                   |
|   \\  /    A nd           | Web:      www.OpenFOAM.org                      |
|    \\/     M anipulation  |                                                 |
\*---------------------------------------------------------------------------*/
/*   Windows 32 and 64 bit porting by blueCAPE: http://www.bluecape.com.pt   *\
|  Based on Windows porting (2.0.x v4) by Symscape: http://www.symscape.com   |
\*---------------------------------------------------------------------------*/
FoamFile
{
    version     2.0;
    format      ascii;
    class       surfaceScalarField;
    location    "0.002";
    object      phi;
}
// * * * * * * * * * * * * * * * * * * * * * * * * * * * * * * * * * * * * * //

dimensions      [1 0 -1 0 0 0 0];

internalField   nonuniform List<scalar> 
1447
(
1.45661e-013
1.95399e-014
2.84217e-013
2.00603e-014
2.16716e-013
1.72085e-014
2.34479e-013
1.71113e-014
2.13163e-013
1.92554e-014
2.38032e-013
1.7604e-014
1.81188e-013
2.02269e-014
2.02505e-013
1.78538e-014
3.37508e-013
2.1233e-014
1.77636e-013
2.08375e-014
1.88294e-013
2.10457e-014
3.87246e-013
2.17118e-014
4.51195e-013
2.48898e-014
1.88294e-013
2.10804e-014
3.19744e-013
2.36408e-014
1.66978e-013
2.26139e-014
-5.32907e-014
2.48135e-014
1.42109e-014
2.48343e-014
8.17124e-014
2.50217e-014
1.63425e-013
2.62984e-014
-5.32907e-014
2.68327e-014
-1.10134e-013
2.68674e-014
1.45661e-013
2.77486e-014
5.3646e-013
2.58474e-014
8.20677e-013
2.70201e-014
7.70939e-013
2.48135e-014
7.03437e-013
2.56878e-014
5.15143e-013
2.23849e-014
4.76064e-013
2.18922e-014
4.44089e-013
2.17396e-014
4.15668e-013
2.09832e-014
2.23821e-013
1.89293e-014
2.13163e-014
2.00881e-014
1.35003e-013
1.9082e-014
-3.55271e-015
2.12053e-014
1.77636e-013
1.99285e-014
1.10134e-013
2.06571e-014
-7.4607e-014
2.21698e-014
-2.84217e-014
2.14204e-014
-2.84217e-014
2.23016e-014
1.42109e-013
2.19269e-014
2.16716e-013
2.46678e-014
-5.68434e-014
2.12053e-014
-3.19744e-014
2.42653e-014
-3.90799e-014
2.21281e-014
1.59872e-013
2.27179e-014
1.06581e-014
2.04697e-014
1.81188e-013
2.15314e-014
1.20792e-013
2.06085e-014
2.27374e-013
2.10318e-014
4.9738e-014
1.99354e-014
-2.34479e-013
1.93595e-014
-2.94875e-013
1.82909e-014
-1.81188e-013
1.9415e-014
-3.76588e-013
2.05669e-014
-4.15668e-013
1.96509e-014
-3.51719e-013
2.39739e-014
-3.90799e-013
2.1011e-014
-3.8014e-013
2.43208e-014
-2.45137e-013
2.59098e-014
-2.34479e-013
2.61804e-014
-1.7053e-013
2.93723e-014
-8.17124e-014
2.85189e-014
-7.81597e-014
3.16483e-014
-9.59233e-014
3.24532e-014
-9.23706e-014
3.31471e-014
1.42109e-014
3.54647e-014
6.03961e-014
3.44308e-014
1.13687e-013
3.65263e-014
1.59872e-013
3.56035e-014
4.26326e-014
3.52704e-014
-2.4869e-014
3.56867e-014
8.17124e-014
3.52843e-014
2.41585e-013
3.51177e-014
3.09086e-013
3.52773e-014
3.2685e-013
3.36883e-014
1.35003e-013
3.4292e-014
3.55271e-014
3.09405e-014
1.52767e-013
3.30846e-014
2.23821e-013
3.18148e-014
1.35003e-013
2.85397e-014
1.42109e-013
3.08295e-014
1.91847e-013
3.08018e-014
2.59348e-013
3.07671e-014
2.70006e-013
2.9865e-014
2.16716e-013
2.74364e-014
1.24345e-013
2.79568e-014
1.27898e-013
2.61249e-014
3.30402e-013
2.73184e-014
3.69482e-013
2.48343e-014
3.76588e-013
2.49176e-014
4.08562e-013
2.36269e-014
2.55795e-013
2.32592e-014
3.55271e-013
2.22114e-014
5.57776e-013
2.26763e-014
3.37508e-013
2.21767e-014
1.91847e-013
2.14342e-014
9.23706e-014
2.10248e-014
1.13687e-013
2.07542e-014
6.39488e-014
2.09277e-014
0
1.99701e-014
-1.59872e-013
2.09763e-014
-2.4869e-014
1.85962e-014
2.06057e-013
1.89362e-014
2.34479e-013
1.81868e-014
1.49214e-013
1.74374e-014
1.66978e-013
1.80064e-014
3.55271e-015
1.67782e-014
-1.06581e-014
1.78121e-014
-4.9738e-014
1.61191e-014
-3.30402e-013
1.51129e-014
-2.66454e-013
1.59664e-014
-2.70006e-013
1.69656e-014
-1.59872e-013
1.58346e-014
-1.20792e-013
1.73472e-014
-1.20792e-013
1.58693e-014
-1.45661e-013
1.77219e-014
-2.13163e-013
1.60844e-014
-2.84217e-013
1.75762e-014
-2.84217e-013
1.86656e-014
-2.4869e-013
1.83326e-014
-1.1724e-013
1.90473e-014
-3.48166e-013
1.94011e-014
-4.26326e-013
2.15383e-014
-3.73035e-013
2.17951e-014
-6.85674e-013
2.32245e-014
-5.68434e-013
2.65551e-014
-6.46594e-013
2.7138e-014
-4.33431e-013
2.86715e-014
-2.45137e-013
2.9754e-014
-9.59233e-014
2.96221e-014
2.13163e-014
3.04687e-014
5.68434e-014
3.03785e-014
-7.10543e-015
3.11071e-014
-1.13687e-013
3.11556e-014
-2.13163e-014
2.98164e-014
4.47642e-013
3.12181e-014
1.58096e-012
3.02119e-014
6.04672e-012
2.98442e-014
2.22222e-011
2.91017e-014
8.02096e-011
2.82552e-014
2.84427e-010
3.06213e-014
9.88642e-010
3.01564e-014
3.37236e-009
3.0316e-014
1.12753e-008
3.06977e-014
3.69302e-008
3.14679e-014
1.18424e-007
2.90809e-014
3.71545e-007
2.95042e-014
1.13966e-006
2.88936e-014
3.41504e-006
2.80123e-014
9.98862e-006
2.38212e-014
2.84909e-005
2.3169e-014
7.91718e-005
2.11567e-014
0.000214105
1.94358e-014
0.000562813
1.58831e-014
0.0014362
1.46341e-014
0.00355265
1.08177e-014
0.00850508
8.30586e-015
0.0196703
5.78704e-015
0.0438606
3.12944e-015
0.0940786
2.28983e-016
0.193638
-2.30371e-015
0.381421
-4.80865e-015
0.71691
-6.83481e-015
1.28198
-9.42302e-015
2.17494
-1.11994e-014
3.49255
-1.25802e-014
5.29969
-1.249e-014
7.59169
-1.41692e-014
10.2693
-1.4308e-014
13.1936
-1.45717e-014
16.2483
-1.48839e-014
19.35
-1.42178e-014
22.44
-1.60219e-014
25.4767
-1.60288e-014
28.4311
-1.53558e-014
31.2826
-1.57582e-014
34.0168
-1.56125e-014
36.624
-1.62509e-014
39.0976
-1.49325e-014
41.4339
-1.42386e-014
43.6302
-1.41415e-014
45.6882
-1.42039e-014
47.5997
-1.43704e-014
49.3926
-1.41796e-014
51.0075
-1.43531e-014
52.5514
-1.34302e-014
53.9212
-1.28196e-014
55.1205
-1.2837e-014
56.35
-1.26635e-014
57.3254
-1.20876e-014
58.1357
-1.10259e-014
59.0127
-1.02349e-014
59.7746
-9.61731e-015
60.2596
-9.10383e-015
60.6592
-8.69443e-015
61.1462
-8.05259e-015
61.5982
-7.43849e-015
61.8154
-7.02563e-015
61.8244
-6.68562e-015
61.862
-6.2398e-015
62.0503
-6.05245e-015
62.2292
-5.92408e-015
62.1987
-6.08888e-015
62.0529
-6.10796e-015
61.8578
-6.0351e-015
61.791
-5.97612e-015
61.8415
-5.92408e-015
61.8834
-5.75755e-015
61.8864
-5.69336e-015
61.843
-5.75061e-015
61.654
-5.93449e-015
61.5476
-6.1999e-015
61.5
-6.46011e-015
61.5435
-6.77756e-015
61.6676
-7.05165e-015
61.7455
-7.32747e-015
61.7506
-7.55992e-015
61.4582
-7.75248e-015
60.031
-7.87911e-015
55.6545
-7.99014e-015
51.0896
-7.97799e-015
47.2198
-8.00575e-015
44.2425
-8.01789e-015
42.0763
-8.18269e-015
40.6061
-8.44116e-015
39.6712
-8.90434e-015
39.1265
-9.53057e-015
38.8486
-1.0391e-014
38.7349
-1.09981e-014
38.7059
-1.11681e-014
38.7179
-1.11595e-014
38.7793
-1.12566e-014
38.8125
-1.13711e-014
38.8214
-1.16296e-014
38.803
-1.21292e-014
38.7506
-1.26843e-014
38.6579
-1.31926e-014
38.5062
-1.36557e-014
38.2342
-1.38067e-014
37.7218
-1.38101e-014
36.772
-1.34389e-014
34.5828
-1.43132e-014
28.4336
-1.33435e-014
11.8488
-1.0502e-014
3.44739
-5.24407e-015
0.720731
-2.91954e-015
0.128636
-2.21091e-015
0.0222543
-1.9906e-015
0.00383191
-1.96978e-015
0.000659468
-2.02355e-015
0.000113504
-1.93855e-015
1.95377e-005
-2.04524e-015
3.36309e-006
-1.87697e-015
5.78826e-007
-1.6237e-015
9.95931e-008
-1.50834e-015
1.71275e-008
-1.39732e-015
2.94332e-009
-1.27762e-015
5.05296e-010
-1.5014e-015
8.66429e-011
-1.25247e-015
1.48423e-011
-1.26982e-015
2.55018e-012
-1.54998e-015
4.58966e-013
-1.55084e-015
9.23706e-014
-1.7833e-015
2.39808e-014
-1.69569e-015
2.64233e-014
-1.64105e-015
3.44169e-014
-1.7113e-015
5.66214e-014
-1.71044e-015
3.59712e-014
-1.82406e-015
3.28626e-014
-1.90299e-015
2.79776e-014
-1.91687e-015
4.17444e-014
-2.14065e-015
5.68434e-014
-2.06779e-015
4.88498e-014
-2.29504e-015
5.15143e-014
-2.24386e-015
3.10862e-014
-2.38091e-015
3.77476e-014
-2.33147e-015
5.04041e-014
-2.4581e-015
4.21885e-014
-2.39218e-015
3.86358e-014
-2.5379e-015
1.06581e-014
-2.60469e-015
4.88498e-015
-2.70617e-015
-1.73195e-014
-2.76862e-015
-3.59712e-014
-2.91e-015
-3.06422e-014
-2.86056e-015
-1.66533e-014
-2.86576e-015
-1.42109e-014
-2.86663e-015
-7.99361e-015
-2.98546e-015
-2.84217e-014
-3.06699e-015
-3.59712e-014
-3.17888e-015
-8.43769e-015
-3.02189e-015
-1.19904e-014
-3.23006e-015
-9.32587e-015
-3.20664e-015
-8.88178e-015
-3.37924e-015
-2.90878e-014
-3.41741e-015
-3.61933e-014
-3.4894e-015
-2.62013e-014
-3.35496e-015
-1.06581e-014
-3.34888e-015
-1.19904e-014
-3.19883e-015
-3.07133e-015
5.68434e-014
-1.19371e-012
-1.10845e-012
1.10845e-012
1.47793e-012
3.52429e-012
4.86011e-012
4.77485e-012
3.80851e-012
3.29692e-012
5.28644e-012
5.48539e-012
3.15481e-012
4.88853e-012
4.54747e-012
4.37694e-012
1.9611e-012
2.92744e-012
3.38218e-012
3.83693e-012
3.97904e-012
2.81375e-012
9.9476e-013
8.2423e-013
8.2423e-013
4.54747e-013
-1.79057e-012
-7.10543e-013
5.68434e-013
-9.37916e-013
-2.67164e-012
-5.96856e-013
7.95808e-013
2.70006e-012
1.19371e-012
1.84741e-012
1.98952e-012
2.47269e-012
2.64322e-012
1.19371e-012
2.10321e-012
1.3074e-012
-2.84217e-013
2.84217e-014
-1.53477e-012
-1.02318e-012
-1.08002e-012
-1.33582e-012
-1.13687e-012
-1.84741e-012
-1.39266e-012
-1.59162e-012
-5.11591e-013
-4.54747e-013
8.52651e-014
1.42109e-012
2.21689e-012
3.6664e-012
4.86011e-012
5.59908e-012
5.96856e-012
6.0254e-012
5.25802e-012
5.25802e-012
5.88329e-012
4.74643e-012
4.54747e-012
3.43903e-012
1.33582e-012
1.64846e-012
1.53477e-012
-5.11591e-013
-1.90425e-012
-1.33582e-012
-1.67688e-012
-1.50635e-012
-2.87059e-012
-1.27898e-012
-1.64846e-012
-1.42109e-012
-8.81073e-013
-3.12639e-013
-3.12639e-013
-2.47269e-012
-2.75691e-012
-2.92744e-012
-3.24007e-012
-1.7053e-012
-6.25278e-013
-1.84741e-012
-1.22213e-012
-1.64846e-012
-1.64846e-012
8.52651e-014
-3.41061e-013
-9.09495e-013
-1.02318e-012
1.02318e-012
5.96856e-013
-9.09495e-013
-2.92744e-012
-4.86011e-012
-2.64322e-012
-1.25056e-012
-4.26326e-013
-5.96856e-013
-8.2423e-013
-1.90425e-012
-1.73372e-012
-2.98428e-012
-2.10321e-012
-2.01794e-012
-1.53477e-012
-1.98952e-013
5.68434e-013
6.82121e-013
2.27374e-013
9.9476e-013
8.2423e-013
1.27898e-012
1.33582e-012
2.07478e-012
2.84217e-012
2.75691e-012
4.20641e-012
5.82645e-012
4.63274e-012
3.41061e-012
1.90425e-012
8.52651e-013
-7.38964e-013
1.0516e-012
1.25056e-012
8.81073e-013
3.41061e-013
9.09495e-013
1.59162e-012
1.04876e-011
4.00178e-011
1.54245e-010
5.60789e-010
1.99049e-009
6.92205e-009
2.36086e-008
7.89277e-008
2.58511e-007
8.28968e-007
2.60081e-006
7.97763e-006
2.39053e-005
6.99203e-005
0.000199437
0.000554203
0.00149874
0.00393969
0.0100534
0.0248685
0.0595355
0.137692
0.307024
0.65855
1.35546
2.66995
5.01837
8.97389
15.2246
24.4479
37.0978
53.1418
71.8853
92.3549
113.738
135.45
157.08
178.337
199.018
218.978
238.118
256.368
273.683
290.037
305.411
319.817
333.198
345.748
357.053
367.86
377.448
385.843
394.45
401.278
406.95
413.089
418.422
421.817
424.614
428.023
431.187
432.708
432.771
433.034
434.352
435.604
435.391
434.371
433.004
432.537
432.89
433.184
433.205
432.901
431.578
430.833
430.5
430.805
431.674
432.218
432.254
430.207
420.217
389.581
357.627
330.538
309.697
294.534
284.243
277.698
273.885
271.941
271.144
270.941
271.026
271.455
271.687
271.749
271.621
271.254
270.605
269.543
267.639
264.053
257.404
242.079
199.035
82.9418
24.1317
5.04511
0.900453
0.15578
0.0268234
0.00461628
0.000794529
0.000136764
2.35416e-005
4.05178e-006
6.97152e-007
1.19893e-007
2.06034e-008
3.53706e-009
6.06306e-010
1.03659e-010
1.75913e-011
2.90257e-012
4.10338e-013
7.10543e-014
3.73035e-014
7.28306e-014
6.21725e-014
-1.22569e-013
-9.59233e-014
-1.56319e-013
-1.79412e-013
-5.32907e-014
1.33227e-013
1.06581e-013
4.9738e-014
9.59233e-014
9.76996e-014
-1.33227e-013
-2.32703e-013
-2.84217e-013
-5.32907e-013
-5.40012e-013
-5.09814e-013
-3.21521e-013
-2.89546e-013
-3.33955e-013
-2.55795e-013
-3.606e-013
-4.90274e-013
-5.84421e-013
-5.47118e-013
-4.95604e-013
-3.97904e-013
-2.57572e-013
2.13163e-014
2.94875e-013
4.08562e-013
5.41789e-013
7.10543e-013
7.10543e-013
6.82121e-013
6.53699e-013
6.82121e-013
5.96856e-013
5.96856e-013
6.25278e-013
6.25278e-013
5.96856e-013
5.40012e-013
5.40012e-013
5.40012e-013
5.11591e-013
4.83169e-013
4.54747e-013
4.54747e-013
4.54747e-013
4.54747e-013
3.97904e-013
4.26326e-013
3.69482e-013
3.41061e-013
3.69482e-013
4.26326e-013
3.97904e-013
3.97904e-013
3.97904e-013
4.26326e-013
3.69482e-013
3.97904e-013
4.54747e-013
4.26326e-013
3.41061e-013
3.97904e-013
4.54747e-013
3.69482e-013
3.97904e-013
4.26326e-013
4.54747e-013
4.54747e-013
4.54747e-013
3.97904e-013
4.26326e-013
3.97904e-013
4.26326e-013
4.26326e-013
4.26326e-013
3.69482e-013
3.97904e-013
3.41061e-013
3.12639e-013
3.97904e-013
3.41061e-013
3.41061e-013
3.12639e-013
3.12639e-013
2.84217e-013
2.55795e-013
2.84217e-013
2.84217e-013
3.12639e-013
2.55795e-013
1.98952e-013
2.27374e-013
1.98952e-013
1.98952e-013
2.27374e-013
1.42109e-013
2.27374e-013
2.55795e-013
2.27374e-013
1.98952e-013
2.27374e-013
2.27374e-013
2.55795e-013
3.12639e-013
3.41061e-013
3.41061e-013
3.69482e-013
3.41061e-013
3.12639e-013
3.12639e-013
3.12639e-013
2.84217e-013
3.69482e-013
3.12639e-013
3.41061e-013
3.12639e-013
2.84217e-013
2.84217e-013
2.84217e-013
3.12639e-013
3.12639e-013
2.55795e-013
3.12639e-013
3.41061e-013
3.12639e-013
3.12639e-013
2.84217e-013
2.98428e-013
8.83738e-014
-9.28077e-017
6.21725e-014
-1.80845e-016
6.92779e-014
-1.4962e-016
8.9706e-014
-1.62197e-016
8.70415e-014
-2.12504e-016
8.03801e-014
-2.22478e-016
9.4591e-014
-2.07299e-016
8.88178e-014
-2.81893e-016
7.19425e-014
-3.06612e-016
8.08242e-014
-3.29597e-016
6.79456e-014
-3.90746e-016
7.19425e-014
-3.93782e-016
8.12683e-014
-4.12864e-016
7.63833e-014
-4.34548e-016
6.39488e-014
-4.86156e-016
5.90639e-014
-4.8659e-016
4.21885e-014
-5.18682e-016
4.13003e-014
-5.26489e-016
3.19744e-014
-5.50341e-016
4.4853e-014
-5.32126e-016
5.81757e-014
-5.19116e-016
6.83897e-014
-5.74193e-016
5.55112e-014
-5.0307e-016
5.15143e-014
-5.6205e-016
5.90639e-014
-4.52329e-016
6.92779e-014
-5.68556e-016
6.57252e-014
-5.00468e-016
6.79456e-014
-5.38632e-016
6.61693e-014
-4.98299e-016
4.39648e-014
-5.81132e-016
1.82077e-014
-5.97179e-016
8.88178e-016
-5.91541e-016
-8.88178e-016
-6.54858e-016
1.77636e-015
-7.1514e-016
3.9968e-015
-6.34475e-016
-8.88178e-016
-6.68736e-016
-1.33227e-015
-5.68989e-016
-8.43769e-015
-5.56846e-016
-7.54952e-015
-5.26489e-016
1.19904e-014
-5.42101e-016
7.54952e-015
-5.26055e-016
-2.22045e-015
-5.64219e-016
1.33227e-015
-6.11056e-016
-3.10862e-015
-5.96311e-016
3.10862e-015
-5.55545e-016
9.76996e-015
-5.87204e-016
8.43769e-015
-6.0325e-016
5.77316e-015
-6.35776e-016
-4.44089e-015
-6.17995e-016
-4.44089e-015
-6.45751e-016
9.32587e-015
-6.11924e-016
6.21725e-015
-5.63785e-016
4.44089e-015
-5.7376e-016
-8.88178e-016
-5.1955e-016
1.11022e-014
-6.66134e-016
7.10543e-015
-5.6205e-016
3.55271e-015
-5.52509e-016
-9.32587e-015
-6.0325e-016
-6.66134e-015
-5.19983e-016
-2.08722e-014
-5.79831e-016
-7.99361e-015
-5.58147e-016
-8.88178e-016
-5.01335e-016
-5.77316e-015
-5.04371e-016
-9.32587e-015
-5.42535e-016
9.32587e-015
-4.97866e-016
-8.88178e-016
-5.01335e-016
-2.22045e-015
-4.71411e-016
1.33227e-015
-5.16514e-016
-6.21725e-015
-4.98299e-016
-7.54952e-015
-4.92661e-016
4.44089e-015
-4.93963e-016
9.32587e-015
-5.29958e-016
7.54952e-015
-4.67074e-016
1.28786e-014
-5.29091e-016
1.28786e-014
-5.80265e-016
-1.33227e-015
-5.46004e-016
1.68754e-014
-5.93709e-016
1.95399e-014
-6.38378e-016
3.9968e-015
-6.23199e-016
4.44089e-016
-6.91721e-016
2.22045e-015
-6.76108e-016
-1.02141e-014
-7.29018e-016
-7.99361e-015
-7.00828e-016
-1.64313e-014
-6.88685e-016
-2.57572e-014
-7.05165e-016
-1.06581e-014
-6.5269e-016
-1.11022e-014
-6.70037e-016
-4.88498e-015
-6.47919e-016
-7.54952e-015
-6.66567e-016
1.28786e-014
-6.43582e-016
3.10862e-015
-6.78711e-016
-1.33227e-015
-6.37511e-016
-6.66134e-015
-6.28404e-016
-1.68754e-014
-6.07153e-016
-1.73195e-014
-6.02816e-016
1.33227e-015
-6.41414e-016
1.19904e-014
-6.7394e-016
9.76996e-015
-7.05165e-016
1.11022e-014
-7.01696e-016
7.99361e-015
-7.14706e-016
-7.10543e-015
-7.31186e-016
9.32587e-015
-7.12104e-016
1.42109e-014
-7.09068e-016
4.88498e-015
-6.74807e-016
3.10862e-015
-7.92769e-016
2.22045e-015
-6.42281e-016
-8.43769e-015
-7.22512e-016
-3.9968e-015
-6.9866e-016
-1.28786e-014
-7.12104e-016
-1.06581e-014
-7.13839e-016
0
-6.6093e-016
-4.44089e-015
-7.19477e-016
4.88498e-015
-6.71338e-016
-5.32907e-015
-6.62231e-016
1.02141e-014
-6.63098e-016
1.02141e-014
-6.64399e-016
-2.66454e-015
-7.37257e-016
1.33227e-015
-7.07333e-016
-9.76996e-015
-7.17308e-016
-1.24345e-014
-7.3162e-016
-3.10862e-015
-7.4463e-016
4.44089e-015
-7.44196e-016
7.54952e-015
-6.96925e-016
-1.33227e-015
-7.17308e-016
7.54952e-015
-6.87384e-016
7.10543e-015
-7.53304e-016
1.9984e-014
-7.1991e-016
1.95399e-014
-7.21211e-016
2.66454e-015
-6.80012e-016
5.77316e-015
-7.51135e-016
-3.10862e-015
-6.51389e-016
-7.10543e-015
-6.68736e-016
-9.76996e-015
-6.70904e-016
-1.64313e-014
-6.52256e-016
-1.37668e-014
-6.4445e-016
-8.88178e-016
-6.59629e-016
3.55271e-015
-5.89806e-016
3.10862e-015
-5.80265e-016
-6.21725e-015
-5.59882e-016
4.44089e-016
-6.10623e-016
4.88498e-015
-5.50341e-016
-2.66454e-015
-5.57714e-016
1.77636e-015
-5.45571e-016
-1.37668e-014
-5.46872e-016
-1.24345e-014
-5.67255e-016
-7.54952e-015
-5.3256e-016
-1.15463e-014
-6.31873e-016
-2.66454e-015
-5.28223e-016
-7.54952e-015
-5.59882e-016
-5.36897e-016
2.4869e-013
2.16716e-013
2.16716e-013
1.7053e-013
2.59348e-013
2.77112e-013
1.63425e-013
1.88294e-013
1.77636e-013
1.74083e-013
2.23821e-013
2.62901e-013
1.3145e-013
2.34479e-013
1.95399e-013
1.56319e-013
1.84741e-013
2.38032e-013
1.66978e-013
1.56319e-013
2.70006e-013
3.48166e-013
3.69482e-013
3.55271e-013
3.73035e-013
2.73559e-013
2.62901e-013
2.0961e-013
2.13163e-013
1.45661e-013
1.24345e-013
7.81597e-014
9.9476e-014
1.7053e-013
1.56319e-013
1.84741e-013
1.42109e-013
5.68434e-014
-8.17124e-014
-4.9738e-014
-7.4607e-014
-9.59233e-014
-3.55271e-014
7.10543e-014
-3.19744e-014
4.26326e-014
3.55271e-014
-2.13163e-014
4.61853e-014
7.4607e-014
5.68434e-014
4.9738e-014
7.10543e-014
-7.10543e-015
3.55271e-015
8.52651e-014
1.27898e-013
2.84217e-014
1.06581e-014
2.84217e-014
6.75016e-014
4.61853e-014
3.19744e-014
6.39488e-014
8.17124e-014
5.32907e-014
-3.19744e-014
-1.06581e-013
-5.68434e-014
6.03961e-014
1.03029e-013
2.4869e-014
-7.81597e-014
-1.7053e-013
-1.45661e-013
-2.16716e-013
-2.91323e-013
-2.34479e-013
-1.81188e-013
-2.77112e-013
-1.74083e-013
1.77636e-014
1.42109e-014
2.4869e-014
9.59233e-014
1.10134e-013
-6.75016e-014
-5.68434e-014
-1.42109e-014
-1.06581e-013
-1.56319e-013
-1.03029e-013
-1.59872e-013
-2.4869e-013
-1.59872e-013
-8.17124e-014
3.19744e-014
6.03961e-014
-3.55271e-014
-8.88178e-014
-1.77636e-014
7.81597e-014
6.03961e-014
7.81597e-014
7.10543e-014
3.19744e-014
-2.4869e-014
-1.06581e-014
-4.61853e-014
-2.4869e-014
7.81597e-014
7.81597e-014
1.42109e-013
5.32907e-014
-7.10543e-015
-3.90799e-014
-1.03029e-013
-2.20268e-013
-1.38556e-013
-1.3145e-013
-1.20792e-013
5.32907e-014
1.10134e-013
2.4869e-014
-7.81597e-014
0
8.17124e-014
1.59872e-013
2.66454e-013
1.95399e-013
7.10543e-014
6.39488e-014
7.10543e-014
9.23706e-014
2.80664e-013
2.23821e-013
1.35003e-013
1.3145e-013
2.02505e-013
1.06581e-013
2.84217e-014
0
-1.42109e-013
-2.59348e-013
-1.27898e-013
-4.9738e-014
1.10134e-013
1.95399e-013
1.45661e-013
)
;

boundaryField
{
    inlet
    {
        type            calculated;
        value           nonuniform List<scalar> 2(-1.39698e-013 2.03727e-014);
    }
    outlet
    {
        type            calculated;
        value           nonuniform List<scalar> 2(1.5037e-013 -7.43683e-030);
    }
    bottom
    {
        type            symmetryPlane;
        value           uniform 0;
    }
    top
    {
        type            symmetryPlane;
        value           uniform 0;
    }
    obstacle
    {
        type            calculated;
        value           nonuniform List<scalar> 
102
(
-1.09139e-014
-9.45874e-014
5.89206e-029
7.92038e-042
7.53597e-055
5.63495e-068
3.59985e-081
1.98071e-094
9.51954e-108
4.16085e-121
1.60837e-134
5.51686e-148
1.70675e-161
4.80631e-175
1.31084e-188
3.27849e-202
7.99049e-216
1.77105e-229
3.86795e-243
7.95481e-257
1.59746e-270
3.29389e-284
6.39455e-298
1.15594e-311
0
0
0
0
0
0
0
0
0
0
0
0
0
0
0
0
0
0
0
0
0
0
0
0
0
0
0
0
0
0
0
0
0
0
0
0
0
0
0
0
0
0
0
0
0
0
0
0
0
0
0
0
0
0
0
0
0
0
0
-7.16085e-306
-2.67606e-290
-3.37775e-275
-1.83904e-259
-2.28795e-244
-3.18649e-229
-6.10815e-214
-6.1611e-199
-3.95354e-184
-2.27148e-169
-1.19997e-154
-5.55014e-140
-4.08001e-125
-6.96132e-110
-1.03624e-094
-8.89834e-080
-1.00471e-064
-1.54282e-049
-2.9614e-034
)
;
    }
    defaultFaces
    {
        type            empty;
        value           nonuniform 0();
    }
}


// ************************************************************************* //
