/*--------------------------------*- C++ -*----------------------------------*\
| =========                 |                                                 |
| \\      /  F ield         | OpenFOAM: The Open Source CFD Toolbox           |
|  \\    /   O peration     | Version:  5.x                                   |
|   \\  /    A nd           | Web:      www.OpenFOAM.org                      |
|    \\/     M anipulation  |                                                 |
\*---------------------------------------------------------------------------*/
/*   Windows 32 and 64 bit porting by blueCAPE: http://www.bluecape.com.pt   *\
|  Based on Windows porting (2.0.x v4) by Symscape: http://www.symscape.com   |
\*---------------------------------------------------------------------------*/
FoamFile
{
    version     2.0;
    format      ascii;
    class       vectorField;
    location    "constant/polyMesh";
    object      points;
}
// * * * * * * * * * * * * * * * * * * * * * * * * * * * * * * * * * * * * * //


3108
(
(0 0 0)
(0.025 0 0)
(0.05 0 0)
(0.075 0 0)
(0.1 0 0)
(0.125 0 0)
(0.15 0 0)
(0.175 0 0)
(0.2 0 0)
(0.225 0 0)
(0.25 0 0)
(0.275 0 0)
(0.3 0 0)
(0.325 0 0)
(0.35 0 0)
(0.375 0 0)
(0.4 0 0)
(0.425 0 0)
(0.45 0 0)
(0.475 0 0)
(0.5 0 0)
(0.525 0 0)
(0.55 0 0)
(0.575 0 0)
(0.6 0 0)
(0.625 0 0)
(0.65 0 0)
(0.675 0 0)
(0.7 0 0)
(0.725 0 0)
(0.75 0 0)
(0.775 0 0)
(0.8 0 0)
(0.825 0 0)
(0.85 0 0)
(0.875 0 0)
(0.9 0 0)
(0.925 0 0)
(0.95 0 0)
(0.975 0 0)
(1 0 0)
(1.025 0 0)
(1.05 0 0)
(1.075 0 0)
(1.1 0 0)
(1.125 0 0)
(1.15 0 0)
(1.175 0 0)
(1.2 0 0)
(1.225 0 0)
(1.25 0 0)
(1.275 0 0)
(1.3 0 0)
(1.325 0 0)
(1.35 0 0)
(1.375 0 0)
(1.4 0 0)
(1.425 0 0)
(1.45 0 0)
(1.475 0 0)
(1.5 0 0)
(1.525 0 0)
(1.55 0 0)
(1.575 0 0)
(1.6 0 0)
(1.625 0 0)
(1.65 0 0)
(1.675 0 0)
(1.7 0 0)
(1.725 0 0)
(1.75 0 0)
(1.775 0 0)
(1.8 0 0)
(1.825 0 0)
(1.85 0 0)
(1.875 0 0)
(1.9 0 0)
(1.925 0 0)
(1.95 0 0)
(1.975 0 0)
(2 0 0)
(2.025 0 0)
(2.05 0 0)
(2.075 0 0)
(2.1 0 0)
(2.125 0 0)
(2.15 0 0)
(2.175 0 0)
(2.2 0 0)
(2.225 0 0)
(2.25 0 0)
(2.275 0 0)
(2.3 0 0)
(2.325 0 0)
(2.35 0 0)
(2.375 0 0)
(2.4 0 0)
(2.425 0 0)
(2.45 0 0)
(2.475 0 0)
(2.5 0 0)
(2.525 0 0)
(2.55 0 0)
(2.575 0 0)
(2.6 0 0)
(2.625 0 0)
(2.65 0 0)
(2.675 0 0)
(2.7 0 0)
(2.725 0 0)
(2.75 0 0)
(2.775 0 0)
(2.8 0 0)
(2.825 0 0)
(2.85 0 0)
(2.875 0 0)
(2.9 0 0)
(2.925 0 0)
(2.95 0 0)
(2.975 0 0)
(3 0 0)
(3.025 0 0)
(3.05 0 0)
(3.075 0 0)
(3.1 0 0)
(3.125 0 0)
(3.15 0 0)
(3.175 0 0)
(3.2 0 0)
(3.225 0 0)
(3.25 0 0)
(3.275 0 0)
(3.3 0 0)
(3.325 0 0)
(3.35 0 0)
(3.375 0 0)
(3.4 0 0)
(3.425 0 0)
(3.45 0 0)
(3.475 0 0)
(3.5 0 0)
(3.525 0 0)
(3.55 0 0)
(3.575 0 0)
(3.6 0 0)
(3.625 0 0)
(3.65 0 0)
(3.675 0 0)
(3.7 0 0)
(3.725 0 0)
(3.75 0 0)
(3.775 0 0)
(3.8 0 0)
(3.825 0 0)
(3.85 0 0)
(3.875 0 0)
(3.9 0 0)
(3.925 0 0)
(3.95 0 0)
(3.975 0 0)
(4 0 0)
(4.025 0 0)
(4.05 0 0)
(4.075 0 0)
(4.1 0 0)
(4.125 0 0)
(4.15 0 0)
(4.175 0 0)
(4.2 0 0)
(4.225 0 0)
(4.25 0 0)
(4.275 0 0)
(4.3 0 0)
(4.325 0 0)
(4.35 0 0)
(4.375 0 0)
(4.4 0 0)
(4.425 0 0)
(4.45 0 0)
(4.475 0 0)
(4.5 0 0)
(4.525 0 0)
(4.55 0 0)
(4.575 0 0)
(4.6 0 0)
(4.625 0 0)
(4.65 0 0)
(4.675 0 0)
(4.7 0 0)
(4.725 0 0)
(4.75 0 0)
(4.775 0 0)
(4.8 0 0)
(4.825 0 0)
(4.85 0 0)
(4.875 0 0)
(4.9 0 0)
(4.925 0 0)
(4.95 0 0)
(4.975 0 0)
(5 0 0)
(5.025 0 0)
(5.05 0 0)
(5.075 0 0)
(5.1 0 0)
(5.125 0 0)
(5.15 0 0)
(5.175 0 0)
(5.2 0 0)
(5.225 0 0)
(5.25 0 0)
(5.275 0 0)
(5.3 0 0)
(5.325 0 0)
(5.35 0 0)
(5.375 0 0)
(5.4 0 0)
(5.425 0 0)
(5.45 0 0)
(5.475 0 0)
(5.5 0 0)
(5.525 0 0)
(5.55 0 0)
(5.575 0 0)
(5.6 0 0)
(5.625 0 0)
(5.65 0 0)
(5.675 0 0)
(5.7 0 0)
(5.725 0 0)
(5.75 0 0)
(5.775 0 0)
(5.8 0 0)
(5.825 0 0)
(5.85 0 0)
(5.875 0 0)
(5.9 0 0)
(5.925 0 0)
(5.95 0 0)
(5.975 0 0)
(6 0 0)
(6.025 0 0)
(6.05 0 0)
(6.075 0 0)
(6.1 0 0)
(6.125 0 0)
(6.15 0 0)
(6.175 0 0)
(6.2 0 0)
(6.225 0 0)
(6.25 0 0)
(6.275 0 0)
(6.3 0 0)
(6.325 0 0)
(6.35 0 0)
(6.375 0 0)
(6.4 0 0)
(6.425 0 0)
(6.45 0 0)
(6.475 0 0)
(6.5 0 0)
(6.525 0 0)
(6.55 0 0)
(6.575 0 0)
(6.6 0 0)
(6.625 0 0)
(6.65 0 0)
(6.675 0 0)
(6.7 0 0)
(6.725 0 0)
(6.75 0 0)
(6.775 0 0)
(6.8 0 0)
(6.825 0 0)
(6.85 0 0)
(6.875 0 0)
(6.9 0 0)
(6.925 0 0)
(6.95 0 0)
(6.975 0 0)
(7 0 0)
(7.025 0 0)
(7.05 0 0)
(7.075 0 0)
(7.1 0 0)
(7.125 0 0)
(7.15 0 0)
(7.175 0 0)
(7.2 0 0)
(7.225 0 0)
(7.25 0 0)
(7.275 0 0)
(7.3 0 0)
(7.325 0 0)
(7.35 0 0)
(7.375 0 0)
(7.4 0 0)
(7.425 0 0)
(7.45 0 0)
(7.475 0 0)
(7.5 0 0)
(0 0.25 0)
(0.025 0.25 0)
(0.05 0.25 0)
(0.075 0.25 0)
(0.1 0.25 0)
(0.125 0.25 0)
(0.15 0.25 0)
(0.175 0.25 0)
(0.2 0.25 0)
(0.225 0.25 0)
(0.25 0.25 0)
(0.275 0.25 0)
(0.3 0.25 0)
(0.325 0.25 0)
(0.35 0.25 0)
(0.375 0.25 0)
(0.4 0.25 0)
(0.425 0.25 0)
(0.45 0.25 0)
(0.475 0.25 0)
(0.5 0.25 0)
(0.525 0.25 0)
(0.55 0.25 0)
(0.575 0.25 0)
(0.6 0.25 0)
(0.625 0.25 0)
(0.65 0.25 0)
(0.675 0.25 0)
(0.7 0.25 0)
(0.725 0.25 0)
(0.75 0.25 0)
(0.775 0.25 0)
(0.8 0.25 0)
(0.825 0.25 0)
(0.85 0.25 0)
(0.875 0.25 0)
(0.9 0.25 0)
(0.925 0.25 0)
(0.95 0.25 0)
(0.975 0.25 0)
(1 0.25 0)
(1.025 0.25 0)
(1.05 0.25 0)
(1.075 0.25 0)
(1.1 0.25 0)
(1.125 0.25 0)
(1.15 0.25 0)
(1.175 0.25 0)
(1.2 0.25 0)
(1.225 0.25 0)
(1.25 0.25 0)
(1.275 0.25 0)
(1.3 0.25 0)
(1.325 0.25 0)
(1.35 0.25 0)
(1.375 0.25 0)
(1.4 0.25 0)
(1.425 0.25 0)
(1.45 0.25 0)
(1.475 0.25 0)
(1.5 0.25 0)
(1.525 0.25 0)
(1.55 0.25 0)
(1.575 0.25 0)
(1.6 0.25 0)
(1.625 0.25 0)
(1.65 0.25 0)
(1.675 0.25 0)
(1.7 0.25 0)
(1.725 0.25 0)
(1.75 0.25 0)
(1.775 0.25 0)
(1.8 0.25 0)
(1.825 0.25 0)
(1.85 0.25 0)
(1.875 0.25 0)
(1.9 0.25 0)
(1.925 0.25 0)
(1.95 0.25 0)
(1.975 0.25 0)
(2 0.25 0)
(2.025 0.25 0)
(2.05 0.25 0)
(2.075 0.25 0)
(2.1 0.25 0)
(2.125 0.25 0)
(2.15 0.25 0)
(2.175 0.25 0)
(2.2 0.25 0)
(2.225 0.25 0)
(2.25 0.25 0)
(2.275 0.25 0)
(2.3 0.25 0)
(2.325 0.25 0)
(2.35 0.25 0)
(2.375 0.25 0)
(2.4 0.25 0)
(2.425 0.25 0)
(2.45 0.25 0)
(2.475 0.25 0)
(2.5 0.25 0)
(2.525 0.25 0)
(2.55 0.25 0)
(2.575 0.25 0)
(2.6 0.25 0)
(2.625 0.25 0)
(2.65 0.25 0)
(2.675 0.25 0)
(2.7 0.25 0)
(2.725 0.25 0)
(2.75 0.25 0)
(2.775 0.25 0)
(2.8 0.25 0)
(2.825 0.25 0)
(2.85 0.25 0)
(2.875 0.25 0)
(2.9 0.25 0)
(2.925 0.25 0)
(2.95 0.25 0)
(2.975 0.25 0)
(3 0.25 0)
(3.025 0.25 0)
(3.05 0.25 0)
(3.075 0.25 0)
(3.1 0.25 0)
(3.125 0.25 0)
(3.15 0.25 0)
(3.175 0.25 0)
(3.2 0.25 0)
(3.225 0.25 0)
(3.25 0.25 0)
(3.275 0.25 0)
(3.3 0.25 0)
(3.325 0.25 0)
(3.35 0.25 0)
(3.375 0.25 0)
(3.4 0.25 0)
(3.425 0.25 0)
(3.45 0.25 0)
(3.475 0.25 0)
(3.5 0.25 0)
(3.525 0.25 0)
(3.55 0.25 0)
(3.575 0.25 0)
(3.6 0.25 0)
(3.625 0.25 0)
(3.65 0.25 0)
(3.675 0.25 0)
(3.7 0.25 0)
(3.725 0.25 0)
(3.75 0.25 0)
(3.775 0.25 0)
(3.8 0.25 0)
(3.825 0.25 0)
(3.85 0.25 0)
(3.875 0.25 0)
(3.9 0.25 0)
(3.925 0.25 0)
(3.95 0.25 0)
(3.975 0.25 0)
(4 0.25 0)
(4.025 0.25 0)
(4.05 0.25 0)
(4.075 0.25 0)
(4.1 0.25 0)
(4.125 0.25 0)
(4.15 0.25 0)
(4.175 0.25 0)
(4.2 0.25 0)
(4.225 0.25 0)
(4.25 0.25 0)
(4.275 0.25 0)
(4.3 0.25 0)
(4.325 0.25 0)
(4.35 0.25 0)
(4.375 0.25 0)
(4.4 0.25 0)
(4.425 0.25 0)
(4.45 0.25 0)
(4.475 0.25 0)
(4.5 0.25 0)
(4.525 0.25 0)
(4.55 0.25 0)
(4.575 0.25 0)
(4.6 0.25 0)
(4.625 0.25 0)
(4.65 0.25 0)
(4.675 0.25 0)
(4.7 0.25 0)
(4.725 0.25 0)
(4.75 0.25 0)
(4.775 0.25 0)
(4.8 0.25 0)
(4.825 0.25 0)
(4.85 0.25 0)
(4.875 0.25 0)
(4.9 0.25 0)
(4.925 0.25 0)
(4.95 0.25 0)
(4.975 0.25 0)
(5 0.25 0)
(5.025 0.25 0)
(5.05 0.25 0)
(5.075 0.25 0)
(5.1 0.25 0)
(5.125 0.25 0)
(5.15 0.25 0)
(5.175 0.25 0)
(5.2 0.25 0)
(5.225 0.25 0)
(5.25 0.25 0)
(5.275 0.25 0)
(5.3 0.25 0)
(5.325 0.25 0)
(5.35 0.25 0)
(5.375 0.25 0)
(5.4 0.25 0)
(5.425 0.25 0)
(5.45 0.25 0)
(5.475 0.25 0)
(5.5 0.25 0)
(5.525 0.25 0)
(5.55 0.25 0)
(5.575 0.25 0)
(5.6 0.25 0)
(5.625 0.25 0)
(5.65 0.25 0)
(5.675 0.25 0)
(5.7 0.25 0)
(5.725 0.25 0)
(5.75 0.25 0)
(5.775 0.25 0)
(5.8 0.25 0)
(5.825 0.25 0)
(5.85 0.25 0)
(5.875 0.25 0)
(5.9 0.25 0)
(5.925 0.25 0)
(5.95 0.25 0)
(5.975 0.25 0)
(6 0.25 0)
(6.025 0.25 0)
(6.05 0.25 0)
(6.075 0.25 0)
(6.1 0.25 0)
(6.125 0.25 0)
(6.15 0.25 0)
(6.175 0.25 0)
(6.2 0.25 0)
(6.225 0.25 0)
(6.25 0.25 0)
(6.275 0.25 0)
(6.3 0.25 0)
(6.325 0.25 0)
(6.35 0.25 0)
(6.375 0.25 0)
(6.4 0.25 0)
(6.425 0.25 0)
(6.45 0.25 0)
(6.475 0.25 0)
(6.5 0.25 0)
(6.525 0.25 0)
(6.55 0.25 0)
(6.575 0.25 0)
(6.6 0.25 0)
(6.625 0.25 0)
(6.65 0.25 0)
(6.675 0.25 0)
(6.7 0.25 0)
(6.725 0.25 0)
(6.75 0.25 0)
(6.775 0.25 0)
(6.8 0.25 0)
(6.825 0.25 0)
(6.85 0.25 0)
(6.875 0.25 0)
(6.9 0.25 0)
(6.925 0.25 0)
(6.95 0.25 0)
(6.975 0.25 0)
(7 0.25 0)
(7.025 0.25 0)
(7.05 0.25 0)
(7.075 0.25 0)
(7.1 0.25 0)
(7.125 0.25 0)
(7.15 0.25 0)
(7.175 0.25 0)
(7.2 0.25 0)
(7.225 0.25 0)
(7.25 0.25 0)
(7.275 0.25 0)
(7.3 0.25 0)
(7.325 0.25 0)
(7.35 0.25 0)
(7.375 0.25 0)
(7.4 0.25 0)
(7.425 0.25 0)
(7.45 0.25 0)
(7.475 0.25 0)
(7.5 0.25 0)
(0 0 2)
(0.025 0 2)
(0.05 0 2)
(0.075 0 2)
(0.1 0 2)
(0.125 0 2)
(0.15 0 2)
(0.175 0 2)
(0.2 0 2)
(0.225 0 2)
(0.25 0 2)
(0.275 0 2)
(0.3 0 2)
(0.325 0 2)
(0.35 0 2)
(0.375 0 2)
(0.4 0 2)
(0.425 0 2)
(0.45 0 2)
(0.475 0 2)
(0.5 0 2)
(0.525 0 2)
(0.55 0 2)
(0.575 0 2)
(0.6 0 2)
(0.625 0 2)
(0.65 0 2)
(0.675 0 2)
(0.7 0 2)
(0.725 0 2)
(0.75 0 2)
(0.775 0 2)
(0.8 0 2)
(0.825 0 2)
(0.85 0 2)
(0.875 0 2)
(0.9 0 2)
(0.925 0 2)
(0.95 0 2)
(0.975 0 2)
(1 0 2)
(1.025 0 2)
(1.05 0 2)
(1.075 0 2)
(1.1 0 2)
(1.125 0 2)
(1.15 0 2)
(1.175 0 2)
(1.2 0 2)
(1.225 0 2)
(1.25 0 2)
(1.275 0 2)
(1.3 0 2)
(1.325 0 2)
(1.35 0 2)
(1.375 0 2)
(1.4 0 2)
(1.425 0 2)
(1.45 0 2)
(1.475 0 2)
(1.5 0 2)
(1.525 0 2)
(1.55 0 2)
(1.575 0 2)
(1.6 0 2)
(1.625 0 2)
(1.65 0 2)
(1.675 0 2)
(1.7 0 2)
(1.725 0 2)
(1.75 0 2)
(1.775 0 2)
(1.8 0 2)
(1.825 0 2)
(1.85 0 2)
(1.875 0 2)
(1.9 0 2)
(1.925 0 2)
(1.95 0 2)
(1.975 0 2)
(2 0 2)
(2.025 0 2)
(2.05 0 2)
(2.075 0 2)
(2.1 0 2)
(2.125 0 2)
(2.15 0 2)
(2.175 0 2)
(2.2 0 2)
(2.225 0 2)
(2.25 0 2)
(2.275 0 2)
(2.3 0 2)
(2.325 0 2)
(2.35 0 2)
(2.375 0 2)
(2.4 0 2)
(2.425 0 2)
(2.45 0 2)
(2.475 0 2)
(2.5 0 2)
(2.525 0 2)
(2.55 0 2)
(2.575 0 2)
(2.6 0 2)
(2.625 0 2)
(2.65 0 2)
(2.675 0 2)
(2.7 0 2)
(2.725 0 2)
(2.75 0 2)
(2.775 0 2)
(2.8 0 2)
(2.825 0 2)
(2.85 0 2)
(2.875 0 2)
(2.9 0 2)
(2.925 0 2)
(2.95 0 2)
(2.975 0 2)
(3 0 2)
(3.025 0 2)
(3.05 0 2)
(3.075 0 2)
(3.1 0 2)
(3.125 0 2)
(3.15 0 2)
(3.175 0 2)
(3.2 0 2)
(3.225 0 2)
(3.25 0 2)
(3.275 0 2)
(3.3 0 2)
(3.325 0 2)
(3.35 0 2)
(3.375 0 2)
(3.4 0 2)
(3.425 0 2)
(3.45 0 2)
(3.475 0 2)
(3.5 0 2)
(3.525 0 2)
(3.55 0 2)
(3.575 0 2)
(3.6 0 2)
(3.625 0 2)
(3.65 0 2)
(3.675 0 2)
(3.7 0 2)
(3.725 0 2)
(3.75 0 2)
(3.775 0 2)
(3.8 0 2)
(3.825 0 2)
(3.85 0 2)
(3.875 0 2)
(3.9 0 2)
(3.925 0 2)
(3.95 0 2)
(3.975 0 2)
(4 0 2)
(4.025 0 2)
(4.05 0 2)
(4.075 0 2)
(4.1 0 2)
(4.125 0 2)
(4.15 0 2)
(4.175 0 2)
(4.2 0 2)
(4.225 0 2)
(4.25 0 2)
(4.275 0 2)
(4.3 0 2)
(4.325 0 2)
(4.35 0 2)
(4.375 0 2)
(4.4 0 2)
(4.425 0 2)
(4.45 0 2)
(4.475 0 2)
(4.5 0 2)
(4.525 0 2)
(4.55 0 2)
(4.575 0 2)
(4.6 0 2)
(4.625 0 2)
(4.65 0 2)
(4.675 0 2)
(4.7 0 2)
(4.725 0 2)
(4.75 0 2)
(4.775 0 2)
(4.8 0 2)
(4.825 0 2)
(4.85 0 2)
(4.875 0 2)
(4.9 0 2)
(4.925 0 2)
(4.95 0 2)
(4.975 0 2)
(5 0 2)
(5.025 0 2)
(5.05 0 2)
(5.075 0 2)
(5.1 0 2)
(5.125 0 2)
(5.15 0 2)
(5.175 0 2)
(5.2 0 2)
(5.225 0 2)
(5.25 0 2)
(5.275 0 2)
(5.3 0 2)
(5.325 0 2)
(5.35 0 2)
(5.375 0 2)
(5.4 0 2)
(5.425 0 2)
(5.45 0 2)
(5.475 0 2)
(5.5 0 2)
(5.525 0 2)
(5.55 0 2)
(5.575 0 2)
(5.6 0 2)
(5.625 0 2)
(5.65 0 2)
(5.675 0 2)
(5.7 0 2)
(5.725 0 2)
(5.75 0 2)
(5.775 0 2)
(5.8 0 2)
(5.825 0 2)
(5.85 0 2)
(5.875 0 2)
(5.9 0 2)
(5.925 0 2)
(5.95 0 2)
(5.975 0 2)
(6 0 2)
(6.025 0 2)
(6.05 0 2)
(6.075 0 2)
(6.1 0 2)
(6.125 0 2)
(6.15 0 2)
(6.175 0 2)
(6.2 0 2)
(6.225 0 2)
(6.25 0 2)
(6.275 0 2)
(6.3 0 2)
(6.325 0 2)
(6.35 0 2)
(6.375 0 2)
(6.4 0 2)
(6.425 0 2)
(6.45 0 2)
(6.475 0 2)
(6.5 0 2)
(6.525 0 2)
(6.55 0 2)
(6.575 0 2)
(6.6 0 2)
(6.625 0 2)
(6.65 0 2)
(6.675 0 2)
(6.7 0 2)
(6.725 0 2)
(6.75 0 2)
(6.775 0 2)
(6.8 0 2)
(6.825 0 2)
(6.85 0 2)
(6.875 0 2)
(6.9 0 2)
(6.925 0 2)
(6.95 0 2)
(6.975 0 2)
(7 0 2)
(7.025 0 2)
(7.05 0 2)
(7.075 0 2)
(7.1 0 2)
(7.125 0 2)
(7.15 0 2)
(7.175 0 2)
(7.2 0 2)
(7.225 0 2)
(7.25 0 2)
(7.275 0 2)
(7.3 0 2)
(7.325 0 2)
(7.35 0 2)
(7.375 0 2)
(7.4 0 2)
(7.425 0 2)
(7.45 0 2)
(7.475 0 2)
(7.5 0 2)
(0 0.25 2)
(0.025 0.25 2)
(0.05 0.25 2)
(0.075 0.25 2)
(0.1 0.25 2)
(0.125 0.25 2)
(0.15 0.25 2)
(0.175 0.25 2)
(0.2 0.25 2)
(0.225 0.25 2)
(0.25 0.25 2)
(0.275 0.25 2)
(0.3 0.25 2)
(0.325 0.25 2)
(0.35 0.25 2)
(0.375 0.25 2)
(0.4 0.25 2)
(0.425 0.25 2)
(0.45 0.25 2)
(0.475 0.25 2)
(0.5 0.25 2)
(0.525 0.25 2)
(0.55 0.25 2)
(0.575 0.25 2)
(0.6 0.25 2)
(0.625 0.25 2)
(0.65 0.25 2)
(0.675 0.25 2)
(0.7 0.25 2)
(0.725 0.25 2)
(0.75 0.25 2)
(0.775 0.25 2)
(0.8 0.25 2)
(0.825 0.25 2)
(0.85 0.25 2)
(0.875 0.25 2)
(0.9 0.25 2)
(0.925 0.25 2)
(0.95 0.25 2)
(0.975 0.25 2)
(1 0.25 2)
(1.025 0.25 2)
(1.05 0.25 2)
(1.075 0.25 2)
(1.1 0.25 2)
(1.125 0.25 2)
(1.15 0.25 2)
(1.175 0.25 2)
(1.2 0.25 2)
(1.225 0.25 2)
(1.25 0.25 2)
(1.275 0.25 2)
(1.3 0.25 2)
(1.325 0.25 2)
(1.35 0.25 2)
(1.375 0.25 2)
(1.4 0.25 2)
(1.425 0.25 2)
(1.45 0.25 2)
(1.475 0.25 2)
(1.5 0.25 2)
(1.525 0.25 2)
(1.55 0.25 2)
(1.575 0.25 2)
(1.6 0.25 2)
(1.625 0.25 2)
(1.65 0.25 2)
(1.675 0.25 2)
(1.7 0.25 2)
(1.725 0.25 2)
(1.75 0.25 2)
(1.775 0.25 2)
(1.8 0.25 2)
(1.825 0.25 2)
(1.85 0.25 2)
(1.875 0.25 2)
(1.9 0.25 2)
(1.925 0.25 2)
(1.95 0.25 2)
(1.975 0.25 2)
(2 0.25 2)
(2.025 0.25 2)
(2.05 0.25 2)
(2.075 0.25 2)
(2.1 0.25 2)
(2.125 0.25 2)
(2.15 0.25 2)
(2.175 0.25 2)
(2.2 0.25 2)
(2.225 0.25 2)
(2.25 0.25 2)
(2.275 0.25 2)
(2.3 0.25 2)
(2.325 0.25 2)
(2.35 0.25 2)
(2.375 0.25 2)
(2.4 0.25 2)
(2.425 0.25 2)
(2.45 0.25 2)
(2.475 0.25 2)
(2.5 0.25 2)
(2.525 0.25 2)
(2.55 0.25 2)
(2.575 0.25 2)
(2.6 0.25 2)
(2.625 0.25 2)
(2.65 0.25 2)
(2.675 0.25 2)
(2.7 0.25 2)
(2.725 0.25 2)
(2.75 0.25 2)
(2.775 0.25 2)
(2.8 0.25 2)
(2.825 0.25 2)
(2.85 0.25 2)
(2.875 0.25 2)
(2.9 0.25 2)
(2.925 0.25 2)
(2.95 0.25 2)
(2.975 0.25 2)
(3 0.25 2)
(3.025 0.25 2)
(3.05 0.25 2)
(3.075 0.25 2)
(3.1 0.25 2)
(3.125 0.25 2)
(3.15 0.25 2)
(3.175 0.25 2)
(3.2 0.25 2)
(3.225 0.25 2)
(3.25 0.25 2)
(3.275 0.25 2)
(3.3 0.25 2)
(3.325 0.25 2)
(3.35 0.25 2)
(3.375 0.25 2)
(3.4 0.25 2)
(3.425 0.25 2)
(3.45 0.25 2)
(3.475 0.25 2)
(3.5 0.25 2)
(3.525 0.25 2)
(3.55 0.25 2)
(3.575 0.25 2)
(3.6 0.25 2)
(3.625 0.25 2)
(3.65 0.25 2)
(3.675 0.25 2)
(3.7 0.25 2)
(3.725 0.25 2)
(3.75 0.25 2)
(3.775 0.25 2)
(3.8 0.25 2)
(3.825 0.25 2)
(3.85 0.25 2)
(3.875 0.25 2)
(3.9 0.25 2)
(3.925 0.25 2)
(3.95 0.25 2)
(3.975 0.25 2)
(4 0.25 2)
(4.025 0.25 2)
(4.05 0.25 2)
(4.075 0.25 2)
(4.1 0.25 2)
(4.125 0.25 2)
(4.15 0.25 2)
(4.175 0.25 2)
(4.2 0.25 2)
(4.225 0.25 2)
(4.25 0.25 2)
(4.275 0.25 2)
(4.3 0.25 2)
(4.325 0.25 2)
(4.35 0.25 2)
(4.375 0.25 2)
(4.4 0.25 2)
(4.425 0.25 2)
(4.45 0.25 2)
(4.475 0.25 2)
(4.5 0.25 2)
(4.525 0.25 2)
(4.55 0.25 2)
(4.575 0.25 2)
(4.6 0.25 2)
(4.625 0.25 2)
(4.65 0.25 2)
(4.675 0.25 2)
(4.7 0.25 2)
(4.725 0.25 2)
(4.75 0.25 2)
(4.775 0.25 2)
(4.8 0.25 2)
(4.825 0.25 2)
(4.85 0.25 2)
(4.875 0.25 2)
(4.9 0.25 2)
(4.925 0.25 2)
(4.95 0.25 2)
(4.975 0.25 2)
(5 0.25 2)
(5.025 0.25 2)
(5.05 0.25 2)
(5.075 0.25 2)
(5.1 0.25 2)
(5.125 0.25 2)
(5.15 0.25 2)
(5.175 0.25 2)
(5.2 0.25 2)
(5.225 0.25 2)
(5.25 0.25 2)
(5.275 0.25 2)
(5.3 0.25 2)
(5.325 0.25 2)
(5.35 0.25 2)
(5.375 0.25 2)
(5.4 0.25 2)
(5.425 0.25 2)
(5.45 0.25 2)
(5.475 0.25 2)
(5.5 0.25 2)
(5.525 0.25 2)
(5.55 0.25 2)
(5.575 0.25 2)
(5.6 0.25 2)
(5.625 0.25 2)
(5.65 0.25 2)
(5.675 0.25 2)
(5.7 0.25 2)
(5.725 0.25 2)
(5.75 0.25 2)
(5.775 0.25 2)
(5.8 0.25 2)
(5.825 0.25 2)
(5.85 0.25 2)
(5.875 0.25 2)
(5.9 0.25 2)
(5.925 0.25 2)
(5.95 0.25 2)
(5.975 0.25 2)
(6 0.25 2)
(6.025 0.25 2)
(6.05 0.25 2)
(6.075 0.25 2)
(6.1 0.25 2)
(6.125 0.25 2)
(6.15 0.25 2)
(6.175 0.25 2)
(6.2 0.25 2)
(6.225 0.25 2)
(6.25 0.25 2)
(6.275 0.25 2)
(6.3 0.25 2)
(6.325 0.25 2)
(6.35 0.25 2)
(6.375 0.25 2)
(6.4 0.25 2)
(6.425 0.25 2)
(6.45 0.25 2)
(6.475 0.25 2)
(6.5 0.25 2)
(6.525 0.25 2)
(6.55 0.25 2)
(6.575 0.25 2)
(6.6 0.25 2)
(6.625 0.25 2)
(6.65 0.25 2)
(6.675 0.25 2)
(6.7 0.25 2)
(6.725 0.25 2)
(6.75 0.25 2)
(6.775 0.25 2)
(6.8 0.25 2)
(6.825 0.25 2)
(6.85 0.25 2)
(6.875 0.25 2)
(6.9 0.25 2)
(6.925 0.25 2)
(6.95 0.25 2)
(6.975 0.25 2)
(7 0.25 2)
(7.025 0.25 2)
(7.05 0.25 2)
(7.075 0.25 2)
(7.1 0.25 2)
(7.125 0.25 2)
(7.15 0.25 2)
(7.175 0.25 2)
(7.2 0.25 2)
(7.225 0.25 2)
(7.25 0.25 2)
(7.275 0.25 2)
(7.3 0.25 2)
(7.325 0.25 2)
(7.35 0.25 2)
(7.375 0.25 2)
(7.4 0.25 2)
(7.425 0.25 2)
(7.45 0.25 2)
(7.475 0.25 2)
(7.5 0.25 2)
(0 2 0)
(0.025 2 0)
(0.05 2 0)
(0.075 2 0)
(0.1 2 0)
(0.125 2 0)
(0.15 2 0)
(0.175 2 0)
(0.2 2 0)
(0.225 2 0)
(0.25 2 0)
(0.275 2 0)
(0.3 2 0)
(0.325 2 0)
(0.35 2 0)
(0.375 2 0)
(0.4 2 0)
(0.425 2 0)
(0.45 2 0)
(0.475 2 0)
(0.5 2 0)
(0.525 2 0)
(0.55 2 0)
(0.575 2 0)
(0.6 2 0)
(0.625 2 0)
(0.65 2 0)
(0.675 2 0)
(0.7 2 0)
(0.725 2 0)
(0.75 2 0)
(0.775 2 0)
(0.8 2 0)
(0.825 2 0)
(0.85 2 0)
(0.875 2 0)
(0.9 2 0)
(0.925 2 0)
(0.95 2 0)
(0.975 2 0)
(1 2 0)
(1.025 2 0)
(1.05 2 0)
(1.075 2 0)
(1.1 2 0)
(1.125 2 0)
(1.15 2 0)
(1.175 2 0)
(1.2 2 0)
(1.225 2 0)
(1.25 2 0)
(1.275 2 0)
(1.3 2 0)
(1.325 2 0)
(1.35 2 0)
(1.375 2 0)
(1.4 2 0)
(1.425 2 0)
(1.45 2 0)
(1.475 2 0)
(1.5 2 0)
(1.525 2 0)
(1.55 2 0)
(1.575 2 0)
(1.6 2 0)
(1.625 2 0)
(1.65 2 0)
(1.675 2 0)
(1.7 2 0)
(1.725 2 0)
(1.75 2 0)
(1.775 2 0)
(1.8 2 0)
(1.825 2 0)
(1.85 2 0)
(1.875 2 0)
(1.9 2 0)
(1.925 2 0)
(1.95 2 0)
(1.975 2 0)
(2 2 0)
(2.025 2 0)
(2.05 2 0)
(2.075 2 0)
(2.1 2 0)
(2.125 2 0)
(2.15 2 0)
(2.175 2 0)
(2.2 2 0)
(2.225 2 0)
(2.25 2 0)
(2.275 2 0)
(2.3 2 0)
(2.325 2 0)
(2.35 2 0)
(2.375 2 0)
(2.4 2 0)
(2.425 2 0)
(2.45 2 0)
(2.475 2 0)
(2.5 2 0)
(2.525 2 0)
(2.55 2 0)
(2.575 2 0)
(2.6 2 0)
(2.625 2 0)
(2.65 2 0)
(2.675 2 0)
(2.7 2 0)
(2.725 2 0)
(2.75 2 0)
(2.775 2 0)
(2.8 2 0)
(2.825 2 0)
(2.85 2 0)
(2.875 2 0)
(2.9 2 0)
(2.925 2 0)
(2.95 2 0)
(2.975 2 0)
(3 2 0)
(3.025 2 0)
(3.05 2 0)
(3.075 2 0)
(3.1 2 0)
(3.125 2 0)
(3.15 2 0)
(3.175 2 0)
(3.2 2 0)
(3.225 2 0)
(3.25 2 0)
(3.275 2 0)
(3.3 2 0)
(3.325 2 0)
(3.35 2 0)
(3.375 2 0)
(3.4 2 0)
(3.425 2 0)
(3.45 2 0)
(3.475 2 0)
(3.5 2 0)
(3.525 2 0)
(3.55 2 0)
(3.575 2 0)
(3.6 2 0)
(3.625 2 0)
(3.65 2 0)
(3.675 2 0)
(3.7 2 0)
(3.725 2 0)
(3.75 2 0)
(3.775 2 0)
(3.8 2 0)
(3.825 2 0)
(3.85 2 0)
(3.875 2 0)
(3.9 2 0)
(3.925 2 0)
(3.95 2 0)
(3.975 2 0)
(4 2 0)
(4.025 2 0)
(4.05 2 0)
(4.075 2 0)
(4.1 2 0)
(4.125 2 0)
(4.15 2 0)
(4.175 2 0)
(4.2 2 0)
(4.225 2 0)
(4.25 2 0)
(4.275 2 0)
(4.3 2 0)
(4.325 2 0)
(4.35 2 0)
(4.375 2 0)
(4.4 2 0)
(4.425 2 0)
(4.45 2 0)
(4.475 2 0)
(4.5 2 0)
(4.525 2 0)
(4.55 2 0)
(4.575 2 0)
(4.6 2 0)
(4.625 2 0)
(4.65 2 0)
(4.675 2 0)
(4.7 2 0)
(4.725 2 0)
(4.75 2 0)
(4.775 2 0)
(4.8 2 0)
(4.825 2 0)
(4.85 2 0)
(4.875 2 0)
(4.9 2 0)
(4.925 2 0)
(4.95 2 0)
(4.975 2 0)
(5 2 0)
(5.025 2 0)
(5.05 2 0)
(5.075 2 0)
(5.1 2 0)
(5.125 2 0)
(5.15 2 0)
(5.175 2 0)
(5.2 2 0)
(5.225 2 0)
(5.25 2 0)
(5.275 2 0)
(5.3 2 0)
(5.325 2 0)
(5.35 2 0)
(5.375 2 0)
(5.4 2 0)
(5.425 2 0)
(5.45 2 0)
(5.475 2 0)
(5.5 2 0)
(5.525 2 0)
(5.55 2 0)
(5.575 2 0)
(5.6 2 0)
(5.625 2 0)
(5.65 2 0)
(5.675 2 0)
(5.7 2 0)
(5.725 2 0)
(5.75 2 0)
(5.775 2 0)
(5.8 2 0)
(5.825 2 0)
(5.85 2 0)
(5.875 2 0)
(5.9 2 0)
(5.925 2 0)
(5.95 2 0)
(5.975 2 0)
(6 2 0)
(6.025 2 0)
(6.05 2 0)
(6.075 2 0)
(6.1 2 0)
(6.125 2 0)
(6.15 2 0)
(6.175 2 0)
(6.2 2 0)
(6.225 2 0)
(6.25 2 0)
(6.275 2 0)
(6.3 2 0)
(6.325 2 0)
(6.35 2 0)
(6.375 2 0)
(6.4 2 0)
(6.425 2 0)
(6.45 2 0)
(6.475 2 0)
(6.5 2 0)
(6.525 2 0)
(6.55 2 0)
(6.575 2 0)
(6.6 2 0)
(6.625 2 0)
(6.65 2 0)
(6.675 2 0)
(6.7 2 0)
(6.725 2 0)
(6.75 2 0)
(6.775 2 0)
(6.8 2 0)
(6.825 2 0)
(6.85 2 0)
(6.875 2 0)
(6.9 2 0)
(6.925 2 0)
(6.95 2 0)
(6.975 2 0)
(7 2 0)
(7.025 2 0)
(7.05 2 0)
(7.075 2 0)
(7.1 2 0)
(7.125 2 0)
(7.15 2 0)
(7.175 2 0)
(7.2 2 0)
(7.225 2 0)
(7.25 2 0)
(7.275 2 0)
(7.3 2 0)
(7.325 2 0)
(7.35 2 0)
(7.375 2 0)
(7.4 2 0)
(7.425 2 0)
(7.45 2 0)
(7.475 2 0)
(7.5 2 0)
(0 2 2)
(0.025 2 2)
(0.05 2 2)
(0.075 2 2)
(0.1 2 2)
(0.125 2 2)
(0.15 2 2)
(0.175 2 2)
(0.2 2 2)
(0.225 2 2)
(0.25 2 2)
(0.275 2 2)
(0.3 2 2)
(0.325 2 2)
(0.35 2 2)
(0.375 2 2)
(0.4 2 2)
(0.425 2 2)
(0.45 2 2)
(0.475 2 2)
(0.5 2 2)
(0.525 2 2)
(0.55 2 2)
(0.575 2 2)
(0.6 2 2)
(0.625 2 2)
(0.65 2 2)
(0.675 2 2)
(0.7 2 2)
(0.725 2 2)
(0.75 2 2)
(0.775 2 2)
(0.8 2 2)
(0.825 2 2)
(0.85 2 2)
(0.875 2 2)
(0.9 2 2)
(0.925 2 2)
(0.95 2 2)
(0.975 2 2)
(1 2 2)
(1.025 2 2)
(1.05 2 2)
(1.075 2 2)
(1.1 2 2)
(1.125 2 2)
(1.15 2 2)
(1.175 2 2)
(1.2 2 2)
(1.225 2 2)
(1.25 2 2)
(1.275 2 2)
(1.3 2 2)
(1.325 2 2)
(1.35 2 2)
(1.375 2 2)
(1.4 2 2)
(1.425 2 2)
(1.45 2 2)
(1.475 2 2)
(1.5 2 2)
(1.525 2 2)
(1.55 2 2)
(1.575 2 2)
(1.6 2 2)
(1.625 2 2)
(1.65 2 2)
(1.675 2 2)
(1.7 2 2)
(1.725 2 2)
(1.75 2 2)
(1.775 2 2)
(1.8 2 2)
(1.825 2 2)
(1.85 2 2)
(1.875 2 2)
(1.9 2 2)
(1.925 2 2)
(1.95 2 2)
(1.975 2 2)
(2 2 2)
(2.025 2 2)
(2.05 2 2)
(2.075 2 2)
(2.1 2 2)
(2.125 2 2)
(2.15 2 2)
(2.175 2 2)
(2.2 2 2)
(2.225 2 2)
(2.25 2 2)
(2.275 2 2)
(2.3 2 2)
(2.325 2 2)
(2.35 2 2)
(2.375 2 2)
(2.4 2 2)
(2.425 2 2)
(2.45 2 2)
(2.475 2 2)
(2.5 2 2)
(2.525 2 2)
(2.55 2 2)
(2.575 2 2)
(2.6 2 2)
(2.625 2 2)
(2.65 2 2)
(2.675 2 2)
(2.7 2 2)
(2.725 2 2)
(2.75 2 2)
(2.775 2 2)
(2.8 2 2)
(2.825 2 2)
(2.85 2 2)
(2.875 2 2)
(2.9 2 2)
(2.925 2 2)
(2.95 2 2)
(2.975 2 2)
(3 2 2)
(3.025 2 2)
(3.05 2 2)
(3.075 2 2)
(3.1 2 2)
(3.125 2 2)
(3.15 2 2)
(3.175 2 2)
(3.2 2 2)
(3.225 2 2)
(3.25 2 2)
(3.275 2 2)
(3.3 2 2)
(3.325 2 2)
(3.35 2 2)
(3.375 2 2)
(3.4 2 2)
(3.425 2 2)
(3.45 2 2)
(3.475 2 2)
(3.5 2 2)
(3.525 2 2)
(3.55 2 2)
(3.575 2 2)
(3.6 2 2)
(3.625 2 2)
(3.65 2 2)
(3.675 2 2)
(3.7 2 2)
(3.725 2 2)
(3.75 2 2)
(3.775 2 2)
(3.8 2 2)
(3.825 2 2)
(3.85 2 2)
(3.875 2 2)
(3.9 2 2)
(3.925 2 2)
(3.95 2 2)
(3.975 2 2)
(4 2 2)
(4.025 2 2)
(4.05 2 2)
(4.075 2 2)
(4.1 2 2)
(4.125 2 2)
(4.15 2 2)
(4.175 2 2)
(4.2 2 2)
(4.225 2 2)
(4.25 2 2)
(4.275 2 2)
(4.3 2 2)
(4.325 2 2)
(4.35 2 2)
(4.375 2 2)
(4.4 2 2)
(4.425 2 2)
(4.45 2 2)
(4.475 2 2)
(4.5 2 2)
(4.525 2 2)
(4.55 2 2)
(4.575 2 2)
(4.6 2 2)
(4.625 2 2)
(4.65 2 2)
(4.675 2 2)
(4.7 2 2)
(4.725 2 2)
(4.75 2 2)
(4.775 2 2)
(4.8 2 2)
(4.825 2 2)
(4.85 2 2)
(4.875 2 2)
(4.9 2 2)
(4.925 2 2)
(4.95 2 2)
(4.975 2 2)
(5 2 2)
(5.025 2 2)
(5.05 2 2)
(5.075 2 2)
(5.1 2 2)
(5.125 2 2)
(5.15 2 2)
(5.175 2 2)
(5.2 2 2)
(5.225 2 2)
(5.25 2 2)
(5.275 2 2)
(5.3 2 2)
(5.325 2 2)
(5.35 2 2)
(5.375 2 2)
(5.4 2 2)
(5.425 2 2)
(5.45 2 2)
(5.475 2 2)
(5.5 2 2)
(5.525 2 2)
(5.55 2 2)
(5.575 2 2)
(5.6 2 2)
(5.625 2 2)
(5.65 2 2)
(5.675 2 2)
(5.7 2 2)
(5.725 2 2)
(5.75 2 2)
(5.775 2 2)
(5.8 2 2)
(5.825 2 2)
(5.85 2 2)
(5.875 2 2)
(5.9 2 2)
(5.925 2 2)
(5.95 2 2)
(5.975 2 2)
(6 2 2)
(6.025 2 2)
(6.05 2 2)
(6.075 2 2)
(6.1 2 2)
(6.125 2 2)
(6.15 2 2)
(6.175 2 2)
(6.2 2 2)
(6.225 2 2)
(6.25 2 2)
(6.275 2 2)
(6.3 2 2)
(6.325 2 2)
(6.35 2 2)
(6.375 2 2)
(6.4 2 2)
(6.425 2 2)
(6.45 2 2)
(6.475 2 2)
(6.5 2 2)
(6.525 2 2)
(6.55 2 2)
(6.575 2 2)
(6.6 2 2)
(6.625 2 2)
(6.65 2 2)
(6.675 2 2)
(6.7 2 2)
(6.725 2 2)
(6.75 2 2)
(6.775 2 2)
(6.8 2 2)
(6.825 2 2)
(6.85 2 2)
(6.875 2 2)
(6.9 2 2)
(6.925 2 2)
(6.95 2 2)
(6.975 2 2)
(7 2 2)
(7.025 2 2)
(7.05 2 2)
(7.075 2 2)
(7.1 2 2)
(7.125 2 2)
(7.15 2 2)
(7.175 2 2)
(7.2 2 2)
(7.225 2 2)
(7.25 2 2)
(7.275 2 2)
(7.3 2 2)
(7.325 2 2)
(7.35 2 2)
(7.375 2 2)
(7.4 2 2)
(7.425 2 2)
(7.45 2 2)
(7.475 2 2)
(7.5 2 2)
(7.5025 0.25 0)
(7.505 0.25 0)
(7.5075 0.25 0)
(7.51 0.25 0)
(7.5125 0.25 0)
(7.515 0.25 0)
(7.5175 0.25 0)
(7.52 0.25 0)
(7.5225 0.25 0)
(7.525 0.25 0)
(7.5275 0.25 0)
(7.53 0.25 0)
(7.5325 0.25 0)
(7.535 0.25 0)
(7.5375 0.25 0)
(7.54 0.25 0)
(7.5425 0.25 0)
(7.545 0.25 0)
(7.5475 0.25 0)
(7.55 0.25 0)
(7.5525 0.25 0)
(7.555 0.25 0)
(7.5575 0.25 0)
(7.56 0.25 0)
(7.5625 0.25 0)
(7.565 0.25 0)
(7.5675 0.25 0)
(7.57 0.25 0)
(7.5725 0.25 0)
(7.575 0.25 0)
(7.5775 0.25 0)
(7.58 0.25 0)
(7.5825 0.25 0)
(7.585 0.25 0)
(7.5875 0.25 0)
(7.59 0.25 0)
(7.5925 0.25 0)
(7.595 0.25 0)
(7.5975 0.25 0)
(7.6 0.25 0)
(7.6025 0.25 0)
(7.605 0.25 0)
(7.6075 0.25 0)
(7.61 0.25 0)
(7.6125 0.25 0)
(7.615 0.25 0)
(7.6175 0.25 0)
(7.62 0.25 0)
(7.6225 0.25 0)
(7.625 0.25 0)
(7.6275 0.25 0)
(7.63 0.25 0)
(7.6325 0.25 0)
(7.635 0.25 0)
(7.6375 0.25 0)
(7.64 0.25 0)
(7.6425 0.25 0)
(7.645 0.25 0)
(7.6475 0.25 0)
(7.65 0.25 0)
(7.6525 0.25 0)
(7.655 0.25 0)
(7.6575 0.25 0)
(7.66 0.25 0)
(7.6625 0.25 0)
(7.665 0.25 0)
(7.6675 0.25 0)
(7.67 0.25 0)
(7.6725 0.25 0)
(7.675 0.25 0)
(7.6775 0.25 0)
(7.68 0.25 0)
(7.6825 0.25 0)
(7.685 0.25 0)
(7.6875 0.25 0)
(7.69 0.25 0)
(7.6925 0.25 0)
(7.695 0.25 0)
(7.6975 0.25 0)
(7.7 0.25 0)
(7.7025 0.25 0)
(7.705 0.25 0)
(7.7075 0.25 0)
(7.71 0.25 0)
(7.7125 0.25 0)
(7.715 0.25 0)
(7.7175 0.25 0)
(7.72 0.25 0)
(7.7225 0.25 0)
(7.725 0.25 0)
(7.7275 0.25 0)
(7.73 0.25 0)
(7.7325 0.25 0)
(7.735 0.25 0)
(7.7375 0.25 0)
(7.74 0.25 0)
(7.7425 0.25 0)
(7.745 0.25 0)
(7.7475 0.25 0)
(7.75 0.25 0)
(7.5025 2 0)
(7.505 2 0)
(7.5075 2 0)
(7.51 2 0)
(7.5125 2 0)
(7.515 2 0)
(7.5175 2 0)
(7.52 2 0)
(7.5225 2 0)
(7.525 2 0)
(7.5275 2 0)
(7.53 2 0)
(7.5325 2 0)
(7.535 2 0)
(7.5375 2 0)
(7.54 2 0)
(7.5425 2 0)
(7.545 2 0)
(7.5475 2 0)
(7.55 2 0)
(7.5525 2 0)
(7.555 2 0)
(7.5575 2 0)
(7.56 2 0)
(7.5625 2 0)
(7.565 2 0)
(7.5675 2 0)
(7.57 2 0)
(7.5725 2 0)
(7.575 2 0)
(7.5775 2 0)
(7.58 2 0)
(7.5825 2 0)
(7.585 2 0)
(7.5875 2 0)
(7.59 2 0)
(7.5925 2 0)
(7.595 2 0)
(7.5975 2 0)
(7.6 2 0)
(7.6025 2 0)
(7.605 2 0)
(7.6075 2 0)
(7.61 2 0)
(7.6125 2 0)
(7.615 2 0)
(7.6175 2 0)
(7.62 2 0)
(7.6225 2 0)
(7.625 2 0)
(7.6275 2 0)
(7.63 2 0)
(7.6325 2 0)
(7.635 2 0)
(7.6375 2 0)
(7.64 2 0)
(7.6425 2 0)
(7.645 2 0)
(7.6475 2 0)
(7.65 2 0)
(7.6525 2 0)
(7.655 2 0)
(7.6575 2 0)
(7.66 2 0)
(7.6625 2 0)
(7.665 2 0)
(7.6675 2 0)
(7.67 2 0)
(7.6725 2 0)
(7.675 2 0)
(7.6775 2 0)
(7.68 2 0)
(7.6825 2 0)
(7.685 2 0)
(7.6875 2 0)
(7.69 2 0)
(7.6925 2 0)
(7.695 2 0)
(7.6975 2 0)
(7.7 2 0)
(7.7025 2 0)
(7.705 2 0)
(7.7075 2 0)
(7.71 2 0)
(7.7125 2 0)
(7.715 2 0)
(7.7175 2 0)
(7.72 2 0)
(7.7225 2 0)
(7.725 2 0)
(7.7275 2 0)
(7.73 2 0)
(7.7325 2 0)
(7.735 2 0)
(7.7375 2 0)
(7.74 2 0)
(7.7425 2 0)
(7.745 2 0)
(7.7475 2 0)
(7.75 2 0)
(7.5025 0.25 2)
(7.505 0.25 2)
(7.5075 0.25 2)
(7.51 0.25 2)
(7.5125 0.25 2)
(7.515 0.25 2)
(7.5175 0.25 2)
(7.52 0.25 2)
(7.5225 0.25 2)
(7.525 0.25 2)
(7.5275 0.25 2)
(7.53 0.25 2)
(7.5325 0.25 2)
(7.535 0.25 2)
(7.5375 0.25 2)
(7.54 0.25 2)
(7.5425 0.25 2)
(7.545 0.25 2)
(7.5475 0.25 2)
(7.55 0.25 2)
(7.5525 0.25 2)
(7.555 0.25 2)
(7.5575 0.25 2)
(7.56 0.25 2)
(7.5625 0.25 2)
(7.565 0.25 2)
(7.5675 0.25 2)
(7.57 0.25 2)
(7.5725 0.25 2)
(7.575 0.25 2)
(7.5775 0.25 2)
(7.58 0.25 2)
(7.5825 0.25 2)
(7.585 0.25 2)
(7.5875 0.25 2)
(7.59 0.25 2)
(7.5925 0.25 2)
(7.595 0.25 2)
(7.5975 0.25 2)
(7.6 0.25 2)
(7.6025 0.25 2)
(7.605 0.25 2)
(7.6075 0.25 2)
(7.61 0.25 2)
(7.6125 0.25 2)
(7.615 0.25 2)
(7.6175 0.25 2)
(7.62 0.25 2)
(7.6225 0.25 2)
(7.625 0.25 2)
(7.6275 0.25 2)
(7.63 0.25 2)
(7.6325 0.25 2)
(7.635 0.25 2)
(7.6375 0.25 2)
(7.64 0.25 2)
(7.6425 0.25 2)
(7.645 0.25 2)
(7.6475 0.25 2)
(7.65 0.25 2)
(7.6525 0.25 2)
(7.655 0.25 2)
(7.6575 0.25 2)
(7.66 0.25 2)
(7.6625 0.25 2)
(7.665 0.25 2)
(7.6675 0.25 2)
(7.67 0.25 2)
(7.6725 0.25 2)
(7.675 0.25 2)
(7.6775 0.25 2)
(7.68 0.25 2)
(7.6825 0.25 2)
(7.685 0.25 2)
(7.6875 0.25 2)
(7.69 0.25 2)
(7.6925 0.25 2)
(7.695 0.25 2)
(7.6975 0.25 2)
(7.7 0.25 2)
(7.7025 0.25 2)
(7.705 0.25 2)
(7.7075 0.25 2)
(7.71 0.25 2)
(7.7125 0.25 2)
(7.715 0.25 2)
(7.7175 0.25 2)
(7.72 0.25 2)
(7.7225 0.25 2)
(7.725 0.25 2)
(7.7275 0.25 2)
(7.73 0.25 2)
(7.7325 0.25 2)
(7.735 0.25 2)
(7.7375 0.25 2)
(7.74 0.25 2)
(7.7425 0.25 2)
(7.745 0.25 2)
(7.7475 0.25 2)
(7.75 0.25 2)
(7.5025 2 2)
(7.505 2 2)
(7.5075 2 2)
(7.51 2 2)
(7.5125 2 2)
(7.515 2 2)
(7.5175 2 2)
(7.52 2 2)
(7.5225 2 2)
(7.525 2 2)
(7.5275 2 2)
(7.53 2 2)
(7.5325 2 2)
(7.535 2 2)
(7.5375 2 2)
(7.54 2 2)
(7.5425 2 2)
(7.545 2 2)
(7.5475 2 2)
(7.55 2 2)
(7.5525 2 2)
(7.555 2 2)
(7.5575 2 2)
(7.56 2 2)
(7.5625 2 2)
(7.565 2 2)
(7.5675 2 2)
(7.57 2 2)
(7.5725 2 2)
(7.575 2 2)
(7.5775 2 2)
(7.58 2 2)
(7.5825 2 2)
(7.585 2 2)
(7.5875 2 2)
(7.59 2 2)
(7.5925 2 2)
(7.595 2 2)
(7.5975 2 2)
(7.6 2 2)
(7.6025 2 2)
(7.605 2 2)
(7.6075 2 2)
(7.61 2 2)
(7.6125 2 2)
(7.615 2 2)
(7.6175 2 2)
(7.62 2 2)
(7.6225 2 2)
(7.625 2 2)
(7.6275 2 2)
(7.63 2 2)
(7.6325 2 2)
(7.635 2 2)
(7.6375 2 2)
(7.64 2 2)
(7.6425 2 2)
(7.645 2 2)
(7.6475 2 2)
(7.65 2 2)
(7.6525 2 2)
(7.655 2 2)
(7.6575 2 2)
(7.66 2 2)
(7.6625 2 2)
(7.665 2 2)
(7.6675 2 2)
(7.67 2 2)
(7.6725 2 2)
(7.675 2 2)
(7.6775 2 2)
(7.68 2 2)
(7.6825 2 2)
(7.685 2 2)
(7.6875 2 2)
(7.69 2 2)
(7.6925 2 2)
(7.695 2 2)
(7.6975 2 2)
(7.7 2 2)
(7.7025 2 2)
(7.705 2 2)
(7.7075 2 2)
(7.71 2 2)
(7.7125 2 2)
(7.715 2 2)
(7.7175 2 2)
(7.72 2 2)
(7.7225 2 2)
(7.725 2 2)
(7.7275 2 2)
(7.73 2 2)
(7.7325 2 2)
(7.735 2 2)
(7.7375 2 2)
(7.74 2 2)
(7.7425 2 2)
(7.745 2 2)
(7.7475 2 2)
(7.75 2 2)
(7.75 0 0)
(7.765 0 0)
(7.78 0 0)
(7.795 0 0)
(7.81 0 0)
(7.825 0 0)
(7.84 0 0)
(7.855 0 0)
(7.87 0 0)
(7.885 0 0)
(7.9 0 0)
(7.915 0 0)
(7.93 0 0)
(7.945 0 0)
(7.96 0 0)
(7.975 0 0)
(7.99 0 0)
(8.005 0 0)
(8.02 0 0)
(8.035 0 0)
(8.05 0 0)
(8.065 0 0)
(8.08 0 0)
(8.095 0 0)
(8.11 0 0)
(8.125 0 0)
(8.14 0 0)
(8.155 0 0)
(8.17 0 0)
(8.185 0 0)
(8.2 0 0)
(8.215 0 0)
(8.23 0 0)
(8.245 0 0)
(8.26 0 0)
(8.275 0 0)
(8.29 0 0)
(8.305 0 0)
(8.32 0 0)
(8.335 0 0)
(8.35 0 0)
(8.365 0 0)
(8.38 0 0)
(8.395 0 0)
(8.41 0 0)
(8.425 0 0)
(8.44 0 0)
(8.455 0 0)
(8.47 0 0)
(8.485 0 0)
(8.5 0 0)
(8.515 0 0)
(8.53 0 0)
(8.545 0 0)
(8.56 0 0)
(8.575 0 0)
(8.59 0 0)
(8.605 0 0)
(8.62 0 0)
(8.635 0 0)
(8.65 0 0)
(8.665 0 0)
(8.68 0 0)
(8.695 0 0)
(8.71 0 0)
(8.725 0 0)
(8.74 0 0)
(8.755 0 0)
(8.77 0 0)
(8.785 0 0)
(8.8 0 0)
(8.815 0 0)
(8.83 0 0)
(8.845 0 0)
(8.86 0 0)
(8.875 0 0)
(8.89 0 0)
(8.905 0 0)
(8.92 0 0)
(8.935 0 0)
(8.95 0 0)
(8.965 0 0)
(8.98 0 0)
(8.995 0 0)
(9.01 0 0)
(9.025 0 0)
(9.04 0 0)
(9.055 0 0)
(9.07 0 0)
(9.085 0 0)
(9.1 0 0)
(9.115 0 0)
(9.13 0 0)
(9.145 0 0)
(9.16 0 0)
(9.175 0 0)
(9.19 0 0)
(9.205 0 0)
(9.22 0 0)
(9.235 0 0)
(9.25 0 0)
(9.265 0 0)
(9.28 0 0)
(9.295 0 0)
(9.31 0 0)
(9.325 0 0)
(9.34 0 0)
(9.355 0 0)
(9.37 0 0)
(9.385 0 0)
(9.4 0 0)
(9.415 0 0)
(9.43 0 0)
(9.445 0 0)
(9.46 0 0)
(9.475 0 0)
(9.49 0 0)
(9.505 0 0)
(9.52 0 0)
(9.535 0 0)
(9.55 0 0)
(9.565 0 0)
(9.58 0 0)
(9.595 0 0)
(9.61 0 0)
(9.625 0 0)
(9.64 0 0)
(9.655 0 0)
(9.67 0 0)
(9.685 0 0)
(9.7 0 0)
(9.715 0 0)
(9.73 0 0)
(9.745 0 0)
(9.76 0 0)
(9.775 0 0)
(9.79 0 0)
(9.805 0 0)
(9.82 0 0)
(9.835 0 0)
(9.85 0 0)
(9.865 0 0)
(9.88 0 0)
(9.895 0 0)
(9.91 0 0)
(9.925 0 0)
(9.94 0 0)
(9.955 0 0)
(9.97 0 0)
(9.985 0 0)
(10 0 0)
(7.765 0.25 0)
(7.78 0.25 0)
(7.795 0.25 0)
(7.81 0.25 0)
(7.825 0.25 0)
(7.84 0.25 0)
(7.855 0.25 0)
(7.87 0.25 0)
(7.885 0.25 0)
(7.9 0.25 0)
(7.915 0.25 0)
(7.93 0.25 0)
(7.945 0.25 0)
(7.96 0.25 0)
(7.975 0.25 0)
(7.99 0.25 0)
(8.005 0.25 0)
(8.02 0.25 0)
(8.035 0.25 0)
(8.05 0.25 0)
(8.065 0.25 0)
(8.08 0.25 0)
(8.095 0.25 0)
(8.11 0.25 0)
(8.125 0.25 0)
(8.14 0.25 0)
(8.155 0.25 0)
(8.17 0.25 0)
(8.185 0.25 0)
(8.2 0.25 0)
(8.215 0.25 0)
(8.23 0.25 0)
(8.245 0.25 0)
(8.26 0.25 0)
(8.275 0.25 0)
(8.29 0.25 0)
(8.305 0.25 0)
(8.32 0.25 0)
(8.335 0.25 0)
(8.35 0.25 0)
(8.365 0.25 0)
(8.38 0.25 0)
(8.395 0.25 0)
(8.41 0.25 0)
(8.425 0.25 0)
(8.44 0.25 0)
(8.455 0.25 0)
(8.47 0.25 0)
(8.485 0.25 0)
(8.5 0.25 0)
(8.515 0.25 0)
(8.53 0.25 0)
(8.545 0.25 0)
(8.56 0.25 0)
(8.575 0.25 0)
(8.59 0.25 0)
(8.605 0.25 0)
(8.62 0.25 0)
(8.635 0.25 0)
(8.65 0.25 0)
(8.665 0.25 0)
(8.68 0.25 0)
(8.695 0.25 0)
(8.71 0.25 0)
(8.725 0.25 0)
(8.74 0.25 0)
(8.755 0.25 0)
(8.77 0.25 0)
(8.785 0.25 0)
(8.8 0.25 0)
(8.815 0.25 0)
(8.83 0.25 0)
(8.845 0.25 0)
(8.86 0.25 0)
(8.875 0.25 0)
(8.89 0.25 0)
(8.905 0.25 0)
(8.92 0.25 0)
(8.935 0.25 0)
(8.95 0.25 0)
(8.965 0.25 0)
(8.98 0.25 0)
(8.995 0.25 0)
(9.01 0.25 0)
(9.025 0.25 0)
(9.04 0.25 0)
(9.055 0.25 0)
(9.07 0.25 0)
(9.085 0.25 0)
(9.1 0.25 0)
(9.115 0.25 0)
(9.13 0.25 0)
(9.145 0.25 0)
(9.16 0.25 0)
(9.175 0.25 0)
(9.19 0.25 0)
(9.205 0.25 0)
(9.22 0.25 0)
(9.235 0.25 0)
(9.25 0.25 0)
(9.265 0.25 0)
(9.28 0.25 0)
(9.295 0.25 0)
(9.31 0.25 0)
(9.325 0.25 0)
(9.34 0.25 0)
(9.355 0.25 0)
(9.37 0.25 0)
(9.385 0.25 0)
(9.4 0.25 0)
(9.415 0.25 0)
(9.43 0.25 0)
(9.445 0.25 0)
(9.46 0.25 0)
(9.475 0.25 0)
(9.49 0.25 0)
(9.505 0.25 0)
(9.52 0.25 0)
(9.535 0.25 0)
(9.55 0.25 0)
(9.565 0.25 0)
(9.58 0.25 0)
(9.595 0.25 0)
(9.61 0.25 0)
(9.625 0.25 0)
(9.64 0.25 0)
(9.655 0.25 0)
(9.67 0.25 0)
(9.685 0.25 0)
(9.7 0.25 0)
(9.715 0.25 0)
(9.73 0.25 0)
(9.745 0.25 0)
(9.76 0.25 0)
(9.775 0.25 0)
(9.79 0.25 0)
(9.805 0.25 0)
(9.82 0.25 0)
(9.835 0.25 0)
(9.85 0.25 0)
(9.865 0.25 0)
(9.88 0.25 0)
(9.895 0.25 0)
(9.91 0.25 0)
(9.925 0.25 0)
(9.94 0.25 0)
(9.955 0.25 0)
(9.97 0.25 0)
(9.985 0.25 0)
(10 0.25 0)
(7.75 0 2)
(7.765 0 2)
(7.78 0 2)
(7.795 0 2)
(7.81 0 2)
(7.825 0 2)
(7.84 0 2)
(7.855 0 2)
(7.87 0 2)
(7.885 0 2)
(7.9 0 2)
(7.915 0 2)
(7.93 0 2)
(7.945 0 2)
(7.96 0 2)
(7.975 0 2)
(7.99 0 2)
(8.005 0 2)
(8.02 0 2)
(8.035 0 2)
(8.05 0 2)
(8.065 0 2)
(8.08 0 2)
(8.095 0 2)
(8.11 0 2)
(8.125 0 2)
(8.14 0 2)
(8.155 0 2)
(8.17 0 2)
(8.185 0 2)
(8.2 0 2)
(8.215 0 2)
(8.23 0 2)
(8.245 0 2)
(8.26 0 2)
(8.275 0 2)
(8.29 0 2)
(8.305 0 2)
(8.32 0 2)
(8.335 0 2)
(8.35 0 2)
(8.365 0 2)
(8.38 0 2)
(8.395 0 2)
(8.41 0 2)
(8.425 0 2)
(8.44 0 2)
(8.455 0 2)
(8.47 0 2)
(8.485 0 2)
(8.5 0 2)
(8.515 0 2)
(8.53 0 2)
(8.545 0 2)
(8.56 0 2)
(8.575 0 2)
(8.59 0 2)
(8.605 0 2)
(8.62 0 2)
(8.635 0 2)
(8.65 0 2)
(8.665 0 2)
(8.68 0 2)
(8.695 0 2)
(8.71 0 2)
(8.725 0 2)
(8.74 0 2)
(8.755 0 2)
(8.77 0 2)
(8.785 0 2)
(8.8 0 2)
(8.815 0 2)
(8.83 0 2)
(8.845 0 2)
(8.86 0 2)
(8.875 0 2)
(8.89 0 2)
(8.905 0 2)
(8.92 0 2)
(8.935 0 2)
(8.95 0 2)
(8.965 0 2)
(8.98 0 2)
(8.995 0 2)
(9.01 0 2)
(9.025 0 2)
(9.04 0 2)
(9.055 0 2)
(9.07 0 2)
(9.085 0 2)
(9.1 0 2)
(9.115 0 2)
(9.13 0 2)
(9.145 0 2)
(9.16 0 2)
(9.175 0 2)
(9.19 0 2)
(9.205 0 2)
(9.22 0 2)
(9.235 0 2)
(9.25 0 2)
(9.265 0 2)
(9.28 0 2)
(9.295 0 2)
(9.31 0 2)
(9.325 0 2)
(9.34 0 2)
(9.355 0 2)
(9.37 0 2)
(9.385 0 2)
(9.4 0 2)
(9.415 0 2)
(9.43 0 2)
(9.445 0 2)
(9.46 0 2)
(9.475 0 2)
(9.49 0 2)
(9.505 0 2)
(9.52 0 2)
(9.535 0 2)
(9.55 0 2)
(9.565 0 2)
(9.58 0 2)
(9.595 0 2)
(9.61 0 2)
(9.625 0 2)
(9.64 0 2)
(9.655 0 2)
(9.67 0 2)
(9.685 0 2)
(9.7 0 2)
(9.715 0 2)
(9.73 0 2)
(9.745 0 2)
(9.76 0 2)
(9.775 0 2)
(9.79 0 2)
(9.805 0 2)
(9.82 0 2)
(9.835 0 2)
(9.85 0 2)
(9.865 0 2)
(9.88 0 2)
(9.895 0 2)
(9.91 0 2)
(9.925 0 2)
(9.94 0 2)
(9.955 0 2)
(9.97 0 2)
(9.985 0 2)
(10 0 2)
(7.765 0.25 2)
(7.78 0.25 2)
(7.795 0.25 2)
(7.81 0.25 2)
(7.825 0.25 2)
(7.84 0.25 2)
(7.855 0.25 2)
(7.87 0.25 2)
(7.885 0.25 2)
(7.9 0.25 2)
(7.915 0.25 2)
(7.93 0.25 2)
(7.945 0.25 2)
(7.96 0.25 2)
(7.975 0.25 2)
(7.99 0.25 2)
(8.005 0.25 2)
(8.02 0.25 2)
(8.035 0.25 2)
(8.05 0.25 2)
(8.065 0.25 2)
(8.08 0.25 2)
(8.095 0.25 2)
(8.11 0.25 2)
(8.125 0.25 2)
(8.14 0.25 2)
(8.155 0.25 2)
(8.17 0.25 2)
(8.185 0.25 2)
(8.2 0.25 2)
(8.215 0.25 2)
(8.23 0.25 2)
(8.245 0.25 2)
(8.26 0.25 2)
(8.275 0.25 2)
(8.29 0.25 2)
(8.305 0.25 2)
(8.32 0.25 2)
(8.335 0.25 2)
(8.35 0.25 2)
(8.365 0.25 2)
(8.38 0.25 2)
(8.395 0.25 2)
(8.41 0.25 2)
(8.425 0.25 2)
(8.44 0.25 2)
(8.455 0.25 2)
(8.47 0.25 2)
(8.485 0.25 2)
(8.5 0.25 2)
(8.515 0.25 2)
(8.53 0.25 2)
(8.545 0.25 2)
(8.56 0.25 2)
(8.575 0.25 2)
(8.59 0.25 2)
(8.605 0.25 2)
(8.62 0.25 2)
(8.635 0.25 2)
(8.65 0.25 2)
(8.665 0.25 2)
(8.68 0.25 2)
(8.695 0.25 2)
(8.71 0.25 2)
(8.725 0.25 2)
(8.74 0.25 2)
(8.755 0.25 2)
(8.77 0.25 2)
(8.785 0.25 2)
(8.8 0.25 2)
(8.815 0.25 2)
(8.83 0.25 2)
(8.845 0.25 2)
(8.86 0.25 2)
(8.875 0.25 2)
(8.89 0.25 2)
(8.905 0.25 2)
(8.92 0.25 2)
(8.935 0.25 2)
(8.95 0.25 2)
(8.965 0.25 2)
(8.98 0.25 2)
(8.995 0.25 2)
(9.01 0.25 2)
(9.025 0.25 2)
(9.04 0.25 2)
(9.055 0.25 2)
(9.07 0.25 2)
(9.085 0.25 2)
(9.1 0.25 2)
(9.115 0.25 2)
(9.13 0.25 2)
(9.145 0.25 2)
(9.16 0.25 2)
(9.175 0.25 2)
(9.19 0.25 2)
(9.205 0.25 2)
(9.22 0.25 2)
(9.235 0.25 2)
(9.25 0.25 2)
(9.265 0.25 2)
(9.28 0.25 2)
(9.295 0.25 2)
(9.31 0.25 2)
(9.325 0.25 2)
(9.34 0.25 2)
(9.355 0.25 2)
(9.37 0.25 2)
(9.385 0.25 2)
(9.4 0.25 2)
(9.415 0.25 2)
(9.43 0.25 2)
(9.445 0.25 2)
(9.46 0.25 2)
(9.475 0.25 2)
(9.49 0.25 2)
(9.505 0.25 2)
(9.52 0.25 2)
(9.535 0.25 2)
(9.55 0.25 2)
(9.565 0.25 2)
(9.58 0.25 2)
(9.595 0.25 2)
(9.61 0.25 2)
(9.625 0.25 2)
(9.64 0.25 2)
(9.655 0.25 2)
(9.67 0.25 2)
(9.685 0.25 2)
(9.7 0.25 2)
(9.715 0.25 2)
(9.73 0.25 2)
(9.745 0.25 2)
(9.76 0.25 2)
(9.775 0.25 2)
(9.79 0.25 2)
(9.805 0.25 2)
(9.82 0.25 2)
(9.835 0.25 2)
(9.85 0.25 2)
(9.865 0.25 2)
(9.88 0.25 2)
(9.895 0.25 2)
(9.91 0.25 2)
(9.925 0.25 2)
(9.94 0.25 2)
(9.955 0.25 2)
(9.97 0.25 2)
(9.985 0.25 2)
(10 0.25 2)
(7.765 2 0)
(7.78 2 0)
(7.795 2 0)
(7.81 2 0)
(7.825 2 0)
(7.84 2 0)
(7.855 2 0)
(7.87 2 0)
(7.885 2 0)
(7.9 2 0)
(7.915 2 0)
(7.93 2 0)
(7.945 2 0)
(7.96 2 0)
(7.975 2 0)
(7.99 2 0)
(8.005 2 0)
(8.02 2 0)
(8.035 2 0)
(8.05 2 0)
(8.065 2 0)
(8.08 2 0)
(8.095 2 0)
(8.11 2 0)
(8.125 2 0)
(8.14 2 0)
(8.155 2 0)
(8.17 2 0)
(8.185 2 0)
(8.2 2 0)
(8.215 2 0)
(8.23 2 0)
(8.245 2 0)
(8.26 2 0)
(8.275 2 0)
(8.29 2 0)
(8.305 2 0)
(8.32 2 0)
(8.335 2 0)
(8.35 2 0)
(8.365 2 0)
(8.38 2 0)
(8.395 2 0)
(8.41 2 0)
(8.425 2 0)
(8.44 2 0)
(8.455 2 0)
(8.47 2 0)
(8.485 2 0)
(8.5 2 0)
(8.515 2 0)
(8.53 2 0)
(8.545 2 0)
(8.56 2 0)
(8.575 2 0)
(8.59 2 0)
(8.605 2 0)
(8.62 2 0)
(8.635 2 0)
(8.65 2 0)
(8.665 2 0)
(8.68 2 0)
(8.695 2 0)
(8.71 2 0)
(8.725 2 0)
(8.74 2 0)
(8.755 2 0)
(8.77 2 0)
(8.785 2 0)
(8.8 2 0)
(8.815 2 0)
(8.83 2 0)
(8.845 2 0)
(8.86 2 0)
(8.875 2 0)
(8.89 2 0)
(8.905 2 0)
(8.92 2 0)
(8.935 2 0)
(8.95 2 0)
(8.965 2 0)
(8.98 2 0)
(8.995 2 0)
(9.01 2 0)
(9.025 2 0)
(9.04 2 0)
(9.055 2 0)
(9.07 2 0)
(9.085 2 0)
(9.1 2 0)
(9.115 2 0)
(9.13 2 0)
(9.145 2 0)
(9.16 2 0)
(9.175 2 0)
(9.19 2 0)
(9.205 2 0)
(9.22 2 0)
(9.235 2 0)
(9.25 2 0)
(9.265 2 0)
(9.28 2 0)
(9.295 2 0)
(9.31 2 0)
(9.325 2 0)
(9.34 2 0)
(9.355 2 0)
(9.37 2 0)
(9.385 2 0)
(9.4 2 0)
(9.415 2 0)
(9.43 2 0)
(9.445 2 0)
(9.46 2 0)
(9.475 2 0)
(9.49 2 0)
(9.505 2 0)
(9.52 2 0)
(9.535 2 0)
(9.55 2 0)
(9.565 2 0)
(9.58 2 0)
(9.595 2 0)
(9.61 2 0)
(9.625 2 0)
(9.64 2 0)
(9.655 2 0)
(9.67 2 0)
(9.685 2 0)
(9.7 2 0)
(9.715 2 0)
(9.73 2 0)
(9.745 2 0)
(9.76 2 0)
(9.775 2 0)
(9.79 2 0)
(9.805 2 0)
(9.82 2 0)
(9.835 2 0)
(9.85 2 0)
(9.865 2 0)
(9.88 2 0)
(9.895 2 0)
(9.91 2 0)
(9.925 2 0)
(9.94 2 0)
(9.955 2 0)
(9.97 2 0)
(9.985 2 0)
(10 2 0)
(7.765 2 2)
(7.78 2 2)
(7.795 2 2)
(7.81 2 2)
(7.825 2 2)
(7.84 2 2)
(7.855 2 2)
(7.87 2 2)
(7.885 2 2)
(7.9 2 2)
(7.915 2 2)
(7.93 2 2)
(7.945 2 2)
(7.96 2 2)
(7.975 2 2)
(7.99 2 2)
(8.005 2 2)
(8.02 2 2)
(8.035 2 2)
(8.05 2 2)
(8.065 2 2)
(8.08 2 2)
(8.095 2 2)
(8.11 2 2)
(8.125 2 2)
(8.14 2 2)
(8.155 2 2)
(8.17 2 2)
(8.185 2 2)
(8.2 2 2)
(8.215 2 2)
(8.23 2 2)
(8.245 2 2)
(8.26 2 2)
(8.275 2 2)
(8.29 2 2)
(8.305 2 2)
(8.32 2 2)
(8.335 2 2)
(8.35 2 2)
(8.365 2 2)
(8.38 2 2)
(8.395 2 2)
(8.41 2 2)
(8.425 2 2)
(8.44 2 2)
(8.455 2 2)
(8.47 2 2)
(8.485 2 2)
(8.5 2 2)
(8.515 2 2)
(8.53 2 2)
(8.545 2 2)
(8.56 2 2)
(8.575 2 2)
(8.59 2 2)
(8.605 2 2)
(8.62 2 2)
(8.635 2 2)
(8.65 2 2)
(8.665 2 2)
(8.68 2 2)
(8.695 2 2)
(8.71 2 2)
(8.725 2 2)
(8.74 2 2)
(8.755 2 2)
(8.77 2 2)
(8.785 2 2)
(8.8 2 2)
(8.815 2 2)
(8.83 2 2)
(8.845 2 2)
(8.86 2 2)
(8.875 2 2)
(8.89 2 2)
(8.905 2 2)
(8.92 2 2)
(8.935 2 2)
(8.95 2 2)
(8.965 2 2)
(8.98 2 2)
(8.995 2 2)
(9.01 2 2)
(9.025 2 2)
(9.04 2 2)
(9.055 2 2)
(9.07 2 2)
(9.085 2 2)
(9.1 2 2)
(9.115 2 2)
(9.13 2 2)
(9.145 2 2)
(9.16 2 2)
(9.175 2 2)
(9.19 2 2)
(9.205 2 2)
(9.22 2 2)
(9.235 2 2)
(9.25 2 2)
(9.265 2 2)
(9.28 2 2)
(9.295 2 2)
(9.31 2 2)
(9.325 2 2)
(9.34 2 2)
(9.355 2 2)
(9.37 2 2)
(9.385 2 2)
(9.4 2 2)
(9.415 2 2)
(9.43 2 2)
(9.445 2 2)
(9.46 2 2)
(9.475 2 2)
(9.49 2 2)
(9.505 2 2)
(9.52 2 2)
(9.535 2 2)
(9.55 2 2)
(9.565 2 2)
(9.58 2 2)
(9.595 2 2)
(9.61 2 2)
(9.625 2 2)
(9.64 2 2)
(9.655 2 2)
(9.67 2 2)
(9.685 2 2)
(9.7 2 2)
(9.715 2 2)
(9.73 2 2)
(9.745 2 2)
(9.76 2 2)
(9.775 2 2)
(9.79 2 2)
(9.805 2 2)
(9.82 2 2)
(9.835 2 2)
(9.85 2 2)
(9.865 2 2)
(9.88 2 2)
(9.895 2 2)
(9.91 2 2)
(9.925 2 2)
(9.94 2 2)
(9.955 2 2)
(9.97 2 2)
(9.985 2 2)
(10 2 2)
)


// ************************************************************************* //
