/*--------------------------------*- C++ -*----------------------------------*\
| =========                 |                                                 |
| \\      /  F ield         | OpenFOAM: The Open Source CFD Toolbox           |
|  \\    /   O peration     | Version:  5.x                                   |
|   \\  /    A nd           | Web:      www.OpenFOAM.org                      |
|    \\/     M anipulation  |                                                 |
\*---------------------------------------------------------------------------*/
/*   Windows 32 and 64 bit porting by blueCAPE: http://www.bluecape.com.pt   *\
|  Based on Windows porting (2.0.x v4) by Symscape: http://www.symscape.com   |
\*---------------------------------------------------------------------------*/
FoamFile
{
    version     2.0;
    format      ascii;
    class       volScalarField;
    location    "0.01";
    object      mag(U);
}
// * * * * * * * * * * * * * * * * * * * * * * * * * * * * * * * * * * * * * //

dimensions      [0 1 -1 0 0 0 0];

internalField   nonuniform List<scalar> 
1000
(
2.45183e-009
7.38524e-009
1.51218e-008
3.08574e-008
6.22092e-008
1.24267e-007
2.45982e-007
4.82478e-007
9.37598e-007
1.80491e-006
3.44131e-006
6.49751e-006
1.21465e-005
2.24777e-005
4.11691e-005
7.46138e-005
0.000133784
0.000237264
0.000416102
0.000721443
0.00123631
0.00209342
0.0035016
0.00578397
0.00943182
0.0151785
0.0240975
0.0377282
0.0582292
0.0885574
0.132661
0.195667
0.284041
0.405668
0.569826
0.787007
1.06855
1.42608
1.87086
2.41293
3.0604
3.81877
4.69042
5.67438
6.76662
7.9609
9.24957
10.6243
12.0766
13.5983
15.1817
16.8198
18.5062
20.2355
22.0029
23.804
25.6354
27.4937
29.3764
31.2811
33.2058
35.1486
37.1081
39.083
41.072
43.0741
45.0884
47.1142
49.1506
51.197
53.2529
55.3177
57.3909
59.472
61.5608
63.6567
65.7595
67.8689
69.9846
72.1062
74.2336
76.3666
78.5049
80.6484
82.7968
84.95
87.1079
89.2703
91.4371
93.6082
95.7834
97.9627
100.146
102.333
104.524
106.719
108.917
111.119
113.325
115.534
117.746
119.962
122.181
124.403
126.629
128.858
131.091
133.326
135.565
137.807
140.052
142.3
144.551
146.805
149.062
151.321
153.581
155.844
158.108
160.375
162.642
164.911
167.182
169.454
171.727
174.001
176.276
178.553
180.829
183.108
185.386
187.665
189.945
192.225
194.506
196.787
199.069
201.351
203.632
205.914
208.196
210.478
212.759
215.04
217.321
219.601
221.881
224.16
226.439
228.717
230.993
233.269
235.544
237.817
240.089
242.359
244.629
246.896
249.161
251.425
253.687
255.946
258.203
260.458
262.71
264.959
267.206
269.449
271.689
273.925
276.158
278.386
280.611
282.831
285.046
287.256
289.461
291.661
293.854
296.041
298.222
300.395
302.56
304.718
306.867
309.006
311.136
313.255
315.364
317.46
319.543
321.613
323.668
325.708
327.731
329.736
331.722
333.688
335.632
337.553
339.449
341.318
343.159
344.97
346.748
348.491
350.196
351.862
353.485
355.06
356.586
358.057
359.468
360.814
362.088
363.282
364.389
365.397
366.296
367.073
367.713
368.201
368.526
368.662
368.6
368.336
367.845
367.077
365.94
364.25
361.715
357.931
352.374
344.376
333.341
319.436
304.537
291.707
282.867
277.891
275.591
274.76
274.61
274.736
274.967
275.25
275.57
275.911
276.217
276.255
275.514
273.126
267.461
255.682
236.717
220.576
215.693
217.946
222.186
227.893
233.147
236.881
239.027
239.967
240.492
240.865
241.105
241.401
241.923
242.638
243.537
244.665
245.89
247.037
248.048
248.95
249.784
250.597
251.422
252.268
253.125
253.987
254.853
255.74
256.675
257.688
258.803
260.027
261.35
262.742
264.146
265.487
266.674
267.634
268.33
268.78
269.067
269.266
269.451
269.087
8.94237e-010
2.63894e-009
5.2949e-009
1.05842e-008
2.08995e-008
4.08772e-008
7.92168e-008
1.52055e-007
2.89085e-007
5.44201e-007
1.01423e-006
1.8709e-006
3.41509e-006
6.16711e-006
1.10147e-005
1.94515e-005
3.39537e-005
5.85637e-005
9.97746e-005
0.000167837
0.000278638
0.000456315
0.000736759
0.00117207
0.00183589
0.0028291
0.00428501
0.00637193
0.00929014
0.0132584
0.0184834
0.0251049
0.0331082
0.0422025
0.0516805
0.0603277
0.0666504
0.0704327
0.0783459
0.109894
0.18451
0.313902
0.509917
0.785972
1.15571
1.63038
2.21751
2.92087
3.73999
4.67098
5.70736
6.84081
8.06171
9.36021
10.7269
12.1531
13.6306
15.1527
16.7133
18.307
19.9295
21.577
23.2465
24.9355
26.6417
28.3633
30.0988
31.8468
33.6064
35.3766
37.1566
38.9457
40.7432
42.5486
44.3614
46.1813
48.0078
49.8406
51.6793
53.5236
55.3733
57.228
59.0876
60.9518
62.8203
64.6929
66.5695
68.4497
70.3335
72.2206
74.1108
76.0041
77.9002
79.799
81.7003
83.6041
85.5101
87.4183
89.3284
91.2405
93.1544
95.07
96.9873
98.906
100.826
102.748
104.671
106.595
108.52
110.446
112.373
114.301
116.231
118.161
120.092
122.024
123.958
125.893
127.828
129.765
131.703
133.641
135.581
137.522
139.463
141.406
143.349
145.293
147.238
149.184
151.13
153.078
155.025
156.974
158.923
160.872
162.822
164.773
166.723
168.675
170.625
172.577
174.529
176.48
178.432
180.383
182.335
184.286
186.237
188.187
190.137
192.086
194.034
195.981
197.926
199.871
201.814
203.755
205.694
207.632
209.566
211.498
213.427
215.353
217.275
219.194
221.108
223.017
224.921
226.819
228.711
230.596
232.474
234.343
236.204
238.055
239.895
241.724
243.54
245.343
247.131
248.902
250.657
252.393
254.108
255.801
257.471
259.115
260.732
262.319
263.875
265.398
266.886
268.336
269.746
271.116
272.442
273.725
274.961
276.151
277.293
278.388
279.435
280.436
281.39
282.301
283.169
283.996
284.786
285.542
286.265
286.96
287.629
288.275
288.901
289.509
290.102
290.68
291.245
291.799
292.342
292.874
293.396
293.907
294.409
294.903
295.393
295.89
296.406
296.962
297.579
298.272
299.049
299.915
300.862
301.873
302.909
303.92
304.879
305.768
306.566
307.264
307.862
308.365
308.779
309.113
309.374
309.571
309.713
309.808
309.866
309.894
309.903
309.906
309.908
309.888
309.853
309.821
309.78
309.733
309.682
309.628
309.574
309.522
309.473
309.429
309.391
309.358
309.331
309.309
309.294
309.284
309.281
309.285
309.296
309.314
309.339
309.369
309.405
309.444
309.49
309.543
309.608
309.691
309.799
309.939
310.12
310.35
310.636
310.984
311.398
311.881
312.434
313.054
313.738
314.485
315.283
316.152
316.863
318.59
318.88
319.491
320.315
321.027
321.661
322.23
322.749
323.23
323.679
324.102
324.5
324.877
325.233
325.569
325.885
326.184
326.464
326.727
326.973
327.203
327.418
327.618
327.803
327.975
328.134
328.281
328.415
328.539
328.651
328.754
328.846
328.93
329.005
329.071
329.129
329.18
329.223
329.258
329.287
329.308
329.322
329.33
329.33
329.322
329.309
329.29
329.268
329.237
329.199
329.152
329.089
329.021
328.945
328.859
328.763
328.657
328.54
328.414
328.276
328.128
327.968
327.798
327.616
327.422
327.22
327.009
326.777
326.538
326.281
326.012
325.737
325.446
325.152
324.842
324.525
324.2
323.866
323.524
323.174
322.815
322.448
322.073
321.689
321.295
320.893
320.479
320.055
319.617
319.165
318.698
318.212
317.705
317.176
316.621
316.038
315.424
314.777
314.097
313.372
312.68
297.937
298.488
299.228
299.453
299.182
298.773
298.361
297.993
297.707
297.521
297.357
297.133
296.882
296.645
296.437
296.258
296.115
296.015
295.969
295.992
296.105
296.326
296.669
297.111
297.604
298.109
298.608
299.094
299.57
300.038
300.5
300.95
301.387
301.806
302.2
302.575
302.98
303.41
303.808
304.159
304.472
304.747
304.983
305.179
305.335
305.449
305.526
305.558
305.543
305.492
305.399
305.264
305.086
304.867
304.606
304.303
303.958
303.57
303.139
302.664
302.145
301.581
300.973
300.322
299.628
298.895
298.126
297.325
296.492
295.621
294.709
293.834
293.007
292.159
291.302
290.463
289.649
288.862
288.105
287.381
286.692
286.038
285.42
284.837
284.29
283.778
283.298
282.851
282.434
282.044
281.681
281.342
281.025
280.729
280.452
280.192
279.95
279.723
279.509
279.308
279.117
278.935
278.761
278.595
278.436
278.285
278.14
278.003
277.874
277.752
277.639
277.533
277.436
277.345
277.262
277.184
277.113
277.046
276.983
276.923
276.866
276.81
276.757
276.705
276.655
276.608
276.564
276.523
276.487
276.456
276.427
276.396
276.349
276.268
276.121
275.902
275.621
275.238
274.646
273.752
272.539
271.076
269.488
267.92
266.524
265.405
264.582
264.033
263.676
263.35
309.48
307.864
306.841
306.12
305.591
305.192
304.881
304.63
304.416
304.23
304.063
303.912
303.777
303.656
303.547
303.445
303.348
303.25
303.144
303.023
302.882
302.715
302.514
302.297
302.088
301.893
301.712
301.543
301.383
301.231
301.085
300.941
300.798
300.653
300.503
300.347
300.181
300.005
299.816
299.617
299.41
299.196
298.974
298.741
298.499
298.248
297.989
297.72
297.443
297.158
296.865
296.565
296.259
295.948
295.635
295.321
295.007
294.695
294.387
294.084
293.788
293.499
293.221
292.953
292.698
292.458
292.233
292.026
291.838
291.674
291.535
291.423
291.337
291.274
291.238
291.23
291.247
291.288
291.354
291.445
291.56
291.697
291.853
292.028
292.22
292.425
292.639
292.871
293.127
293.385
293.637
293.892
294.148
294.402
294.655
294.901
295.138
295.368
295.587
295.795
295.991
296.174
296.343
296.498
296.638
296.764
296.875
296.973
297.056
297.127
297.186
297.235
297.275
297.306
297.33
297.347
297.359
297.368
297.374
297.379
297.381
297.383
297.383
297.383
297.381
297.379
297.375
297.37
297.365
297.36
297.357
297.356
297.357
297.361
297.362
297.359
297.345
297.311
297.245
297.133
296.963
296.732
296.447
296.132
295.816
295.528
295.288
295.103
294.963
294.878
)
;

boundaryField
{
    inlet
    {
        type            calculated;
        value           nonuniform List<scalar> 2(8.94237e-010 2.45183e-009);
    }
    outlet
    {
        type            calculated;
        value           nonuniform List<scalar> 2(294.878 263.35);
    }
    bottom
    {
        type            symmetryPlane;
    }
    top
    {
        type            symmetryPlane;
    }
    obstacle
    {
        type            calculated;
        value           nonuniform List<scalar> 
102
(
269.087
297.937
318.88
319.491
320.315
321.027
321.661
322.23
322.749
323.23
323.679
324.102
324.5
324.877
325.233
325.569
325.885
326.184
326.464
326.727
326.973
327.203
327.418
327.618
327.803
327.975
328.134
328.281
328.415
328.539
328.651
328.754
328.846
328.93
329.005
329.071
329.129
329.18
329.223
329.258
329.287
329.308
329.322
329.33
329.33
329.322
329.309
329.29
329.268
329.237
329.199
329.152
329.089
329.021
328.945
328.859
328.763
328.657
328.54
328.414
328.276
328.128
327.968
327.798
327.616
327.422
327.22
327.009
326.777
326.538
326.281
326.012
325.737
325.446
325.152
324.842
324.525
324.2
323.866
323.524
323.174
322.815
322.448
322.073
321.689
321.295
320.893
320.479
320.055
319.617
319.165
318.698
318.212
317.705
317.176
316.621
316.038
315.424
314.777
314.097
313.372
312.68
)
;
    }
    defaultFaces
    {
        type            empty;
    }
}


// ************************************************************************* //
