/*--------------------------------*- C++ -*----------------------------------*\
| =========                 |                                                 |
| \\      /  F ield         | OpenFOAM: The Open Source CFD Toolbox           |
|  \\    /   O peration     | Version:  5.x                                   |
|   \\  /    A nd           | Web:      www.OpenFOAM.org                      |
|    \\/     M anipulation  |                                                 |
\*---------------------------------------------------------------------------*/
/*   Windows 32 and 64 bit porting by blueCAPE: http://www.bluecape.com.pt   *\
|  Based on Windows porting (2.0.x v4) by Symscape: http://www.symscape.com   |
\*---------------------------------------------------------------------------*/
FoamFile
{
    version     2.0;
    format      ascii;
    class       volScalarField;
    location    "0.01";
    object      p;
}
// * * * * * * * * * * * * * * * * * * * * * * * * * * * * * * * * * * * * * //

dimensions      [1 -1 -2 0 0 0 0];

internalField   nonuniform List<scalar> 
1000
(
100000
100000
100000
100000
100000
100000
100000
100000
100000
100000
100000
100000
100000
100000
100000
100000
100000
99999.9
99999.8
99999.7
99999.5
99999.2
99998.7
99997.9
99996.5
99994.4
99991.1
99986.1
99978.5
99967.3
99951
99927.7
99894.9
99849.8
99788.9
99708.2
99603.7
99470.9
99305.8
99104.7
98864.8
98584.3
98262.5
97900.3
97499.4
97062.8
96593.6
96095.4
95571.7
95025.8
94461
93880
93285.4
92679.4
92063.8
91440.4
90810.6
90175.6
89536.4
88894
88249.1
87602.4
86954.5
86305.9
85657
85008.1
84359.7
83711.9
83065.1
82419.5
81775.2
81132.5
80491.6
79852.4
79215.2
78580.2
77947.3
77316.7
76688.5
76062.7
75439.4
74818.6
74200.5
73585.1
72972.3
72362.3
71755
71150.6
70548.9
69950.1
69354.1
68761.1
68170.8
67583.5
66999.1
66417.5
65838.9
65263.2
64690.3
64120.3
63553.3
62989.1
62427.8
61869.3
61313.7
60761
60211
59663.9
59119.5
58577.9
58039
57502.9
56969.4
56438.8
55911.1
55386.2
54864.3
54345.4
53829.5
53316.6
52806.7
52299.8
51795.9
51295.1
50797.3
50302.6
49810.9
49322.3
48836.7
48354.2
47874.6
47398.2
46924.7
46454.3
45987
45522.6
45061.3
44603.1
44147.9
43695.7
43246.5
42800.4
42357.2
41917.1
41480.1
41046
40614.9
40186.9
39761.9
39339.9
38920.9
38504.9
38091.9
37681.9
37274.9
36871
36470.1
36072.1
35677.2
35285.3
34896.3
34510.5
34127.6
33747.8
33370.9
32997.1
32626.5
32258.7
31894.1
31532.5
31174
30818.6
30466.3
30117.1
29771
29428.1
29088.4
28751.8
28418.4
28088.3
27761.4
27437.8
27117.6
26800.7
26487.2
26177.2
25870.6
25567.6
25268.2
24972.5
24680.5
24392.3
24107.9
23827.6
23551.2
23279
23011.1
22747.5
22488.4
22233.8
21983.9
21738.9
21498.9
21264.1
21034.6
20810.7
20592.4
20380.2
20174
19974.4
19781.6
19595.9
19417.7
19247.7
19086.1
18933.9
18791.5
18660
18540.4
18433.7
18341.3
18264.6
18205.1
18163.5
18144.4
18144.8
18167.9
18217.7
18302
18435.7
18649
18983.9
19501
20280.5
21436.7
23053.1
25078.8
27150.2
28829.3
29965.4
30652.5
31055.9
31312.1
31495.9
31653.5
31793.1
31922.7
32045
32168.3
32313.7
32591.4
33150
34287.8
36614
41276
47657
50341.9
49907.5
48859
47507
46072.6
45118
44668.8
44605.1
44638.8
44713.8
44849.6
44954.9
44989.4
44974.8
44904
44743.8
44555.7
44362.3
44193.4
44049.3
43917.1
43783.9
43640.6
43484
43315
43136.1
42947.5
42745.6
42523.5
42273.3
41988.7
41667.3
41310.8
40926.5
40527.5
40133.6
39765.1
39442.1
39175.1
38963.1
38791.9
38637.3
38493
38341.2
100000
100000
100000
100000
100000
100000
100000
100000
100000
100000
100000
100000
100000
100000
100000
100000
100000
100000
100000
100000
100000
100000
100000
100000
100001
100001
100002
100002
100003
100005
100007
100009
100012
100015
100018
100020
100019
100015
100005
99985.3
99952.8
99902.2
99827.9
99724.4
99586.3
99409.3
99190.6
98929
98625
98280.5
97898.1
97481.6
97034.8
96561.6
96065.8
95550.9
95020.1
94476.1
93921.4
93357.9
92787.4
92211.2
91630.7
91046.7
90460.3
89871.9
89282.4
88692
88101.4
87510.8
86920.5
86330.9
85742.1
85154.3
84567.8
83982.7
83399.1
82817.2
82237.1
81658.9
81082.8
80508.7
79936.9
79367.4
78800.2
78235.5
77673.2
77113.6
76556.6
76002.3
75450.8
74902
74356.1
73813.1
73273.1
72736
72201.9
71670.9
71142.9
70618
70096.2
69577.6
69062.2
68549.9
68040.8
67535
67032.3
66532.9
66036.8
65543.9
65054.3
64568
64084.9
63605
63128.4
62654.9
62184.6
61717.4
61253.3
60792.3
60334.5
59879.7
59428
58979.4
58533.8
58091.2
57651.7
57215.2
56781.8
56351.3
55923.8
55499.3
55077.8
54659.3
54243.7
53831
53421.3
53014.6
52610.6
52209.8
51811.6
51416.6
51024.3
50634.9
50248.4
49864.7
49484
49106.1
48731.1
48358.9
47989.6
47623.1
47259.6
46898.9
46541.1
46186.1
45834.1
45484.9
45138.7
44795.4
44455.1
44117.7
43783.4
43452
43123.7
42798.5
42476.4
42157.5
41841.8
41529.4
41220.2
40914.5
40612.2
40313.4
40018.3
39726.9
39439.2
39155.5
38875.8
38600.3
38329.1
38062.4
37800.3
37543
37290.6
37043.5
36801.7
36565.5
36335.1
36110.9
35892.9
35681.4
35476.7
35279.1
35088.6
34905.6
34730.2
34562.6
34402.9
34251.2
34107.5
33971.7
33843.9
33723.8
33611.2
33505.9
33407.6
33315.8
33230.1
33150.1
33075.3
33005.1
32939.2
32877
32818.1
32762.1
32708.6
32657.4
32608
32560.4
32514.4
32469.8
32426.5
32384.4
32343.2
32302.6
32262.3
32220.7
32175.8
32125
32063.8
31988.7
31896.5
31786.1
31655.3
31506.8
31342.7
31170.9
30998.9
30830.3
30670.7
30524.6
30393.6
30277.1
30174
30083.3
30003.7
29934
29872.8
29818.9
29770.9
29727
29684.7
29639.7
29584.1
29514.9
29437.4
29359.9
29286.9
29220.4
29159.8
29104.4
29052.1
29001.5
28951.9
28902.7
28853.8
28805
28756.6
28708.7
28661.5
28615.1
28569.5
28524.7
28480.6
28437.2
28394.5
28352.6
28311.7
28271.8
28232.8
28194.5
28156.3
28117.6
28077.6
28035.1
27989.4
27939.4
27884.3
27823.4
27756
27682.1
27601.3
27513.9
27420
27319.9
27213.7
27104
26983.4
26915.4
26711.1
26661.3
26575
26490
26412.1
26341.1
26276
26215.4
26158.8
26105.4
26055.1
26007.6
25962.6
25920.1
25880
25842.2
25806.5
25773
25741.5
25711.9
25684.2
25658.4
25634.2
25611.7
25590.7
25571.2
25553.2
25536.5
25521.1
25506.8
25493.8
25481.8
25470.9
25460.9
25452
25443.9
25436.7
25430.4
25425
25420.4
25416.6
25413.6
25411.3
25410.2
25409.7
25409.8
25410.9
25412
25414.8
25417.4
25422
25428
25435.1
25442.7
25452
25462.1
25473.8
25486.3
25500.4
25515.5
25532.3
25549.9
25569.3
25589.7
25612
25634.3
25658.6
25685.8
25713.2
25743.3
25773.5
25805.8
25839
25873.5
25909
25945.7
25983.3
26022.1
26061.9
26102.7
26144.6
26187.6
26231.7
26277
26323.5
26371.3
26420.6
26471.4
26524.1
26578.8
26635.8
26695.4
26757.9
26823.6
26892.9
26966.1
27043.6
27125.6
27212.1
27305.6
35081.9
35026
34901.5
34798.3
34761.4
34747.3
34735.5
34722.2
34704
34678.3
34644.5
34616
34593.9
34573.4
34552.9
34532.7
34513.8
34496.4
34480.3
34465.9
34453.4
34442.8
34434.9
34426.3
34415.5
34402.8
34388.4
34373.2
34357.4
34341
34323.5
34304
34282.6
34260.3
34237.3
34213.2
34194.4
34172.8
34147.1
34121.4
34095.3
34068.4
34040.6
34011.7
33981.7
33950.1
33918.1
33883.3
33847.7
33811.3
33772.9
33733.1
33692.2
33650.1
33607
33563.1
33518.6
33473.5
33428.1
33382.5
33336.9
33291.2
33245.8
33200.5
33155.6
33111.1
33066.9
33023.6
32980.1
32937.1
32893.3
32856.3
32817.8
32774.9
32734.8
32695.5
32656.2
32617.1
32578
32538.9
32499.6
32460.2
32420.7
32380.9
32340.9
32300.7
32260.3
32219.7
32179
32138.2
32097.3
32056.4
32015.5
31974.7
31933.8
31893.1
31852.5
31812.1
31771.7
31731.5
31691.5
31651.8
31612.4
31573.4
31534.8
31496.7
31459.1
31422.2
31385.8
31350.2
31315.1
31280.8
31247
31213.8
31181.1
31148.8
31116.9
31085.3
31053.8
31022.5
30991.2
30959.9
30928.7
30897.4
30866.1
30834.7
30803.4
30772.1
30740.9
30709.8
30679.2
30649.6
30622.3
30599.4
30584.1
30580.2
30582.8
30595.4
30626.9
30693.9
30794.1
30924.3
31070.1
31216.1
31344.5
31443.3
31508.6
31545
31556.4
31555.6
27608.8
27847.6
27990.4
28089.9
28164.2
28221.9
28268.5
28308.1
28343.2
28375.5
28406.2
28435.4
28463.5
28490.4
28515.9
28539.9
28562.3
28582.9
28601.7
28618.2
28633
28645.8
28655.8
28666.9
28677.9
28687.6
28696.1
28703.4
28709.6
28715
28719.4
28723.1
28726.2
28728.6
28730.5
28731.9
28733
28733.8
28734.2
28734.8
28735.4
28735.8
28736.1
28736.4
28736.6
28736.7
28736.5
28736.3
28736
28735.6
28735.3
28734.8
28734.3
28733.8
28733.1
28732.4
28731.6
28730.7
28729.7
28728.7
28727.7
28726.7
28725.7
28724.8
28723.9
28723
28722.3
28721.6
28721.1
28720.9
28721.4
28722.5
28723.9
28725.9
28728.5
28732.1
28736
28740.7
28746.3
28752.5
28759.3
28766.7
28774.8
28783.4
28792.4
28801.9
28811.4
28821.9
28833.5
28843.2
28853.8
28864.7
28875.7
28886.6
28897.9
28908.3
28919.1
28929.7
28940.1
28950.3
28960.4
28970.3
28980.1
28989.8
28999.4
29009
29018.6
29028.3
29038.2
29048.2
29058.5
29069.1
29080
29091.1
29102.5
29114.3
29126.4
29138.8
29151.5
29164.4
29177.5
29190.7
29204.1
29217.5
29231
29244.5
29257.8
29271
29283.9
29296.3
29308.1
29319
29328.9
29337.9
29346.1
29353.9
29361.8
29370.7
29381.7
29396.3
29416.2
29441.2
29471.2
29503.9
29536
29564.6
29587.4
29603.6
29614.1
29621
)
;

boundaryField
{
    inlet
    {
        type            zeroGradient;
    }
    outlet
    {
        type            zeroGradient;
    }
    bottom
    {
        type            symmetryPlane;
    }
    top
    {
        type            symmetryPlane;
    }
    obstacle
    {
        type            zeroGradient;
    }
    defaultFaces
    {
        type            empty;
    }
}


// ************************************************************************* //
