/*--------------------------------*- C++ -*----------------------------------*\
| =========                 |                                                 |
| \\      /  F ield         | OpenFOAM: The Open Source CFD Toolbox           |
|  \\    /   O peration     | Version:  5.x                                   |
|   \\  /    A nd           | Web:      www.OpenFOAM.org                      |
|    \\/     M anipulation  |                                                 |
\*---------------------------------------------------------------------------*/
/*   Windows 32 and 64 bit porting by blueCAPE: http://www.bluecape.com.pt   *\
|  Based on Windows porting (2.0.x v4) by Symscape: http://www.symscape.com   |
\*---------------------------------------------------------------------------*/
FoamFile
{
    version     2.0;
    format      ascii;
    class       surfaceScalarField;
    location    "0.01";
    object      phi;
}
// * * * * * * * * * * * * * * * * * * * * * * * * * * * * * * * * * * * * * //

dimensions      [1 0 -1 0 0 0 0];

internalField   nonuniform List<scalar> 
1447
(
7.33216e-009
-1.61357e-013
1.5521e-008
2.74749e-012
3.17912e-008
5.90687e-012
6.42857e-008
1.27683e-011
1.28728e-007
2.72923e-011
2.55427e-007
5.75624e-011
5.02236e-007
1.20213e-010
9.7847e-007
2.48379e-010
1.88852e-006
5.07187e-010
3.61046e-006
1.02369e-009
6.83593e-006
2.04206e-009
1.2816e-005
4.02578e-009
2.37876e-005
7.84299e-009
4.37028e-005
1.50986e-008
7.94592e-005
2.87195e-008
0.000142944
5.39701e-008
0.000254378
1.00187e-007
0.000447703
1.83689e-007
0.000779098
3.3258e-007
0.00134023
5.94519e-007
0.00227841
1.04906e-006
0.00382679
1.82681e-006
0.0063483
3.13857e-006
0.0103984
5.31853e-006
0.0168119
8.88664e-006
0.02682
1.4636e-005
0.0422024
2.37516e-005
0.065476
3.79644e-005
0.100121
5.97446e-005
0.150829
9.25288e-005
0.22376
0.000140969
0.326768
0.000211181
0.469547
0.000310954
0.663652
0.000449871
0.922314
0.000639301
1.26002
0.000892219
1.69184
0.00122285
2.23247
0.00164618
2.89522
0.00217698
3.69084
0.00282777
4.62655
0.00360887
5.70533
0.00453023
6.92536
0.00560006
8.27992
0.00682386
9.75844
0.00820539
11.348
0.00974701
13.0347
0.0114495
14.8041
0.0133127
16.6425
0.0153351
18.537
0.0175137
20.476
0.0198441
22.4491
0.022321
24.4471
0.0249376
26.4623
0.0276865
28.4878
0.0305597
30.5178
0.0335496
32.5474
0.0366481
34.5724
0.0398481
36.5893
0.0431423
38.595
0.0465241
40.587
0.0499874
42.5631
0.0535267
44.5214
0.0571369
46.4604
0.0608136
48.3788
0.0645526
50.2753
0.0683501
52.149
0.0722029
53.9991
0.076108
55.8248
0.0800628
57.6256
0.084065
59.4009
0.0881123
61.1502
0.0922029
62.8733
0.096335
64.5697
0.100507
66.2392
0.104718
67.8816
0.108966
69.4967
0.113251
71.0844
0.117571
72.6445
0.121925
74.177
0.126313
75.6818
0.130735
77.1588
0.135188
78.6081
0.139674
80.0296
0.144191
81.4235
0.148738
82.7896
0.153317
84.1281
0.157926
85.439
0.162566
86.7224
0.167235
87.9783
0.171935
89.207
0.176665
90.4085
0.181426
91.5828
0.186217
92.7302
0.191039
93.8507
0.195893
94.9444
0.200779
96.0116
0.205698
97.0523
0.210652
98.0667
0.21564
99.0549
0.220666
100.017
0.225731
100.953
0.230837
101.864
0.235987
102.749
0.241184
103.609
0.246433
104.443
0.251739
105.253
0.257109
106.037
0.262549
106.797
0.26807
107.532
0.273685
108.243
0.279409
108.929
0.285225
109.591
0.291012
110.229
0.296703
110.843
0.30228
111.433
0.307753
111.999
0.313135
112.541
0.31844
113.061
0.323677
113.557
0.328855
114.029
0.333973
114.48
0.339047
114.906
0.344055
115.313
0.349046
115.692
0.353932
116.058
0.358874
116.39
0.363603
116.713
0.368538
117.005
0.373085
117.278
0.378007
117.539
0.382432
117.758
0.387218
117.984
0.391689
118.166
0.396172
118.337
0.400785
118.497
0.404979
118.617
0.409616
118.735
0.41365
118.831
0.41827
118.897
0.422054
118.954
0.42677
118.995
0.430338
119.006
0.434848
119.003
0.438675
118.994
0.442577
118.95
0.446723
118.892
0.450347
118.831
0.454265
118.736
0.458062
118.626
0.461612
118.512
0.465359
118.368
0.468944
118.214
0.472348
118.042
0.475896
117.852
0.47932
117.657
0.482533
117.432
0.485865
117.198
0.48913
116.956
0.492164
116.688
0.495251
116.414
0.498313
116.119
0.50122
115.814
0.504033
115.499
0.506856
115.159
0.509616
114.817
0.512201
114.455
0.514759
114.084
0.517281
113.701
0.519697
113.298
0.521998
112.893
0.524223
112.469
0.526423
112.038
0.528492
111.593
0.530457
111.134
0.532337
110.67
0.534155
110.19
0.535871
109.705
0.537452
109.203
0.538948
108.695
0.540346
108.177
0.541656
107.648
0.542819
107.113
0.543871
106.564
0.544807
106.01
0.545637
105.445
0.546332
104.874
0.546872
104.294
0.547285
103.706
0.54755
103.111
0.547688
102.507
0.547645
101.9
0.547439
101.283
0.547058
100.662
0.546503
100.033
0.54578
99.3996
0.544834
98.7605
0.543696
98.1163
0.542323
97.4688
0.540747
96.8155
0.538934
96.1595
0.536874
95.4983
0.534555
94.8358
0.531951
94.1691
0.529094
93.502
0.525916
92.8317
0.522481
92.1611
0.51867
91.4883
0.514582
90.8163
0.510081
90.1437
0.505295
89.4726
0.500059
88.8027
0.494503
88.1345
0.488445
87.4691
0.482014
86.8063
0.475045
86.1481
0.467633
85.4942
0.459616
84.8467
0.451056
84.2052
0.441787
83.5715
0.431844
82.946
0.421051
82.3303
0.409408
81.7254
0.396743
81.1335
0.382957
80.5529
0.367948
79.9885
0.352212
79.4324
0.34184
78.8843
0.329998
78.3404
0.316662
77.8005
0.301405
77.266
0.266633
76.739
0.212121
76.2142
0.13508
75.643
0.0489604
74.9712
-0.0623829
74.0994
-0.172249
73.039
-0.320679
71.9613
-0.450178
71.0441
-0.547359
70.3936
-0.636396
69.9659
-0.690591
69.6853
-0.694786
69.4857
-0.684654
69.3278
-0.674457
69.1933
-0.664912
69.0682
-0.656218
68.9491
-0.647987
68.8278
-0.640293
68.6928
-0.633185
68.4742
-0.628267
68.0479
-0.628898
67.1665
-0.642591
65.4019
-0.685096
61.8522
-0.790041
55.0848
-0.999253
49.3125
-1.2406
49.4196
-1.33719
50.1882
-1.29513
52.4068
-1.21472
54.5958
-1.11383
56.166
-1.02434
57.3315
-0.958617
57.9393
-0.916754
58.2039
-0.893251
58.4316
-0.875826
58.6539
-0.86056
58.7872
-0.846942
58.9468
-0.832525
59.2068
-0.814476
59.4743
-0.793296
59.7722
-0.769171
60.1561
-0.741387
60.5292
-0.711874
60.8462
-0.683069
61.1259
-0.6559
61.373
-0.630229
61.5905
-0.605404
61.7906
-0.580649
61.9813
-0.55554
62.1643
-0.529933
62.3349
-0.503953
62.4868
-0.477682
62.6225
-0.451066
62.7555
-0.423956
62.8917
-0.395988
63.0336
-0.366675
63.1767
-0.335706
63.3424
-0.302871
63.5058
-0.268594
63.6709
-0.232887
63.7921
-0.196995
63.859
-0.161435
63.8728
-0.127994
63.8187
-0.0974859
63.7147
-0.0709519
63.53
-0.0491105
63.3123
-0.033525
63.0537
-0.00533269
62.7634
0.0212
0.0342904
-4.40623e-009
-9.17517e-009
-1.84761e-008
-3.67196e-008
-7.22527e-008
-1.40845e-007
-2.71988e-007
-5.20241e-007
-9.85428e-007
-1.84808e-006
-3.43081e-006
-6.30309e-006
-1.14574e-005
-2.06004e-005
-3.66272e-005
-6.43782e-005
-0.000111825
-0.000191886
-0.000325154
-0.000543856
-0.000897471
-0.00146038
-0.00234182
-0.00369816
-0.00574658
-0.00877841
-0.0131679
-0.0193694
-0.0278919
-0.0392331
-0.0537523
-0.0714494
-0.0916197
-0.112348
-0.129812
-0.137372
-0.124461
-0.0754624
0.0301186
0.210755
0.500535
0.938128
1.56359
2.41595
3.53094
4.93415
6.63978
8.64959
10.9547
13.5378
16.3749
19.4388
22.7005
26.1316
29.7053
33.3974
37.1862
41.053
44.9818
48.959
52.9731
57.0145
61.0753
65.1488
69.2295
73.3126
77.3944
81.4714
85.5409
89.6004
93.6481
97.6819
101.7
105.702
109.686
113.651
117.596
121.52
125.422
129.302
133.159
136.992
140.801
144.586
148.345
152.078
155.785
159.466
163.119
166.745
170.344
173.915
177.457
180.972
184.457
187.914
191.342
194.741
198.111
201.451
204.762
208.044
211.296
214.518
217.711
220.874
224.008
227.112
230.187
233.232
236.247
239.234
242.191
245.12
248.02
250.891
253.734
256.549
259.336
262.094
264.824
267.527
270.202
272.849
275.468
278.061
280.625
283.164
285.673
288.158
290.613
293.046
295.446
297.828
300.17
302.508
304.787
307.082
309.308
311.539
313.741
315.881
318.073
320.138
322.27
324.335
326.346
328.411
330.378
332.335
334.318
336.211
338.097
340.002
341.832
343.637
345.465
347.239
348.965
350.708
352.429
354.088
355.738
357.394
359.003
360.571
362.138
363.695
365.207
366.685
368.161
369.623
371.043
372.431
373.812
375.18
376.513
377.81
379.094
380.367
381.613
382.825
384.011
385.187
386.345
387.472
388.568
389.645
390.71
391.753
392.767
393.754
394.721
395.676
396.613
397.522
398.407
399.273
400.129
400.97
401.79
402.588
403.372
404.144
404.91
405.664
406.4
407.124
407.839
408.553
409.262
409.962
410.646
411.328
412.005
412.681
413.353
414.013
414.664
415.307
415.947
416.583
417.208
417.822
418.421
419.009
419.602
420.201
420.798
421.398
421.991
422.569
423.119
423.639
424.102
424.509
424.824
425.049
425.228
425.349
425.435
425.499
425.559
425.619
425.685
425.757
425.829
425.9
425.97
426.043
426.123
426.209
426.283
426.33
426.299
426.167
425.996
425.836
425.728
425.664
425.634
425.63
425.634
425.638
425.646
425.658
425.677
425.708
425.744
425.793
425.845
425.914
425.983
426.073
426.166
426.277
426.402
426.532
426.682
426.822
427.002
427.165
427.362
427.572
427.784
428.039
428.296
428.576
428.899
429.213
429.553
429.918
430.285
430.664
431.068
431.479
431.875
432.265
432.657
433.063
432.991
432.918
432.845
432.771
432.698
432.625
432.551
432.479
432.407
432.335
432.264
432.193
432.124
432.055
431.987
431.92
431.854
431.789
431.725
431.662
431.601
431.54
431.48
431.422
431.364
431.307
431.252
431.197
431.144
431.091
431.039
430.988
430.937
430.888
430.838
430.79
430.742
430.695
430.648
430.602
430.556
430.511
430.466
430.422
430.378
430.33
430.287
430.243
430.201
430.16
430.117
430.075
430.035
429.992
429.951
429.91
429.87
429.831
429.791
429.752
429.714
429.676
429.638
429.6
429.563
429.527
429.491
429.455
429.419
429.384
429.348
429.312
429.277
429.241
429.205
429.168
429.131
429.094
429.056
429.017
428.978
428.938
428.897
428.854
428.811
428.765
428.719
428.67
428.62
428.567
428.512
428.454
428.393
428.329
428.262
428.191
428.116
428.037
427.955
427.868
40.7065
-1.27605
41.3779
-1.00832
41.9461
-0.915128
42.4721
-0.880762
42.9712
-0.86287
43.4505
-0.852702
43.9006
-0.846504
44.3211
-0.842302
44.7284
-0.839301
45.1353
-0.837026
45.5394
-0.835473
45.9242
-0.834467
46.2639
-0.83338
46.5352
-0.831531
46.7268
-0.828452
46.8428
-0.823912
46.9042
-0.817948
46.9441
-0.810752
47.0036
-0.802568
47.1225
-0.793973
47.3317
-0.785138
47.6616
-0.775992
48.1207
-0.768207
48.6501
-0.761631
49.2078
-0.754574
49.7763
-0.747505
50.3497
-0.740842
50.9269
-0.734716
51.5098
-0.72919
52.1013
-0.724321
52.7042
-0.720163
53.3205
-0.716754
53.9537
-0.714074
54.5971
-0.712017
55.2489
-0.71047
55.9405
-0.70943
56.7105
-0.709004
57.5059
-0.709292
58.309
-0.710007
59.1018
-0.710882
59.8711
-0.711573
60.6096
-0.712023
61.3146
-0.71218
61.9852
-0.712002
62.6224
-0.711452
63.2275
-0.710494
63.806
-0.709241
64.35
-0.707666
64.8685
-0.705687
65.3649
-0.703356
65.8399
-0.7007
66.2961
-0.697713
66.7358
-0.694396
67.1613
-0.690747
67.5737
-0.686765
67.9725
-0.682428
68.3563
-0.677708
68.7233
-0.67257
69.0719
-0.666976
69.4024
-0.660902
69.7171
-0.654338
70.0201
-0.647292
70.3167
-0.639786
70.6134
-0.631854
70.9178
-0.623542
71.2368
-0.614906
71.5763
-0.606008
71.934
-0.596889
72.2999
-0.587572
72.6705
-0.578133
73.0821
-0.568738
73.6134
-0.559499
74.2062
-0.550898
74.8196
-0.542723
75.4414
-0.534853
76.0599
-0.527265
76.6667
-0.520062
77.2551
-0.5134
77.8204
-0.507282
78.36
-0.50179
78.8735
-0.497023
79.3619
-0.493048
79.827
-0.489919
80.2712
-0.487667
80.6971
-0.486305
81.1072
-0.485779
81.5041
-0.486245
81.89
-0.48762
82.2659
-0.489454
82.6334
-0.491998
82.9944
-0.495332
83.3503
-0.499069
83.703
-0.503146
84.0547
-0.507554
84.408
-0.51213
84.7671
-0.516817
85.1347
-0.521644
85.5115
-0.526452
85.897
-0.531226
86.2898
-0.535914
86.6883
-0.540467
87.0907
-0.544848
87.4958
-0.549028
87.9026
-0.552986
88.3106
-0.55671
88.7196
-0.560194
89.1299
-0.563439
89.542
-0.566452
89.9566
-0.569246
90.3746
-0.571833
90.7968
-0.574244
91.2235
-0.576491
91.6541
-0.578584
92.0883
-0.580542
92.5254
-0.582402
92.9646
-0.584173
93.4054
-0.58586
93.8476
-0.587485
94.2909
-0.589067
94.7349
-0.59062
95.1795
-0.592158
95.6243
-0.593696
96.0692
-0.595235
96.5138
-0.596794
96.9586
-0.598364
97.4033
-0.599968
97.8484
-0.601587
98.2938
-0.603242
98.7396
-0.6049
99.1867
-0.606577
99.6342
-0.60824
100.083
-0.609894
100.53
-0.61151
100.972
-0.613048
101.405
-0.614432
101.823
-0.615527
102.237
-0.616438
102.634
-0.617155
103.008
-0.617441
103.323
-0.616887
103.607
-0.615232
103.865
-0.612722
104.114
-0.609407
104.401
-0.606203
104.707
-0.603223
105.06
-0.600963
105.442
-0.599587
105.851
-0.598924
106.276
-0.598876
-0.599315
426.75
425.84
424.987
424.137
423.284
422.436
421.597
420.766
419.943
419.132
418.337
417.544
416.697
415.698
414.392
412.583
410.04
406.522
401.799
395.694
388.121
379.105
368.878
357.873
346.541
335.272
324.379
314.085
304.539
295.826
287.981
281
274.846
269.461
264.77
260.69
257.139
254.039
251.332
248.978
246.939
245.175
243.644
242.312
241.142
240.106
239.178
238.334
237.555
236.823
236.128
235.458
234.805
234.163
233.528
232.898
232.274
231.656
231.045
230.442
229.847
229.261
228.685
228.12
227.566
227.024
226.495
225.981
225.482
225
224.534
224.079
223.633
223.197
222.782
222.391
222.021
221.67
221.34
221.029
220.736
220.458
220.194
219.943
219.703
219.474
219.275
219.16
219.095
219.022
218.925
218.792
218.614
218.391
218.119
217.791
217.42
217.016
216.588
216.15
215.707
215.268
214.835
214.409
213.991
213.577
213.165
212.752
212.335
211.911
211.481
211.046
210.61
210.172
209.731
209.288
208.845
208.402
207.959
207.515
207.07
206.627
206.185
205.744
205.305
204.867
204.429
203.99
203.548
203.1
202.648
202.19
201.731
201.268
200.803
200.336
199.858
199.377
198.872
198.357
197.818
197.263
196.701
196.133
195.571
195.019
194.478
193.943
193.409
)
;

boundaryField
{
    inlet
    {
        type            calculated;
        value           nonuniform List<scalar> 2(1.97132e-009 -3.24473e-009);
    }
    outlet
    {
        type            calculated;
        value           nonuniform List<scalar> 2(192.871 106.697);
    }
    bottom
    {
        type            symmetryPlane;
        value           uniform 0;
    }
    top
    {
        type            symmetryPlane;
        value           uniform 0;
    }
    obstacle
    {
        type            calculated;
        value           nonuniform List<scalar> 
102
(
62.4922
-39.7602
0.109122
0.109105
0.108974
0.10885
0.108749
0.108668
0.108603
0.108551
0.10851
0.108477
0.108452
0.108434
0.108423
0.108418
0.10842
0.108426
0.108439
0.108457
0.108481
0.108509
0.108543
0.108581
0.108623
0.10867
0.108721
0.108776
0.108834
0.108896
0.10896
0.109029
0.109099
0.109174
0.10925
0.10933
0.10941
0.109494
0.10958
0.109668
0.109758
0.10985
0.109944
0.11004
0.110138
0.110239
0.11034
0.110445
0.110549
0.110655
0.110766
0.110872
0.110998
0.111106
0.111239
0.111349
0.111493
0.111605
0.11176
0.111875
0.112041
0.112159
0.112337
0.112458
0.112648
0.112773
0.112976
0.113098
0.113319
0.113454
0.113672
0.113832
0.114044
0.114222
0.114435
0.114623
0.114844
0.115038
0.115265
0.115466
0.115699
0.115906
0.116146
0.11636
0.116606
0.116827
0.11708
0.117309
0.117572
0.11781
0.118083
0.118333
0.11862
0.118885
0.119189
0.119474
0.119799
0.120108
0.120459
0.120795
0.121174
0.12156
)
;
    }
    defaultFaces
    {
        type            empty;
        value           nonuniform 0();
    }
}


// ************************************************************************* //
