/*--------------------------------*- C++ -*----------------------------------*\
| =========                 |                                                 |
| \\      /  F ield         | OpenFOAM: The Open Source CFD Toolbox           |
|  \\    /   O peration     | Version:  5.x                                   |
|   \\  /    A nd           | Web:      www.OpenFOAM.org                      |
|    \\/     M anipulation  |                                                 |
\*---------------------------------------------------------------------------*/
/*   Windows 32 and 64 bit porting by blueCAPE: http://www.bluecape.com.pt   *\
|  Based on Windows porting (2.0.x v4) by Symscape: http://www.symscape.com   |
\*---------------------------------------------------------------------------*/
FoamFile
{
    version     2.0;
    format      ascii;
    class       volScalarField;
    location    "0.01";
    object      T;
}
// * * * * * * * * * * * * * * * * * * * * * * * * * * * * * * * * * * * * * //

dimensions      [0 0 0 1 0 0 0];

internalField   nonuniform List<scalar> 
1000
(
348.432
348.432
348.432
348.432
348.432
348.432
348.432
348.432
348.432
348.432
348.432
348.432
348.432
348.432
348.432
348.432
348.432
348.432
348.432
348.432
348.432
348.431
348.431
348.43
348.429
348.426
348.423
348.418
348.411
348.399
348.383
348.36
348.327
348.282
348.221
348.141
348.036
347.903
347.738
347.536
347.295
347.013
346.689
346.323
345.916
345.472
344.994
344.484
343.946
343.383
342.798
342.194
341.573
340.937
340.288
339.628
338.958
338.279
337.592
336.898
336.198
335.492
334.781
334.066
333.346
332.623
331.897
331.167
330.434
329.699
328.961
328.221
327.479
326.735
325.989
325.241
324.492
323.741
322.988
322.235
321.48
320.724
319.966
319.208
318.448
317.688
316.926
316.164
315.401
314.637
313.872
313.106
312.339
311.572
310.804
310.035
309.265
308.495
307.724
306.952
306.179
305.406
304.632
303.857
303.082
302.305
301.528
300.75
299.972
299.192
298.412
297.631
296.848
296.066
295.282
294.498
293.713
292.929
292.143
291.358
290.57
289.787
288.993
288.222
287.406
286.667
285.805
285.123
284.199
283.566
282.63
281.952
281.119
280.305
279.591
278.725
277.976
277.201
276.374
275.61
274.833
274.023
273.233
272.48
271.665
270.864
270.126
269.309
268.504
267.767
266.953
266.162
265.404
264.591
263.838
263.039
262.24
261.509
260.682
259.921
259.149
258.349
257.612
256.791
256.04
255.274
254.476
253.739
252.928
252.192
251.417
250.639
249.899
249.101
248.381
247.593
246.852
246.094
245.33
244.607
243.832
243.116
242.349
241.627
240.889
240.156
239.439
238.701
237.998
237.272
236.575
235.868
235.169
234.484
233.789
233.127
232.444
231.798
231.133
230.499
229.86
229.241
228.633
228.03
227.454
226.869
226.329
225.77
225.271
224.742
224.284
223.794
223.381
222.941
222.58
222.201
221.902
221.597
221.372
221.156
221.027
220.92
220.908
220.932
221.038
221.229
221.493
221.856
222.355
223.058
224.051
225.554
227.698
230.768
234.987
240.253
246.033
251.24
255.077
257.557
259.056
259.952
260.558
261
261.397
261.727
262.064
262.36
262.689
263.068
263.8
265.285
268.243
273.887
283.563
294.411
298.123
296.802
294.647
292.158
289.343
287.543
286.662
286.348
286.345
286.305
286.389
286.39
286.277
286.051
285.752
285.298
284.76
284.261
283.833
283.396
282.992
282.605
282.212
281.796
281.354
280.919
280.513
280.107
279.639
279.161
278.627
278.127
277.37
276.831
275.937
275.57
274.865
274.584
274.083
273.861
273.741
273.615
273.626
273.585
348.432
348.432
348.432
348.432
348.432
348.432
348.432
348.432
348.432
348.432
348.432
348.432
348.432
348.432
348.432
348.432
348.432
348.432
348.432
348.432
348.432
348.432
348.432
348.432
348.433
348.433
348.434
348.434
348.435
348.437
348.439
348.441
348.444
348.447
348.45
348.451
348.451
348.447
348.437
348.417
348.385
348.334
348.26
348.157
348.019
347.842
347.622
347.36
347.054
346.706
346.32
345.897
345.443
344.96
344.452
343.923
343.375
342.811
342.234
341.645
341.046
340.438
339.823
339.202
338.575
337.943
337.306
336.666
336.022
335.375
334.725
334.073
333.419
332.762
332.103
331.443
330.78
330.117
329.452
328.785
328.118
327.449
326.78
326.109
325.438
324.766
324.094
323.421
322.747
322.073
321.399
320.725
320.05
319.375
318.7
318.025
317.35
316.676
316.001
315.326
314.652
313.978
313.304
312.63
311.957
311.284
310.612
309.94
309.269
308.598
307.927
307.258
306.588
305.92
305.252
304.584
303.917
303.25
302.584
301.918
301.253
300.588
299.924
299.261
298.597
297.935
297.272
296.612
295.948
295.292
294.626
293.975
293.303
292.665
291.976
291.368
290.635
290.092
289.282
288.821
287.951
287.502
286.698
286.111
285.491
284.741
284.197
283.498
282.819
282.247
281.546
280.89
280.301
279.617
278.959
278.361
277.705
277.035
276.429
275.801
275.132
274.504
273.898
273.25
272.603
271.994
271.378
270.738
270.108
269.504
268.894
268.265
267.648
267.053
266.454
265.843
265.238
264.652
264.073
263.482
262.896
262.323
261.765
261.207
260.645
260.095
259.559
259.037
258.516
257.998
257.496
257.009
256.538
256.071
255.614
255.171
254.75
254.341
253.949
253.559
253.194
252.84
252.513
252.188
251.887
251.581
251.308
251.036
250.79
250.538
250.304
250.068
249.852
249.641
249.433
249.23
249.026
248.83
248.639
248.452
248.268
248.081
247.897
247.717
247.542
247.371
247.199
247.017
246.828
246.629
246.411
246.164
245.883
245.562
245.204
244.821
244.417
244.012
243.621
243.239
242.881
242.56
242.276
242.025
241.803
241.602
241.429
241.277
241.15
241.039
240.942
240.847
240.757
240.668
240.567
240.479
240.393
240.308
240.225
240.138
240.057
239.978
239.905
239.84
239.78
239.719
239.663
239.602
239.54
239.484
239.418
239.371
239.302
239.267
239.188
239.166
239.079
239.056
238.98
238.948
238.901
238.841
238.828
238.743
238.729
238.645
238.587
238.502
238.414
238.272
238.181
237.995
237.861
237.654
237.486
237.229
237.031
236.759
236.607
235.852
235.917
235.806
235.615
235.417
235.229
235.056
234.894
234.745
234.604
234.473
234.347
234.23
234.118
234.014
233.913
233.821
233.732
233.651
233.572
233.501
233.432
233.369
233.31
233.255
233.205
233.157
233.115
233.073
233.038
233.002
232.974
232.943
232.921
232.895
232.877
232.858
232.843
232.829
232.818
232.81
232.802
232.798
232.794
232.793
232.799
232.8
232.812
232.817
232.827
232.844
232.839
232.882
232.882
232.933
232.929
232.998
232.992
233.075
233.067
233.165
233.155
233.27
233.258
233.388
233.375
233.528
233.495
233.665
233.664
233.808
233.846
233.972
234.034
234.158
234.226
234.356
234.43
234.566
234.645
234.787
234.872
235.018
235.11
235.262
235.359
235.519
235.624
235.791
235.905
236.082
236.208
236.398
236.539
236.745
236.903
237.129
237.308
237.556
237.76
238.012
384.109
384.064
384.516
384.873
385.745
386.621
387.58
388.808
390.154
391.49
392.744
394.046
395.613
397.673
400.401
403.869
408.009
412.628
417.427
422.067
426.256
429.718
432.242
433.923
435.172
436.213
437.137
437.979
438.741
439.399
439.919
440.263
440.417
440.425
440.333
440.082
439.451
438.338
437.083
435.825
434.675
433.696
432.91
432.317
431.908
431.662
431.557
431.564
431.714
431.954
432.255
432.611
433.008
433.432
433.871
434.329
434.813
435.337
435.915
436.555
437.25
437.978
438.712
439.414
440.042
440.549
440.893
441.059
441.079
441.014
440.802
440.173
438.862
437.248
435.563
433.857
432.182
430.582
429.086
427.711
426.464
425.339
424.33
423.423
422.61
421.876
421.212
420.609
420.061
419.562
419.109
418.695
418.314
417.959
417.619
417.279
416.923
416.542
416.137
415.713
415.279
414.843
414.411
413.99
413.584
413.194
412.82
412.462
412.115
411.778
411.444
411.113
410.781
410.452
410.124
409.801
409.481
409.165
408.85
408.537
408.224
407.909
407.598
407.283
406.976
406.662
406.361
406.051
405.758
405.458
405.172
404.888
404.611
404.358
404.123
403.947
403.787
403.679
403.682
403.784
404.071
404.303
404.853
405.116
405.464
405.646
405.694
405.631
405.543
405.205
238.926
239.414
239.756
240.026
240.251
240.44
240.601
240.739
240.864
240.977
241.077
241.164
241.257
241.397
241.657
242.138
242.967
244.294
246.279
249.085
252.864
257.728
263.725
270.795
278.727
287.276
296.195
305.249
314.218
322.912
331.165
338.852
345.881
352.202
357.806
362.717
366.984
370.667
373.83
376.518
378.759
380.597
382.076
383.246
384.154
384.846
385.361
385.735
386
386.183
386.304
386.385
386.432
386.467
386.49
386.509
386.525
386.537
386.545
386.547
386.544
386.537
386.525
386.507
386.484
386.457
386.424
386.387
386.346
386.307
386.275
386.255
386.248
386.254
386.271
386.278
386.273
386.263
386.249
386.227
386.197
386.161
386.118
386.069
386.012
385.948
385.856
385.689
385.394
385.036
384.714
384.446
384.241
384.109
384.055
384.076
384.181
384.342
384.54
384.755
384.972
385.176
385.361
385.522
385.66
385.779
385.884
385.982
386.08
386.183
386.297
386.422
386.552
386.683
386.818
386.959
387.105
387.253
387.404
387.558
387.715
387.872
388.027
388.178
388.324
388.463
388.596
388.724
388.848
388.976
389.102
389.225
389.353
389.454
389.571
389.654
389.748
389.841
389.92
390.075
390.163
390.394
390.517
390.771
390.911
391.128
391.212
391.354
391.383
391.476
)
;

boundaryField
{
    inlet
    {
        type            zeroGradient;
    }
    outlet
    {
        type            zeroGradient;
    }
    bottom
    {
        type            symmetryPlane;
    }
    top
    {
        type            symmetryPlane;
    }
    obstacle
    {
        type            zeroGradient;
    }
    defaultFaces
    {
        type            empty;
    }
}


// ************************************************************************* //
