/*--------------------------------*- C++ -*----------------------------------*\
| =========                 |                                                 |
| \\      /  F ield         | OpenFOAM: The Open Source CFD Toolbox           |
|  \\    /   O peration     | Version:  5.x                                   |
|   \\  /    A nd           | Web:      www.OpenFOAM.org                      |
|    \\/     M anipulation  |                                                 |
\*---------------------------------------------------------------------------*/
/*   Windows 32 and 64 bit porting by blueCAPE: http://www.bluecape.com.pt   *\
|  Based on Windows porting (2.0.x v4) by Symscape: http://www.symscape.com   |
\*---------------------------------------------------------------------------*/
FoamFile
{
    version     2.0;
    format      ascii;
    class       volVectorField;
    location    "0.01";
    object      U;
}
// * * * * * * * * * * * * * * * * * * * * * * * * * * * * * * * * * * * * * //

dimensions      [0 1 -1 0 0 0 0];

internalField   nonuniform List<vector> 
1000
(
(2.45095e-009 -6.54857e-011 0)
(7.384e-009 -1.35058e-010 0)
(1.51194e-008 -2.64988e-010 0)
(3.08531e-008 -5.14719e-010 -2.97086e-018)
(6.22014e-008 -9.83772e-010 2.97764e-018)
(1.24253e-007 -1.85432e-009 0)
(2.45958e-007 -3.445e-009 0)
(4.82436e-007 -6.31222e-009 5.99635e-018)
(9.37529e-007 -1.14001e-008 -6.01017e-018)
(1.80479e-006 -2.02835e-008 6.02405e-018)
(3.44112e-006 -3.55206e-008 -6.03799e-018)
(6.49722e-006 -6.11545e-008 0)
(1.2146e-005 -1.03363e-007 0)
(2.24771e-005 -1.71187e-007 0)
(4.11682e-005 -2.77131e-007 0)
(7.46126e-005 -4.37067e-007 -1.22174e-017)
(0.000133783 -6.68335e-007 1.22461e-017)
(0.000237262 -9.83808e-007 0)
(0.0004161 -1.37799e-006 0)
(0.000721441 -1.79836e-006 0)
(0.00123631 -2.09111e-006 -4.82896e-020)
(0.00209342 -1.90426e-006 1.23914e-017)
(0.0035016 -5.23738e-007 -2.48419e-017)
(0.00578397 3.39156e-006 1.24506e-017)
(0.00943182 1.22187e-005 1.24801e-017)
(0.0151785 2.99731e-005 -1.25102e-017)
(0.0240975 6.31522e-005 2.50793e-017)
(0.037728 0.000121851 -1.5838e-021)
(0.0582288 0.000221134 -2.52007e-017)
(0.0885566 0.000382578 2.52575e-017)
(0.132659 0.000635765 -2.53213e-017)
(0.195665 0.00101937 2.53742e-017)
(0.284037 0.0015813 -2.54409e-017)
(0.405661 0.00237728 0)
(0.569816 0.00346732 -2.55399e-017)
(0.786992 0.0049097 2.56149e-017)
(1.06853 0.00675304 0)
(1.42606 0.0090278 0)
(1.87082 0.0117382 0)
(2.41288 0.0148478 -2.57635e-017)
(3.06034 0.0182643 2.58649e-017)
(3.81871 0.0218709 5.07545e-020)
(4.69035 0.0255455 5.0858e-020)
(5.6743 0.0291732 0)
(6.76654 0.0326805 0)
(7.96082 0.0360801 5.11302e-020)
(9.24949 0.0394709 -5.12057e-020)
(10.6242 0.0430419 5.12731e-020)
(12.0765 0.0470513 5.13324e-020)
(13.5982 0.0518014 -2.59849e-017)
(15.1816 0.0576159 2.61448e-017)
(16.8196 0.064818 5.14659e-020)
(18.5061 0.0737142 -5.14976e-020)
(20.2354 0.0845764 5.1524e-020)
(22.0027 0.0976419 5.15459e-020)
(23.8038 0.113111 -5.15637e-020)
(25.635 0.131148 -2.58697e-017)
(27.4933 0.151883 2.6151e-017)
(29.3759 0.175421 -5.15987e-020)
(31.2805 0.201843 5.16056e-020)
(33.205 0.231209 5.16107e-020)
(35.1476 0.263562 -5.16142e-020)
(37.1069 0.298936 5.18102e-017)
(39.0815 0.337352 -1.03822e-016)
(41.0702 0.378827 5.20653e-017)
(43.072 0.42337 -5.16536e-017)
(45.086 0.47099 1.03823e-016)
(47.1113 0.521688 -5.21195e-017)
(49.1472 0.575468 5.16096e-020)
(51.1931 0.632328 5.16062e-020)
(53.2484 0.692269 -5.16575e-017)
(55.3125 0.755288 5.20461e-017)
(57.385 0.821384 5.15932e-020)
(59.4654 0.890556 -5.15882e-020)
(61.5532 0.962801 5.15829e-020)
(63.6482 1.03812 5.15773e-020)
(65.75 1.1165 -5.15715e-020)
(67.8583 1.19795 5.15655e-020)
(69.9728 1.28246 -5.13781e-017)
(72.0932 1.37003 5.17789e-017)
(74.2193 1.46065 5.15466e-020)
(76.3508 1.55433 -5.13085e-017)
(78.4876 1.65106 5.17135e-017)
(80.6294 1.75084 0)
(82.776 1.85366 0)
(84.9274 1.95951 5.13168e-017)
(87.0834 2.0684 -5.16758e-017)
(89.2437 2.18031 0)
(91.4083 2.29524 0)
(93.5771 2.41317 0)
(95.7499 2.53411 5.14798e-020)
(97.9267 2.65804 -5.10685e-017)
(100.107 2.78494 5.15387e-017)
(102.292 2.91482 5.10709e-017)
(104.48 3.04766 -5.14924e-017)
(106.671 3.18343 0)
(108.867 3.32214 5.10482e-017)
(111.065 3.46376 -5.1371e-017)
(113.267 3.60828 -5.0947e-017)
(115.473 3.75569 1.02298e-016)
(117.681 3.90595 -5.1352e-017)
(119.893 4.05906 0)
(122.108 4.215 5.14101e-020)
(124.327 4.37374 5.14055e-020)
(126.548 4.53527 5.07963e-017)
(128.773 4.69956 -4.62798e-019)
(131 4.8666 -5.121e-017)
(133.231 5.03635 -5.07201e-017)
(135.465 5.20881 5.12136e-017)
(137.701 5.38394 5.1383e-020)
(139.941 5.56172 0)
(142.184 5.74212 0)
(144.43 5.92508 0)
(146.678 6.11053 0)
(148.929 6.29841 0)
(151.181 6.48866 5.13708e-020)
(153.436 6.68123 -5.04364e-017)
(155.692 6.87608 5.09447e-017)
(157.95 7.07317 5.04875e-017)
(160.21 7.27247 -4.85862e-019)
(162.47 7.47393 -5.08719e-017)
(164.733 7.67753 5.13708e-020)
(166.996 7.88322 5.13706e-020)
(169.26 8.09099 0)
(171.526 8.30078 5.02797e-017)
(173.793 8.51257 -1.01019e-016)
(176.06 8.72633 5.06701e-017)
(178.329 8.942 5.02682e-017)
(180.597 9.15962 -5.06179e-017)
(182.867 9.37901 0)
(185.137 9.60035 5.01205e-017)
(187.408 9.82335 -5.0619e-017)
(189.679 10.0482 -5.00818e-017)
(191.95 10.2748 5.06125e-017)
(194.223 10.503 0)
(196.494 10.7329 0)
(198.767 10.9644 0)
(201.039 11.1974 0)
(203.311 11.432 4.99345e-017)
(205.583 11.6681 -5.0381e-017)
(207.855 11.9056 0)
(210.127 12.1445 -4.98661e-017)
(212.398 12.3848 5.04167e-017)
(214.669 12.6264 0)
(216.94 12.8693 0)
(219.21 13.1134 -4.97219e-017)
(221.479 13.3586 1.00048e-016)
(223.747 13.605 -5.02624e-017)
(226.015 13.8525 0)
(228.282 14.1009 0)
(230.547 14.3504 0)
(232.811 14.6007 0)
(235.075 14.8519 9.92579e-017)
(237.337 15.1039 -1.13288e-018)
(239.597 15.3565 -1.00262e-016)
(241.856 15.6099 0)
(244.114 15.8638 0)
(246.369 16.1182 0)
(248.623 16.373 0)
(250.875 16.6283 -9.89804e-017)
(253.124 16.8837 1.00103e-016)
(255.372 17.1393 -5.17862e-020)
(257.617 17.395 0)
(259.859 17.6507 9.88326e-017)
(262.099 17.9062 -1.98735e-016)
(264.336 18.1614 9.98996e-017)
(266.57 18.4164 5.1914e-020)
(268.801 18.6708 0)
(271.029 18.9246 -5.19708e-020)
(273.253 19.1776 -9.86097e-017)
(275.473 19.4297 9.97154e-017)
(277.69 19.6807 0)
(279.902 19.9304 5.21084e-020)
(282.11 20.1787 -5.21376e-020)
(284.313 20.4253 -5.21827e-020)
(286.512 20.67 9.85129e-017)
(288.705 20.9126 -1.20407e-018)
(290.893 21.1529 -9.96879e-017)
(293.075 21.3905 5.23425e-020)
(295.25 21.6251 0)
(297.42 21.8566 9.8384e-017)
(299.582 22.0844 -1.10921e-018)
(301.737 22.3082 -9.96358e-017)
(303.884 22.5277 9.84214e-017)
(306.023 22.7424 -9.95297e-017)
(308.153 22.9518 -5.27102e-020)
(310.273 23.1555 -5.27741e-020)
(312.384 23.3528 0)
(314.484 23.5433 -5.29073e-020)
(316.572 23.7262 -5.29761e-020)
(318.648 23.9009 9.85173e-017)
(320.711 24.0666 -9.96444e-017)
(322.761 24.2227 -9.85578e-017)
(324.795 24.3682 1.21108e-018)
(326.814 24.5023 9.96637e-017)
(328.816 24.624 0)
(330.799 24.7323 5.35853e-020)
(332.763 24.8262 -5.36933e-020)
(334.707 24.9045 -5.38008e-020)
(336.629 24.9662 0)
(338.526 25.0099 -5.40376e-020)
(340.399 25.0344 -5.41648e-020)
(342.245 25.0383 -9.89794e-017)
(344.061 25.0203 1.00211e-016)
(345.847 24.9789 -5.45799e-020)
(347.599 24.9126 5.47267e-020)
(349.316 24.8199 -5.48857e-020)
(350.994 24.6991 0)
(352.631 24.5484 5.52153e-020)
(354.223 24.3661 9.98251e-017)
(355.767 24.15 -1.01079e-016)
(357.258 23.8982 -1.00236e-016)
(358.692 23.6081 1.01298e-016)
(360.062 23.2772 -5.61317e-020)
(361.363 22.9024 5.63385e-020)
(362.586 22.4804 0)
(363.724 22.0072 -5.67579e-020)
(364.765 21.4783 5.69717e-020)
(365.7 20.8888 -5.72006e-020)
(366.515 20.2329 0)
(367.196 19.5044 5.76694e-020)
(367.726 18.6963 -1.03436e-016)
(368.096 17.8033 1.04178e-016)
(368.278 16.8142 5.8425e-020)
(368.264 15.7246 -5.86927e-020)
(368.049 14.5338 -5.89719e-020)
(367.607 13.229 5.92583e-020)
(366.888 11.7866 -1.07268e-016)
(365.799 10.16 2.15747e-016)
(364.156 8.25634 -1.0832e-016)
(361.666 5.92586 0)
(357.919 2.95736 -6.10277e-020)
(352.372 -0.930908 6.15476e-020)
(344.321 -6.10872 -6.21979e-020)
(333.089 -12.9576 0)
(318.713 -21.4807 -1.28509e-016)
(302.985 -30.7046 1.22499e-016)
(289.109 -38.8486 1.36011e-016)
(279.32 -44.656 -1.31429e-016)
(273.698 -48.0924 1.39304e-016)
(271.05 -49.8213 2.41297e-018)
(270.064 -50.5787 -1.3982e-016)
(269.859 -50.8644 0)
(269.97 -50.9484 -6.93014e-020)
(270.206 -50.9457 6.96675e-020)
(270.504 -50.8952 -1.45079e-016)
(270.846 -50.8085 2.91247e-016)
(271.213 -50.6994 -1.46185e-016)
(271.542 -50.6065 -7.11642e-020)
(271.563 -50.6996 -1.49169e-016)
(270.687 -51.3483 1.49103e-016)
(267.895 -53.2021 -7.28072e-020)
(261.198 -57.5416 -7.39212e-020)
(246.788 -66.8485 7.57761e-020)
(221.638 -83.1337 0)
(197.136 -98.9505 -1.83647e-016)
(188.972 -103.986 -3.98188e-018)
(193.235 -100.799 1.82733e-016)
(200.642 -95.4431 1.78565e-016)
(209.88 -88.8013 -1.82308e-016)
(217.89 -82.9524 -1.76712e-016)
(223.398 -78.7791 1.79684e-016)
(226.554 -76.2057 0)
(228.016 -74.7852 1.78715e-016)
(228.909 -73.7364 -1.79642e-016)
(229.598 -72.8045 1.8088e-016)
(230.113 -71.9713 -1.81262e-016)
(230.709 -71.0494 1.82485e-016)
(231.614 -69.8709 1.25368e-019)
(232.776 -68.4721 -1.84264e-016)
(234.179 -66.8612 0)
(235.873 -64.9983 8.58688e-020)
(237.677 -63.02 -8.61716e-020)
(239.361 -61.1031 1.86164e-016)
(240.855 -59.3014 -6.63064e-019)
(242.198 -57.5896 -1.88316e-016)
(243.442 -55.9261 -8.75604e-020)
(244.651 -54.2616 1.89128e-016)
(245.866 -52.5643 -1.90389e-016)
(247.094 -50.8271 -1.90512e-016)
(248.326 -49.0581 1.91963e-016)
(249.55 -47.2661 -8.94622e-020)
(250.768 -45.4492 0)
(251.997 -43.5904 1.933e-016)
(253.271 -41.6611 -3.88869e-016)
(254.623 -39.6297 1.95603e-016)
(256.076 -37.4731 -1.95019e-016)
(257.636 -35.182 1.97093e-016)
(259.287 -32.7685 -1.96086e-016)
(260.994 -30.2613 1.98544e-016)
(262.687 -27.721 0)
(264.286 -25.2214 1.97668e-016)
(265.693 -22.855 -2.00069e-016)
(266.832 -20.6986 -9.40313e-020)
(267.671 -18.791 0)
(268.234 -17.1192 -2.01428e-016)
(268.614 -15.6089 4.06183e-016)
(268.893 -14.1828 -2.0471e-016)
(269.147 -12.7877 9.67739e-020)
(268.819 -12.0126 -9.74116e-020)
(-8.91569e-010 -6.90243e-011 0)
(-2.63464e-009 -1.50572e-010 0)
(-5.28559e-009 -3.1385e-010 0)
(-1.05643e-008 -6.49205e-010 0)
(-2.08574e-008 -1.32551e-009 0)
(-4.07893e-008 -2.6786e-009 0)
(-7.90354e-008 -5.35824e-009 0)
(-1.51684e-007 -1.06197e-008 0)
(-2.88332e-007 -2.08542e-008 0)
(-5.42686e-007 -4.05778e-008 0)
(-1.01121e-006 -7.82271e-008 0)
(-1.86493e-006 -1.494e-007 0)
(-3.40338e-006 -2.82626e-007 0)
(-6.14434e-006 -5.29505e-007 0)
(-1.09708e-005 -9.82322e-007 0)
(-1.93677e-005 -1.80421e-006 0)
(-3.37949e-005 -3.28013e-006 0)
(-5.82656e-005 -5.90175e-006 0)
(-9.92198e-005 -1.05068e-005 0)
(-0.000166814 -1.85039e-005 0)
(-0.000276767 -3.22306e-005 2.736e-020)
(-0.000452926 -5.55116e-005 0)
(-0.000730672 -9.45156e-005 0)
(-0.00116123 -0.000159043 0)
(-0.00181674 -0.000264426 0)
(-0.00279557 -0.000434256 0)
(-0.00422675 -0.000704226 0)
(-0.00627141 -0.00112737 0)
(-0.00911782 -0.00178104 0)
(-0.0129645 -0.00277573 0)
(-0.0179843 -0.00426611 0)
(-0.0242585 -0.00646367 0)
(-0.0316704 -0.00965074 0)
(-0.0397438 -0.0141945 0)
(-0.0474152 -0.0205589 0)
(-0.0527275 -0.0293128 0)
(-0.0524463 -0.0411297 0)
(-0.0416783 -0.0567776 0)
(-0.0139386 -0.0770961 0)
(0.0383816 -0.102974 0)
(0.125436 -0.135313 0)
(0.260625 -0.174954 -2.63913e-020)
(0.458758 -0.222611 -2.63059e-020)
(0.734852 -0.278826 0)
(1.10335 -0.343926 0)
(1.57588 -0.418007 -2.60215e-020)
(2.16018 -0.500964 2.59199e-020)
(2.86014 -0.592518 -2.5816e-020)
(3.67536 -0.692265 -2.57106e-020)
(4.60201 -0.799726 2.56039e-020)
(5.63363 -0.914389 -2.54965e-020)
(6.76195 -1.03574 -2.53886e-020)
(7.97734 -1.16329 2.52802e-020)
(9.26997 -1.2966 -2.51716e-020)
(10.6305 -1.43529 -2.50629e-020)
(12.05 -1.57903 2.4954e-020)
(13.5207 -1.72754 -2.4845e-020)
(15.0356 -1.88059 -2.47359e-020)
(16.5886 -2.03799 2.46267e-020)
(18.1744 -2.1996 -2.45175e-020)
(19.7886 -2.36529 -2.44083e-020)
(21.4276 -2.53498 2.4299e-020)
(23.0882 -2.70859 -2.41898e-020)
(24.7679 -2.88607 -2.40805e-020)
(26.4645 -3.06736 2.39713e-020)
(28.1762 -3.25245 -2.38621e-020)
(29.9014 -3.4413 -2.37529e-020)
(31.6388 -3.63391 2.36439e-020)
(33.3874 -3.83024 -2.35349e-020)
(35.1463 -4.03029 -2.3426e-020)
(36.9146 -4.23406 2.33171e-020)
(38.6916 -4.44154 -2.32084e-020)
(40.4766 -4.65272 -2.30999e-020)
(42.2692 -4.86761 2.29914e-020)
(44.0689 -5.08619 -2.28831e-020)
(45.8752 -5.30847 -2.2775e-020)
(47.6877 -5.53444 2.2667e-020)
(49.5061 -5.7641 -2.25591e-020)
(51.3301 -5.99746 -2.24514e-020)
(53.1592 -6.23451 2.23439e-020)
(54.9934 -6.47525 -2.22366e-020)
(56.8322 -6.71968 -2.21294e-020)
(58.6753 -6.96779 2.20224e-020)
(60.5227 -7.2196 0)
(62.374 -7.4751 0)
(64.2289 -7.73428 -2.17025e-020)
(66.0874 -7.99716 0)
(67.9491 -8.26373 0)
(69.8138 -8.53399 0)
(71.6815 -8.80795 0)
(73.5518 -9.08562 -2.11727e-020)
(75.4247 -9.36698 -2.10672e-020)
(77.2999 -9.65205 0)
(79.1774 -9.94083 0)
(81.0569 -10.2333 0)
(82.9384 -10.5295 0)
(84.8216 -10.8295 -2.05422e-020)
(86.7064 -11.1332 -2.04376e-020)
(88.5928 -11.4406 0)
(90.4806 -11.7517 0)
(92.3696 -12.0666 0)
(94.2598 -12.3853 0)
(96.1512 -12.7077 -1.99168e-020)
(98.0435 -13.0339 -1.98129e-020)
(99.9367 -13.3638 0)
(101.831 -13.6976 0)
(103.725 -14.0351 0)
(105.621 -14.3764 0)
(107.517 -14.7215 -1.92952e-020)
(109.413 -15.0705 -1.91919e-020)
(111.31 -15.4232 0)
(113.207 -15.7798 0)
(115.105 -16.1402 0)
(117.003 -16.5045 0)
(118.901 -16.8726 0)
(120.8 -17.2445 -1.85733e-020)
(122.699 -17.6202 -1.84705e-020)
(124.599 -17.9998 0)
(126.499 -18.3832 -1.82653e-020)
(128.4 -18.7704 0)
(130.301 -19.1614 0)
(132.203 -19.5562 -1.79584e-020)
(134.105 -19.9548 -1.78563e-020)
(136.007 -20.3571 0)
(137.909 -20.7631 0)
(139.812 -21.1728 0)
(141.714 -21.5863 1.74495e-020)
(143.617 -22.0034 -1.73482e-020)
(145.521 -22.4241 -1.72468e-020)
(147.424 -22.8485 0)
(149.327 -23.2765 0)
(151.231 -23.7081 0)
(153.134 -24.1432 0)
(155.037 -24.5819 -1.67436e-020)
(156.94 -25.024 0)
(158.843 -25.4698 0)
(160.746 -25.9188 0)
(162.649 -26.3714 0)
(164.55 -26.8272 0)
(166.453 -27.2867 -1.61485e-020)
(168.354 -27.7491 0)
(170.255 -28.2153 0)
(172.155 -28.6844 -1.58419e-020)
(174.055 -29.1569 0)
(175.955 -29.6326 0)
(177.852 -30.1114 -1.55454e-020)
(179.75 -30.5935 0)
(181.647 -31.0786 0)
(183.542 -31.5668 0)
(185.437 -32.0582 0)
(187.33 -32.5525 0)
(189.221 -33.0497 0)
(191.111 -33.5501 0)
(193 -34.0533 1.47643e-020)
(194.886 -34.5593 0)
(196.771 -35.0684 0)
(198.653 -35.5802 0)
(200.532 -36.0948 0)
(202.41 -36.6123 0)
(204.284 -37.1325 0)
(206.155 -37.6554 -1.40869e-020)
(208.023 -38.1811 1.39913e-020)
(209.888 -38.7095 0)
(211.748 -39.2406 0)
(213.604 -39.7743 0)
(215.455 -40.3107 0)
(217.301 -40.8498 -1.35149e-020)
(219.142 -41.3914 0)
(220.977 -41.9357 1.33242e-020)
(222.805 -42.4827 -1.32303e-020)
(224.626 -43.0323 1.31363e-020)
(226.44 -43.5846 0)
(228.245 -44.1395 -1.29471e-020)
(230.041 -44.6971 1.2854e-020)
(231.827 -45.2575 1.27605e-020)
(233.603 -45.8206 0)
(235.367 -46.3865 1.25731e-020)
(237.119 -46.9553 1.24804e-020)
(238.858 -47.527 -1.2388e-020)
(240.581 -48.1016 0)
(242.289 -48.6793 1.22022e-020)
(243.979 -49.2601 -1.21098e-020)
(245.651 -49.8443 1.20181e-020)
(247.303 -50.4318 0)
(248.933 -51.0228 -1.18342e-020)
(250.539 -51.6174 1.17425e-020)
(252.121 -52.2158 1.16512e-020)
(253.675 -52.8183 0)
(255.2 -53.4249 1.14693e-020)
(256.693 -54.0359 1.13783e-020)
(258.154 -54.6515 -1.12876e-020)
(259.579 -55.272 0)
(260.966 -55.8976 1.11075e-020)
(262.314 -56.5286 -1.10175e-020)
(263.619 -57.1653 1.09277e-020)
(264.881 -57.808 0)
(266.097 -58.457 -1.07493e-020)
(267.265 -59.1128 1.06607e-020)
(268.385 -59.7755 1.05726e-020)
(269.454 -60.4456 0)
(270.473 -61.1233 1.03971e-020)
(271.44 -61.8091 1.03102e-020)
(272.355 -62.5033 -1.02244e-020)
(273.22 -63.206 0)
(274.035 -63.9178 1.00545e-020)
(274.801 -64.6386 -9.97052e-021)
(275.52 -65.3689 9.88823e-021)
(276.195 -66.1087 0)
(276.827 -66.8582 -9.72724e-021)
(277.42 -67.6174 9.64865e-021)
(277.977 -68.3863 9.57198e-021)
(278.5 -69.1648 0)
(278.993 -69.9529 9.42433e-021)
(279.459 -70.7502 9.35405e-021)
(279.899 -71.5565 -9.28623e-021)
(280.318 -72.3713 0)
(280.716 -73.1942 9.15929e-021)
(281.096 -74.0246 -9.101e-021)
(281.46 -74.8619 9.04663e-021)
(281.808 -75.7051 0)
(282.141 -76.5534 -8.95149e-021)
(282.46 -77.4058 8.91145e-021)
(282.765 -78.2609 0)
(283.058 -79.1176 -8.84942e-021)
(283.339 -79.9743 8.82935e-021)
(283.609 -80.8294 8.81618e-021)
(283.876 -81.6798 -8.81091e-021)
(284.149 -82.5232 0)
(284.444 -83.3569 8.83112e-021)
(284.782 -84.1769 -8.86538e-021)
(285.187 -84.9794 0)
(285.678 -85.7577 9.03609e-021)
(286.266 -86.4998 -9.20954e-021)
(286.963 -87.186 9.47756e-021)
(287.771 -87.7817 0)
(288.687 -88.2428 -1.04526e-020)
(289.679 -88.5409 1.11744e-020)
(290.696 -88.676 1.19198e-020)
(291.697 -88.6819 0)
(292.649 -88.6031 1.29554e-020)
(293.521 -88.476 1.322e-020)
(294.296 -88.3232 -1.33826e-020)
(294.971 -88.1564 0)
(295.547 -87.9817 1.35702e-020)
(296.033 -87.8019 -1.36379e-020)
(296.435 -87.6188 1.36966e-020)
(296.761 -87.4339 0)
(297.021 -87.2486 -1.37982e-020)
(297.224 -87.0637 1.38456e-020)
(297.377 -86.8788 1.38997e-020)
(297.493 -86.6887 0)
(297.583 -86.4799 1.42038e-020)
(297.666 -86.224 1.46186e-020)
(297.774 -85.8621 -1.54708e-020)
(297.944 -85.2759 0)
(298.192 -84.3314 1.95447e-020)
(298.478 -83.1823 -2.05577e-020)
(298.755 -82.0607 2.04246e-020)
(299.006 -80.9874 0)
(299.223 -80.0022 -1.95807e-020)
(299.407 -79.1122 1.90646e-020)
(299.568 -78.2856 1.87226e-020)
(299.717 -77.4981 0)
(299.862 -76.7248 1.85534e-020)
(300.007 -75.9556 1.85766e-020)
(300.155 -75.1887 -1.8615e-020)
(300.307 -74.4217 0)
(300.462 -73.6542 1.87264e-020)
(300.621 -72.8894 -1.87496e-020)
(300.781 -72.1315 1.87546e-020)
(300.944 -71.3831 0)
(301.107 -70.6485 -1.86875e-020)
(301.272 -69.9308 1.8625e-020)
(301.437 -69.2303 1.85623e-020)
(301.605 -68.5449 0)
(301.776 -67.8724 1.8461e-020)
(301.949 -67.2121 1.84164e-020)
(302.124 -66.5632 -1.83752e-020)
(302.299 -65.926 0)
(302.476 -65.3009 1.82742e-020)
(302.654 -64.6884 -1.82159e-020)
(302.836 -64.0887 1.81527e-020)
(303.026 -63.5017 0)
(303.231 -62.9276 -1.80146e-020)
(303.457 -62.3667 1.79382e-020)
(303.711 -61.8198 1.78474e-020)
(304.004 -61.2877 0)
(304.342 -60.7714 1.76316e-020)
(304.733 -60.2718 1.75051e-020)
(305.183 -59.7894 -1.7367e-020)
(305.696 -59.3234 0)
(306.274 -58.8727 1.70903e-020)
(306.92 -58.4344 -1.69673e-020)
(307.633 -58.0046 1.68602e-020)
(308.41 -57.5785 0)
(309.248 -57.1518 -1.67188e-020)
(310.139 -56.7203 1.66799e-020)
(311.102 -56.2824 0)
(311.905 -55.8348 -1.66264e-020)
(313.739 -55.3867 1.65421e-020)
(314.02 -55.4556 0)
(314.629 -55.5245 0)
(315.454 -55.593 0)
(316.165 -55.6611 0)
(316.797 -55.7288 0)
(317.362 -55.7961 0)
(317.878 -55.863 0)
(318.354 -55.9296 0)
(318.799 -55.9957 0)
(319.216 -56.0615 0)
(319.61 -56.127 0)
(319.981 -56.192 0)
(320.33 -56.2568 0)
(320.66 -56.3212 0)
(320.97 -56.3852 0)
(321.262 -56.4489 0)
(321.535 -56.5123 0)
(321.791 -56.5753 0)
(322.03 -56.638 0)
(322.253 -56.7004 0)
(322.46 -56.7625 0)
(322.652 -56.8243 0)
(322.83 -56.8858 0)
(322.994 -56.9469 0)
(323.144 -57.0078 0)
(323.282 -57.0684 0)
(323.408 -57.1287 0)
(323.523 -57.1887 0)
(323.627 -57.2484 0)
(323.72 -57.3078 0)
(323.804 -57.367 0)
(323.878 -57.4259 0)
(323.944 -57.4845 0)
(324.001 -57.5429 0)
(324.05 -57.6009 0)
(324.091 -57.6588 0)
(324.124 -57.7163 0)
(324.15 -57.7736 0)
(324.169 -57.8307 0)
(324.18 -57.8874 0)
(324.185 -57.944 0)
(324.182 -58.0003 0)
(324.172 -58.0563 0)
(324.154 -58.1121 0)
(324.131 -58.1677 0)
(324.102 -58.223 0)
(324.07 -58.2781 0)
(324.028 -58.3329 0)
(323.979 -58.3875 0)
(323.922 -58.4419 0)
(323.848 -58.4961 0)
(323.769 -58.55 0)
(323.683 -58.6038 0)
(323.586 -58.6573 0)
(323.478 -58.7106 0)
(323.361 -58.7637 0)
(323.233 -58.8166 0)
(323.094 -58.8693 0)
(322.945 -58.9218 0)
(322.785 -58.9741 0)
(322.613 -59.0262 0)
(322.43 -59.0782 0)
(322.236 -59.13 0)
(322.029 -59.1815 0)
(321.815 -59.233 0)
(321.591 -59.2842 0)
(321.345 -59.3353 0)
(321.092 -59.3863 0)
(320.822 -59.4371 0)
(320.539 -59.4877 0)
(320.25 -59.5382 0)
(319.945 -59.5886 0)
(319.635 -59.6389 0)
(319.311 -59.689 0)
(318.979 -59.739 0)
(318.639 -59.7889 0)
(318.29 -59.8387 0)
(317.933 -59.8883 0)
(317.567 -59.9379 0)
(317.193 -59.9874 0)
(316.81 -60.0368 0)
(316.418 -60.0861 0)
(316.018 -60.1354 0)
(315.608 -60.1846 0)
(315.189 -60.2337 0)
(314.759 -60.2827 0)
(314.317 -60.3317 0)
(313.862 -60.3807 0)
(313.392 -60.4296 0)
(312.906 -60.4785 0)
(312.402 -60.5274 0)
(311.877 -60.5763 0)
(311.328 -60.6252 0)
(310.753 -60.6741 0)
(310.149 -60.723 0)
(309.514 -60.7719 0)
(308.846 -60.821 0)
(308.142 -60.87 0)
(307.394 -60.9191 0)
(306.678 -60.9684 0)
(294.673 -43.9841 2.05644e-019)
(295.352 -43.1524 -3.74973e-016)
(296.255 -42.0766 7.4341e-016)
(296.553 -41.5765 -5.65757e-019)
(296.274 -41.6118 -3.64399e-016)
(295.835 -41.7905 1.71334e-019)
(295.394 -41.9708 -3.57832e-016)
(295.003 -42.1118 3.55376e-016)
(294.704 -42.1839 1.67303e-019)
(294.516 -42.1787 -3.49793e-016)
(294.351 -42.1765 6.94937e-016)
(294.114 -42.2529 -6.89822e-016)
(293.842 -42.3759 3.4299e-016)
(293.584 -42.5019 1.61803e-019)
(293.357 -42.6153 3.39813e-016)
(293.163 -42.7115 -3.12112e-020)
(293.008 -42.7837 -3.39608e-016)
(292.901 -42.8238 3.40032e-016)
(292.854 -42.825 -3.40404e-016)
(292.885 -42.7781 0)
(293.015 -42.6706 1.61587e-019)
(293.264 -42.4949 -3.39924e-016)
(293.645 -42.2471 3.3875e-016)
(294.135 -41.9486 1.59563e-019)
(294.676 -41.6395 -3.34322e-016)
(295.228 -41.3469 3.32192e-016)
(295.768 -41.0842 -3.29291e-016)
(296.291 -40.8534 3.27127e-016)
(296.799 -40.6494 1.53707e-019)
(297.297 -40.4663 0)
(297.785 -40.3001 0)
(298.26 -40.1488 -3.16614e-016)
(298.719 -40.0105 3.14233e-016)
(299.159 -39.8821 3.11399e-016)
(299.573 -39.7638 -3.08662e-016)
(299.966 -39.6487 3.05742e-016)
(300.393 -39.5055 -3.0266e-016)
(300.85 -39.3338 0)
(301.273 -39.1625 2.95724e-016)
(301.649 -38.9947 -2.92485e-016)
(301.987 -38.8224 -2.89212e-016)
(302.288 -38.642 2.86559e-016)
(302.55 -38.4506 -2.83354e-016)
(302.773 -38.2458 2.81066e-016)
(302.958 -38.0249 0)
(303.103 -37.7864 0)
(303.212 -37.5264 1.29363e-019)
(303.279 -37.2454 2.71497e-016)
(303.302 -36.9423 -2.69669e-016)
(303.29 -36.6104 -2.67606e-016)
(303.24 -36.2487 5.31858e-016)
(303.151 -35.8555 -2.64325e-016)
(303.022 -35.427 2.62297e-016)
(302.855 -34.9591 -2.6096e-016)
(302.651 -34.4476 2.59124e-016)
(302.41 -33.8879 -2.57751e-016)
(302.131 -33.2751 1.20983e-019)
(301.814 -32.6038 0)
(301.459 -31.8685 0)
(301.066 -31.0638 -2.51544e-016)
(300.633 -30.1842 2.50558e-016)
(300.162 -29.2251 -2.48809e-016)
(299.651 -28.1823 2.47998e-016)
(299.101 -27.0528 0)
(298.512 -25.8352 0)
(297.887 -24.5297 0)
(297.227 -23.1385 -2.42367e-016)
(296.535 -21.6661 2.41316e-016)
(295.809 -20.1216 2.39354e-016)
(295.04 -18.518 -2.0075e-019)
(294.226 -16.8694 -2.36486e-016)
(293.442 -15.1732 1.10909e-019)
(292.698 -13.4485 0)
(291.923 -11.7361 -2.29908e-016)
(291.128 -10.0542 2.27906e-016)
(290.341 -8.41763 1.12686e-016)
(289.568 -6.84678 -1.11714e-016)
(288.812 -5.36184 -1.10509e-016)
(288.078 -3.98131 1.0961e-016)
(287.368 -2.72168 0)
(286.687 -1.59685 -1.0755e-016)
(286.037 -0.617586 1.0678e-016)
(285.42 0.208773 -1.05791e-016)
(284.836 0.878559 1.05096e-016)
(284.287 1.39181 0)
(283.772 1.75205 0)
(283.291 1.96614 0)
(282.844 2.04398 0)
(282.427 1.99769 0)
(282.038 1.84075 -1.00589e-016)
(281.676 1.58809 1.00059e-016)
(281.339 1.25526 0)
(281.024 0.857628 0)
(280.729 0.410121 0)
(280.452 -0.073277 0)
(280.192 -0.579648 0)
(279.947 -1.09746 0)
(279.718 -1.61683 9.56456e-017)
(279.501 -2.12956 -1.20544e-019)
(279.295 -2.62898 -9.45703e-017)
(279.099 -3.10992 0)
(278.912 -3.56863 0)
(278.732 -4.00259 0)
(278.56 -4.41042 0)
(278.395 -4.79167 0)
(278.237 -5.14672 -9.09962e-017)
(278.086 -5.4766 1.07192e-019)
(277.943 -5.78287 1.04923e-019)
(277.808 -6.06749 8.94834e-017)
(277.68 -6.33269 0)
(277.561 -6.58091 0)
(277.45 -6.81467 0)
(277.346 -7.03652 0)
(277.25 -7.24897 0)
(277.161 -7.45442 0)
(277.079 -7.65515 0)
(277.002 -7.85326 -8.53342e-017)
(276.929 -8.05065 8.61641e-020)
(276.86 -8.24903 8.53383e-020)
(276.794 -8.44988 8.39854e-017)
(276.73 -8.65447 0)
(276.668 -8.86388 0)
(276.608 -9.07899 0)
(276.549 -9.30052 0)
(276.491 -9.52902 -4.0801e-017)
(276.435 -9.76494 4.06186e-017)
(276.382 -10.0086 4.03569e-017)
(276.333 -10.2602 -8.03165e-017)
(276.287 -10.5201 3.99627e-017)
(276.245 -10.7882 3.97081e-017)
(276.206 -11.0649 -3.95364e-017)
(276.162 -11.3502 0)
(276.104 -11.6447 0)
(276.009 -11.9487 0)
(275.848 -12.2626 3.8702e-017)
(275.615 -12.5854 -3.85205e-017)
(275.318 -12.9159 1.91719e-017)
(274.918 -13.2543 -1.90773e-017)
(274.309 -13.6018 0)
(273.396 -13.9575 0)
(272.162 -14.3179 0)
(270.678 -14.6781 1.88622e-017)
(269.068 -15.0335 -1.87319e-017)
(267.478 -15.3815 0)
(266.06 -15.7211 9.34964e-018)
(264.919 -16.0541 2.42777e-020)
(264.075 -16.3839 -9.25911e-018)
(263.503 -16.7136 0)
(263.125 -17.0461 0)
(262.776 -17.3831 0)
(303.449 -60.8013 -2.08197e-020)
(301.829 -60.661 0)
(300.807 -60.5475 -2.06482e-020)
(300.091 -60.4583 -2.05947e-020)
(299.565 -60.3897 0)
(299.167 -60.3417 -2.05961e-020)
(298.855 -60.3161 0)
(298.599 -60.3152 -2.06273e-020)
(298.376 -60.3416 -2.06426e-020)
(298.174 -60.398 0)
(297.986 -60.4868 -2.06627e-020)
(297.808 -60.6087 0)
(297.638 -60.7638 -2.0689e-020)
(297.476 -60.9514 -2.07108e-020)
(297.319 -61.1701 0)
(297.165 -61.4179 -2.07994e-020)
(297.009 -61.6919 0)
(296.847 -61.9892 -2.1021e-020)
(296.672 -62.3069 -2.12148e-020)
(296.477 -62.6426 0)
(296.259 -62.9946 -2.18394e-020)
(296.009 -63.3625 -2.22932e-020)
(295.721 -63.7468 0)
(295.412 -64.1493 -2.34973e-020)
(295.106 -64.5712 0)
(294.81 -65.0129 -2.49947e-020)
(294.522 -65.4739 -2.58029e-020)
(294.242 -65.9521 0)
(293.968 -66.444 -2.74388e-020)
(293.698 -66.9448 0)
(293.433 -67.4482 0)
(293.17 -67.9467 -2.96929e-020)
(292.91 -68.4317 0)
(292.653 -68.8944 -3.09317e-020)
(292.397 -69.3255 0)
(292.143 -69.716 -3.19277e-020)
(291.891 -70.058 0)
(291.641 -70.3448 0)
(291.392 -70.5706 0)
(291.148 -70.7305 -3.33071e-020)
(290.914 -70.8209 0)
(290.689 -70.8393 -3.37487e-020)
(290.473 -70.7845 0)
(290.265 -70.6565 -3.40641e-020)
(290.065 -70.456 0)
(289.873 -70.1849 0)
(289.687 -69.8456 -3.43705e-020)
(289.509 -69.4412 0)
(289.336 -68.9751 -3.45024e-020)
(289.167 -68.4513 0)
(289.002 -67.8741 0)
(288.84 -67.2477 0)
(288.681 -66.5767 0)
(288.526 -65.8655 0)
(288.374 -65.1186 -3.47556e-020)
(288.226 -64.3404 0)
(288.084 -63.5353 -3.48244e-020)
(287.946 -62.7074 0)
(287.814 -61.8609 0)
(287.688 -60.9997 0)
(287.569 -60.1277 0)
(287.457 -59.2487 -3.49886e-020)
(287.353 -58.3663 0)
(287.258 -57.4841 0)
(287.172 -56.6058 0)
(287.098 -55.7349 0)
(287.034 -54.8751 0)
(286.984 -54.03 -3.51788e-020)
(286.948 -53.2035 0)
(286.929 -52.3992 -3.52411e-020)
(286.929 -51.6207 0)
(286.949 -50.8719 -3.53085e-020)
(286.986 -50.1576 0)
(287.04 -49.4819 0)
(287.112 -48.8486 0)
(287.203 -48.2615 0)
(287.31 -47.7248 0)
(287.431 -47.2421 0)
(287.568 -46.8168 0)
(287.72 -46.4519 0)
(287.884 -46.1497 0)
(288.061 -45.9122 0)
(288.247 -45.7403 0)
(288.441 -45.6345 0)
(288.641 -45.5942 0)
(288.845 -45.618 0)
(289.048 -45.7034 0)
(289.26 -45.847 0)
(289.488 -46.0439 0)
(289.71 -46.2884 0)
(289.92 -46.5741 0)
(290.127 -46.8936 0)
(290.329 -47.2394 0)
(290.528 -47.6032 0)
(290.722 -47.9768 0)
(290.91 -48.3518 0)
(291.089 -48.7201 0)
(291.263 -49.0738 0)
(291.429 -49.4054 0)
(291.589 -49.708 0)
(291.742 -49.9754 0)
(291.888 -50.2022 0)
(292.028 -50.3839 0)
(292.163 -50.5168 0)
(292.291 -50.5984 0)
(292.414 -50.627 0)
(292.531 -50.6021 0)
(292.643 -50.5237 0)
(292.751 -50.3931 0)
(292.854 -50.212 0)
(292.953 -49.9827 0)
(293.049 -49.7084 0)
(293.143 -49.3921 0)
(293.234 -49.0375 0)
(293.323 -48.6484 0)
(293.409 -48.2285 0)
(293.495 -47.7816 0)
(293.58 -47.3113 0)
(293.665 -46.8212 0)
(293.75 -46.3146 0)
(293.834 -45.7944 0)
(293.918 -45.2636 0)
(294.001 -44.7246 0)
(294.083 -44.1798 0)
(294.163 -43.631 0)
(294.242 -43.0801 0)
(294.318 -42.5285 0)
(294.393 -41.9775 0)
(294.465 -41.4281 0)
(294.537 -40.8814 0)
(294.608 -40.3379 0)
(294.68 -39.7981 0)
(294.754 -39.2624 0)
(294.827 -38.7308 0)
(294.898 -38.2032 0)
(294.962 -37.6791 0)
(295.014 -37.158 0)
(295.045 -36.6396 0)
(295.042 -36.1229 0)
(294.992 -35.6059 0)
(294.883 -35.0861 0)
(294.712 -34.5615 0)
(294.487 -34.0308 0)
(294.232 -33.4938 0)
(293.975 -32.951 0)
(293.746 -32.4044 0)
(293.565 -31.8556 0)
(293.438 -31.3066 0)
(293.355 -30.7587 0)
(293.326 -30.2125 0)
)
;

boundaryField
{
    inlet
    {
        type            zeroGradient;
    }
    outlet
    {
        type            zeroGradient;
    }
    bottom
    {
        type            symmetryPlane;
    }
    top
    {
        type            symmetryPlane;
    }
    obstacle
    {
        type            zeroGradient;
    }
    defaultFaces
    {
        type            empty;
    }
}


// ************************************************************************* //
