/*--------------------------------*- C++ -*----------------------------------*\
| =========                 |                                                 |
| \\      /  F ield         | OpenFOAM: The Open Source CFD Toolbox           |
|  \\    /   O peration     | Version:  5.x                                   |
|   \\  /    A nd           | Web:      www.OpenFOAM.org                      |
|    \\/     M anipulation  |                                                 |
\*---------------------------------------------------------------------------*/
/*   Windows 32 and 64 bit porting by blueCAPE: http://www.bluecape.com.pt   *\
|  Based on Windows porting (2.0.x v4) by Symscape: http://www.symscape.com   |
\*---------------------------------------------------------------------------*/
FoamFile
{
    version     2.0;
    format      ascii;
    class       volScalarField;
    location    "0.006";
    object      mag(U);
}
// * * * * * * * * * * * * * * * * * * * * * * * * * * * * * * * * * * * * * //

dimensions      [0 1 -1 0 0 0 0];

internalField   nonuniform List<scalar> 
10000
(
3.87157e-006
2.74722e-005
0.000151141
0.000796608
0.00376296
0.0165847
0.0656942
0.236829
0.746223
2.0627
4.99542
10.674
20.0624
33.3489
49.6842
67.63
86.0673
104.311
122.117
139.371
156.039
171.951
187.197
201.603
215.043
227.575
239.227
249.784
258.976
266.849
273.552
279.093
283.546
286.881
289.034
290.255
291.029
291.742
292.649
293.926
295.578
297.546
299.755
302.215
304.852
307.525
310.274
313.146
316.175
319.346
322.484
325.531
328.151
330.107
331.436
332.052
331.934
331.11
329.499
326.907
3.81886e-006
2.6987e-005
0.000147618
0.000775409
0.00364867
0.0160499
0.0634665
0.228932
0.722171
1.99979
4.85323
10.399
19.6076
32.7008
48.8755
66.719
85.1089
103.346
121.174
138.472
155.197
171.199
186.559
201.072
214.641
227.355
239.203
249.952
259.33
267.409
274.378
280.211
284.933
288.549
290.941
292.327
293.187
293.858
294.566
295.458
296.541
297.754
299.034
300.403
301.859
303.288
304.637
305.924
307.187
308.427
309.433
310.092
310.216
309.63
308.336
306.41
304.032
301.454
298.742
295.633
3.80659e-006
2.68955e-005
0.000147049
0.000772507
0.00363515
0.0159962
0.0632748
0.228346
0.720698
1.99681
4.84815
10.3914
19.5984
32.6899
48.8577
66.682
85.0385
103.226
120.986
138.216
154.826
170.783
185.968
200.361
213.895
226.465
238.096
248.697
258.039
266.089
272.93
278.589
283.17
286.675
289.041
290.455
291.245
291.775
292.296
292.896
293.6
294.355
295.106
295.887
296.725
297.499
298.169
298.84
299.647
300.662
301.738
302.825
303.671
304.048
303.902
303.165
301.83
299.971
297.582
294.478
3.76242e-006
2.65036e-005
0.000144237
0.000755638
0.00354387
0.0155667
0.0614671
0.221883
0.700811
1.94419
4.72775
10.1562
19.2049
32.1225
48.1418
65.8689
84.1766
102.354
120.13
137.402
154.04
170.132
185.353
199.838
213.584
226.317
238.001
248.714
258.304
266.666
273.803
279.648
284.332
288.021
290.585
292.184
293.166
293.767
294.196
294.516
294.758
294.904
294.929
294.881
294.837
294.681
294.329
293.924
293.643
293.626
293.83
294.066
294.223
294.208
293.881
293.234
292.242
290.906
289.214
286.925
3.73954e-006
2.63337e-005
0.000143187
0.000750196
0.00351811
0.0154613
0.0610807
0.220648
0.697516
1.93687
4.71374
10.1325
19.1715
32.0813
48.0918
65.8005
84.0796
102.214
119.929
137.137
153.693
169.689
184.816
199.184
212.817
225.445
237.026
247.613
257.08
265.335
272.357
278.119
282.737
286.309
288.794
290.348
291.219
291.714
292.104
292.434
292.734
292.969
293.092
293.123
293.131
292.987
292.589
292.081
291.647
291.489
291.592
291.76
291.909
291.961
291.775
291.269
290.413
289.196
287.583
285.379
3.70027e-006
2.60014e-005
0.000140858
0.000736395
0.00344369
0.0151111
0.0595988
0.215314
0.680977
1.89271
4.61154
9.93096
18.8306
31.5836
47.4558
65.0723
83.3022
101.423
119.154
136.386
152.994
169.05
184.268
198.76
212.486
225.211
236.947
247.749
257.402
265.8
272.984
278.915
283.723
287.562
290.263
291.955
292.938
293.495
293.883
294.123
294.297
294.402
294.4
294.302
294.181
293.91
293.352
292.62
291.875
291.319
290.974
290.668
290.338
289.961
289.429
288.682
287.707
286.504
285.009
283.036
3.67175e-006
2.57903e-005
0.00013955
0.000729547
0.00341087
0.0149746
0.0590901
0.213655
0.676444
1.88231
4.59097
9.89514
18.7785
31.5185
47.381
64.9805
83.1858
101.269
118.943
136.122
152.655
168.628
183.756
198.134
211.764
224.406
236.044
246.72
256.26
264.571
271.668
277.54
282.282
285.989
288.603
290.265
291.165
291.659
292.09
292.473
292.883
293.307
293.684
293.994
294.29
294.437
294.287
293.925
293.478
293.146
292.954
292.761
292.513
292.137
291.516
290.588
289.357
287.868
286.059
283.803
3.6353e-006
2.5496e-005
0.000137546
0.000717892
0.00334863
0.0146831
0.0578569
0.209197
0.662559
1.845
4.50384
9.7218
18.4824
31.0813
46.815
64.3262
82.4821
100.55
118.237
135.433
152.009
168.04
183.248
197.737
211.454
224.186
235.956
246.815
256.526
264.975
272.223
278.233
283.136
287.081
289.886
291.67
292.693
293.286
293.753
294.089
294.426
294.771
295.073
295.307
295.528
295.617
295.422
295.004
294.483
294.022
293.656
293.299
292.844
292.271
291.523
290.486
289.186
287.682
285.917
283.75
3.60423e-006
2.52672e-005
0.000136127
0.00071041
0.00331241
0.0145305
0.0572805
0.207288
0.657257
1.83256
4.47872
9.67728
18.4164
30.9979
46.7209
64.2171
82.3526
100.387
118.022
135.173
151.683
167.637
182.763
197.145
210.777
223.439
235.122
245.869
255.473
263.844
271.024
276.996
281.848
285.671
288.396
290.156
291.086
291.596
292.067
292.48
292.958
293.5
294.038
294.528
295.01
295.358
295.42
295.251
294.959
294.698
294.537
294.414
294.161
293.71
293.029
292.008
290.661
289.05
287.151
284.86
3.56962e-006
2.49986e-005
0.000134348
0.00070028
0.00325901
0.0142826
0.0562364
0.203507
0.645464
1.80076
4.40397
9.52751
18.1585
30.6132
46.2166
63.6277
81.713
99.7301
117.377
134.538
151.087
167.094
182.287
196.774
210.487
223.226
235.021
245.923
255.693
264.199
271.508
277.592
282.578
286.615
289.512
291.377
292.428
293.015
293.484
293.812
294.157
294.551
294.936
295.272
295.599
295.81
295.753
295.471
295.059
294.668
294.372
294.114
293.755
293.275
292.625
291.678
290.457
288.98
287.23
285.107
3.53783e-006
2.47661e-005
0.000132907
0.000692651
0.0032218
0.0141242
0.0556313
0.201478
0.639749
1.78711
4.37593
9.47712
18.0825
30.516
46.1076
63.5058
81.5754
99.563
117.162
134.286
150.771
166.713
181.832
196.215
209.856
222.54
234.254
245.05
254.718
263.16
270.429
276.493
281.443
285.371
288.205
290.068
291.056
291.589
292.073
292.474
292.938
293.485
294.043
294.558
295.058
295.424
295.505
295.337
295.01
294.696
294.497
294.348
294.088
293.683
293.086
292.197
291.035
289.595
287.853
285.752
3.5047e-006
2.45167e-005
0.000131295
0.000683645
0.00317497
0.0139091
0.054732
0.198222
0.629607
1.75974
4.31134
9.34696
17.8569
30.1766
45.6576
62.9742
80.9921
98.9613
116.57
133.699
150.222
166.207
181.384
195.867
209.58
222.327
234.137
245.072
254.898
263.467
270.835
276.989
282.051
286.174
289.169
291.132
292.24
292.85
293.343
293.683
294.04
294.473
294.923
295.333
295.728
296.005
296.008
295.752
295.307
294.816
294.393
294.018
293.587
293.105
292.51
291.697
290.658
289.363
287.783
285.857
3.47323e-006
2.42884e-005
0.000129883
0.000676159
0.00313827
0.0137516
0.0541245
0.196164
0.623739
1.74552
4.28166
9.293
17.7744
30.0698
45.5377
62.843
80.8502
98.7938
116.359
133.456
149.918
165.848
180.959
195.341
208.994
221.7
233.437
244.272
254.003
262.518
269.868
276.014
281.053
285.077
288.016
289.989
291.068
291.653
292.178
292.621
293.131
293.755
294.42
295.059
295.679
296.172
296.376
296.283
295.969
295.57
295.199
294.855
294.406
293.851
293.172
292.275
291.16
289.818
288.219
286.308
3.44152e-006
2.4055e-005
0.000128403
0.000668023
0.0030965
0.0135617
0.0533376
0.193318
0.614908
1.7217
4.2254
9.17916
17.5761
29.7694
45.1353
62.3626
80.3166
98.2404
115.814
132.911
149.412
165.375
180.534
195.016
208.727
221.482
233.306
244.267
254.146
262.777
270.2
276.418
281.55
285.752
288.846
290.915
292.106
292.773
293.335
293.749
294.194
294.762
295.391
296.016
296.623
297.145
297.419
297.382
297.093
296.646
296.142
295.617
295.037
294.418
293.677
292.717
291.558
290.201
288.615
286.737
3.41095e-006
2.38351e-005
0.000127048
0.000660842
0.00306116
0.0134092
0.0527446
0.191292
0.609071
1.70737
4.19508
9.12343
17.4898
29.6563
45.008
62.2254
80.1732
98.0751
115.608
132.68
149.121
165.038
180.141
194.525
208.186
220.909
232.669
243.543
253.333
261.913
269.331
275.552
280.677
284.796
287.841
289.93
291.117
291.784
292.383
292.922
293.55
294.333
295.2
296.077
296.932
297.698
298.212
298.396
298.31
298.038
297.68
297.264
296.707
296.015
295.152
294.048
292.738
291.232
289.524
287.56
3.3807e-006
2.36161e-005
0.000125679
0.000653415
0.00302343
0.0132394
0.0520465
0.188773
0.601291
1.68644
4.14565
9.02317
17.3145
29.3894
44.6473
61.7903
79.6838
97.5645
115.104
132.172
148.655
164.593
179.737
194.219
207.926
220.684
232.523
243.513
253.441
262.123
269.592
275.872
281.076
285.357
288.55
290.726
292.008
292.752
293.402
293.923
294.503
295.256
296.123
297.025
297.915
298.75
299.375
299.675
299.67
299.425
299.026
298.509
297.914
297.213
296.297
295.139
293.767
292.19
290.417
288.41
3.35139e-006
2.34068e-005
0.000124395
0.000646617
0.00298991
0.0130941
0.0514783
0.186816
0.595605
1.67232
4.11543
8.96707
17.2267
29.2729
44.5154
61.6496
79.541
97.4033
114.908
131.953
148.377
164.28
179.374
193.763
207.429
220.163
231.948
242.861
252.708
261.343
268.816
275.104
280.315
284.524
287.673
289.871
291.162
291.911
292.588
293.233
293.997
294.957
296.042
297.169
298.278
299.321
300.144
300.636
300.825
300.77
300.557
300.198
299.655
298.906
297.909
296.649
295.161
293.46
291.567
289.472
3.32265e-006
2.32013e-005
0.000123124
0.000639793
0.00295553
0.0129406
0.0508522
0.184564
0.588679
1.65375
4.07165
8.87813
17.0708
29.0347
44.1913
61.2548
79.0912
96.9311
114.438
131.479
147.945
163.859
178.988
193.474
207.173
219.932
231.788
242.806
252.779
261.506
269.015
275.351
280.627
284.981
288.266
290.542
291.904
292.718
293.444
294.059
294.757
295.667
296.73
297.859
298.984
300.068
300.965
301.545
301.814
301.804
301.585
301.208
300.704
300.006
299.021
297.764
296.265
294.533
292.597
290.475
3.29476e-006
2.30036e-005
0.000121917
0.000633413
0.00292404
0.0128038
0.0503143
0.182698
0.583224
1.64007
4.04206
8.82273
16.9831
28.9173
44.0573
61.1129
78.9505
96.7751
114.253
131.272
147.681
163.57
178.655
193.051
206.719
219.461
231.269
242.22
252.119
260.807
268.328
274.676
279.963
284.255
287.5
289.796
291.175
291.989
292.717
293.429
294.274
295.334
296.538
297.801
299.05
300.252
301.263
301.967
302.372
302.513
302.462
302.244
301.815
301.125
300.136
298.86
297.338
295.583
293.621
291.48
3.26757e-006
2.28109e-005
0.000120735
0.000627119
0.00289254
0.012664
0.0497477
0.180665
0.577002
1.62345
4.00296
8.74327
16.8437
28.7036
43.7649
60.7536
78.5364
96.3376
113.815
130.829
147.279
163.169
178.284
192.775
206.466
219.224
231.096
242.143
252.158
260.926
268.469
274.856
280.202
284.622
287.989
290.352
291.777
292.637
293.389
294.03
294.757
295.7
296.804
297.987
299.174
300.345
301.368
302.118
302.59
302.795
302.769
302.588
302.267
301.688
300.776
299.572
298.105
296.388
294.463
292.352
3.2412e-006
2.26252e-005
0.000119605
0.000621161
0.00286313
0.012536
0.0492427
0.178904
0.571823
1.61036
3.97438
8.68933
16.7576
28.5871
43.6311
60.6124
78.3989
96.1877
113.641
130.635
147.032
162.905
177.981
192.387
206.054
218.801
230.632
241.62
251.567
260.303
267.865
274.267
279.626
283.994
287.326
289.704
291.143
291.983
292.694
293.374
294.168
295.158
296.283
297.47
298.654
299.829
300.876
301.683
302.256
302.607
302.767
302.786
302.613
302.13
301.307
300.177
298.774
297.111
295.232
293.157
3.21558e-006
2.24449e-005
0.000118507
0.000615344
0.00283415
0.012408
0.0487267
0.177056
0.56619
1.59535
3.93919
8.61784
16.6321
28.3945
43.3663
60.2845
78.0169
95.7815
113.23
130.219
146.656
162.522
177.624
192.121
205.802
218.558
230.446
241.522
251.577
260.383
267.956
274.39
279.803
284.285
287.728
290.163
291.628
292.489
293.181
293.729
294.33
295.113
296.039
297.042
298.064
299.109
300.085
300.869
301.456
301.856
302.091
302.227
302.26
302.016
301.387
300.428
299.167
297.62
295.834
293.831
3.19076e-006
2.22709e-005
0.000117452
0.000609797
0.00280677
0.0122888
0.048255
0.175404
0.561309
1.58294
3.91188
8.56593
16.5485
28.2805
43.2344
60.1457
77.8837
95.6384
113.068
130.039
146.426
162.28
177.35
191.771
205.431
218.178
230.037
241.067
251.061
259.838
267.435
273.887
279.317
283.758
287.176
289.634
291.118
291.949
292.571
293.109
293.716
294.471
295.337
296.26
297.19
298.14
299.035
299.754
300.306
300.725
301.056
301.355
301.557
301.492
301.069
300.318
299.253
297.883
296.248
294.364
3.1667e-006
2.21025e-005
0.000116431
0.000604414
0.00278005
0.0121712
0.0477827
0.173715
0.556176
1.5693
3.87999
8.50117
16.4348
28.1059
42.9936
59.8455
77.5304
95.2605
112.683
129.646
146.08
161.894
177.037
191.503
205.148
217.955
229.888
240.954
251.007
259.864
267.511
274.016
279.492
284.018
287.525
290.039
291.566
292.452
293.087
293.518
293.947
294.499
295.161
295.882
296.615
297.374
298.112
298.706
299.142
299.47
299.758
300.074
300.413
300.576
300.387
299.869
299.026
297.868
296.429
294.708
3.14341e-006
2.19399e-005
0.000115449
0.000599261
0.00275463
0.0120604
0.0473438
0.172173
0.551602
1.5576
3.85409
8.45165
16.3546
27.9955
42.8651
59.7104
77.4023
95.1247
112.533
129.477
145.877
161.65
176.831
191.172
204.759
217.646
229.6
240.54
250.444
259.292
267.074
273.69
279.183
283.6
287.001
289.485
291.034
291.951
292.603
293.102
293.61
294.189
294.817
295.457
296.071
296.683
297.274
297.726
298.027
298.25
298.482
298.807
299.189
299.446
299.424
299.111
298.497
297.572
296.364
294.844
3.12087e-006
2.17828e-005
0.0001145
0.000594277
0.00272995
0.0119522
0.0469097
0.170623
0.5469
1.54514
3.82502
8.39263
16.2509
27.8364
42.6451
59.4345
77.075
94.7723
112.171
129.107
145.543
161.294
176.501
190.919
204.488
217.387
229.409
240.402
250.356
259.254
267.065
273.734
279.28
283.771
287.238
289.754
291.327
292.295
292.991
293.444
293.848
294.298
294.781
295.258
295.691
296.107
296.507
296.781
296.906
296.971
297.084
297.349
297.773
298.158
298.298
298.172
297.766
297.061
296.076
294.768
3.09908e-006
2.16313e-005
0.000113586
0.000589495
0.00270637
0.0118495
0.0465022
0.169188
0.542631
1.53417
3.80062
8.34574
16.1745
27.7306
42.5212
59.3043
76.9525
94.6444
112.032
128.954
145.348
161.098
176.28
190.633
204.19
217.09
229.095
240.048
249.938
258.808
266.66
273.37
278.94
283.388
286.817
289.341
290.938
291.916
292.603
293.103
293.571
294.047
294.506
294.907
295.22
295.477
295.702
295.799
295.745
295.651
295.647
295.85
296.245
296.664
296.921
296.964
296.768
296.298
295.54
294.467
3.07801e-006
2.14849e-005
0.000112705
0.000584877
0.00268354
0.0117495
0.0461022
0.16776
0.538305
1.52273
3.77395
8.29162
16.0795
27.5846
42.3192
59.0499
76.6485
94.315
111.691
128.605
145.029
160.76
175.958
190.38
203.933
216.832
228.882
239.892
249.852
258.769
266.618
273.348
278.961
283.497
287.016
289.594
291.225
292.246
292.962
293.412
293.777
294.127
294.447
294.694
294.837
294.907
294.938
294.836
294.571
294.275
294.099
294.188
294.554
295.035
295.413
295.607
295.604
295.352
294.81
293.978
3.05767e-006
2.13438e-005
0.000111857
0.000580444
0.0026617
0.0116544
0.0457244
0.166427
0.534332
1.51249
3.7511
8.2475
16.0072
27.4841
42.2008
58.9253
76.5322
94.1952
111.563
128.466
144.852
160.587
175.761
190.123
203.675
216.578
228.604
239.578
249.491
258.393
266.28
273.041
278.672
283.168
286.654
289.242
290.896
291.931
292.636
293.119
293.531
293.896
294.191
294.374
294.417
294.352
294.227
293.951
293.496
293.011
292.666
292.634
292.906
293.35
293.79
294.108
294.28
294.234
293.905
293.325
3.03802e-006
2.12076e-005
0.000111038
0.000576165
0.00264057
0.011562
0.0453548
0.165109
0.530337
1.50192
3.72651
8.19761
15.9196
27.3495
42.0145
58.6898
76.2492
93.8867
111.241
128.134
144.546
160.263
175.449
189.87
203.42
216.321
228.38
239.403
249.385
258.334
266.216
272.986
278.65
283.228
286.799
289.443
291.137
292.211
292.942
293.382
293.711
293.976
294.165
294.237
294.16
293.964
293.694
293.254
292.612
291.927
291.386
291.187
291.351
291.775
292.254
292.653
292.955
293.069
292.927
292.579
3.01905e-006
2.10763e-005
0.000110251
0.000572056
0.00262034
0.011474
0.0450051
0.163874
0.526649
1.4924
3.70519
8.15633
15.8518
27.2546
41.9021
58.5717
76.1395
93.775
111.124
128.009
144.387
160.109
175.274
189.641
203.196
216.103
228.138
239.129
249.075
258.02
265.938
272.734
278.41
282.952
286.498
289.154
290.873
291.966
292.693
293.166
293.542
293.833
294.025
294.078
293.959
293.696
293.336
292.782
291.995
291.142
290.421
290.059
290.079
290.397
290.846
291.283
291.677
291.913
291.934
291.785
3.00075e-006
2.09497e-005
0.000109491
0.00056809
0.00260077
0.0113884
0.0446628
0.162653
0.522947
1.48261
3.6824
8.11008
15.7706
27.1299
41.7294
58.3528
75.8753
93.4854
110.819
127.693
144.093
159.798
174.971
189.39
202.94
215.844
227.907
238.941
248.948
257.933
265.845
272.646
278.352
282.969
286.595
289.307
291.067
292.198
292.949
293.396
293.72
293.955
294.098
294.11
293.953
293.645
293.226
292.588
291.681
290.671
289.768
289.216
289.079
289.297
289.697
290.129
290.555
290.865
291.004
291.003
2.9831e-006
2.08277e-005
0.000108761
0.000564284
0.00258204
0.011307
0.0443394
0.16151
0.519532
1.47378
3.66261
8.07166
15.7072
27.041
41.6237
58.2415
75.7724
93.3821
110.714
127.581
143.951
159.663
174.818
189.189
202.749
215.659
227.699
238.704
248.684
257.671
265.618
272.441
278.157
282.74
286.342
289.064
290.845
291.997
292.753
293.238
293.622
293.909
294.102
294.157
294.035
293.747
293.328
292.662
291.686
290.56
289.499
288.764
288.446
288.5
288.787
289.171
289.591
289.94
290.165
290.273
2.96607e-006
2.071e-005
0.000108055
0.000560605
0.00256388
0.0112277
0.0440217
0.160377
0.516089
1.46466
3.64139
8.02857
15.6315
26.9247
41.4628
58.0373
75.5252
93.1096
110.425
127.28
143.668
159.363
174.524
188.939
202.493
215.399
227.46
238.503
248.54
257.564
265.504
272.327
278.066
282.719
286.4
289.177
291
292.189
292.971
293.449
293.815
294.091
294.291
294.372
294.287
294.037
293.647
292.989
291.982
290.773
289.572
288.649
288.139
288.029
288.184
288.472
288.836
289.18
289.446
289.622
2.94965e-006
2.05967e-005
0.000107378
0.000557082
0.00254657
0.0111525
0.043723
0.159322
0.512936
1.45651
3.62309
7.99299
15.5727
26.842
41.3641
57.9333
75.4294
93.0145
110.329
127.18
143.543
159.245
174.39
188.765
202.331
215.244
227.284
238.303
248.319
257.349
265.321
272.162
277.911
282.534
286.194
288.98
290.821
292.031
292.823
293.342
293.776
294.123
294.4
294.565
294.566
294.396
294.077
293.474
292.488
291.251
289.962
288.892
288.2
287.892
287.866
288.018
288.29
288.591
288.854
289.058
2.93382e-006
2.04874e-005
0.000106723
0.000553665
0.0025297
0.0110787
0.0434273
0.158266
0.509721
1.44799
3.60324
7.95263
15.5017
26.7331
41.2134
57.742
75.1974
92.7575
110.055
126.893
143.27
158.955
174.105
188.516
202.075
214.982
227.041
238.092
248.158
257.221
265.183
272.022
277.79
282.481
286.216
289.054
290.934
292.176
292.991
293.511
293.943
294.299
294.605
294.819
294.887
294.791
294.548
294.019
293.088
291.867
290.537
289.361
288.522
288.052
287.857
287.846
287.988
288.201
288.414
288.604
2.91858e-006
2.03822e-005
0.000106096
0.000550409
0.00251372
0.0110094
0.0431522
0.157295
0.506821
1.44049
3.5864
7.91986
15.4475
26.6566
41.1219
57.6455
75.1087
92.6707
109.969
126.806
143.162
158.853
173.99
188.368
201.938
214.854
226.895
237.927
247.977
257.046
265.037
271.892
277.672
282.337
286.049
288.894
290.784
292.042
292.861
293.412
293.897
294.31
294.681
294.968
295.115
295.101
294.943
294.502
293.653
292.491
291.18
289.967
289.039
288.43
288.072
287.907
287.906
288.003
288.133
288.273
2.90386e-006
2.02806e-005
0.000105487
0.00054723
0.002498
0.0109406
0.0428758
0.156307
0.503805
1.43248
3.56773
7.88187
15.3807
26.554
40.9802
57.4656
74.8905
92.4278
109.709
126.531
142.897
158.573
173.712
188.121
201.682
214.59
226.648
237.708
247.801
256.897
264.879
271.732
277.53
282.255
286.036
288.925
290.847
292.129
292.963
293.508
293.985
294.395
294.779
295.096
295.287
295.328
295.236
294.872
294.105
293.016
291.755
290.55
289.584
288.906
288.445
288.149
288.012
287.985
288.01
288.074
2.88972e-006
2.01832e-005
0.000104907
0.000544225
0.00248328
0.0108769
0.0426232
0.155417
0.501149
1.42562
3.55233
7.85186
15.3309
26.4837
40.8959
57.3766
74.809
92.3491
109.633
126.455
142.804
158.486
173.615
187.997
201.57
214.487
226.531
237.576
247.655
256.758
264.767
271.639
277.447
282.147
285.903
288.793
290.723
292.014
292.847
293.407
293.912
294.351
294.767
295.12
295.352
295.438
295.397
295.097
294.405
293.394
292.201
291.043
290.088
289.376
288.851
288.472
288.229
288.093
288.017
287.994
2.87604e-006
2.00886e-005
0.000104339
0.000541258
0.00246858
0.0108125
0.0423637
0.154488
0.498304
1.41805
3.53465
7.8159
15.2676
26.3866
40.762
57.2069
74.6031
92.1189
109.385
126.191
142.548
158.215
173.344
187.751
201.313
214.222
226.281
237.351
247.463
256.587
264.591
271.464
277.29
282.043
285.86
288.788
290.747
292.06
292.906
293.458
293.949
294.373
294.779
295.132
295.373
295.476
295.461
295.202
294.565
293.617
292.487
291.383
290.461
289.761
289.226
288.804
288.494
288.278
288.118
288.014
2.86294e-006
1.99985e-005
0.000103804
0.000538497
0.00245509
0.0107542
0.0421332
0.153677
0.495888
1.41181
3.52067
7.78861
15.2223
26.3225
40.685
57.1255
74.5287
92.0483
109.317
126.126
142.47
158.142
173.265
187.65
201.224
214.142
226.192
237.248
247.35
256.48
264.511
271.403
277.24
281.97
285.762
288.691
290.656
291.977
292.818
293.374
293.877
294.308
294.72
295.077
295.323
295.434
295.433
295.199
294.601
293.703
292.629
291.584
290.709
290.033
289.509
289.083
288.744
288.481
288.264
288.097
2.85021e-006
1.99102e-005
0.000103273
0.000535712
0.00244125
0.0106935
0.0418877
0.152797
0.493186
1.40461
3.50384
7.75438
15.1621
26.2302
40.5579
56.9647
74.334
91.8296
109.081
125.873
142.22
157.879
172.999
187.404
200.967
213.876
225.938
237.015
247.146
256.296
264.321
271.214
277.066
281.845
285.695
288.661
290.653
291.995
292.847
293.395
293.88
294.287
294.676
295.013
295.243
295.343
295.339
295.114
294.538
293.675
292.644
291.648
290.822
290.187
289.697
289.289
288.951
288.671
288.424
288.215
2.83811e-006
1.98274e-005
0.000102783
0.000533194
0.00242898
0.0106406
0.0416792
0.152065
0.491008
1.39899
3.49124
7.72977
15.1212
26.1722
40.4881
56.8909
74.2667
91.7669
109.022
125.819
142.156
157.821
172.936
187.324
200.902
213.82
225.872
236.94
247.065
256.223
264.271
271.179
277.042
281.803
285.632
288.6
290.597
291.942
292.783
293.323
293.804
294.202
294.576
294.896
295.11
295.194
295.179
294.953
294.388
293.548
292.553
291.605
290.828
290.237
289.786
289.412
289.095
288.823
288.571
288.342
2.82622e-006
1.97444e-005
0.000102282
0.000530555
0.00241583
0.0105828
0.0414447
0.151224
0.488418
1.39209
3.47511
7.69698
15.0636
26.084
40.3671
56.7381
74.0821
91.5586
108.797
125.575
141.913
157.565
172.675
187.077
200.645
213.554
225.613
236.699
246.852
256.029
264.071
270.976
276.851
281.658
285.544
288.548
290.571
291.933
292.78
293.307
293.764
294.131
294.473
294.762
294.946
295.004
294.969
294.731
294.163
293.333
292.361
291.449
290.718
290.177
289.777
289.449
289.171
288.927
288.691
288.46
2.81511e-006
1.96689e-005
0.000101839
0.00052829
0.00240485
0.0105356
0.0412589
0.150572
0.486484
1.3871
3.4639
7.67503
15.027
26.032
40.3042
56.6716
74.0217
91.5036
108.746
125.531
141.863
157.52
172.628
187.019
200.601
213.519
225.569
236.649
246.8
255.986
264.047
270.964
276.848
281.642
285.511
288.516
290.538
291.896
292.724
293.229
293.666
294.01
294.324
294.585
294.741
294.77
294.711
294.454
293.874
293.041
292.083
291.2
290.512
290.02
289.671
289.396
289.168
288.969
288.767
288.557
2.80391e-006
1.959e-005
0.000101358
0.000525749
0.00239215
0.0104796
0.0410317
0.149758
0.483972
1.38041
3.4483
7.6434
14.9715
25.9473
40.1885
56.5259
73.8462
91.3047
108.53
125.296
141.625
157.271
172.371
186.772
200.343
213.251
225.308
236.402
246.577
255.779
263.835
270.749
276.646
281.481
285.4
288.437
290.481
291.849
292.678
293.166
293.576
293.889
294.169
294.396
294.519
294.516
294.425
294.139
293.535
292.687
291.726
290.858
290.202
289.756
289.463
289.248
289.082
288.941
288.792
288.621
2.79386e-006
1.95226e-005
0.000100968
0.000523765
0.00238256
0.0104386
0.0408702
0.149191
0.482291
1.37606
3.4385
7.62409
14.9392
25.9011
40.1325
56.4666
73.7926
91.2574
108.488
125.262
141.588
157.238
172.34
186.734
200.316
213.234
225.287
236.377
246.549
255.758
263.831
270.76
276.667
281.491
285.393
288.426
290.465
291.825
292.63
293.089
293.474
293.758
294.008
294.205
294.295
294.257
294.13
293.807
293.165
292.286
291.307
290.442
289.813
289.409
289.167
289.013
288.915
288.841
288.76
288.647
2.78308e-006
1.94455e-005
0.000100494
0.000521254
0.00237
0.0103832
0.0406459
0.14839
0.479821
1.36951
3.42328
7.59337
14.8856
25.8195
40.0215
56.3273
73.6251
91.0667
108.28
125.034
141.355
156.994
172.087
186.486
200.056
212.964
225.024
236.127
246.316
255.539
263.613
270.546
276.468
281.327
285.271
288.333
290.392
291.764
292.573
293.022
293.388
293.65
293.873
294.04
294.098
294.024
293.855
293.486
292.791
291.859
290.837
289.95
289.327
288.958
288.768
288.682
288.659
288.665
288.668
288.628
2.77435e-006
1.93884e-005
0.000100168
0.00051961
0.00236207
0.0103493
0.0405115
0.147915
0.47841
1.36582
3.4149
7.57668
14.8574
25.7789
39.9716
56.2741
73.5768
91.0248
108.243
125.006
141.328
156.97
172.067
186.463
200.047
212.967
225.028
236.129
246.319
255.551
263.648
270.6
276.534
281.384
285.311
288.366
290.419
291.783
292.573
292.998
293.343
293.582
293.78
293.919
293.946
293.835
293.626
293.209
292.453
291.448
290.351
289.408
288.766
288.416
288.274
288.256
288.315
288.411
288.512
288.56
2.76349e-006
1.93094e-005
9.96807e-005
0.000517027
0.00234921
0.0102929
0.0402845
0.14711
0.475936
1.35929
3.39976
7.54604
14.8033
25.6955
39.8568
56.129
73.4018
90.825
108.025
124.767
141.078
156.713
171.797
186.196
199.771
212.684
224.752
235.865
246.069
255.318
263.421
270.381
276.329
281.207
285.169
288.253
290.332
291.719
292.53
292.967
293.313
293.544
293.723
293.838
293.836
293.697
293.459
293.007
292.2
291.117
289.912
288.845
288.111
287.735
287.624
287.678
287.838
288.047
288.272
288.432
2.7431e-006
1.91819e-005
9.89762e-005
0.00051351
0.00233227
0.0102196
0.0399908
0.146052
0.472764
1.35081
3.38024
7.50675
14.7372
25.6004
39.7392
55.9991
73.2774
90.7063
107.912
124.664
140.984
156.615
171.709
186.109
199.712
212.65
224.72
235.822
246.019
255.289
263.442
270.445
276.421
281.286
285.231
288.329
290.428
291.836
292.646
293.055
293.367
293.561
293.699
293.779
293.751
293.591
293.339
292.88
292.059
290.935
289.635
288.386
287.364
286.612
286.131
285.892
285.869
286.025
286.36
287.22
2.72221e-006
1.90771e-005
9.86574e-005
0.000512892
0.00233467
0.0102482
0.0401772
0.14689
0.475895
1.36053
3.40559
7.56209
14.8387
25.7603
39.9569
56.2585
73.5539
90.9864
108.21
124.948
141.264
156.917
172.006
186.396
199.953
212.864
224.947
236.065
246.259
255.486
263.568
270.517
276.456
281.303
285.225
288.265
290.294
291.632
292.367
292.697
292.956
293.119
293.226
293.286
293.251
293.099
292.87
292.446
291.674
290.618
289.411
288.274
287.356
286.671
286.184
285.862
285.707
285.716
285.903
286.562
2.69462e-006
1.89126e-005
9.78239e-005
0.000508935
0.00231635
0.0101701
0.0398625
0.145731
0.472258
1.35036
3.38069
7.50898
14.7422
25.6089
39.748
56.0033
73.2726
90.6971
107.896
124.647
140.988
156.601
171.701
186.132
199.722
212.655
224.734
235.836
246.029
255.299
263.437
270.434
276.402
281.267
285.223
288.307
290.385
291.774
292.554
292.893
293.137
293.278
293.351
293.375
293.307
293.128
292.882
292.452
291.683
290.626
289.408
288.244
287.278
286.532
286.005
285.67
285.51
285.523
285.722
286.335
2.66919e-006
1.87706e-005
9.72425e-005
0.000506767
0.00231048
0.0101604
0.0398898
0.14601
0.473747
1.35595
3.3974
7.5489
14.8219
25.7444
39.9484
56.2586
73.5655
90.9996
108.235
124.966
141.275
156.935
172.015
186.395
199.946
212.857
224.944
236.06
246.247
255.473
263.557
270.509
276.45
281.269
285.151
288.172
290.192
291.512
292.21
292.475
292.684
292.829
292.92
292.978
292.966
292.867
292.724
292.427
291.827
290.974
289.989
289.078
288.366
287.828
287.425
287.139
286.975
286.946
287.074
287.569
2.64257e-006
1.86159e-005
9.6525e-005
0.000503595
0.00229713
0.0101074
0.0396866
0.145276
0.471426
1.34926
3.38018
7.51007
14.7467
25.6184
39.7602
56.012
73.2719
90.69
107.882
124.629
140.988
156.59
171.692
186.149
199.732
212.657
224.739
235.841
246.034
255.303
263.423
270.405
276.363
281.233
285.204
288.284
290.354
291.73
292.487
292.785
292.998
293.135
293.212
293.257
293.238
293.137
293
292.724
292.162
291.353
290.413
289.55
288.886
288.403
288.081
287.891
287.833
287.913
288.138
288.693
2.61574e-006
1.84604e-005
9.58385e-005
0.000500734
0.0022871
0.0100764
0.0396169
0.145189
0.471726
1.35164
3.38958
7.53612
14.805
25.7272
39.9373
56.2554
73.5742
91.0115
108.259
124.986
141.291
156.953
172.023
186.395
199.939
212.85
224.939
236.054
246.235
255.462
263.545
270.502
276.446
281.245
285.093
288.094
290.112
291.421
292.093
292.317
292.497
292.647
292.754
292.83
292.851
292.798
292.715
292.5
292.006
291.278
290.435
289.692
289.159
288.802
288.595
288.513
288.561
288.743
289.054
289.67
2.58859e-006
1.83014e-005
9.51265e-005
0.000497672
0.00227522
0.0100329
0.0394659
0.144687
0.470229
1.34741
3.3784
7.50952
14.7499
25.628
39.7752
56.0255
73.2766
90.686
107.869
124.61
140.984
156.579
171.683
186.165
199.744
212.662
224.746
235.845
246.037
255.304
263.407
270.373
276.321
281.195
285.175
288.254
290.321
291.688
292.426
292.694
292.881
293.013
293.086
293.127
293.112
293.019
292.895
292.648
292.127
291.356
290.45
289.632
289.034
288.631
288.409
288.362
288.484
288.765
289.184
289.897
2.56119e-006
1.81396e-005
9.44032e-005
0.000494553
0.00226353
0.00999233
0.0393469
0.144393
0.469769
1.34753
3.38209
7.52383
14.7883
25.7093
39.9239
56.2488
73.5791
91.0212
108.283
125.008
141.312
156.973
172.031
186.398
199.931
212.84
224.935
236.049
246.223
255.45
263.534
270.497
276.449
281.234
285.049
288.024
290.037
291.338
291.986
292.177
292.333
292.48
292.59
292.675
292.714
292.695
292.662
292.533
292.157
291.55
290.837
290.232
289.828
289.563
289.429
289.427
289.552
289.806
290.192
290.86
2.53361e-006
1.7975e-005
9.36679e-005
0.000491357
0.00225144
0.0099492
0.0392084
0.143981
0.468664
1.34476
3.37513
7.50688
14.7508
25.6364
39.7923
56.044
73.2878
90.6866
107.86
124.592
140.976
156.569
171.676
186.179
199.757
212.668
224.754
235.85
246.038
255.301
263.389
270.339
276.275
281.151
285.139
288.216
290.283
291.648
292.368
292.61
292.782
292.91
292.982
293.031
293.041
292.99
292.922
292.767
292.377
291.753
291.016
290.397
289.988
289.725
289.613
289.658
289.844
290.151
290.582
291.274
2.5059e-006
1.78078e-005
9.29218e-005
0.000488087
0.00223906
0.00990479
0.039069
0.143594
0.467796
1.34348
3.37481
7.51205
14.7721
25.6913
39.909
56.2391
73.5798
91.0278
108.302
125.031
141.339
156.994
172.039
186.401
199.924
212.829
224.929
236.04
246.209
255.439
263.523
270.49
276.449
281.227
285.017
287.965
289.971
291.268
291.893
292.057
292.198
292.335
292.437
292.514
292.543
292.51
292.461
292.323
291.941
291.323
290.599
290.006
289.612
289.348
289.247
289.318
289.549
289.913
290.401
291.156
2.47813e-006
1.76384e-005
9.21662e-005
0.000484745
0.00222639
0.00985894
0.0389241
0.143182
0.46677
1.34132
3.37022
7.50178
14.7488
25.6425
39.8103
56.0671
73.3066
90.6934
107.857
124.575
140.962
156.56
171.671
186.193
199.771
212.678
224.764
235.856
246.039
255.297
263.369
270.303
276.228
281.101
285.095
288.175
290.245
291.611
292.309
292.527
292.687
292.798
292.856
292.891
292.885
292.817
292.728
292.549
292.13
291.47
290.699
290.066
289.632
289.321
289.183
289.23
289.453
289.817
290.295
291.022
2.45039e-006
1.7467e-005
9.14026e-005
0.000481335
0.00221345
0.00981164
0.0387745
0.142755
0.465723
1.33934
3.36754
7.50065
14.7566
25.6738
39.8938
56.227
73.5759
91.0303
108.317
125.053
141.371
157.018
172.047
186.404
199.917
212.818
224.919
236.027
246.195
255.429
263.514
270.479
276.44
281.218
284.995
287.919
289.915
291.211
291.809
291.948
292.082
292.21
292.311
292.395
292.436
292.418
292.394
292.291
291.953
291.387
290.724
290.193
289.829
289.559
289.444
289.495
289.704
290.047
290.493
291.177
2.42275e-006
1.72939e-005
9.06324e-005
0.000477861
0.00220026
0.00976291
0.0386202
0.14231
0.464623
1.33715
3.36371
7.49394
14.7431
25.6448
39.8274
56.0938
73.3334
90.7081
107.862
124.563
140.945
156.55
171.669
186.206
199.789
212.693
224.776
235.864
246.043
255.296
263.353
270.267
276.183
281.047
285.042
288.133
290.207
291.575
292.243
292.443
292.611
292.707
292.754
292.795
292.804
292.756
292.69
292.534
292.139
291.512
290.776
290.171
289.732
289.387
289.211
289.225
289.422
289.775
290.237
290.918
2.39531e-006
1.71195e-005
8.98576e-005
0.000474329
0.00218683
0.00971279
0.0384612
0.141846
0.463475
1.33485
3.35991
7.48925
14.7416
25.6572
39.8793
56.214
73.5679
91.0278
108.326
125.073
141.406
157.045
172.055
186.406
199.911
212.808
224.906
236.009
246.178
255.42
263.504
270.462
276.421
281.21
284.989
287.891
289.876
291.169
291.733
291.847
291.985
292.114
292.222
292.321
292.386
292.394
292.397
292.319
292.006
291.475
290.856
290.334
289.94
289.632
289.468
289.47
289.633
289.94
290.354
290.982
2.36817e-006
1.69441e-005
8.908e-005
0.000470744
0.00217317
0.00966132
0.0382977
0.141362
0.462277
1.33242
3.35582
7.48331
14.7331
25.6422
39.8416
56.1223
73.368
90.7323
107.875
124.557
140.927
156.54
171.668
186.22
199.808
212.711
224.791
235.875
246.049
255.298
263.342
270.239
276.149
280.996
284.982
288.081
290.169
291.547
292.19
292.379
292.558
292.652
292.707
292.768
292.813
292.814
292.796
292.696
292.376
291.837
291.194
290.641
290.207
289.845
289.632
289.592
289.727
290.018
290.423
291.028
2.34141e-006
1.67681e-005
8.8302e-005
0.000467113
0.00215932
0.0096086
0.0381296
0.140858
0.461029
1.32985
3.35146
7.47706
14.7267
25.642
39.8669
56.2017
73.5568
91.0201
108.33
125.089
141.442
157.075
172.064
186.408
199.905
212.797
224.892
235.99
246.158
255.405
263.489
270.444
276.402
281.206
284.999
287.887
289.859
291.146
291.693
291.787
291.919
292.061
292.186
292.307
292.401
292.444
292.475
292.433
292.172
291.698
291.129
290.634
290.233
289.891
289.678
289.618
289.712
289.95
290.301
290.853
2.31515e-006
1.65921e-005
8.75258e-005
0.000463443
0.00214531
0.0095547
0.0379572
0.140335
0.459729
1.32713
3.34683
7.47031
14.7189
25.6338
39.8505
56.1499
73.4091
90.767
107.899
124.56
140.912
156.53
171.67
186.236
199.829
212.729
224.809
235.888
246.055
255.299
263.334
270.22
276.127
280.957
284.917
288.016
290.128
291.516
292.154
292.328
292.504
292.607
292.655
292.718
292.777
292.801
292.811
292.748
292.478
292.004
291.416
290.879
290.439
290.057
289.805
289.708
289.76
289.964
290.313
290.859
2.2895e-006
1.64164e-005
8.67542e-005
0.000459745
0.00213117
0.00949973
0.0377805
0.139792
0.458379
1.32426
3.34191
7.46301
14.7106
25.6276
39.8574
56.1928
73.5452
91.0077
108.327
125.098
141.476
157.107
172.074
186.413
199.9
212.786
224.88
235.974
246.136
255.381
263.461
270.411
276.371
281.191
285.006
287.894
289.852
291.128
291.662
291.736
291.856
292
292.131
292.26
292.37
292.443
292.502
292.489
292.282
291.876
291.369
290.924
290.555
290.205
289.961
289.85
289.876
290.037
290.315
290.774
2.26456e-006
1.62416e-005
8.59899e-005
0.000456026
0.00211694
0.00944382
0.0375999
0.139232
0.45698
1.32124
3.33667
7.45515
14.7016
25.62
39.8519
56.173
73.4538
90.8118
107.936
124.576
140.903
156.52
171.675
186.254
199.85
212.749
224.828
235.903
246.061
255.3
263.326
270.199
276.101
280.918
284.848
287.936
290.076
291.477
292.099
292.264
292.437
292.536
292.586
292.655
292.733
292.796
292.843
292.815
292.609
292.226
291.745
291.273
290.854
290.473
290.184
290.035
290.035
290.16
290.38
290.778
2.24046e-006
1.60683e-005
8.52359e-005
0.000452298
0.00210267
0.00938709
0.0374155
0.138656
0.455532
1.31806
3.33111
7.44669
14.6919
25.6115
39.8501
56.1902
73.5371
90.9928
108.315
125.097
141.508
157.144
172.086
186.417
199.896
212.776
224.871
235.959
246.112
255.352
263.423
270.366
276.332
281.169
285.011
287.908
289.849
291.109
291.639
291.698
291.801
291.951
292.099
292.245
292.378
292.486
292.585
292.606
292.441
292.107
291.706
291.313
290.924
290.556
290.279
290.124
290.096
290.179
290.355
290.696
2.21729e-006
1.58972e-005
8.44955e-005
0.000448573
0.0020884
0.0093297
0.0372279
0.138064
0.454035
1.31473
3.32521
7.43761
14.6812
25.6021
39.8463
56.1883
73.4969
90.8644
107.988
124.61
140.903
156.512
171.68
186.272
199.874
212.773
224.852
235.924
246.075
255.309
263.325
270.183
276.074
280.878
284.774
287.843
290.001
291.417
292.058
292.209
292.364
292.491
292.562
292.642
292.741
292.843
292.935
292.945
292.79
292.491
292.112
291.692
291.269
290.878
290.571
290.378
290.3
290.325
290.446
290.726
2.19518e-006
1.57288e-005
8.3772e-005
0.000444864
0.00207421
0.0092718
0.0370375
0.137459
0.452486
1.31125
3.31897
7.42789
14.6697
25.5916
39.8418
56.1937
73.5382
90.9807
108.295
125.084
141.531
157.181
172.104
186.426
199.897
212.771
224.864
235.945
246.089
255.325
263.385
270.318
276.286
281.133
284.99
287.915
289.865
291.114
291.637
291.68
291.779
291.941
292.103
292.265
292.414
292.546
292.678
292.742
292.626
292.362
292.042
291.692
291.319
290.96
290.669
290.473
290.38
290.378
290.458
290.692
2.17424e-006
1.55639e-005
8.30689e-005
0.000441187
0.00206015
0.00921359
0.0368452
0.136841
0.450887
1.30763
3.31237
7.41751
14.6571
25.5799
39.8362
56.1962
73.5324
90.9191
108.055
124.664
140.92
156.51
171.686
186.291
199.897
212.795
224.877
235.949
246.094
255.325
263.333
270.177
276.057
280.846
284.713
287.752
289.9
291.334
291.99
292.143
292.298
292.438
292.53
292.625
292.742
292.87
292.992
293.038
292.928
292.685
292.367
291.997
291.61
291.245
290.937
290.711
290.569
290.52
290.553
290.717
2.15455e-006
1.54032e-005
8.23896e-005
0.000437558
0.00204629
0.0091553
0.0366518
0.136213
0.449241
1.30388
3.30542
7.40646
14.6434
25.5669
39.8294
56.1984
73.5506
90.9798
108.272
125.059
141.538
157.213
172.131
186.444
199.907
212.771
224.856
235.929
246.065
255.3
263.35
270.27
276.234
281.086
284.953
287.909
289.876
291.121
291.635
291.666
291.769
291.937
292.104
292.27
292.425
292.572
292.726
292.819
292.743
292.521
292.242
291.925
291.582
291.241
290.943
290.714
290.571
290.498
290.491
290.618
2.13622e-006
1.52475e-005
8.17378e-005
0.000433994
0.0020327
0.0090972
0.0364582
0.135576
0.447556
1.30001
3.29811
7.3947
14.6285
25.5526
39.8212
56.1994
73.5591
90.9676
108.131
124.741
140.972
156.529
171.685
186.303
199.92
212.819
224.9
235.97
246.11
255.34
263.342
270.177
276.049
280.819
284.656
287.664
289.79
291.247
291.917
292.083
292.264
292.394
292.486
292.591
292.721
292.864
293.002
293.069
292.981
292.76
292.475
292.148
291.804
291.47
291.176
290.933
290.753
290.651
290.617
290.698
2.11932e-006
1.50975e-005
8.11169e-005
0.000430515
0.00201947
0.00903958
0.0362655
0.134933
0.44584
1.29602
3.29045
7.38222
14.6123
25.5368
39.8115
56.1991
73.5706
90.9959
108.257
125.026
141.516
157.224
172.167
186.478
199.931
212.784
224.858
235.919
246.045
255.276
263.313
270.213
276.169
281.021
284.899
287.886
289.897
291.156
291.652
291.678
291.788
291.956
292.128
292.299
292.461
292.627
292.792
292.893
292.836
292.632
292.377
292.093
291.782
291.468
291.181
290.941
290.751
290.618
290.535
290.551
2.10391e-006
1.49541e-005
8.05305e-005
0.00042714
0.00200667
0.00898278
0.0360748
0.134286
0.444101
1.29192
3.28247
7.369
14.5949
25.5193
39.7999
56.1972
73.5806
91.0073
108.205
124.833
141.06
156.586
171.693
186.302
199.931
212.841
224.928
235.996
246.131
255.357
263.352
270.178
276.046
280.807
284.624
287.603
289.688
291.137
291.853
292.057
292.268
292.404
292.479
292.592
292.743
292.904
293.057
293.14
293.073
292.874
292.615
292.322
292.007
291.7
291.425
291.189
290.99
290.842
290.747
290.753
2.09005e-006
1.4818e-005
7.99818e-005
0.000423891
0.00199437
0.00892719
0.0358872
0.133641
0.442349
1.28773
3.27419
7.35507
14.5763
25.5
39.7862
56.1936
73.59
91.0259
108.264
125
141.468
157.202
172.204
186.533
199.976
212.812
224.872
235.921
246.038
255.262
263.28
270.154
276.093
280.934
284.813
287.822
289.865
291.171
291.713
291.748
291.848
292.011
292.183
292.363
292.546
292.726
292.899
293.002
292.949
292.757
292.519
292.262
291.99
291.716
291.454
291.222
291.017
290.849
290.73
290.708
2.07776e-006
1.46899e-005
7.94737e-005
0.000420788
0.00198268
0.00887318
0.0357041
0.133001
0.440593
1.28346
3.26566
7.34043
14.5563
25.4786
39.7703
56.188
73.5979
91.0425
108.267
124.925
141.179
156.69
171.73
186.302
199.934
212.852
224.949
236.02
246.155
255.38
263.367
270.183
276.047
280.805
284.614
287.581
289.639
291.051
291.757
291.945
292.163
292.369
292.481
292.588
292.744
292.92
293.083
293.167
293.107
292.929
292.692
292.419
292.135
291.864
291.625
291.418
291.245
291.089
290.934
290.862
2.06703e-006
1.45706e-005
7.90087e-005
0.000417852
0.00197166
0.00882115
0.0355267
0.132371
0.438846
1.27914
3.25691
7.32512
14.535
25.455
39.7519
56.1798
73.6037
91.0597
108.297
125.003
141.423
157.155
172.22
186.594
200.038
212.859
224.902
235.936
246.042
255.258
263.258
270.11
276.029
280.853
284.722
287.733
289.791
291.132
291.742
291.806
291.891
292.058
292.234
292.416
292.599
292.774
292.943
293.047
292.995
292.811
292.582
292.35
292.119
291.887
291.67
291.474
291.292
291.127
290.976
290.892
2.05784e-006
1.44607e-005
7.85889e-005
0.000415103
0.0019614
0.00877151
0.0353567
0.131756
0.437121
1.27481
3.248
7.30923
14.5124
25.4293
39.7307
56.1687
73.6071
91.0759
108.319
125.003
141.302
156.823
171.796
186.311
199.943
212.878
224.984
236.055
246.183
255.402
263.375
270.181
276.041
280.796
284.6
287.558
289.595
290.985
291.691
291.863
292.071
292.314
292.458
292.567
292.721
292.901
293.067
293.153
293.094
292.922
292.704
292.464
292.23
292.018
291.832
291.671
291.524
291.372
291.224
291.15
2.05012e-006
1.43607e-005
7.82153e-005
0.000412559
0.00195196
0.00872465
0.0351954
0.131163
0.435432
1.2705
3.23898
7.29284
14.4886
25.4013
39.7063
56.154
73.6075
91.0908
108.344
125.043
141.416
157.104
172.215
186.663
200.114
212.919
224.946
235.966
246.061
255.267
263.248
270.079
275.978
280.782
284.635
287.638
289.702
291.073
291.718
291.81
291.924
292.107
292.283
292.464
292.643
292.816
292.979
293.073
293.022
292.86
292.662
292.449
292.246
292.061
291.9
291.754
291.61
291.462
291.314
291.229
2.04379e-006
1.42711e-005
7.78885e-005
0.000410237
0.00194341
0.00868097
0.0350444
0.130596
0.433798
1.26626
3.22994
7.27609
14.4636
25.3711
39.6784
56.1355
73.6043
91.103
108.368
125.07
141.407
156.97
171.921
186.358
199.952
212.898
225.021
236.097
246.222
255.434
263.391
270.18
276.031
280.781
284.583
287.535
289.564
290.944
291.642
291.824
292.033
292.25
292.396
292.54
292.71
292.892
293.052
293.127
293.061
292.893
292.69
292.481
292.291
292.136
292.002
291.879
291.772
291.669
291.55
291.474
2.03873e-006
1.4192e-005
7.76079e-005
0.000408149
0.00193579
0.00864083
0.034905
0.13006
0.432236
1.26212
3.22095
7.25914
14.4375
25.3386
39.6468
56.1126
73.5967
91.1115
108.391
125.103
141.458
157.094
172.182
186.689
200.197
213.002
225.015
236.02
246.105
255.305
263.269
270.077
275.954
280.729
284.558
287.537
289.589
290.979
291.66
291.81
291.984
292.178
292.334
292.5
292.675
292.846
293
293.076
293.016
292.859
292.673
292.486
292.317
292.18
292.065
291.967
291.881
291.792
291.689
291.623
2.03481e-006
1.41236e-005
7.73721e-005
0.000406306
0.00192912
0.00860454
0.0347784
0.129562
0.430762
1.25814
3.21214
7.24213
14.4107
25.304
39.6114
56.0848
73.5837
91.1154
108.411
125.135
141.492
157.095
172.082
186.49
200.024
212.941
225.063
236.142
246.261
255.462
263.399
270.17
276.01
280.749
284.549
287.496
289.521
290.901
291.592
291.776
291.994
292.223
292.379
292.523
292.687
292.855
293.005
293.076
293.011
292.85
292.658
292.468
292.306
292.184
292.087
292.012
291.957
291.902
291.832
291.793
2.03188e-006
1.40657e-005
7.71786e-005
0.00040471
0.00192341
0.00857235
0.0346655
0.129108
0.429395
1.25436
3.20361
7.22528
14.3834
25.2675
39.5722
56.0515
73.5644
91.1133
108.427
125.166
141.533
157.153
172.191
186.687
200.247
213.091
225.111
236.112
246.191
255.385
263.33
270.112
275.962
280.704
284.513
287.465
289.502
290.895
291.58
291.777
292.009
292.219
292.361
292.505
292.662
292.813
292.946
293.01
292.957
292.819
292.654
292.482
292.325
292.199
292.106
292.044
292.002
291.958
291.894
291.859
2.02976e-006
1.40178e-005
7.70241e-005
0.00040336
0.00191863
0.00854438
0.0345671
0.1287
0.42815
1.25083
3.19548
7.20881
14.356
25.2295
39.5294
56.0125
73.5381
91.1038
108.436
125.193
141.573
157.198
172.22
186.658
200.174
213.045
225.135
236.198
246.306
255.499
263.424
270.18
275.999
280.71
284.501
287.439
289.466
290.848
291.52
291.74
292.018
292.242
292.369
292.503
292.654
292.792
292.91
292.966
292.911
292.782
292.633
292.474
292.321
292.188
292.088
292.026
292
291.98
291.946
291.946
2.02829e-006
1.39794e-005
7.69042e-005
0.000402249
0.00191474
0.00852068
0.0344832
0.128342
0.42704
1.2476
3.18788
7.19301
14.3289
25.1904
39.4832
55.9675
73.504
91.0852
108.436
125.214
141.611
157.248
172.282
186.746
200.301
213.18
225.229
236.244
246.322
255.503
263.426
270.18
275.992
280.686
284.467
287.396
289.421
290.803
291.468
291.715
292.03
292.251
292.367
292.497
292.633
292.749
292.846
292.891
292.844
292.742
292.632
292.51
292.378
292.251
292.144
292.072
292.042
292.027
291.987
291.977
2.02731e-006
1.39495e-005
7.68144e-005
0.000401361
0.00191168
0.00850116
0.0344139
0.128037
0.426075
1.24472
3.18092
7.17815
14.3026
25.151
39.4343
55.9169
73.4613
91.056
108.426
125.226
141.643
157.295
172.341
186.805
200.342
213.206
225.271
236.319
246.417
255.602
263.51
270.245
276.034
280.695
284.452
287.364
289.382
290.764
291.416
291.707
292.062
292.263
292.369
292.494
292.609
292.696
292.77
292.813
292.782
292.701
292.607
292.494
292.36
292.22
292.097
292.014
291.986
291.993
291.99
292.01
2.02668e-006
1.39272e-005
7.67494e-005
0.000400676
0.00190934
0.0084856
0.0343583
0.127784
0.425261
1.24221
3.17472
7.16449
14.2776
25.1121
39.3836
55.8612
73.4098
91.0158
108.402
125.225
141.664
157.336
172.401
186.88
200.429
213.304
225.367
236.402
246.49
255.671
263.575
270.301
276.079
280.709
284.437
287.328
289.332
290.709
291.365
291.696
292.082
292.281
292.381
292.488
292.573
292.627
292.692
292.753
292.746
292.69
292.63
292.547
292.425
292.279
292.142
292.043
292.002
291.999
292
292.034
2.0263e-006
1.39112e-005
7.67042e-005
0.000400169
0.00190763
0.00847365
0.0343154
0.127582
0.424596
1.24009
3.16936
7.15228
14.2546
25.0747
39.3324
55.8016
73.3499
90.9635
108.364
125.206
141.668
157.364
172.453
186.954
200.519
213.404
225.468
236.505
246.592
255.766
263.66
270.376
276.137
280.731
284.428
287.295
289.271
290.634
291.304
291.673
292.102
292.331
292.428
292.504
292.551
292.57
292.61
292.703
292.76
292.718
292.621
292.49
292.354
292.251
292.163
292.077
292.03
292.028
292.04
292.089
2.02607e-006
1.39003e-005
7.66741e-005
0.00039981
0.00190643
0.00846486
0.0342837
0.127426
0.424074
1.23837
3.16489
7.14175
14.2341
25.0399
39.2822
55.7397
73.283
90.899
108.311
125.169
141.648
157.369
172.487
187.015
200.608
213.521
225.609
236.665
246.761
255.923
263.807
270.512
276.239
280.777
284.426
287.251
289.177
290.525
291.228
291.639
292.11
292.365
292.44
292.476
292.49
292.473
292.486
292.583
292.696
292.748
292.744
292.646
292.457
292.268
292.152
292.112
292.09
292.052
292.039
292.087
2.02594e-006
1.38933e-005
7.6655e-005
0.00039957
0.00190562
0.00845871
0.0342612
0.127312
0.423683
1.23703
3.16132
7.13302
14.2164
25.0085
39.235
55.6781
73.2114
90.8241
108.242
125.112
141.604
157.342
172.488
187.044
200.669
213.618
225.742
236.837
246.974
256.166
264.078
270.787
276.469
280.942
284.514
287.247
289.09
290.4
291.119
291.571
292.068
292.328
292.418
292.46
292.436
292.373
292.36
292.46
292.647
292.787
292.795
292.693
292.504
292.308
292.166
292.088
292.048
292.035
292.04
292.077
2.02586e-006
1.38891e-005
7.66434e-005
0.000399419
0.00190511
0.00845466
0.0342462
0.127233
0.423405
1.23604
3.15861
7.12612
14.202
24.9816
39.1925
55.6196
73.1387
90.7424
108.159
125.035
141.536
157.288
172.449
187.024
200.677
213.66
225.819
236.959
247.154
256.405
264.39
271.161
276.869
281.33
284.821
287.404
289.11
290.328
291.017
291.457
291.936
292.265
292.425
292.437
292.332
292.252
292.343
292.642
292.806
292.714
292.683
292.636
292.457
292.236
292.075
292.016
292.036
292.091
292.114
292.133
2.02582e-006
1.38868e-005
7.66367e-005
0.00039933
0.00190481
0.00845215
0.0342368
0.127181
0.423218
1.23536
3.15667
7.12098
14.1909
24.9598
39.1564
55.5671
73.0694
90.6595
108.068
124.94
141.444
157.206
172.379
186.964
200.63
213.633
225.816
236.989
247.232
256.544
264.612
271.467
277.262
281.824
285.363
287.896
289.452
290.45
291.077
291.55
292.022
292.387
292.518
292.367
292.156
292.084
292.135
292.237
292.312
292.525
292.99
293.208
292.849
292.438
292.257
292.135
292.061
292.04
292.048
292.1
2.02579e-006
1.38856e-005
7.66331e-005
0.000399282
0.00190464
0.00845071
0.0342312
0.12715
0.4231
1.23491
3.15536
7.11738
14.1829
24.9432
39.1278
55.5231
73.008
90.5821
107.977
124.838
141.336
157.098
172.275
186.866
200.544
213.558
225.749
236.936
247.205
256.556
264.68
271.601
277.49
282.191
285.861
288.523
290.125
291.013
291.541
291.963
292.361
292.662
292.755
292.526
292.04
291.841
292.055
292.235
292.215
292.149
292.215
292.562
292.627
292.282
292.162
292.158
292.125
292.079
292.07
292.137
2.02578e-006
1.3885e-005
7.66313e-005
0.000399258
0.00190455
0.00844994
0.0342281
0.127132
0.423031
1.23463
3.15454
7.11505
14.1775
24.9316
39.1069
55.4891
72.958
90.516
107.895
124.741
141.227
156.98
172.15
186.739
200.418
213.436
225.634
236.828
247.109
256.478
264.624
271.578
277.526
282.335
286.142
288.99
290.803
291.743
292.147
292.426
292.737
292.999
293.116
292.988
292.533
292.05
292.245
292.671
292.562
292.106
291.638
291.412
291.374
291.532
291.846
292.062
292.089
292.026
292.002
292.152
2.02577e-006
1.38847e-005
7.66305e-005
0.000399247
0.0019045
0.00844957
0.0342265
0.127123
0.422995
1.23448
3.15407
7.11367
14.1743
24.9241
39.0931
55.4653
72.9214
90.4652
107.829
124.658
141.131
156.871
172.029
186.608
200.279
213.291
225.485
236.676
246.96
256.338
264.494
271.46
277.437
282.307
286.205
289.195
291.226
292.412
292.827
292.949
293.166
293.372
293.494
293.49
293.311
293.086
293.134
293.331
293.103
292.469
291.576
290.646
290.334
290.572
290.972
291.325
291.546
291.641
291.689
291.882
2.02578e-006
1.38846e-005
7.66301e-005
0.000399243
0.00190449
0.00844941
0.0342258
0.127118
0.422977
1.23441
3.15383
7.11294
14.1725
24.9199
39.085
55.4507
72.8983
90.4314
107.782
124.599
141.059
156.786
171.931
186.5
200.159
213.16
225.343
236.525
246.799
256.171
264.319
271.282
277.273
282.18
286.135
289.216
291.399
292.79
293.328
293.467
293.683
293.857
293.941
293.939
293.882
293.798
293.888
294.094
293.956
293.234
292.122
290.983
290.042
289.839
290.509
291.234
291.592
291.674
291.604
291.525
2.02577e-006
1.38846e-005
7.663e-005
0.000399241
0.00190448
0.00844935
0.0342256
0.127117
0.42297
1.23438
3.15374
7.11263
14.1717
24.9181
39.0814
55.444
72.8873
90.4148
107.759
124.568
141.021
156.74
171.878
186.44
200.091
213.085
225.262
236.436
246.703
256.068
264.207
271.164
277.155
282.071
286.049
289.176
291.434
292.911
293.526
293.762
294.021
294.175
294.254
294.259
294.256
294.305
294.435
294.561
294.394
293.738
292.569
291.266
290.322
290.32
291.036
291.463
291.533
291.503
291.445
291.42
287.928
289.756
293.271
297.781
301.923
305.237
307.909
310.44
313.242
316.495
320.172
324.182
328.448
333.037
338.185
344.243
351.577
360.09
367.613
367.625
287.186
288.805
292.1
296.602
300.789
304.039
306.672
309.201
311.97
315.134
318.683
322.543
326.725
331.301
336.393
342.241
349.154
357.473
367.272
375.781
286.917
288.434
291.587
296.008
300.128
303.31
305.955
308.532
311.332
314.494
318.03
321.835
325.875
330.276
335.197
340.829
347.395
355.112
364.44
374.392
288.108
289.545
292.498
296.642
300.526
303.578
306.211
308.788
311.525
314.556
317.915
321.592
325.577
329.9
334.675
340.055
346.198
353.237
361.497
370.361
289.233
290.63
293.492
297.395
301.034
304.051
306.763
309.421
312.182
315.173
318.443
321.978
325.783
329.919
334.463
339.532
345.21
351.593
358.906
366.518
290.208
291.555
294.31
298.06
301.558
304.517
307.245
309.909
312.6
315.45
318.564
321.962
325.628
329.602
333.936
338.703
343.951
349.736
356.218
362.817
290.436
291.735
294.359
298
301.468
304.385
307.067
309.694
312.325
315.078
318.062
321.318
324.852
328.677
332.814
337.299
342.162
347.429
353.222
359.027
291.363
292.582
295.063
298.58
301.974
304.795
307.365
309.892
312.412
315.035
317.885
321
324.386
328.039
331.953
336.136
340.597
345.354
350.503
355.59
291.764
292.938
295.308
298.678
301.888
304.544
307.003
309.41
311.83
314.369
317.115
320.1
323.334
326.8
330.477
334.359
338.451
342.766
347.383
351.905
291.65
292.809
295.119
298.381
301.435
303.943
306.316
308.664
311.043
313.541
316.218
319.091
322.173
325.453
328.906
332.522
336.298
340.236
344.4
348.434
291.498
292.615
294.84
297.955
300.826
303.151
305.35
307.589
309.914
312.343
314.913
317.629
320.519
323.586
326.81
330.18
333.684
337.31
341.104
344.754
291.628
292.695
294.805
297.8
300.586
302.801
304.878
306.988
309.185
311.508
313.967
316.534
319.241
322.102
325.106
328.243
331.488
334.812
338.247
341.517
291.344
292.335
294.302
297.149
299.821
301.9
303.811
305.759
307.817
310.011
312.34
314.766
317.31
319.993
322.807
325.74
328.765
331.839
334.981
337.951
291.376
292.299
294.134
296.82
299.381
301.379
303.172
304.958
306.848
308.895
311.095
313.397
315.8
318.312
320.929
323.651
326.446
329.262
332.111
334.782
291.398
292.258
293.953
296.432
298.812
300.659
302.289
303.904
305.62
307.505
309.56
311.723
313.968
316.298
318.712
321.22
323.793
326.374
328.97
331.397
291.197
292.005
293.622
296.001
298.249
299.905
301.332
302.79
304.381
306.15
308.084
310.12
312.212
314.367
316.596
318.906
321.276
323.65
326.023
328.228
291.187
291.936
293.429
295.555
297.541
299.072
300.411
301.742
303.176
304.784
306.56
308.433
310.345
312.305
314.335
316.453
318.631
320.809
322.977
324.984
291.062
291.701
292.954
294.882
296.862
298.394
299.647
300.84
302.109
303.545
305.152
306.857
308.606
310.385
312.23
314.169
316.157
318.14
320.108
321.923
291.071
291.695
292.747
294.346
296.147
297.66
298.908
300.032
301.146
302.384
303.78
305.281
306.841
308.444
310.113
311.864
313.653
315.441
317.22
318.865
290.953
291.522
292.473
293.934
295.619
297.015
298.085
299.001
299.948
301.054
302.327
303.698
305.114
306.56
308.065
309.638
311.241
312.844
314.44
315.919
290.955
291.483
292.326
293.56
294.93
296.226
297.436
298.348
299.112
300
301.065
302.24
303.462
304.718
306.03
307.406
308.817
310.242
311.672
313.007
290.909
291.42
292.197
293.324
294.509
295.655
296.793
297.56
298.169
298.941
299.891
300.919
301.965
303.034
304.157
305.347
306.581
307.836
309.1
310.286
290.905
291.367
292.094
293.018
293.994
295
296.078
296.884
297.392
297.974
298.709
299.526
300.373
301.256
302.2
303.214
304.283
305.386
306.507
307.564
290.78
291.159
291.781
292.744
293.788
294.733
295.632
296.266
296.696
297.172
297.763
298.419
299.104
299.822
300.597
301.439
302.332
303.254
304.194
305.086
290.823
291.117
291.702
292.556
293.412
294.236
295.094
295.713
296.052
296.405
296.859
297.37
297.907
298.473
299.087
299.754
300.464
301.202
301.958
302.691
290.635
290.904
291.484
292.365
293.291
294.124
294.767
295.168
295.494
295.855
296.257
296.675
297.093
297.527
297.994
298.5
299.043
299.609
300.196
300.761
290.867
291.196
291.764
292.436
293.219
294
294.515
294.843
295.137
295.443
295.767
296.096
296.417
296.739
297.084
297.473
297.917
298.399
298.918
299.415
290.81
291.106
291.601
292.314
293.231
294.044
294.505
294.727
294.869
295.028
295.253
295.529
295.809
296.063
296.291
296.514
296.759
297.035
297.342
297.653
290.958
291.264
291.797
292.416
293.107
293.882
294.464
294.774
294.955
295.076
295.19
295.332
295.494
295.648
295.776
295.881
295.996
296.162
296.383
296.643
290.983
291.283
291.754
292.397
293.249
294.045
294.473
294.622
294.75
294.925
295.086
295.225
295.353
295.43
295.479
295.539
295.599
295.66
295.752
295.881
291.222
291.44
291.936
292.772
293.603
294.15
294.59
295.005
295.198
295.155
295.062
295.021
295.029
295.065
295.108
295.16
295.228
295.313
295.419
295.5
291.317
291.61
292.099
292.795
293.57
294.127
294.506
294.836
295.063
295.146
295.15
295.194
295.267
295.318
295.34
295.339
295.32
295.28
295.237
295.216
291.57
291.863
292.301
292.905
293.739
294.439
294.712
294.824
294.973
295.135
295.286
295.419
295.497
295.479
295.437
295.416
295.383
295.326
295.254
295.214
291.711
291.959
292.36
292.975
293.8
294.444
294.679
294.787
294.946
295.129
295.294
295.435
295.533
295.519
295.458
295.427
295.398
295.358
295.309
295.263
291.887
292.13
292.513
293.078
293.856
294.534
294.848
295.051
295.265
295.385
295.422
295.428
295.43
295.414
295.375
295.327
295.29
295.268
295.262
295.278
291.945
292.213
292.656
293.194
293.831
294.492
294.932
295.129
295.232
295.309
295.374
295.42
295.436
295.427
295.41
295.398
295.388
295.375
295.355
295.33
292.033
292.281
292.703
293.34
294.097
294.607
294.941
295.252
295.418
295.494
295.552
295.593
295.59
295.544
295.494
295.469
295.456
295.456
295.435
295.368
292.036
292.242
292.695
293.381
294.013
294.562
295.02
295.253
295.384
295.491
295.589
295.669
295.717
295.736
295.745
295.76
295.784
295.798
295.788
295.754
292.093
292.338
292.804
293.385
294.018
294.665
295.103
295.317
295.464
295.572
295.629
295.638
295.619
295.614
295.64
295.69
295.755
295.815
295.877
295.94
292.117
292.346
292.738
293.309
294.059
294.745
295.151
295.354
295.486
295.605
295.713
295.805
295.875
295.92
295.937
295.934
295.923
295.914
295.909
295.898
292.171
292.402
292.83
293.427
294.197
294.929
295.31
295.413
295.457
295.532
295.633
295.721
295.784
295.812
295.795
295.776
295.795
295.828
295.87
295.901
292.167
292.388
292.872
293.546
294.18
294.665
295.01
295.25
295.404
295.519
295.635
295.741
295.803
295.81
295.783
295.756
295.747
295.762
295.795
295.82
292.16
292.398
292.901
293.54
294.099
294.568
294.909
295.097
295.233
295.381
295.518
295.604
295.629
295.631
295.66
295.728
295.808
295.872
295.912
295.938
292.218
292.476
292.932
293.507
294.11
294.629
294.896
295.039
295.234
295.403
295.491
295.517
295.535
295.577
295.635
295.688
295.72
295.729
295.721
295.695
292.184
292.411
292.822
293.408
293.982
294.321
294.505
294.694
294.899
295.088
295.265
295.363
295.307
295.232
295.221
295.216
295.2
295.173
295.134
295.088
292.21
292.405
292.749
293.239
293.73
294.057
294.218
294.308
294.411
294.506
294.577
294.643
294.661
294.59
294.527
294.514
294.507
294.48
294.417
294.316
292.33
292.7
293.1
293.442
293.772
294.031
294.212
294.361
294.482
294.568
294.625
294.661
294.687
294.71
294.724
294.729
294.736
294.721
294.676
294.634
292.066
292.519
293.304
294.144
294.539
294.577
294.609
294.685
294.798
294.91
294.995
295.047
295.091
295.137
295.176
295.205
295.22
295.221
295.201
295.159
291.578
291.805
292.358
293.23
294.057
294.586
294.896
295.093
295.23
295.336
295.431
295.519
295.599
295.674
295.746
295.811
295.861
295.898
295.921
295.928
291.506
291.776
292.232
292.724
293.267
293.745
293.981
294.112
294.19
294.253
294.366
294.535
294.743
294.965
295.174
295.357
295.546
295.739
295.862
295.888
118.62
120.889
126.694
135.609
149.476
167.479
185.646
203.409
221.193
239.439
258.32
276.451
287.061
266.888
164.061
30.0966
1.7706
0.814184
0.167163
0.0487236
0.00995542
0.00192062
0.000308561
4.25287e-005
4.90237e-006
4.80751e-007
3.99087e-008
2.82961e-009
1.7492e-010
9.87346e-012
112.117
114.231
120.414
130.569
144.653
161.945
179.139
195.088
210.084
224.617
239.013
253.854
265.436
257.254
175.228
41.4734
4.25825
0.817468
0.135566
0.0481903
0.00858167
0.00150854
0.000223265
3.01257e-005
3.43486e-006
3.40453e-007
2.87732e-008
2.10311e-009
1.35927e-010
8.61943e-012
115.599
116.663
120.547
128.722
141.886
158.703
175.827
191.787
206.427
220.349
232.937
245.274
254.863
249.509
178.857
48.1812
7.22548
1.14457
0.117661
0.0453264
0.0094091
0.00173051
0.000244127
3.10809e-005
3.40159e-006
3.28739e-007
2.73656e-008
1.98293e-009
1.27779e-010
6.90765e-012
117.514
117.652
119.735
126.725
139.624
156.545
173.701
189.553
203.855
217.509
229.448
240.462
248.239
245.85
189.64
62.5408
8.5949
1.62237
0.36924
0.0561518
0.00693443
0.00130297
0.000183932
2.34663e-005
2.48351e-006
2.41498e-007
2.0218e-008
1.49913e-009
9.93539e-011
7.52772e-012
122.719
122.458
123.072
127.87
139.576
156.13
172.938
188.271
202.166
215.774
227.863
238.614
244.664
241.057
192.45
79.5086
8.77863
1.0753
0.416131
0.0810509
0.01028
0.00125073
0.000164849
2.31229e-005
2.50606e-006
2.38749e-007
1.92199e-008
1.3863e-009
9.12752e-011
4.82776e-012
129.452
129.037
129.027
132.869
143.703
159.526
175.454
189.728
202.616
215.451
227.544
238.791
244.935
241.364
196.799
91.6053
12.7039
2.20242
0.190343
0.0594019
0.012655
0.00163376
0.000156793
1.74732e-005
1.77902e-006
1.75879e-007
1.44925e-008
1.07662e-009
7.20631e-011
7.12782e-012
140.02
139.817
139.938
142.751
151.64
166.113
180.933
193.547
204.629
215.989
227.545
238.788
244.978
242.05
202.7
98.0617
14.8384
4.29192
0.520933
0.0336365
0.0049022
0.00113931
0.000133185
1.43528e-005
1.46599e-006
1.59355e-007
1.32331e-008
9.79931e-010
6.59213e-011
3.43566e-012
154.433
154.408
154.744
157.096
164.304
176.645
189.894
200.506
209.022
218.097
228.431
239.26
245.695
243.199
210.359
110.79
15.8494
4.75107
0.834636
0.126002
0.00911662
0.000140564
7.77221e-005
1.21141e-005
1.13196e-006
1.18996e-007
9.77145e-009
7.64024e-010
5.11664e-011
5.05743e-012
172.95
173.083
173.602
175.554
180.74
190.483
201.635
210.02
215.443
221.422
229.719
239.424
245.654
243.614
215.474
132.853
24.2701
4.06901
0.711155
0.170275
0.0191889
0.00152909
5.14709e-005
5.97499e-006
6.73255e-007
9.494e-008
8.06298e-009
6.65889e-010
4.61426e-011
2.68228e-012
194.532
194.609
194.943
196.536
199.823
206.884
215.513
221.58
223.824
226.251
231.78
239.921
245.529
243.577
218.256
146.904
35.5986
5.03509
0.260626
0.148113
0.0200043
0.00232782
0.000141985
7.86438e-006
3.83188e-007
7.51975e-008
5.92773e-009
5.31623e-010
3.51068e-011
3.07866e-012
216.71
216.571
216.473
217.172
218.934
224.078
230.521
234.299
233.653
232.458
234.591
240.619
245.479
243.178
220.389
154.85
44.4235
7.56942
0.813938
0.121481
0.0122325
0.00247931
0.000190441
1.43318e-005
5.57449e-007
6.88637e-008
4.64056e-009
4.60646e-010
3.13497e-011
2.9445e-012
237.811
237.549
237.065
236.875
237.694
240.973
245.602
247.34
244.315
239.93
238.56
241.955
245.828
242.839
222.128
163.048
51.9573
9.45062
1.5625
0.176846
0.00301744
0.00208649
0.000155129
1.67109e-005
6.69725e-007
6.92313e-008
3.44068e-009
3.95939e-010
2.32357e-011
2.80097e-012
257.25
256.897
256.058
255.066
254.706
256.57
259.787
259.784
255.084
248.176
243.554
244.068
246.655
242.818
223.236
172.212
60.3375
9.83129
2.07974
0.254225
0.0196664
0.00208744
6.92916e-005
1.76575e-005
7.3094e-007
7.95641e-008
2.89981e-009
3.67587e-010
2.04196e-011
2.86977e-012
274.544
274.125
272.994
271.197
269.796
270.666
272.468
271.066
265.298
256.617
249.231
246.878
247.888
243.17
224.016
181.661
72.4448
9.9636
2.31832
0.294854
0.0337022
0.0027667
6.29954e-005
1.74716e-005
4.72901e-007
8.58013e-008
2.01232e-009
3.5126e-010
1.44484e-011
4.16739e-012
289.711
289.258
287.926
285.567
283.412
283.174
283.514
281.032
274.61
264.825
255.249
250.189
249.514
243.915
224.826
190.098
89.2346
12.2748
2.41906
0.282724
0.0431105
0.00339098
0.00018853
1.88891e-005
2.58685e-007
9.44387e-008
1.45883e-009
3.56877e-010
1.23209e-011
1.16781e-012
303.052
302.621
301.216
298.47
295.499
293.995
292.93
289.655
282.814
272.473
261.317
253.81
251.343
244.959
225.937
196.588
108.067
17.0159
2.68869
0.237492
0.0489196
0.00368024
0.000299901
2.12693e-005
5.96367e-007
1.03683e-007
1.17303e-009
3.79645e-010
6.89491e-012
3.90329e-012
314.791
314.392
312.923
309.848
305.93
303.008
300.916
297.103
289.968
279.391
267.209
257.624
253.182
245.976
227.43
201.271
124.562
22.852
3.29231
0.257778
0.052528
0.00359055
0.000395354
2.38811e-005
1.13658e-006
1.16575e-007
2.34834e-009
4.14574e-010
4.03587e-012
9.69975e-013
324.982
324.597
323.041
319.652
314.779
310.648
307.771
303.697
296.3
285.567
272.857
261.606
255.014
246.796
229.059
204.832
136.792
29.0298
4.06593
0.394458
0.0576931
0.00343389
0.000484886
2.71862e-005
1.7433e-006
1.3527e-007
4.18963e-009
4.70755e-010
6.13133e-012
1.4371e-012
333.741
333.353
331.692
327.904
322.059
317.075
313.773
309.57
302.004
291.125
278.206
265.708
256.854
247.513
230.465
207.639
145.872
35.1871
4.83854
0.57284
0.0667653
0.00407727
0.000570045
3.15768e-005
2.39834e-006
1.60141e-007
6.44198e-009
5.44695e-010
9.97369e-012
1.49674e-012
341.125
340.693
338.89
334.601
328.087
322.703
319.091
314.764
307.122
296.138
283.183
269.843
258.713
248.216
231.581
209.87
153.507
41.2539
5.53819
0.764045
0.0777418
0.00572116
0.000666672
3.85175e-005
3.11766e-006
1.92761e-007
9.11111e-009
6.45432e-010
1.77453e-011
2.29791e-012
347.274
346.785
344.857
340.249
333.474
327.749
323.868
319.456
311.715
300.643
287.735
273.859
260.666
248.796
232.674
211.731
160.383
47.5624
6.19986
0.958761
0.0893981
0.00786927
0.000778081
4.86497e-005
3.92059e-006
2.34926e-007
1.2214e-008
7.71361e-010
2.51327e-011
1.60004e-012
352.63
352.122
350.131
345.343
338.354
332.402
328.356
323.642
315.796
304.664
291.834
277.491
262.866
249.345
233.58
213.422
166.563
54.9846
6.98366
1.15101
0.102175
0.0103106
0.000911414
6.1784e-005
4.83462e-006
2.88144e-007
1.58092e-008
9.30592e-010
3.54449e-011
2.81463e-012
357.484
356.963
354.911
349.957
342.733
336.505
332.331
327.495
319.439
308.217
295.411
280.646
265.285
250.169
234.08
215.047
172.205
63.805
8.12366
1.33822
0.116659
0.0129675
0.00107002
7.79025e-005
5.88119e-006
3.5341e-007
1.99549e-008
1.12222e-009
4.59665e-011
2.2547e-012
361.886
361.352
359.229
354.111
346.633
340.264
336.039
330.985
322.71
311.349
298.352
283.449
267.708
251.235
234.484
216.66
177.313
72.738
9.6769
1.52844
0.133662
0.0158291
0.00125493
9.68051e-005
7.0896e-006
4.31912e-007
2.47248e-008
1.35361e-009
5.86344e-011
3.00328e-012
365.899
365.342
363.141
357.863
350.169
343.728
339.533
334.258
325.642
314.096
300.702
285.927
270.076
252.373
235.236
218.288
181.86
81.6224
11.6087
1.73601
0.155397
0.0188466
0.00147258
0.000118353
8.47954e-006
5.24215e-007
3.01912e-008
1.6236e-009
7.22925e-011
3.47356e-012
369.575
368.992
366.703
361.283
353.429
347.047
342.891
337.307
328.263
316.421
302.623
288.078
272.336
253.482
236.619
220.003
185.948
90.3788
13.8534
1.96377
0.183882
0.022074
0.00173092
0.000142695
1.0081e-005
6.31358e-007
3.64313e-008
1.9401e-009
8.8011e-011
4.37054e-012
372.933
372.321
369.946
364.403
356.522
350.367
346.134
340.059
330.609
318.265
304.24
289.987
274.372
254.499
238.572
221.836
189.607
98.8584
16.3517
2.20623
0.217985
0.0255637
0.00203255
0.000169814
1.19126e-005
7.53823e-007
4.3514e-008
2.30026e-009
1.05308e-010
4.76572e-012
375.988
375.356
372.917
367.288
359.626
353.764
349.245
342.564
332.666
319.668
305.628
291.758
276.1
255.489
240.824
223.755
192.882
106.768
19.0593
2.47287
0.257109
0.0293996
0.00238112
0.000200106
1.39992e-005
8.92716e-007
5.15099e-008
2.7117e-009
1.24948e-010
6.17083e-012
378.816
378.189
375.734
370.168
362.859
357.152
352.153
344.838
334.277
320.765
306.956
293.418
277.447
256.614
243.015
225.715
195.872
113.991
21.9097
2.76683
0.301542
0.0335508
0.0027768
0.000233571
1.6351e-005
1.04853e-006
6.04706e-008
3.17186e-009
1.46298e-010
6.56107e-012
381.611
381.029
378.613
373.158
366.15
360.393
354.782
346.849
335.308
321.737
308.381
295.009
278.379
258.034
245.031
227.674
198.662
120.623
24.8711
3.08522
0.351332
0.0380882
0.00322494
0.000270589
1.89929e-005
1.22237e-006
7.04565e-008
3.68675e-009
1.70827e-010
8.29171e-012
384.439
383.911
381.491
376.127
369.369
363.376
357.122
348.274
335.926
322.785
309.944
296.613
278.863
259.946
246.946
229.621
201.304
126.74
27.9129
3.43048
0.405239
0.0430339
0.00372211
0.000311137
2.1927e-005
1.41452e-006
8.14999e-008
4.25428e-009
1.96949e-010
8.80192e-012
387.183
386.704
384.265
379.007
372.414
366.078
359.011
348.831
336.568
324.04
311.555
298.268
278.918
262.464
248.751
231.555
203.832
132.379
31.0251
3.80881
0.463424
0.0484783
0.00427273
0.00035572
2.51769e-005
1.62613e-006
9.3649e-008
4.8787e-009
2.26439e-010
1.06571e-011
389.86
389.456
386.977
381.792
375.24
368.336
359.833
348.97
337.454
325.556
313.244
299.759
278.827
265.119
250.419
233.459
206.276
137.6
34.1857
4.22038
0.525207
0.0543869
0.00487145
0.000404169
2.87338e-005
1.85712e-006
1.06913e-007
5.55717e-009
2.56989e-010
1.1284e-011
392.533
392.176
389.591
384.42
377.566
369.276
359.649
349.485
338.597
327.248
315.157
300.7
279.311
267.23
251.925
235.306
208.659
142.471
37.3882
4.66973
0.59091
0.0608762
0.00552462
0.000457086
3.26242e-005
2.10872e-006
1.21329e-007
6.29335e-009
2.91202e-010
1.30234e-011
395.049
394.638
391.864
386.285
378.171
368.674
359.733
350.462
339.974
329.005
317.158
300.856
281.159
268.89
253.275
237.061
210.995
147.036
40.618
5.15873
0.659828
0.0678653
0.0062239
0.000514081
3.68261e-005
2.38026e-006
1.36879e-007
7.08356e-009
3.26675e-010
1.46829e-011
396.304
395.658
392.334
385.8
376.88
368.33
360.606
351.696
341.543
330.873
318.935
300.283
284.381
270.41
254.492
238.687
213.291
151.314
43.8797
5.68795
0.732939
0.075483
0.0069801
0.0005759
4.13747e-005
2.67316e-006
1.53596e-007
7.9303e-009
3.65267e-010
1.62073e-011
395.351
394.347
390.69
384.135
376.155
369.045
361.904
353.048
343.206
332.856
320.163
299.571
287.803
271.838
255.596
240.153
215.548
155.315
47.1841
6.2576
0.809281
0.083589
0.00778058
0.000641786
4.62297e-005
2.98587e-006
1.71423e-007
8.82971e-009
4.05364e-010
1.8161e-011
394.189
393.092
389.629
383.606
376.746
370.405
363.333
354.445
344.921
334.819
320.558
300.001
290.233
273.175
256.623
241.438
217.764
159.053
50.5423
6.86739
0.890237
0.092362
0.00864187
0.000712794
5.14429e-005
3.32037e-006
1.90408e-007
9.78296e-009
4.48161e-010
1.9209e-011
394.155
393.039
389.697
384.157
378.144
372.03
364.741
355.9
346.75
336.625
320.003
302.3
291.905
274.428
257.604
242.542
219.925
162.558
53.9842
7.51789
0.974413
0.101577
0.00954398
0.000787622
5.69454e-005
3.6737e-006
2.10438e-007
1.07852e-008
4.92746e-010
2.14421e-011
394.797
393.644
390.383
385.335
379.87
373.698
366.107
357.423
348.678
338.074
318.735
305.763
293.287
275.617
258.553
243.487
222.002
165.884
57.4898
8.20717
1.0636
0.111503
0.0105122
0.000867895
6.2819e-005
4.04905e-006
2.31598e-007
1.18374e-008
5.39192e-010
2.24404e-011
395.731
394.547
391.357
386.783
381.71
375.338
367.452
359.086
350.722
338.761
317.772
308.75
294.487
276.745
259.478
244.311
223.943
169.101
61.0318
8.93687
1.15577
0.121792
0.0115145
0.000951455
6.89476e-005
4.44126e-006
2.53689e-007
1.29329e-008
5.87429e-010
2.45075e-011
396.774
395.576
392.478
388.329
383.564
376.936
368.84
360.953
352.813
338.345
318.608
310.574
295.541
277.8
260.39
245.058
225.685
172.27
64.5519
9.69899
1.25331
0.132861
0.0125903
0.00104092
7.54675e-005
4.8559e-006
2.76885e-007
1.40745e-008
6.37064e-010
2.56857e-011
397.876
396.699
393.759
389.983
385.355
378.449
370.416
363.156
354.612
336.729
321.47
311.802
296.499
278.781
261.289
245.761
227.176
175.443
68.0612
10.4994
1.3534
0.144167
0.0136885
0.00113275
8.21838e-005
5.28408e-006
3.00836e-007
1.52507e-008
6.87916e-010
2.79733e-011
399.068
397.954
395.237
391.765
387.059
379.921
372.345
365.747
355.676
334.389
324.783
312.803
297.366
279.704
262.165
246.444
228.408
178.655
71.5011
11.3212
1.45931
0.156364
0.0148718
0.00123124
8.93294e-005
5.73592e-006
3.25896e-007
1.647e-008
7.40261e-010
2.94607e-011
400.386
399.355
396.892
393.652
388.775
381.638
374.794
368.329
355.384
333.659
326.984
313.652
298.128
280.577
263.011
247.123
229.401
181.889
74.9254
12.1825
1.56717
0.168606
0.0160585
0.0013306
9.65757e-005
6.19597e-006
3.51446e-007
1.77118e-008
7.92848e-010
3.16009e-011
401.88
400.931
398.709
395.645
390.632
383.848
377.804
370.528
353.165
336.032
328.316
314.41
298.826
281.405
263.83
247.805
230.209
185.06
78.2685
13.0475
1.68156
0.181918
0.017349
0.00143797
0.000104326
6.68279e-006
3.78189e-007
1.89974e-008
8.47038e-010
3.31685e-011
403.762
402.845
400.766
397.803
392.812
386.693
381.069
371.703
349.226
339.533
329.315
315.126
299.521
282.205
264.629
248.494
230.898
188.019
81.6703
13.964
1.79703
0.19498
0.0186131
0.00154382
0.000112022
7.16927e-006
4.05014e-007
2.02878e-008
9.01097e-010
3.54574e-011
406.568
405.52
403.294
400.247
395.328
389.72
383.761
370.721
347.737
341.884
330.116
315.786
300.236
282.985
265.412
249.181
231.487
190.537
85.1479
14.8563
1.92027
0.209411
0.0200125
0.00166005
0.000120368
7.68948e-006
4.33292e-007
2.16289e-008
9.56443e-010
3.6919e-011
410.933
409.337
406.723
403.62
398.881
393.803
387.344
366.113
350.859
343.17
330.733
316.354
300.901
283.705
266.144
249.842
232.014
192.484
89.0008
15.8592
2.04288
0.22315
0.0213392
0.00177097
0.000128407
8.19535e-006
4.60992e-007
2.29481e-008
1.01116e-009
3.93076e-011
417.416
413.95
411.606
408.987
404.787
398.276
383.11
361.185
354.545
343.791
331.027
316.721
301.378
284.294
266.77
250.45
232.658
194.266
93.3873
16.8789
2.17799
0.238773
0.0228531
0.00189646
0.000137367
8.74934e-006
4.90756e-007
2.43383e-008
1.06751e-009
4.08717e-011
393.501
408.53
411.336
407.616
399.365
386.179
372.465
365.318
356.115
343.968
331.073
316.931
301.723
284.815
267.35
251.059
233.517
196.556
100.772
19.5854
2.53526
0.279106
0.0267242
0.00221776
0.000160495
1.01944e-005
5.69241e-007
2.80394e-008
1.21847e-009
4.65524e-011
389.846
399.572
400.804
397.39
392.851
386.539
377.419
366.346
354.794
342.615
330.157
316.565
301.77
285.32
268.15
251.998
234.453
197.875
103.634
20.0221
2.53078
0.275903
0.0265369
0.00221411
0.000161697
1.03951e-005
5.88649e-007
2.94768e-008
1.30508e-009
5.0247e-011
388.064
396.525
398.941
397.578
394.57
388.623
378.548
365.991
353.309
341.232
329.457
316.506
302.124
286.04
269.159
253.098
235.589
200.352
110.367
22.4778
2.84596
0.31031
0.0298506
0.0024878
0.000181609
1.16653e-005
6.5993e-007
3.30176e-008
1.46139e-009
5.58146e-011
382.669
391.451
395.517
394.892
392.229
387.482
378.741
365.974
352.196
339.59
328.546
316.351
302.418
286.689
270.115
254.161
236.693
202.528
115.042
24.2855
3.05861
0.333404
0.0321363
0.00268364
0.000196568
1.26746e-005
7.19926e-007
3.61754e-008
1.60833e-009
6.16712e-011
377.074
385.248
390.266
390.648
388.309
384.487
377.721
366.156
351.763
338.105
327.419
316.129
302.689
287.326
271.069
255.233
237.848
204.972
120.414
26.5943
3.34064
0.364373
0.0351236
0.00293298
0.000215036
1.38782e-005
7.89152e-007
3.97096e-008
1.76926e-009
6.73811e-011
371.877
379.206
384.548
385.945
384
380.68
375.276
365.853
351.857
337.182
326.091
315.793
302.926
287.961
272.033
256.33
239.039
207.347
125.368
28.9867
3.63873
0.397709
0.0383449
0.00320244
0.000235046
1.51813e-005
8.63971e-007
4.35137e-008
1.94053e-009
7.47134e-011
366.967
373.53
378.776
381.003
379.63
376.539
371.986
364.462
352.07
336.96
324.935
315.266
303.106
288.592
273.012
257.475
240.323
209.806
130.355
31.5812
3.96721
0.434752
0.0419064
0.00349921
0.000257019
1.66044e-005
9.45249e-007
4.76215e-008
2.12533e-009
8.12069e-011
362.517
368.29
373.209
375.96
375.206
372.304
368.293
362.018
351.727
337.179
324.268
314.694
303.238
289.207
273.993
258.656
241.674
212.281
135.292
34.3526
4.3259
0.475598
0.0458186
0.00382428
0.000281024
1.81517e-005
1.03323e-006
5.20445e-008
2.3213e-009
8.96815e-011
358.07
363.244
367.827
370.824
370.733
368.147
364.403
358.935
350.438
337.508
324.041
314.178
303.318
289.79
274.964
259.88
243.11
214.76
140.173
37.301
4.71624
0.52045
0.0500967
0.00417876
0.000307117
1.98255e-005
1.12797e-006
5.67812e-008
2.53209e-009
9.63852e-011
353.909
358.511
362.688
365.709
366.194
364.079
360.512
355.571
348.296
337.393
324.097
313.735
303.365
290.343
275.926
261.135
244.627
217.257
144.995
40.4204
5.13955
0.569499
0.0547527
0.00456339
0.000335315
2.16245e-005
1.2293e-006
6.18191e-008
2.75247e-009
1.06416e-010
349.702
353.878
357.728
360.711
361.64
360.072
356.719
352.106
345.654
336.522
324.283
313.372
303.392
290.886
276.881
262.41
246.216
219.77
149.751
43.7021
5.59703
0.622914
0.059794
0.0049784
0.000365582
2.35432e-005
1.33675e-006
6.7126e-008
2.98618e-009
1.13583e-010
345.915
349.622
353.085
355.917
357.081
356.09
353.099
348.661
342.785
334.975
324.376
313.237
303.41
291.454
277.825
263.668
247.85
222.318
154.46
47.143
6.08962
0.680812
0.0652212
0.00542334
0.000397821
2.55719e-005
1.44957e-006
7.26584e-008
3.22483e-009
1.24663e-010
341.941
345.322
348.522
351.241
352.564
352.076
349.579
345.299
339.808
332.903
323.946
313.29
303.384
292.026
278.796
264.949
249.526
224.881
159.103
50.7258
6.61731
0.743197
0.0710247
0.00589682
0.000431854
2.76949e-005
1.56667e-006
7.83486e-008
3.47135e-009
1.31714e-010
338.352
341.381
344.273
346.799
348.162
348.011
346.125
342.133
336.845
330.591
322.917
313.321
303.414
292.589
279.791
266.25
251.232
227.463
163.7
54.4441
7.17942
0.80994
0.0771809
0.00639626
0.000467406
2.98907e-005
1.68659e-006
8.41193e-008
3.71568e-009
1.42965e-010
334.644
337.416
340.08
342.455
343.845
343.95
342.639
339.073
333.947
328.2
321.493
313.112
303.505
293.094
280.806
267.589
252.972
230.059
168.256
58.3125
7.77533
0.880718
0.0836479
0.00691751
0.000504087
3.21302e-005
1.80748e-006
8.98648e-008
3.95933e-009
1.49602e-010
331.168
333.68
336.104
338.292
339.656
339.95
339.128
336.087
331.172
325.799
319.822
312.558
303.618
293.53
281.803
268.944
254.72
232.642
172.789
62.3489
8.40523
0.954999
0.0903603
0.00745448
0.000541375
3.43771e-005
1.92711e-006
9.54774e-008
4.19074e-009
1.60294e-010
327.658
329.951
332.185
334.23
335.582
336.04
335.607
333.107
328.541
323.451
318.035
311.668
303.655
294.005
282.777
270.305
256.455
235.165
177.27
66.6166
9.07185
1.03203
0.0972272
0.00799883
0.000578598
3.6587e-005
2.04294e-006
1.00823e-007
4.41069e-009
1.65807e-010
324.342
326.426
328.469
330.352
331.647
332.208
332.07
330.054
326.035
321.318
316.228
310.534
303.463
294.488
283.74
271.667
258.174
237.598
181.634
71.2284
9.78526
1.11092
0.104135
0.00853985
0.000614947
3.8709e-005
2.15215e-006
1.05781e-007
4.60794e-009
1.74841e-010
321.067
322.975
324.856
326.604
327.863
328.515
328.599
326.987
323.536
319.383
314.6
309.334
303.063
294.919
284.728
273.075
259.939
239.99
185.833
75.9812
10.5518
1.19086
0.110962
0.00906544
0.000649509
4.06868e-005
2.25186e-006
1.10212e-007
4.78336e-009
1.791e-010
317.908
319.643
321.36
322.969
324.17
324.857
325.086
323.827
320.925
317.398
313.054
308.188
302.514
295.148
285.666
274.488
261.735
242.374
189.873
80.6596
11.3566
1.27084
0.117576
0.00956338
0.000681344
4.2464e-005
2.3393e-006
1.14016e-007
4.92773e-009
1.86292e-010
314.824
316.425
318.022
319.531
320.693
321.4
321.723
320.76
318.362
315.41
311.57
307.186
302.068
295.377
286.63
275.945
263.562
244.787
193.823
85.1874
12.1799
1.34936
0.123835
0.0100215
0.000709569
4.39896e-005
2.41223e-006
1.17094e-007
5.04328e-009
1.88041e-010
311.915
313.377
314.855
316.259
317.347
318.023
318.36
317.614
315.642
313.195
309.917
306.073
301.49
295.49
287.562
277.432
265.392
247.204
197.649
89.4266
12.9835
1.42368
0.129545
0.010425
0.000733372
4.52222e-005
2.46933e-006
1.1943e-007
5.12893e-009
1.92317e-010
309.037
310.389
311.777
313.107
314.159
314.85
315.237
314.683
313.058
311.02
308.298
305.018
300.941
295.606
288.519
278.996
267.264
249.634
201.34
93.3542
13.7451
1.49047
0.134475
0.010757
0.000752037
4.6136e-005
2.51038e-006
1.21038e-007
5.18848e-009
1.94058e-010
306.337
307.529
308.788
310.026
311.046
311.767
312.231
311.861
310.509
308.728
306.394
303.606
300.137
295.59
289.42
280.612
269.22
252.052
204.823
96.9448
14.445
1.54675
0.13839
0.0110051
0.000765168
4.67466e-005
2.53716e-006
1.22085e-007
5.2291e-009
1.96418e-010
303.736
304.751
305.849
306.987
307.994
308.769
309.357
309.212
308.191
306.734
304.758
302.309
299.305
295.528
290.261
282.287
271.284
254.395
207.98
100.104
15.0467
1.59012
0.141074
0.0111622
0.000772542
4.70824e-005
2.55167e-006
1.22695e-007
5.25299e-009
1.97664e-010
301.562
302.329
303.17
304.093
304.982
305.749
306.397
306.456
305.716
304.584
303.082
301.129
298.489
295.257
290.94
283.892
273.329
256.694
211.009
102.846
15.5038
1.61941
0.142563
0.0112431
0.00077575
4.72619e-005
2.56049e-006
1.23179e-007
5.27749e-009
1.99308e-010
300.02
300.461
300.914
301.445
302.03
302.62
303.151
303.427
303.4
302.817
301.597
299.974
297.776
295.18
291.692
285.641
275.622
258.941
213.381
104.693
15.7487
1.62932
0.142718
0.011245
0.000775474
4.73224e-005
2.56591e-006
1.23565e-007
5.29573e-009
2.01689e-010
298.096
298.534
299.011
299.53
300.096
300.655
301.162
301.26
300.778
300.203
299.576
298.787
297.049
294.619
291.96
287.234
278.214
261.544
215.418
105.705
15.7918
1.62552
0.142422
0.0112348
0.000776149
4.74554e-005
2.57563e-006
1.24113e-007
5.32062e-009
2.00241e-010
296.875
297.056
297.41
297.743
298.022
298.341
298.738
299.024
298.839
298.361
297.824
297.453
296.425
294.508
292.444
288.793
280.937
264.386
216.728
105.196
15.5632
1.60697
0.141642
0.0112062
0.00077697
4.75975e-005
2.5847e-006
1.24542e-007
5.33576e-009
2.0369e-010
296.055
296.185
296.328
296.497
296.746
297.026
297.182
297.132
296.888
296.679
296.311
295.95
295.239
293.869
292.408
289.733
283.209
267.255
218.028
104.012
15.2602
1.59666
0.141849
0.0112438
0.000781324
4.78489e-005
2.59652e-006
1.24967e-007
5.34544e-009
1.98474e-010
295.601
295.689
295.723
295.765
295.848
295.99
296.18
296.21
295.957
295.622
295.251
294.964
294.517
293.61
292.41
290.135
284.435
269.248
219.239
103.129
15.0651
1.59461
0.142291
0.0112783
0.00078387
4.79354e-005
2.59864e-006
1.2489e-007
5.33934e-009
2.04425e-010
295.244
295.295
295.356
295.414
295.479
295.56
295.611
295.564
295.361
295.061
294.707
294.293
293.832
293.191
292.16
290.121
284.957
270.354
220.24
103.12
15.0607
1.60116
0.142907
0.0113142
0.000785454
4.79606e-005
2.59691e-006
1.24673e-007
5.3235e-009
1.95064e-010
295.227
295.24
295.236
295.234
295.254
295.29
295.314
295.28
295.111
294.816
294.456
294.04
293.584
293.015
292.086
290.086
285.038
270.788
221.099
103.713
15.1446
1.60901
0.143221
0.0113112
0.00078398
4.77999e-005
2.58671e-006
1.2411e-007
5.29997e-009
2.03008e-010
295.223
295.202
295.179
295.144
295.11
295.086
295.073
295.03
294.886
294.62
294.259
293.845
293.409
292.908
292.028
289.847
284.519
270.505
221.796
104.87
15.2987
1.61414
0.142841
0.0112571
0.000778622
4.74677e-005
2.56867e-006
1.23337e-007
5.26986e-009
1.91764e-010
295.272
295.226
295.178
295.11
295.018
294.902
294.837
294.83
294.695
294.433
294.148
293.824
293.442
292.943
292.042
289.834
284.461
270.518
222.254
105.551
15.3516
1.61062
0.142048
0.0111852
0.000773162
4.71557e-005
2.55269e-006
1.22613e-007
5.24006e-009
2.01001e-010
295.27
295.17
295.03
294.852
294.646
294.443
294.286
294.207
294.127
294.005
293.874
293.717
293.505
293.097
292.159
289.891
284.543
270.649
222.245
105.298
15.2682
1.60453
0.141383
0.0111239
0.000768016
4.67981e-005
2.53105e-006
1.21517e-007
5.19211e-009
1.88258e-010
295.259
295.146
295.001
294.827
294.641
294.425
294.184
293.971
293.805
293.683
293.595
293.503
293.321
292.989
292.214
290.095
284.813
270.788
222.108
104.94
15.1949
1.59926
0.140844
0.0110702
0.000764067
4.65085e-005
2.51525e-006
1.20621e-007
5.15001e-009
1.94269e-010
295.655
295.512
295.32
295.08
294.811
294.541
294.254
293.938
293.637
293.412
293.317
293.32
293.242
292.86
291.931
289.838
284.827
271.065
222.132
104.491
15.1096
1.58678
0.14009
0.0110082
0.000759838
4.61992e-005
2.49454e-006
1.19456e-007
5.09585e-009
1.82275e-010
295.939
295.84
295.678
295.47
295.23
294.949
294.637
294.281
293.842
293.417
293.127
293.011
292.957
292.684
291.813
289.751
284.911
271.257
221.947
103.869
15.0082
1.5822
0.139787
0.0109708
0.000756474
4.59054e-005
2.47565e-006
1.18378e-007
5.04238e-009
1.87828e-010
295.86
295.773
295.639
295.475
295.279
295.048
294.744
294.36
293.933
293.472
293.06
292.793
292.633
292.437
291.828
289.88
284.699
270.746
221.665
103.768
14.9131
1.56464
0.138055
0.0108342
0.000747616
4.54229e-005
2.45202e-006
1.17362e-007
5.00756e-009
1.80663e-010
295.898
295.851
295.755
295.601
295.388
295.153
294.879
294.515
294.074
293.597
293.1
292.629
292.232
291.886
291.336
289.618
284.637
270.639
221.42
103.708
14.8791
1.55733
0.13703
0.0107481
0.000741091
4.50366e-005
2.43068e-006
1.1633e-007
4.95282e-009
1.86206e-010
295.849
295.848
295.808
295.72
295.543
295.297
295.015
294.641
294.163
293.663
293.152
292.597
292.018
291.497
290.875
289.278
284.552
270.619
220.916
102.627
14.6366
1.54026
0.1357
0.0106449
0.000733549
4.45382e-005
2.39981e-006
1.1471e-007
4.88239e-009
1.77742e-010
295.946
295.907
295.8
295.647
295.481
295.27
295.004
294.672
294.245
293.725
293.121
292.457
291.757
291.051
290.296
288.857
284.53
270.739
220.485
101.918
14.5224
1.52782
0.134738
0.0105675
0.000727461
4.41292e-005
2.37371e-006
1.13389e-007
4.81582e-009
1.80321e-010
295.635
295.543
295.422
295.304
295.21
295.132
295.012
294.786
294.415
293.92
293.361
292.746
291.997
290.956
289.47
287.271
282.936
270.087
221.019
102.807
14.6348
1.52697
0.133343
0.0103832
0.000711047
4.30042e-005
2.31401e-006
1.10777e-007
4.72646e-009
1.72968e-010
295.013
294.927
294.815
294.686
294.561
294.462
294.387
294.301
294.08
293.755
293.455
293.151
292.732
291.889
290.111
286.973
281.691
268.967
221.069
103.04
14.5045
1.49772
0.130129
0.0101354
0.000697463
4.251e-005
2.31175e-006
1.11889e-007
4.83028e-009
1.8236e-010
294.172
294.098
294.108
294.202
294.303
294.352
294.311
294.171
293.894
293.493
293.075
292.78
292.637
292.389
291.362
288.465
282.389
268.425
218.987
99.7579
13.8281
1.44798
0.127822
0.0101128
0.00070639
4.36824e-005
2.40096e-006
1.17381e-007
5.09832e-009
1.90315e-010
294.53
294.42
294.32
294.211
294.118
294.067
294
293.854
293.592
293.227
292.917
292.747
292.578
292.295
291.606
289.385
283.447
268.314
216.999
97.541
13.7489
1.47551
0.132949
0.0106515
0.000752001
4.6835e-005
2.58683e-006
1.26929e-007
5.53e-009
2.08565e-010
295.099
295.022
294.902
294.71
294.464
294.289
294.161
293.882
293.414
292.904
292.478
292.179
291.838
291.325
290.546
288.61
283.199
268.151
216.782
98.0791
14.1664
1.54938
0.141471
0.0114127
0.000810432
5.05073e-005
2.7944e-006
1.36806e-007
5.95354e-009
2.21623e-010
295.873
295.707
295.41
295.034
294.624
294.238
293.872
293.467
292.992
292.434
291.79
291.074
290.328
289.525
288.57
286.816
282.031
267.736
217.951
101.627
15.0919
1.65752
0.151458
0.0122551
0.000868615
5.40853e-005
2.98283e-006
1.45592e-007
6.31297e-009
2.34489e-010
295.851
295.764
295.579
295.272
294.883
294.356
293.768
293.206
292.594
291.981
291.342
290.565
289.563
288.463
287.459
285.916
281.408
267.346
218.453
103.43
15.6445
1.72435
0.158084
0.0128005
0.0009073
5.63633e-005
3.10202e-006
1.50897e-007
6.51755e-009
2.42069e-010
)
;

boundaryField
{
    inlet
    {
        type            calculated;
        value           nonuniform List<scalar> 
100
(
2.7431e-006
2.72221e-006
2.69462e-006
2.66919e-006
2.64257e-006
2.61574e-006
2.58859e-006
2.56119e-006
2.53361e-006
2.5059e-006
2.47813e-006
2.45039e-006
2.42275e-006
2.39531e-006
2.36817e-006
2.34141e-006
2.31515e-006
2.2895e-006
2.26456e-006
2.24046e-006
2.21729e-006
2.19518e-006
2.17424e-006
2.15455e-006
2.13622e-006
2.11932e-006
2.10391e-006
2.09005e-006
2.07776e-006
2.06703e-006
2.05784e-006
2.05012e-006
2.04379e-006
2.03873e-006
2.03481e-006
2.03188e-006
2.02976e-006
2.02829e-006
2.02731e-006
2.02668e-006
2.0263e-006
2.02607e-006
2.02594e-006
2.02586e-006
2.02582e-006
2.02579e-006
2.02578e-006
2.02577e-006
2.02578e-006
2.02577e-006
3.87157e-006
3.81886e-006
3.80659e-006
3.76242e-006
3.73954e-006
3.70027e-006
3.67175e-006
3.6353e-006
3.60423e-006
3.56962e-006
3.53783e-006
3.5047e-006
3.47323e-006
3.44152e-006
3.41095e-006
3.3807e-006
3.35139e-006
3.32265e-006
3.29476e-006
3.26757e-006
3.2412e-006
3.21558e-006
3.19076e-006
3.1667e-006
3.14341e-006
3.12087e-006
3.09908e-006
3.07801e-006
3.05767e-006
3.03802e-006
3.01905e-006
3.00075e-006
2.9831e-006
2.96607e-006
2.94965e-006
2.93382e-006
2.91858e-006
2.90386e-006
2.88972e-006
2.87604e-006
2.86294e-006
2.85021e-006
2.83811e-006
2.82622e-006
2.81511e-006
2.80391e-006
2.79386e-006
2.78308e-006
2.77435e-006
2.76349e-006
)
;
    }
    outlet
    {
        type            calculated;
        value           nonuniform List<scalar> 
100
(
4.65524e-011
5.0247e-011
5.58146e-011
6.16712e-011
6.73811e-011
7.47134e-011
8.12069e-011
8.96815e-011
9.63852e-011
1.06416e-010
1.13583e-010
1.24663e-010
1.31714e-010
1.42965e-010
1.49602e-010
1.60294e-010
1.65807e-010
1.74841e-010
1.791e-010
1.86292e-010
1.88041e-010
1.92317e-010
1.94058e-010
1.96418e-010
1.97664e-010
1.99308e-010
2.01689e-010
2.00241e-010
2.0369e-010
1.98474e-010
2.04425e-010
1.95064e-010
2.03008e-010
1.91764e-010
2.01001e-010
1.88258e-010
1.94269e-010
1.82275e-010
1.87828e-010
1.80663e-010
1.86206e-010
1.77742e-010
1.80321e-010
1.72968e-010
1.8236e-010
1.90315e-010
2.08565e-010
2.21623e-010
2.34489e-010
2.42069e-010
9.87346e-012
8.61943e-012
6.90765e-012
7.52772e-012
4.82776e-012
7.12782e-012
3.43566e-012
5.05743e-012
2.68228e-012
3.07866e-012
2.9445e-012
2.80097e-012
2.86977e-012
4.16739e-012
1.16781e-012
3.90329e-012
9.69975e-013
1.4371e-012
1.49674e-012
2.29791e-012
1.60004e-012
2.81463e-012
2.2547e-012
3.00328e-012
3.47356e-012
4.37054e-012
4.76572e-012
6.17083e-012
6.56107e-012
8.29171e-012
8.80192e-012
1.06571e-011
1.1284e-011
1.30234e-011
1.46829e-011
1.62073e-011
1.8161e-011
1.9209e-011
2.14421e-011
2.24404e-011
2.45075e-011
2.56857e-011
2.79733e-011
2.94607e-011
3.16009e-011
3.31685e-011
3.54574e-011
3.6919e-011
3.93076e-011
4.08717e-011
)
;
    }
    bottom
    {
        type            symmetryPlane;
    }
    top
    {
        type            symmetryPlane;
    }
    obstacle
    {
        type            calculated;
        value           nonuniform List<scalar> 
120
(
326.907
295.633
294.478
286.925
285.379
283.036
283.803
283.75
284.86
285.107
285.752
285.857
286.308
286.737
287.56
288.41
289.472
290.475
291.48
292.352
293.157
293.831
294.364
294.708
294.844
294.768
294.467
293.978
293.325
292.579
291.785
291.003
290.273
289.622
289.058
288.604
288.273
288.074
287.994
288.014
288.097
288.215
288.342
288.46
288.557
288.621
288.647
288.628
288.56
288.432
118.62
112.117
115.599
117.514
122.719
129.452
140.02
154.433
172.95
194.532
216.71
237.811
257.25
274.544
289.711
303.052
314.791
324.982
333.741
341.125
347.274
352.63
357.484
361.886
365.899
369.575
372.933
375.988
378.816
381.611
384.439
387.183
389.86
392.533
395.049
396.304
395.351
394.189
394.155
394.797
395.731
396.774
397.876
399.068
400.386
401.88
403.762
406.568
410.933
417.416
287.928
289.756
293.271
297.781
301.923
305.237
307.909
310.44
313.242
316.495
320.172
324.182
328.448
333.037
338.185
344.243
351.577
360.09
367.613
367.625
)
;
    }
    defaultFaces
    {
        type            empty;
    }
}


// ************************************************************************* //
