/*--------------------------------*- C++ -*----------------------------------*\
| =========                 |                                                 |
| \\      /  F ield         | OpenFOAM: The Open Source CFD Toolbox           |
|  \\    /   O peration     | Version:  5.x                                   |
|   \\  /    A nd           | Web:      www.OpenFOAM.org                      |
|    \\/     M anipulation  |                                                 |
\*---------------------------------------------------------------------------*/
/*   Windows 32 and 64 bit porting by blueCAPE: http://www.bluecape.com.pt   *\
|  Based on Windows porting (2.0.x v4) by Symscape: http://www.symscape.com   |
\*---------------------------------------------------------------------------*/
FoamFile
{
    version     2.0;
    format      ascii;
    class       volScalarField;
    location    "0.006";
    object      p;
}
// * * * * * * * * * * * * * * * * * * * * * * * * * * * * * * * * * * * * * //

dimensions      [1 -1 -2 0 0 0 0];

internalField   nonuniform List<scalar> 
10000
(
100000
100000
99999.9
99999.7
99998.6
99994.1
99976.2
99914
99722.7
99229.7
98130.8
96030.4
92625.9
87996.5
82609.9
77022.7
71664.2
66670.8
62096.2
57913.1
54118.5
50683.5
47574.4
44793.8
42313.2
40111.2
38177.6
36498.6
35064.1
33879.6
32916.1
32143.3
31567.7
31135.9
30844.3
30656.3
30554.9
30511.6
30499.5
30499.8
30501.1
30504.4
30511.8
30526.7
30549.4
30544.5
30550.5
30564.7
30592.2
30618.9
30662.4
30718.1
30725.4
30726
30723.8
30718.7
30701.6
30690.1
30646.1
30657.6
100000
100000
99999.9
99999.7
99998.7
99994.3
99976.9
99916.7
99731
99251.6
98180.4
96125
92778.3
88205.7
82860.3
77294.9
71943.4
66949.6
62370.6
58180.1
54378.2
50933.1
47813.8
45020.9
42526.9
40310.9
38361.9
36665.8
35209.9
34006.4
33026
32232.2
31638.2
31193.9
30880.2
30675.5
30566.3
30519.7
30504.5
30503.8
30504.2
30506.3
30511.8
30525
30553.3
30549.8
30554.8
30566.1
30588.2
30633.9
30662.1
30665.7
30709.3
30720.3
30720.8
30716
30712.9
30709.4
30699.4
30663.8
100000
100000
99999.9
99999.7
99998.7
99994.3
99977
99917
99731.8
99253.5
98184.1
96131.4
92787.5
88215.9
82870.9
77304.3
71951.5
66955.8
62375.5
58186.2
54380.7
50938.4
47816.8
45023.1
42529.9
40313.5
38364
36668.1
35216
34009.1
33026.7
32233.9
31634.8
31191
30875.1
30683.9
30558.2
30517
30500.9
30500.5
30501.2
30503.9
30510.7
30524.9
30553.8
30550.9
30554.8
30566.2
30591.2
30626.1
30651.9
30692
30710.5
30723
30723.9
30720.7
30711.1
30695.4
30669.2
30634.3
100000
100000
99999.9
99999.7
99998.7
99994.4
99977.6
99919.2
99738.7
99271.9
98226.2
96212.8
92920.2
88400.9
83095
77550.5
72205.9
67211.8
62628.5
58431.6
54621.7
51168.1
48038.5
45233.7
42728.3
40499.3
38535.8
36825.6
35350.1
34129.8
33132
32320.6
31703.2
31251.7
30912.4
30706.2
30581.8
30532.5
30512.6
30505.3
30505.8
30508
30514.1
30527.7
30555.4
30551.7
30555.3
30565.3
30587.6
30628.5
30670.5
30688.9
30688.5
30711.8
30713.7
30712.4
30710.2
30684.8
30651.7
30617.1
100000
100000
99999.9
99999.7
99998.7
99994.5
99977.8
99919.8
99740.1
99275.2
98232.6
96224.2
92936.5
88419.1
83113.4
77567
72220.3
67223.1
62637.8
58442.8
54627.4
51178
48044.9
45239.6
42734
40504.1
38540.7
36828.7
35358.2
34129.1
33133.2
32320.4
31700.5
31246.3
30906.3
30705.2
30570.7
30522.7
30505.3
30498.1
30498.8
30501.6
30508.8
30523.8
30553
30548.8
30552.2
30561.4
30582.9
30627.9
30675.5
30703.7
30694.4
30686
30697.5
30696.6
30691
30662.6
30632.1
30607.1
100000
100000
99999.9
99999.7
99998.7
99994.6
99978.3
99921.6
99745.9
99290.7
98268.5
96294.3
93052.1
88582.9
83314.8
77790.6
72452.6
67458.3
62871.1
58668.3
54851.1
51389.8
48251.2
45435.7
42918.4
40677.5
38700.7
36977.9
35487.3
34252.3
33232.2
32406.9
31768.9
31311.9
30947.9
30734
30592.6
30536.6
30515
30501.7
30502
30503.6
30509
30522.3
30550.6
30548.8
30553
30562.6
30583
30629.2
30677.9
30700.7
30691.4
30681.3
30688
30687.9
30684.2
30672.9
30642
30620.1
100000
100000
99999.9
99999.7
99998.8
99994.6
99978.5
99922.2
99747.7
99294.9
98277
96309.4
93073.9
88607.6
83339.3
77812.2
72472.1
67473.6
62883.9
58683.2
54859.5
51402.9
48259.9
45442.8
42926.5
40684.6
38707.1
36981.1
35493
34246
33231.3
32403.9
31760.8
31296.7
30938.5
30731.7
30581.8
30527.4
30505.9
30492.5
30493
30495.2
30501.3
30514.9
30543
30542.2
30546.3
30555.9
30575.4
30618.3
30662.5
30689
30688.2
30686.9
30682.3
30680.2
30679
30674.4
30656.7
30629.3
100000
100000
99999.9
99999.7
99998.8
99994.7
99978.9
99923.8
99752.5
99308.1
98307.6
96370.1
93174.9
88752.5
83520.2
78015.9
72684.5
67690.2
63099.4
58891.1
55067.3
51598.3
48451.8
45626.8
43098.6
40846.7
38858.1
37122.6
35617.6
34367.8
33328.6
32489.7
31835.7
31369.5
30983.2
30762.6
30601.5
30538.9
30510.5
30495.5
30495.7
30496.9
30501.5
30513.3
30539.1
30539.1
30543.8
30555.2
30577.6
30608.7
30647.1
30682.6
30695.2
30704.2
30706.9
30685.7
30683
30680.9
30672.1
30652.7
100000
100000
100000
99999.7
99998.8
99994.8
99979.1
99924.5
99754.6
99313
98317.5
96387.7
93200.7
88782.3
83549.8
78041.5
72707.7
67708.4
63115
58908.3
55077.6
51614.2
48462.1
45634.3
43107.6
40854.6
38865.1
37127.3
35621.5
34361.6
33325.9
32485.7
31820.8
31345.8
30973.8
30757.6
30596.5
30528.8
30502.9
30486.3
30486.7
30488.7
30494.1
30506.1
30530.9
30530.5
30534.8
30545.6
30568
30593.9
30634.4
30677.7
30694.2
30698.2
30703
30683.9
30677.6
30676.9
30671.9
30662.6
100000
100000
100000
99999.8
99998.8
99994.9
99979.4
99925.8
99758.7
99324.3
98343.9
96440.4
93289.2
88910.7
83712.3
78227
72902.4
67908.3
63314.2
59101.4
55271
51793.5
48640.9
45807.2
43269.1
41007.3
39007.1
37260
35740.2
34473.5
33419.4
32567.7
31897.1
31420.2
31017.1
30789.8
30613.7
30540.3
30510
30490.3
30490.5
30491.5
30495.4
30505.8
30528.4
30529.1
30534.2
30545.9
30568.7
30593.2
30638.8
30687.8
30701
30699.1
30695.8
30668.8
30673.8
30675.1
30671.2
30668.2
100000
100000
100000
99999.8
99998.8
99994.9
99979.6
99926.6
99760.9
99329.5
98354.7
96459.8
93317.9
88944.4
83745.9
78255.8
72928.3
67928.5
63331.8
59119.5
55282.9
51812.3
48651.9
45814.5
43278.7
41015.7
39014.2
37264.4
35743.4
34470.8
33417.7
32564.3
31882.1
31392.3
31009.2
30783.3
30610.9
30528.5
30502.2
30481.2
30481.7
30483.5
30488.2
30498.8
30521
30521.7
30526.4
30537
30557.8
30586.7
30636.7
30681.4
30690.3
30687.9
30676.1
30652.9
30669.6
30671.6
30668.2
30674.6
100000
100000
100000
99999.8
99998.8
99995
99979.9
99927.7
99764.5
99339.3
98377.5
96505.9
93395.6
89058.3
83891.9
78424.8
73107
68113.3
63516.3
59299.4
55462.7
51977.1
48819.3
45976.6
43428.3
41157.5
39146.7
37388.2
35856.1
34571.9
33504.2
32640.8
31955.8
31465.9
31049.7
30814.7
30629.6
30544.8
30513
30487
30486.9
30487.6
30490.5
30499.1
30518.5
30524.8
30532.5
30542.2
30559.4
30587
30638
30682.2
30690
30687.6
30656.3
30657.8
30675.7
30675.7
30669.7
30681.4
100000
100000
100000
99999.8
99998.8
99995.1
99980.1
99928.5
99766.7
99344.7
98388.8
96526.2
93426.1
89094.8
83928.6
78456.2
73134.8
68134.7
63534.9
59318.1
55476.1
51998.6
48830.7
45983.9
43439.4
41167.1
39154.8
37393.9
35858.7
34572.8
33505.8
32639.2
31942.1
31438.1
31043.4
30807.7
30625.5
30532.4
30502.6
30477.5
30477.9
30479.6
30483.7
30492.8
30511.3
30531.6
30527.4
30531.9
30549.9
30575.4
30621.4
30667.6
30675.6
30667.3
30649.4
30670.2
30677.6
30678.5
30675.2
30693.7
100000
100000
100000
99999.8
99998.9
99995.1
99980.4
99929.5
99769.8
99353.2
98408.7
96566.7
93494.8
89196.1
84059.8
78610
73299
68305.9
63706.1
59484.9
55642.9
52149.4
48987.4
46136.3
43578.2
41298.6
39277.9
37508.6
35965
34665.1
33584.7
32709.6
32011.5
31508.3
31082.6
30841.5
30645.3
30552.2
30517.5
30484.9
30484.2
30484.6
30486.6
30492.9
30507.6
30540.4
30536.3
30540.1
30553.2
30574.5
30615.3
30656.2
30671.1
30667.1
30673
30684.1
30683.4
30683.5
30685.7
30705.4
100000
100000
100000
99999.8
99998.9
99995.2
99980.6
99930.2
99772
99358.6
98420.1
96587.5
93526.2
89234.4
84098.8
78643.5
73328.3
68327.9
63725.5
59503.6
55657.6
52173
48998.5
46144
43590.8
41309.9
39287.3
37515.8
35967.9
34668.6
33589.3
32710
32000.8
31483.2
31076.6
30830.8
30639.3
30536
30505.4
30476.5
30476.7
30477.8
30480.9
30487.8
30502.2
30531.8
30527.7
30533
30547.5
30565.7
30603.4
30632.1
30661.9
30669.1
30682.9
30688.3
30686.7
30685.3
30695.1
30704.5
100000
100000
100000
99999.8
99998.9
99995.2
99980.9
99931.1
99774.7
99366.1
98437.7
96623.3
93587.2
89324.8
84216.8
78783.5
73479.2
68486.9
63884.5
59659.7
55812.4
52311.4
49145.7
46285.8
43719
41431.1
39401.2
37621.9
36067.8
34754.2
33661.9
32775.3
32064
31546.7
31113.1
30867
30662.2
30561.7
30524.2
30484.7
30482.1
30482.5
30484.3
30490.1
30503.7
30533
30531.1
30536.4
30549.3
30565.5
30602.9
30626.5
30675.5
30682.3
30687.2
30694
30691.2
30689.1
30696.7
30701.3
100000
100000
100000
99999.8
99998.9
99995.3
99981.1
99931.8
99776.8
99371.4
98449
96644
93618.9
89364
84257.4
78818.5
73509.4
68509
63904.7
59676
55828.6
52336.6
49156.7
46294.3
43732.8
41443.7
39411.5
37630.2
36071.2
34759.5
33667.9
32777.1
32056.2
31527.3
31109.7
30851.3
30653.6
30541.4
30509.7
30476.6
30476.6
30477.4
30480
30486.6
30500.5
30528.3
30524.8
30529.5
30541.5
30557.3
30593.4
30619.7
30672.2
30684.2
30686.5
30690.6
30689.1
30690.3
30694.5
30693.1
100000
100000
100000
99999.8
99998.9
99995.3
99981.3
99932.6
99779.3
99378.1
98464.6
96675.9
93673.3
89444.9
84363.7
78946.1
73648.2
68656.8
64052.1
59823.5
55971.5
52463.4
49295.2
46426.7
43851.6
41556
39517.6
37729.3
36165.6
34839.9
33735.5
32838.7
32115.6
31583.7
31143.3
30890.4
30677.1
30569.7
30529.1
30484.4
30480.8
30481.2
30483
30488.7
30502
30530.6
30528.3
30532.8
30543.8
30559.2
30594.9
30623.3
30689
30690.7
30690.5
30689.8
30686.6
30690.9
30692.2
30682.6
100000
100000
100000
99999.8
99998.9
99995.4
99981.5
99933.3
99781.3
99383.2
98475.6
96696.3
93704.8
89484.5
84405.1
78982
73679
68678.6
64072.5
59840.7
55989.4
52489.5
49305.4
46435.7
43866.4
41569.6
39528.7
37738.6
36169.6
34846.4
33742.6
32840.7
32109.3
31568.2
31142.1
30872.4
30668.4
30551.1
30513.7
30477.8
30476.9
30477.5
30479.9
30485.9
30498.8
30525.9
30522.5
30526.5
30536.7
30555.1
30588.8
30616.6
30682.8
30691
30690.2
30686.7
30684.9
30688.6
30687.5
30672.8
100000
100000
100000
99999.8
99998.9
99995.4
99981.7
99934
99783.6
99389.2
98489.6
96724.8
93753.6
89557.2
84501.2
79098.5
73806.8
68816.4
64209.7
59976.6
56121.1
52606.1
49436.4
46559.6
43976.6
41674.1
39627.7
37831.3
36259
34922.1
33806.2
32899
32166
31619.5
31174.4
30910.2
30688.7
30572
30529
30484
30480.2
30480.5
30482.2
30487.3
30499.3
30525.5
30523.7
30527.6
30537.1
30558.6
30586.5
30621.3
30689.8
30694.5
30693
30687.9
30686.9
30687.4
30682.5
30665.6
100000
100000
100000
99999.8
99998.9
99995.5
99981.8
99934.6
99785.5
99394
98500.1
96744.6
93784.4
89596.4
84542.8
79134.8
73837.7
68837.7
64229.7
59995.8
56140.1
52632.5
49445.6
46569
43992.1
41688.4
39639.5
37841.4
36263.3
34929.5
33813.6
32901.3
32161
31608
31174.3
30894.5
30681.7
30565.8
30515.7
30479.4
30477.7
30478.2
30480.1
30485.2
30496.3
30519.8
30519
30521.9
30530.3
30551.2
30577.3
30611.9
30675.7
30690.5
30692.5
30689.1
30689
30685.9
30676
30663.7
100000
100000
100000
99999.8
99999
99995.5
99982
99935.3
99787.5
99399.5
98512.8
96770.4
93828.5
89662.1
84629.9
79241.3
73955.5
68965.9
64357.5
60120.8
56262
52740.4
49569
46684.4
44094.4
41785.7
39732.2
37928.2
36347.7
35000.7
33873.8
32956.1
32214.3
31654.4
31205
30928.5
30699.6
30578.9
30527.5
30484.4
30480
30480.2
30481.5
30485.7
30495.5
30516.6
30525
30523.1
30529.2
30548.1
30572.8
30607.1
30676.6
30687.9
30694.1
30693.8
30692.9
30687.2
30671
30666.5
100000
100000
100000
99999.8
99999
99995.6
99982.2
99935.9
99789.3
99404.1
98522.8
96789.4
93858.3
89700.5
84671.1
79277.6
73986.3
68986.9
64377.2
60138.7
56281.6
52766.6
49577.1
46694.5
44110.5
41800.5
39744.2
37938.6
36352.1
35008.4
33881.5
32958.6
32210.8
31646.6
31205.6
30916.5
30694.6
30578.5
30515.7
30480.7
30478.4
30478.8
30480.2
30484
30492.7
30511.1
30521.7
30518.3
30524.5
30540.7
30564.4
30593.2
30656.3
30681.1
30693.2
30697.8
30694.4
30687.5
30665
30664.6
100000
100000
100000
99999.8
99999
99995.6
99982.3
99936.5
99791.2
99409
98534.3
96812.7
93898.3
89760.1
84750.4
79375
74094.9
69106.1
64496.2
60256
56394.6
52866.7
49693.3
46801.9
44205.3
41891
39830.9
38019.9
36431.9
35075.7
33938.2
33010.4
32261
31688.3
31235.1
30946.3
30710.9
30591.3
30526.1
30485.5
30479.6
30479.6
30480.5
30483.4
30490.7
30506.9
30522.2
30519.9
30525.2
30539.3
30564
30592.2
30650.9
30681.4
30694.5
30700
30696.2
30688.1
30661.9
30653.1
100000
100000
100000
99999.8
99999
99995.6
99982.5
99937
99792.9
99413.3
98543.8
96830.8
93926.9
89797.3
84790.7
79411
74125.4
69126.7
64515.8
60272.2
56414.5
52892.3
49700.7
46812.5
44221.7
41905.9
39842.9
38030.1
36435.9
35083.2
33946
33012.9
32258.5
31682.8
31235.6
30937.7
30706.7
30591.7
30517.6
30481.2
30479
30478.5
30479.3
30482
30488.7
30502.8
30521.1
30517.9
30522.5
30534.9
30560
30586.4
30630.5
30678.5
30692.7
30697
30694.3
30685.3
30663.7
30628.3
100000
100000
100000
99999.8
99999
99995.7
99982.6
99937.6
99794.6
99417.9
98554.3
96852.2
93963.4
89851.7
84863.2
79500.4
74225.6
69237.7
64626.4
60382.7
56519.2
52985.4
49808.2
46911.9
44309.5
41990.1
39924
38106.2
36511.3
35146.6
33999.2
33062.3
32305.2
31721.3
31263.3
30964.8
30721.5
30601.8
30525
30484.3
30479.6
30478.3
30478.9
30481
30486.7
30499.4
30521.2
30518
30522.2
30534
30559
30589.3
30629.7
30679.4
30692.4
30693.7
30691.1
30681.6
30663.2
30608.9
100000
100000
100000
99999.8
99999
99995.7
99982.8
99938.1
99796.1
99421.9
98563.3
96869.3
93990.6
89887.4
84902.3
79535.6
74255.5
69257.8
64645.7
60398.9
56539.1
53010.2
49817
46923.4
44326.1
42004.9
39935.6
38116.1
36515.1
35153.7
34006.9
33063.8
32303.7
31717.4
31264.6
30957.5
30719.2
30602.4
30519
30482.6
30478.4
30477
30477.5
30479.5
30484.6
30496.2
30519.8
30516.5
30520.3
30530.4
30551.6
30586.9
30624.3
30676.2
30686.2
30685.9
30683.2
30673
30658.9
30591.2
100000
100000
100000
99999.8
99999
99995.7
99982.9
99938.6
99797.7
99426.1
98572.9
96888.9
94024.1
89937.3
84968.7
79617.8
74348.2
69360.9
64748.5
60501.6
56636.2
53096.7
49914.3
47014.8
44407.6
42083.2
40011.4
38187.3
36585.9
35213.3
34056.9
33111.2
32347.1
31753
31290.8
30982.6
30732.9
30611.7
30526.4
30485.1
30478.6
30476.4
30476.7
30478.3
30483
30494.5
30517.7
30515.2
30518.9
30528.2
30547.7
30590.8
30626.6
30674.8
30681.6
30680.1
30675
30664.3
30644
30585.2
100000
100000
100000
99999.8
99999
99995.8
99983.1
99939
99799.2
99429.9
98581.3
96905
94049.9
89971.3
85006.3
79652
74377.3
69380.7
64767.6
60517.9
56655.8
53120.7
49926.8
47027.6
44424.3
42097.8
40022.8
38196.9
36589.6
35220.1
34064.2
33112.3
32346.2
31750
31292.1
30976.5
30732
30612.4
30522
30484.6
30477.4
30475.1
30475.5
30477
30481.6
30492.8
30515.5
30513.1
30516.8
30525.8
30544.7
30588.3
30622
30669.4
30673.3
30670.9
30663.3
30652.6
30626.4
30590.6
100000
100000
100000
99999.8
99999
99995.8
99983.2
99939.5
99800.6
99433.7
98590.2
96923
94080.8
90017.3
85067.6
79727.8
74463.1
69476.5
64863.1
60613
56746
53201.2
50016.1
47111.4
44499.8
42170.7
40093.5
38263.3
36655.7
35275.9
34110.8
33157.3
32386.8
31783.2
31316.8
31000.1
30745
30621.1
30529.5
30487
30477.5
30474.5
30474.7
30476.1
30480.7
30491.7
30514
30511.2
30515.2
30525.1
30545.4
30592.5
30620.5
30664.1
30667.2
30663.9
30652.7
30641.3
30618.8
30598.1
100000
100000
100000
99999.8
99999
99995.8
99983.3
99939.9
99802
99437.2
98598
96938.1
94105
90049.5
85103.3
79760.7
74491.3
69495.8
64881.8
60629.7
56765.2
53224.4
50029.6
47125.3
44516.4
42185
40104.5
38272.7
36659.7
35282.3
34117.7
33158.4
32386.2
31780.7
31317.8
30995.5
30744.9
30621.8
30525.8
30487
30476.6
30473.4
30473.7
30475.2
30479.7
30490.4
30512.7
30509.3
30513.3
30523.6
30544.6
30591.9
30612.8
30652.4
30658.3
30654.8
30641.1
30627.6
30619.6
30608.6
100000
100000
100000
99999.8
99999
99995.9
99983.4
99940.4
99803.3
99440.8
98606.2
96954.8
94133.7
90092.1
85160.1
79830.9
74570.9
69584.9
64970.6
60717.7
56849.1
53299.3
50113.4
47202.7
44586.4
42252.7
40170.6
38334.6
36721.2
35334.5
34161
33201.2
32424.1
31811.9
31341.1
31017.2
30757
30630.3
30532.8
30489.2
30476.7
30472.8
30473.1
30474.5
30478.9
30489.5
30511.5
30507.7
30511.8
30522.6
30544.8
30591
30610.4
30642
30652.4
30648.3
30633
30619.9
30619.2
30622.3
100000
100000
100000
99999.8
99999
99995.9
99983.5
99940.8
99804.6
99444
98613.5
96968.9
94156.3
90122.3
85193.9
79862.4
74597.9
69603.7
64988.8
60734.2
56867.7
53321.8
50125.9
47216.8
44602.8
42266.6
40181.2
38343.9
36725.5
35340.8
34167.5
33202.5
32423.5
31809.9
31341.9
31014.3
30757.1
30631.3
30529.6
30489.4
30475.9
30471.8
30472.2
30473.7
30478
30488.5
30510.1
30506.1
30510.2
30520.9
30543.4
30586.7
30602.9
30628.7
30644.4
30640.2
30625.6
30617
30619
30633.2
100000
100000
100000
99999.8
99999
99995.9
99983.7
99941.2
99805.8
99447.4
98621.2
96984.4
94183
90162
85246.7
79927.5
74671.9
69686.5
65071.5
60815.7
56945.9
53391.7
50203.9
47288.6
44667.8
42329.7
40242.7
38401.5
36782.4
35389.4
34207.6
33243.3
32458.8
31839.1
31363.9
31034.2
30768.5
30639.4
30536
30491.6
30476.1
30471.3
30471.6
30473
30477.3
30487.6
30508.7
30504.9
30509
30519.8
30542.6
30581.8
30594.9
30619.2
30638.6
30634.2
30619.4
30618.2
30623.2
30637.8
100000
100000
100000
99999.8
99999
99995.9
99983.8
99941.5
99807
99450.4
98627.9
96997.4
94204
90190.2
85278.4
79957.3
74697.8
69704.7
65089.2
60831.9
56963.8
53413.1
50216.3
47302.8
44683.7
42343.1
40253
38410.6
36787.2
35395.7
34213.8
33244.7
32458.5
31837.5
31364.8
31032.3
30768.6
30640.3
30533.2
30491.8
30475.2
30470.6
30470.9
30472.3
30476.5
30486.6
30507.5
30504.1
30508
30518.5
30541
30576.1
30585.7
30609.9
30631.6
30627.7
30617.9
30620.3
30627.9
30637
100000
100000
100000
99999.8
99999.1
99996
99983.9
99941.9
99808.2
99453.5
98635.1
97012
94229.1
90227.4
85327.7
80018
74766.6
69781.8
65166.1
60907.7
57036.6
53478.4
50288.4
47369.1
44744.2
42401.8
40310.4
38464.1
36839.7
35440.9
34251
33282.7
32492
31864.7
31385.4
31050.6
30779.3
30648
30539
30493.8
30475.5
30470.2
30470.4
30471.8
30475.9
30485.9
30506.7
30503.6
30507.5
30517.6
30539.6
30570.9
30578
30604.3
30625.2
30622.9
30620.2
30622.9
30629.3
30633.8
100000
100000
100000
99999.8
99999.1
99996
99984
99942.3
99809.2
99456.3
98641.3
97024
94248.5
90253.5
85357.3
80046.1
74791.2
69799.4
65183.2
60923.5
57053.9
53498.8
50301.1
47383.2
44759.6
42414.7
40320.4
38473.1
36845
35447.3
34257.1
33284.2
32491.9
31863.4
31386.3
31049.1
30779.5
30648.5
30536.5
30493.8
30474.7
30469.6
30469.9
30471.3
30475.3
30485.2
30506.1
30503.3
30507.1
30516.7
30537.3
30565.9
30571.9
30598.5
30619.1
30622.3
30622.4
30624.8
30628.5
30630.8
100000
100000
100000
99999.8
99999.1
99996
99984.1
99942.6
99810.3
99459.2
98648.1
97037.7
94272.1
90288.5
85403.6
80102.8
74855.3
69871.1
65254.8
60993.9
57121.8
53559.9
50367.3
47444.7
44816
42469.4
40373.8
38522.8
36893.5
35489.3
34291.7
33319.6
32523.3
31888.9
31405.5
31066.2
30789.7
30655.5
30541.4
30495.6
30475
30469.4
30469.6
30470.9
30475
30484.9
30505.8
30503.2
30506.8
30516
30535.1
30562.4
30569.8
30595.5
30615.4
30623.3
30623.7
30625.9
30627.4
30629.8
100000
100000
100000
99999.8
99999.1
99996
99984.1
99942.9
99811.3
99461.7
98653.8
97048.7
94290
90312.6
85431
80129.1
74878.7
69888.1
65271.3
61009.4
57138.4
53579.2
50380.4
47458.6
44830.8
42481.8
40383.5
38531.7
36899.3
35495.7
34297.7
33321.2
32523.4
31887.8
31406.5
31064.9
30789.8
30655.6
30539.3
30495.2
30474.5
30469.1
30469.3
30470.7
30474.7
30484.6
30505.5
30503
30506.6
30515.3
30532.9
30559.6
30569
30591.3
30613.7
30624.4
30624.3
30625.5
30626
30629.8
100000
100000
100000
99999.8
99999.1
99996.1
99984.2
99943.2
99812.4
99464.4
98660.1
97061.6
94312.3
90345.6
85474.6
80182.1
74938.5
69954.8
65337.9
61074.5
57201.6
53636.3
50441.1
47515.5
44883.4
42532.9
40433.3
38577.9
36944.1
35534.8
34330
33354
32552.8
31912.2
31424.5
31080.7
30799.3
30662
30543.3
30496.7
30475
30469.1
30469.3
30470.5
30474.6
30484.4
30505.2
30503
30506.4
30514.8
30531.2
30558.3
30570.6
30589
30613.9
30625.3
30625.2
30624
30623.2
30629.2
100000
100000
100000
99999.8
99999.1
99996.1
99984.3
99943.5
99813.3
99466.8
98665.3
97071.6
94328.6
90367.8
85499.9
80206.7
74960.6
69971.2
65353.9
61090.1
57217.6
53654.5
50454.9
47529.1
44897.6
42544.8
40442.8
38586.6
36950.1
35541.3
34335.9
33356
32553.1
31911.1
31425.6
31079.8
30799.3
30661.8
30541.5
30496.3
30474.6
30468.9
30469.2
30470.5
30474.5
30484.3
30505
30502.9
30506.2
30514.3
30529.7
30557.5
30573
30584.3
30613.1
30625.7
30625.9
30622
30619.7
30626.9
100000
100000
100000
99999.8
99999.1
99996.1
99984.4
99943.8
99814.2
99469.4
98671.4
97083.9
94349.8
90399
85541
80256.5
75016.4
70033.2
65415.9
61150.1
57276.5
53708
50510.2
47582
44946.8
42592.6
40489.4
38629.7
36991.7
35577.7
34366.1
33386.3
32580.5
31934.5
31442.3
31094.2
30808.1
30667.8
30545.1
30497.7
30475.2
30469.1
30469.3
30470.5
30474.5
30484.2
30504.7
30502.7
30506
30513.9
30528.8
30557.6
30575.9
30583.1
30610
30625.6
30625.6
30621.2
30616.8
30622.4
100000
100000
100000
99999.8
99999.1
99996.1
99984.5
99944.1
99815.1
99471.5
98676.1
97093
94364.7
90419.2
85564.2
80279.3
75037.2
70049
65431.3
61165.9
57291.8
53725.2
50524.2
47595
44960.2
42604
40498.6
38638.2
36997.9
35584.1
34371.9
33388.6
32581.1
31933.4
31443.4
31093.9
30808.2
30667.6
30543.6
30497.3
30475
30469.1
30469.4
30470.6
30474.5
30484.1
30504.4
30502.5
30505.7
30513.6
30528.2
30557.7
30577.8
30582.8
30605.3
30624.4
30624.1
30621.2
30614.5
30616.5
100000
100000
100000
99999.8
99999.1
99996.1
99984.6
99944.4
99816
99473.9
98681.9
97104.7
94384.8
90449
85603.1
80326.1
75089.4
70106.7
65489
61221.3
57346.8
53775.3
50575.5
47644.5
45006.4
42648.8
40542.1
38678.4
37036.5
35618.2
34400.2
33416.7
32606.6
31955.4
31459
31107
30816.3
30673.2
30546.9
30498.6
30475.7
30469.4
30469.6
30470.7
30474.5
30484
30504.1
30502.2
30505.4
30513.3
30528.1
30558.1
30579.9
30584.4
30599.8
30622.4
30622
30620.8
30613
30610.1
100000
100000
100000
99999.8
99999.1
99996.2
99984.6
99944.6
99816.7
99475.8
98686.1
97112.9
94398.3
90467.3
85624.4
80347.3
75109
70122
65503.9
61237
57361.4
53791.4
50588.5
47656.8
45019
42659.6
40550.9
38686.7
37042.8
35624.5
34405.8
33419.3
32607.5
31954.5
31460.2
31107
30816.5
30673.2
30545.8
30498
30475.9
30469.4
30469.7
30470.9
30474.6
30483.9
30503.7
30501.8
30505.1
30513
30528
30558.4
30581.5
30586
30594.6
30619.4
30619.4
30618.9
30611.7
30604.4
100000
100000
100000
99999.8
99999.1
99996.2
99984.7
99944.9
99817.6
99478.2
98691.7
97124.1
94417.6
90495.7
85661.3
80391.2
75157.7
70175.5
65557.6
61288.1
57412.7
53838.4
50636.7
47703.1
45062.3
42701.7
40591.8
38724.4
37078.8
35656.3
34432.5
33445.3
32631.2
31974.4
31474.6
31119
30824
30678.4
30549.2
30499.1
30476.8
30469.7
30469.9
30471
30474.6
30483.8
30503.4
30501.3
30504.7
30512.7
30528.1
30558.8
30582.9
30588.1
30591.7
30615.2
30616.6
30616.1
30609.1
30599.4
100000
100000
100000
99999.8
99999.1
99996.2
99984.8
99945.1
99818.3
99479.9
98695.4
97131.4
94429.6
90512.1
85680.6
80410.8
75176.1
70190.3
65571.8
61303.7
57426.6
53853.5
50649.1
47714.7
45074.1
42711.7
40600.2
38732.2
37084.9
35662.5
34437.8
33448.2
32632.5
31973.6
31475.9
31119
30824.4
30678.5
30548.5
30498.2
30477.1
30469.8
30470
30471.1
30474.6
30483.6
30503
30500.8
30504.2
30512.3
30528
30559.1
30583.9
30589.7
30590.9
30609.6
30613.5
30612.9
30605.2
30594.1
100000
100000
100000
99999.8
99999.1
99996.2
99984.8
99945.4
99819.1
99482.2
98700.8
97142.2
94448.1
90539.3
85715.7
80452.2
75221.8
70240
65621.8
61350.7
57474.5
53897.6
50694.3
47758.3
45114.9
42751.3
40638.5
38767.7
37118.6
35692.4
34463.1
33472.3
32654.4
31991.6
31489.3
31130.1
30831.3
30683.3
30551.8
30499.1
30478.1
30470.1
30470.3
30471.2
30474.6
30483.5
30502.5
30500.4
30503.8
30511.9
30527.8
30559.2
30584.6
30590.9
30591.5
30603.5
30610.6
30609.7
30600.8
30588.2
100000
100000
100000
99999.8
99999.1
99996.2
99984.9
99945.6
99819.7
99483.7
98704.1
97148.6
94458.8
90554.1
85733.2
80470.3
75239.1
70254.3
65635.5
61366.3
57487.7
53911.7
50706.2
47769.1
45125.9
42760.7
40646.5
38775
37124.5
35698.3
34468.1
33475.2
32656
31991.1
31490.7
31130.3
30831.9
30683.6
30551.5
30498.1
30478.6
30470.1
30470.3
30471.2
30474.5
30483.1
30502
30499.9
30503.4
30511.5
30527.5
30559.3
30585.1
30591.6
30592.2
30598.1
30607.7
30606.5
30596.6
30581.7
100000
100000
100000
99999.8
99999.1
99996.2
99985
99945.8
99820.5
99485.9
98709.3
97159.1
94476.7
90580.2
85766.6
80509.2
75281.8
70300.5
65682
61409.6
57532.4
53953.2
50748.5
47810.1
45164.3
42798
40682.4
38808.4
37156.1
35726.4
34492
33497.7
32676.4
32007.7
31503.2
31140.4
30838.4
30688
30554.6
30498.8
30479.8
30470.4
30470.5
30471.3
30474.4
30483
30501.6
30499.4
30503
30511.1
30527.1
30559.1
30585.5
30591.6
30592.3
30593.8
30604.5
30603.6
30593.5
30575.1
100000
100000
100000
99999.8
99999.1
99996.3
99985.1
99946.3
99821.9
99489.4
98717.2
97174.5
94502.4
90615.9
85809.8
80555.2
75326.1
70338.2
65718.1
61451.6
57567
53989.3
50779.8
47837.9
45192.1
42822
40703.1
38827.3
37171.8
35741.9
34504.7
33505.7
32681.1
32007.9
31507.2
31141.6
30840.1
30688.9
30554.5
30495.8
30479.8
30469
30469.1
30469.9
30472.9
30481.2
30499.8
30498.2
30501.7
30509.9
30526
30558.6
30586
30589.8
30591
30585.5
30596
30596.6
30587.3
30559.8
100000
100000
100000
99999.8
99999.1
99996.3
99985
99945.9
99820.7
99485.5
98707.6
97153.8
94466
90561.2
85739.4
80476.6
75248.9
70269.1
65653.9
61373.8
57507.9
53927.3
50728
47792.4
45146.9
42782.2
40668.8
38795.7
37145.5
35716.1
34481.3
33490.7
32672.1
32004.4
31498.1
31132.4
30833.6
30683.9
30551
30489.3
30481.3
30469.6
30469.8
30470.7
30474
30482.7
30501.6
30499.5
30502.7
30510.7
30527.4
30561.9
30588.1
30585.7
30584.8
30573.9
30585.3
30590.8
30585.5
30559.5
100000
100000
100000
99999.8
99999.1
99996.3
99985.1
99946.4
99822.1
99489.3
98716.7
97172.9
94499.8
90612.1
85806.4
80554.6
75328.7
70344.1
65723.7
61458.6
57572.8
53989.4
50782.8
47838.6
45192.6
42823.5
40706.2
38828.9
37175.6
35745.3
34504.2
33508.2
32684.9
32012.9
31510.8
31140.2
30840.8
30690.3
30556.4
30489.6
30482.3
30469.3
30469.2
30469.9
30473
30481.8
30501.4
30499.8
30503.2
30511.1
30526.8
30560.7
30585.6
30583.3
30582.9
30573.6
30575.9
30583.9
30579
30555
100000
100000
100000
99999.8
99999.1
99996.3
99985.1
99946.2
99821.5
99487.1
98710.4
97157.6
94470.8
90564.2
85739
80472.2
75242.7
70260.2
65646.8
61362.4
57502.3
53922.9
50725.7
47790.8
45146
42780.8
40667.8
38794.4
37144.6
35715.3
34479.1
33487.6
32669.3
31997.2
31496.4
31127.8
30831.2
30682.6
30551.7
30484.4
30479.8
30473
30470.5
30471
30473.8
30482.2
30501.1
30500.2
30503.5
30511.5
30527.4
30561.3
30584.3
30584.7
30583.8
30580.3
30571.6
30578.1
30575.4
30557.6
100000
100000
100000
99999.8
99999.1
99996.3
99985.2
99946.5
99822.4
99489.5
98716.8
97171.7
94497.4
90607.7
85801.4
80551.9
75329.9
70349.3
65729.3
61466.3
57579.7
53989
50784.7
47839
45192.6
42825
40709.6
38832.4
37181
35751.5
34509.6
33514.7
32690.3
32020.2
31516.5
31141.4
30843.4
30694.5
30564
30491.1
30485
30477.3
30473.7
30474
30476
30482.7
30499.1
30499.9
30502.7
30511.3
30527.2
30559
30579
30580.3
30581.9
30578.7
30568.2
30575.7
30574
30557.8
100000
100000
100000
99999.8
99999.1
99996.3
99985.2
99946.5
99822.3
99488.6
98713.2
97161.5
94475.9
90568
85739.8
80469
75237.2
70251.4
65639.2
61351.2
57495.8
53917.3
50723.6
47789.3
45144.3
42778.6
40666
38792.7
37142.5
35714.2
34477.3
33484.3
32663.8
31990.5
31493.3
31124.7
30829.5
30681
30554.1
30484.3
30479.7
30479
30475.4
30475.1
30476.8
30482.6
30496.4
30498.4
30499.6
30508.2
30524.9
30554.6
30572.4
30572.3
30573.1
30570.3
30561.6
30569.9
30567.7
30549.2
100000
100000
100000
99999.8
99999.1
99996.3
99985.3
99946.7
99822.9
99490.1
98717.3
97171
94495.5
90602.9
85794.8
80546.9
75329
70353.2
65734.8
61473.5
57587.4
53990.5
50785.9
47839.8
45192.4
42826.5
40712.9
38836.2
37186.8
35759.3
34517.7
33524.1
32698.5
32027.9
31522.4
31144.1
30844.9
30694.3
30566.7
30492.6
30486.1
30484
30478.2
30478.4
30479.7
30484.6
30496.4
30503.1
30499.1
30505.8
30523.7
30551.8
30565.5
30565.3
30565.1
30563.8
30551.9
30557.9
30555.2
30536.8
100000
100000
100000
99999.8
99999.1
99996.4
99985.3
99946.8
99823.1
99490
98715.9
97165.2
94481
90572.1
85741.4
80467.3
75232.8
70243.3
65631.5
61337.5
57487.2
53911.2
50721.5
47787.4
45141.9
42776.1
40663.9
38789.8
37139
35711.8
34474.6
33480.7
32657.2
31984.9
31489.9
31121.6
30827.3
30678
30551.3
30481.5
30477.3
30477
30477.7
30476.3
30477.3
30482
30493
30504.6
30496.4
30501
30515.8
30551.1
30562.2
30561.9
30559.9
30560.2
30546.1
30548.4
30546.3
30531.7
100000
100000
100000
99999.8
99999.2
99996.4
99985.4
99946.9
99823.5
99490.9
98718.4
97171.1
94494.5
90598
85786.7
80539.2
75325.5
70355.1
65739.5
61483.7
57596.9
53992.3
50789.1
47841.4
45192.6
42827.7
40715
38838.4
37190.8
35764.8
34524.1
33532.7
32708.5
32038.3
31529
31147
30846.2
30694.1
30564.5
30491.3
30485.1
30484.1
30481.1
30480.3
30481.4
30485.8
30495.5
30509.3
30500.4
30504.6
30517.2
30553.1
30565.3
30564.9
30562.3
30560.2
30552.3
30549.1
30543.8
30531.1
100000
100000
100000
99999.8
99999.2
99996.4
99985.4
99947.1
99823.9
99491.3
98718.5
97168.8
94486.2
90576.4
85743.8
80466.9
75229.9
70236.2
65624
61323.3
57477.5
53904.2
50718.1
47785.7
45139.9
42774.2
40662.4
38787.1
37136.2
35709
34471.8
33478.6
32653.4
31980
31485.2
31118
30826.1
30677.4
30546.1
30478.2
30475.7
30475.9
30477.7
30478.5
30479.4
30482.9
30492.2
30507.7
30498.6
30502.6
30516.5
30551.9
30562.3
30562.3
30561.7
30556.9
30557.3
30557.6
30542.2
30523.3
100000
100000
100000
99999.8
99999.2
99996.4
99985.5
99947.2
99824.3
99492.1
98720
97172.1
94494.4
90593.5
85777.8
80529
75318.9
70354.1
65742.8
61489.3
57605.8
53994.6
50791.4
47843
45193.1
42828.6
40715.6
38838.3
37191.1
35765.5
34525.3
33536.5
32713.9
32046.7
31536.3
31151.5
30849.4
30698.5
30563.3
30493.6
30488.4
30487.4
30489.3
30486.9
30487.4
30491.2
30500.9
30515.6
30506.1
30509.9
30522.4
30558.7
30567.3
30566.6
30566.4
30561
30559.1
30558.9
30534.9
30516
100000
100000
100000
99999.8
99999.2
99996.4
99985.5
99947.4
99824.7
99492.8
98721
97172.2
94490.9
90580.6
85746.4
80467.6
75228.6
70230.9
65617.3
61312.4
57467.1
53896
50714.4
47783.2
45137.7
42772.8
40661.5
38784.7
37133.7
35705.8
34467.8
33476.5
32651.3
31977.4
31478.3
31111.9
30821.2
30674.1
30535.8
30471.7
30472.9
30473.4
30477.4
30478.2
30479.1
30483.3
30494.3
30511.5
30502.3
30505.9
30519.2
30557.3
30564.7
30564.9
30564.6
30561.1
30553.8
30555.3
30530.7
30510.4
100000
100000
100000
99999.8
99999.2
99996.4
99985.6
99947.6
99825.1
99493.6
98722.2
97174.3
94495.1
90590.1
85768.6
80516.3
75308.7
70349.6
65744
61491.8
57614.4
53997.7
50792.7
47843.3
45193.9
42830.5
40717.8
38839.9
37192
35765.7
34523.9
33536.3
32714.6
32048.6
31541.8
31155.2
30848.6
30699
30555.1
30489.2
30487
30486.3
30482.3
30482.6
30484.2
30489.8
30503.2
30517.1
30507.6
30511
30524.3
30563.7
30567.3
30566.6
30564.7
30561.5
30552.1
30555.4
30532.9
30509.6
100000
100000
100000
99999.8
99999.2
99996.5
99985.6
99947.7
99825.5
99494.4
98723.5
97175.8
94495
90584.2
85748.8
80468.8
75229.1
70227.9
65611.7
61306.9
57457.6
53887.7
50711
47780.1
45134.8
42771.4
40661
38784.1
37133.4
35704.8
34464.1
33473.3
32647.1
31974
31470.1
31104.1
30812.8
30668.8
30524.6
30465.2
30465.7
30468.4
30468.3
30467.4
30468.8
30475.4
30491.9
30506.1
30497.1
30500.6
30514.6
30554.5
30560.1
30559.5
30556.8
30551.2
30542.9
30547.6
30529.9
30504
100000
100000
100000
99999.8
99999.2
99996.5
99985.7
99947.9
99825.9
99495.3
98724.8
97177.6
94497
90588.2
85760.1
80501.7
75294.9
70340.6
65742.1
61490.4
57621.7
54000.4
50795.1
47844.5
45194.8
42832.5
40721.2
38844.8
37197.9
35772.4
34529.6
33542.6
32721.6
32055.7
31549.9
31160.8
30851.5
30705.4
30554.6
30496.7
30492.8
30481.6
30480.9
30481.4
30483.3
30488.6
30499.9
30514
30504.5
30507.7
30519.7
30558.7
30562.4
30561.4
30557.4
30549.9
30542.5
30547.4
30528.5
30503
100000
100000
100000
99999.8
99999.2
99996.5
99985.8
99948.1
99826.4
99496.3
98726.3
97179.6
94498.5
90587.3
85750.1
80469.6
75230.6
70227.4
65607.9
61304.3
57448.3
53877.8
50705.8
47775.8
45131.7
42770.1
40660.8
38785.3
37135.6
35707.1
34463
33469.5
32641.4
31967.1
31462.4
31095.6
30808
30669.9
30523.3
30469.4
30469.6
30471.6
30473.8
30476.7
30478.6
30481.6
30486.9
30505
30496.5
30499.5
30509.4
30544.1
30547.4
30546.2
30542.9
30540.7
30528.7
30531.8
30513.4
30492.1
100000
100000
100000
99999.8
99999.2
99996.5
99985.8
99948.3
99826.9
99497.3
98727.8
97181.8
94500.2
90588.7
85752.9
80486.3
75277.4
70326.6
65735.8
61484.8
57627.3
54006.4
50798.6
47845.6
45194.5
42832
40721.7
38847.2
37203
35780.5
34538.9
33552.4
32732.8
32067.7
31559.4
31169.5
30860.9
30716.5
30559.4
30502.3
30498.6
30495.2
30492.4
30492.8
30494.3
30498.9
30509.1
30521.7
30513.3
30515.7
30523.7
30546.8
30556.4
30555.4
30553.5
30549.7
30531.2
30521.9
30513.8
30499.3
100000
100000
100000
99999.8
99999.2
99996.5
99985.9
99948.5
99827.4
99498.3
98729.4
97184.1
94502.2
90589.8
85749.5
80468.6
75231.9
70229.1
65606.9
61299.9
57438.6
53866.6
50699
47771.3
45128.5
42768.6
40660.1
38785.8
37137.8
35710.9
34465.4
33468.9
32639.3
31965
31461.3
31093.1
30807.4
30673.5
30527
30471.2
30472.3
30475.4
30475.9
30479.9
30481.9
30484
30487.9
30500.4
30494.4
30497.8
30508.5
30534.8
30548
30547.8
30545.5
30538.5
30528.7
30525.4
30525.8
30510.2
100000
100000
100000
99999.8
99999.2
99996.6
99986
99948.7
99827.9
99499.5
98731.2
97186.6
94504.4
90591.1
85748.1
80471.9
75257.7
70306.9
65723.9
61478
57631.1
54009.4
50801
47848.1
45196.4
42832.7
40721.3
38846.2
37202.4
35781.9
34542
33558
32740.4
32074.6
31566.6
31180.4
30870.5
30721.1
30566.3
30508.7
30502.5
30498.5
30488.6
30488.8
30490.1
30493.9
30501.8
30515.3
30508.8
30510.8
30518.8
30536.3
30555.3
30556.4
30556.5
30555.3
30549.8
30539.1
30531
30527.4
100000
100000
100000
99999.8
99999.2
99996.6
99986
99948.9
99828.4
99500.6
98733.1
97189.3
94506.9
90592.5
85746.5
80464.4
75231.4
70232.2
65609
61296.9
57430.1
53855.3
50690.9
47766.6
45125.4
42767.7
40660.3
38785.8
37137.3
35710.4
34464.2
33467.4
32639
31966.1
31460.2
31089.1
30804.1
30671.5
30526.6
30469.2
30470.6
30471.7
30471.8
30471.2
30473.7
30474.7
30484.5
30489
30483
30484.7
30492.2
30514.2
30525.5
30525.2
30523.2
30520.3
30518.7
30512.9
30505.4
30505
100000
100000
100000
99999.8
99999.2
99996.6
99986.1
99949.1
99829
99501.8
98735.2
97192.1
94509.8
90594
85745.2
80460.6
75237.9
70282.5
65705.5
61466.8
57630.6
54015.7
50805.3
47850.8
45198.7
42835.2
40723.4
38846.9
37201.5
35780.7
34540.4
33558
32742.9
32079.5
31573.8
31192.5
30884.1
30729.7
30573.8
30510.5
30505.2
30500.8
30492.1
30490.1
30490.8
30493.1
30499.2
30499.8
30494.9
30497.6
30499.9
30507.5
30519.4
30519.5
30519.6
30517
30513.5
30502.5
30497.2
30496.9
100000
100000
100000
99999.8
99999.2
99996.6
99986.2
99949.3
99829.6
99503.1
98737.4
97195.2
94513.1
90595.6
85744
80455.8
75226.2
70234.5
65613.3
61297.7
57425.1
53837.5
50677.3
47758.7
45120.4
42766.2
40661.5
38788
37139.4
35712.3
34465.1
33468.2
32639.8
31966.5
31457.3
31083.4
30790.5
30658.2
30516.3
30463
30463.4
30463.3
30465.2
30469.4
30470.9
30471.9
30476.1
30479.1
30472.1
30473.8
30474.1
30485.9
30491.1
30491.9
30490
30486.8
30487.9
30481.5
30471.7
30471.2
100000
100000
100000
99999.8
99999.2
99996.6
99986.3
99949.6
99830.2
99504.3
98739.7
97198.5
94516.8
90597.4
85743.2
80451
75220.8
70255.7
65680.3
61447.9
57623.6
54025.6
50812.7
47852.9
45196.1
42832
40722.7
38849.1
37205.8
35786.7
34546.5
33563.3
32748.8
32086.5
31579.6
31201.3
30896.5
30742.8
30591.6
30526
30519.6
30511.9
30505.5
30498
30498.7
30500.7
30504.6
30503.9
30493.5
30495.3
30493.4
30494.5
30498.1
30499.5
30496.8
30491.1
30479.3
30470.7
30464.4
30465.9
100000
100000
100000
99999.8
99999.2
99996.7
99986.3
99949.8
99830.9
99505.7
98742.3
97202
94520.8
90599.5
85742.9
80446.2
75213.3
70232.1
65618.1
61302.2
57424.3
53817.9
50658.1
47746.9
45114.6
42763.7
40660.9
38788.7
37142
35717.5
34471
33474.3
32645.4
31970.7
31457.8
31083.4
30790.3
30661.3
30518.3
30469.5
30469.7
30469.5
30470
30469.8
30469.9
30476
30473.5
30475.7
30475.3
30475.9
30473.3
30471.7
30478.4
30479.2
30478.2
30471.1
30472.4
30462.3
30452.6
30453.1
100000
100000
100000
99999.8
99999.2
99996.7
99986.4
99950
99831.5
99507.1
98744.9
97205.8
94525.2
90602
85743
80441.4
75205.7
70230.4
65650.5
61419.4
57606.8
54037.1
50828.8
47867.4
45204.7
42834.6
40721.9
38846.9
37204.4
35788
34549.9
33568.6
32756.8
32097.2
31592
31215.8
30905.9
30752.6
30596.4
30537.4
30531.8
30528.3
30525.6
30511.8
30510.6
30511.3
30514.2
30513.8
30503.4
30502.9
30500.2
30499.9
30499.5
30498.3
30491.2
30483.1
30469.6
30465.5
30467.3
30460.4
100000
100000
100000
99999.8
99999.2
99996.7
99986.5
99950.2
99832.2
99508.6
98747.7
97210
94529.9
90605.2
85743.2
80436.6
75197.6
70218.9
65618.7
61311.7
57431.1
53797
50630.5
47724.9
45104.2
42761.9
40663.1
38791.8
37146.5
35724.7
34478.9
33484.6
32656.4
31980.4
31462.5
31084.9
30782.5
30645.3
30506.3
30465.6
30465.9
30466
30467.9
30468.3
30471.3
30480.8
30481.4
30479.9
30483
30488
30485.3
30484.2
30481.2
30478.4
30478.2
30480
30471.9
30465.1
30464.4
30439.6
100000
100000
100000
99999.8
99999.2
99996.7
99986.6
99950.5
99832.8
99510.1
98750.5
97214.4
94535.1
90609.2
85743.6
80432.1
75189.3
70209.2
65620.9
61382.3
57576.6
54026.1
50843.8
47879
45206.2
42832.4
40719.2
38843.8
37201
35785.2
34546.2
33566.2
32755.8
32099.2
31600.3
31232.1
30927.4
30779.2
30611.7
30533.1
30527.1
30512.8
30505.9
30505.2
30505.7
30506.7
30509
30508.3
30499.5
30501.7
30501.3
30501.2
30506.3
30506.1
30503.2
30495.1
30478.5
30470.9
30464.9
30467.2
100000
100000
100000
99999.8
99999.3
99996.7
99986.6
99950.7
99833.5
99511.7
98753.5
97219.1
94540.7
90613.8
85744.2
80428.2
75180.8
70197.9
65606.2
61320.1
57444.8
53799.2
50611.3
47707.2
45092.1
42755.1
40661.7
38795.3
37153.8
35735.4
34489.5
33498.7
32673.4
31998.9
31479.8
31098.3
30786.1
30637.8
30491
30450.6
30450.8
30451.7
30452.7
30455.7
30460.4
30473.7
30480.2
30475.1
30468.1
30476.1
30480.6
30480
30483.1
30488.4
30487.3
30484.1
30469.3
30460.5
30457.1
30461.3
100000
100000
100000
99999.8
99999.3
99996.8
99986.7
99950.9
99834.2
99513.2
98756.6
97224.2
94546.9
90619.1
85745.5
80425
75172.2
70186.1
65595.7
61341.6
57534
53993.9
50831.3
47879.5
45205.8
42831.2
40719.1
38845.3
37203.8
35789.3
34549.2
33568.9
32757.2
32099
31598.7
31231.9
30929.9
30787.1
30634.6
30548.7
30534.7
30526.4
30511.1
30499.3
30500.1
30501.6
30505.6
30505.1
30497.5
30500.1
30499.4
30499.2
30502.5
30501.6
30499.9
30489.9
30489.2
30483.7
30467.1
30469
100000
100000
100000
99999.8
99999.3
99996.8
99986.8
99951.2
99834.9
99514.9
98759.8
97229.6
94553.6
90625.2
85747.6
80422.2
75163.4
70173.6
65582.2
61315
57458.8
53824.4
50613.2
47700.7
45092.5
42758.3
40665.1
38798.6
37158.6
35743.4
34499.8
33513.3
32692.1
32021.3
31505.5
31124.8
30810.6
30658.5
30510.1
30441.7
30442.3
30443.5
30448.6
30448.8
30452.4
30458.3
30458
30464.8
30463
30464.6
30466.9
30467.1
30483.3
30483.8
30482.5
30478.4
30465.8
30461.8
30457.1
30460.1
100000
100000
100000
99999.8
99999.3
99996.8
99986.9
99951.4
99835.6
99516.5
98763.2
97235.2
94560.9
90631.9
85751
80419.9
75155
70160.6
65568
61307
57487.1
53940.1
50797.2
47861.6
45190.6
42815.8
40704.9
38832.8
37194.2
35783.4
34545.5
33567.9
32757.2
32099.2
31598.7
31232
30929.2
30784.9
30635.4
30549.8
30541.7
30527.9
30502.8
30492.2
30492.2
30493
30495.8
30495.2
30483.6
30484.7
30484
30484.1
30487.6
30488.6
30479.9
30477.3
30474.6
30461.6
30465.7
30460.8
100000
100000
100000
99999.9
99999.3
99996.8
99986.9
99951.6
99836.2
99518.1
98766.6
97241
94568.9
90639.6
85755.6
80418
75147.5
70147.5
65552.3
61289.9
57455
53843
50624.4
47696
45081.1
42750.8
40663.4
38800.5
37163.6
35752.1
34512.1
33531
32714.8
32048.7
31536.7
31157.5
30842.7
30690.1
30543.4
30464.8
30464.8
30465.1
30466.9
30467.6
30465.9
30471.1
30472.8
30471.2
30457
30459.7
30460.1
30461.5
30465.6
30465.3
30462.6
30461.3
30448.3
30443.2
30439.6
30441.2
100000
100000
100000
99999.9
99999.3
99996.8
99987
99951.8
99836.9
99519.8
98770
97247.1
94577.5
90648.2
85761.4
80417.2
75140.8
70134.1
65535.5
61272.9
57446.7
53881.4
50746.8
47844.2
45189.8
42818.1
40707.1
38834.5
37196.1
35786.2
34547.4
33570.8
32759.5
32099.9
31597.9
31228.5
30925.1
30780.6
30633.2
30547
30536.6
30525.1
30521.1
30505.2
30496.6
30497.8
30500.7
30499.5
30487.3
30485.8
30483.9
30486
30485.8
30483.9
30480.4
30463.6
30453.4
30449.1
30443.4
30448.5
100000
100000
100000
99999.9
99999.3
99996.8
99987
99952
99837.5
99521.4
98773.5
97253.3
94586.6
90658
85768.5
80418.2
75135.2
70121.2
65517.9
61253.5
57426.3
53840.2
50646.1
47691.6
45060.5
42727.8
40644.9
38787.8
37157.4
35753.6
34518.9
33545.7
32735.5
32074.5
31568.7
31191.7
30879
30723.6
30568
30482.8
30478.3
30475.8
30475.8
30479.4
30473.4
30473.6
30477.2
30476.3
30469.1
30470
30467.8
30472.3
30472.9
30471.7
30467.6
30457.7
30449.1
30446.4
30443.7
30447.5
100000
100000
100000
99999.9
99999.3
99996.9
99987.1
99952.2
99838.1
99522.9
98777
97259.7
94596.1
90668.9
85777.1
80421.2
75130.8
70109.3
65499.9
61232.4
57405.6
53830.5
50678
47789.1
45171.6
42816.3
40709.5
38835.8
37195.6
35786.1
34547.4
33573.6
32764
32105.1
31604.6
31232.1
30929.2
30783.8
30634.3
30553.4
30546.6
30535.3
30526.6
30511
30508
30509.1
30512.8
30511.8
30499.8
30498.2
30496.3
30499.1
30500.2
30497.7
30490.2
30480
30472
30468.9
30466.5
30470.7
100000
100000
100000
99999.9
99999.3
99996.9
99987.2
99952.4
99838.7
99524.4
98780.4
97266.2
94606
90680.8
85787.5
80426.4
75128
70098.7
65481.9
61209.9
57381.6
53805.7
50637.7
47708
45055.5
42714
40631.6
38779.4
37155.3
35758.6
34529
33562.5
32757.9
32101.7
31602.9
31227.9
30922.9
30773.7
30617
30537.8
30528.8
30522.7
30519.9
30508
30508.2
30509.9
30513.8
30512.8
30502.3
30503.6
30501.1
30503.1
30504.4
30504.8
30502.2
30496.1
30496.7
30485.4
30479
30481.1
100000
100000
100000
99999.9
99999.3
99996.9
99987.2
99952.5
99839.2
99525.8
98783.7
97272.6
94616.3
90693.8
85799.8
80433.9
75127.9
70090.1
65464.8
61186.6
57355.4
53779.4
50619.4
47716.8
45107.1
42776.3
40685.4
38820.9
37186.8
35783.3
34548.8
33580.3
32775.1
32117.9
31619.4
31242.6
30938.5
30790.2
30631.1
30555.4
30542.7
30534.8
30515.5
30514.9
30515.6
30517.5
30522.1
30521.1
30510.7
30512.8
30510.9
30514
30516.2
30515.2
30512
30507.4
30509.1
30501.5
30492.3
30493.7
100000
100000
100000
99999.9
99999.3
99996.9
99987.2
99952.7
99839.7
99527.1
98786.8
97278.9
94626.8
90707.7
85814
80444.2
75131.2
70084.3
65449.3
61163.5
57327.2
53749
50588.8
47680.9
45052.2
42704
40618.8
38769.4
37152
35764.1
34540.9
33582
32784
32130.6
31635.9
31259.5
30956
30806.9
30644.4
30575
30560.9
30543.3
30526.8
30526.6
30527.3
30529.3
30533.7
30532.5
30519.8
30519.8
30518.3
30520.3
30522.3
30521.1
30517.3
30512.5
30515.1
30513.5
30489.9
30484.1
100000
100000
100000
99999.9
99999.3
99996.9
99987.3
99952.8
99840.1
99528.3
98789.8
97285
94637.3
90722.3
85830.2
80457.5
75138.1
70081.3
65437.4
61142
57298.1
53715.4
50553.9
47649.1
45034.1
42706.9
40628.3
38774.6
37150.4
35757.8
34535.3
33581.4
32787.9
32139.1
31650.4
31276.3
30974.2
30825.3
30658.3
30601.5
30586.4
30553.8
30547.1
30547
30547.5
30548.8
30551.5
30549.7
30536
30535.8
30533.7
30533.7
30535.5
30535.1
30531.7
30522.6
30521.9
30524.4
30509.6
30506.6
100000
100000
100000
99999.9
99999.3
99996.9
99987.3
99952.9
99840.5
99529.4
98792.5
97290.7
94647.6
90737.4
85848
80474.1
75149.2
70083.3
65430.2
61123.3
57269.8
53679.4
50514
47607.4
44993.7
42666.6
40588.3
38741.9
37125.9
35738.4
34519
33569.2
32779.8
32134.8
31651.6
31281.2
30979.5
30828
30654.3
30602.8
30575.3
30541.7
30538.6
30538.9
30540
30542.6
30547.9
30547.3
30536.5
30537.8
30539.9
30536.9
30540.6
30541.6
30539.7
30532.3
30528.2
30523.6
30518.8
30513.1
100000
100000
100000
99999.9
99999.3
99996.9
99987.3
99952.9
99840.8
99530.3
98794.9
97296
94657.5
90752.6
85867.1
80493.8
75165.1
70091.1
65427.2
61111.9
57244.2
53643.1
50470.1
47558.5
44943.8
42621.6
40554.4
38720.9
37116
35737.8
34526.6
33582.8
32798.3
32155.9
31676.1
31307.9
31003.8
30848.2
30670.8
30620.9
30584.4
30551.1
30546.5
30547
30547.7
30550
30553.2
30550.9
30538.5
30533.4
30530
30529
30529.7
30534.6
30522.6
30495.7
30488.8
30485.6
30480.2
30469.8
100000
100000
100000
99999.9
99999.3
99996.9
99987.3
99953
99841
99531
98797
97300.6
94666.6
90767.4
85887
80516.3
75185.8
70105.5
65432.3
61106
57227.6
53611.6
50426.3
47503.6
44881.4
42555
40487
38658.7
37066.6
35707.6
34521
33599.4
32836.6
32211.1
31747.4
31388.4
31083.1
30925.3
30746.5
30689.1
30648.7
30607.3
30589
30585.7
30582.5
30581.2
30580.5
30575.3
30554.3
30534.9
30526.4
30516.1
30500.2
30491.8
30484.7
30485.1
30495.6
30453.5
30437.4
30423.9
100000
100000
100000
99999.9
99999.3
99996.9
99987.3
99953
99841.2
99531.6
98798.7
97304.6
94674.9
90781.5
85907
80540.8
75211
70126.9
65446.4
61109.1
57219.1
53592.8
50391.5
47451.8
44814.8
42474.7
40394.7
38558.4
36963
35605.8
34435.9
33539.5
32811.4
32220.8
31791.4
31456
31169.1
31022.3
30851.1
30780.9
30727.1
30665.3
30643
30639.2
30637.9
30637.6
30637.3
30632.7
30612.5
30573.4
30546.8
30529.8
30519.3
30492
30477.2
30462.9
30447.2
30437.8
30428.7
30414
100000
100000
100000
99999.9
99999.3
99996.9
99987.4
99953.1
99841.4
99532.1
98800
97307.9
94681.9
90794.1
85926.2
80566.2
75239.7
70155.1
65470.6
61124.5
57221.8
53583.8
50373
47417.8
44762.3
42402.3
40302.1
38445.5
36829.7
35453.3
34271.1
33365.6
32639.5
32075.6
31697.6
31415.1
31184.1
31060.4
30915
30846.4
30797
30747.7
30734.8
30726.5
30713.7
30705.6
30689.5
30653.5
30573.2
30499
30499.9
30499.9
30494.3
30477.3
30467.3
30463.9
30464.4
30465.2
30459.3
30431.4
100000
100000
100000
99999.9
99999.3
99996.9
99987.4
99953.1
99841.5
99532.4
98801
97310.4
94687.6
90804.8
85943.7
80590.8
75269.8
70188.5
65503.8
61153
57241.8
53592.5
50368
47400.8
44734.5
42358.8
40239.2
38361.1
36720.4
35314.5
34102.5
33162.4
32407.4
31825
31438.8
31179.2
31013.7
30950.3
30870.1
30830.5
30820.9
30801.4
30793.2
30782.2
30763.1
30729.4
30715.4
30686.1
30618.2
30559.7
30527.7
30471.2
30364.7
30326.3
30326.2
30327.8
30327.1
30325.9
30323.7
30319.5
100000
100000
100000
99999.9
99999.3
99996.9
99987.4
99953.1
99841.5
99532.6
98801.7
97312.2
94692
90813.3
85958.6
80613.2
75299.1
70224.1
65543
61192.2
57277.9
53622.5
50387.9
47407.5
44727.2
42338.8
40207.9
38316.7
36658.2
35229
33988.3
33011.4
32216
31591.2
31158.1
30871.5
30696.7
30655.2
30637.1
30636.4
30637.4
30640.3
30648.3
30665.2
30696.6
30698.3
30697.5
30689.6
30663.3
30613.7
30522.7
30425.2
30237.2
30174.6
30147.9
30126.1
30118.2
30109.3
30106.6
30102.9
100000
100000
100000
99999.9
99999.3
99996.9
99987.4
99953.1
99841.6
99532.7
98802.1
97313.4
94695
90819.6
85970.3
80631.7
75325.2
70257.9
65583.2
61236.6
57324.5
53668.2
50429.5
47442.7
44753.6
42352.9
40207.8
38302.3
36630.6
35187.7
33929.7
32929.5
32104.5
31441.9
30953.8
30612.3
30380.7
30322.9
30296.5
30296.5
30297.7
30301
30309
30326.5
30361.9
30434.1
30556.5
30560.3
30552.3
30533.5
30500
30407.4
30300.2
30189.8
30137.7
30094.4
30064.7
30056.3
30047.7
30062.4
100000
100000
100000
99999.9
99999.3
99996.9
99987.4
99953.1
99841.6
99532.8
98802.4
97314.1
94697
90823.7
85978.5
80645.4
75346
70286.6
65619.1
61279.2
57372.6
53719.5
50481.9
47494.6
44802.5
42396.3
40244.2
38329.8
36646.1
35188.2
33911.8
32893.6
32049.9
31364.3
30839.7
30453.3
30165
30036.9
29947.5
29946.6
29947.8
29951.4
29959.9
29981.1
30026
30116.7
30174.8
30239.7
30278
30363.1
30356.6
30344.6
30332.9
30264.1
30234.7
30224.8
30231.2
30221.2
30182.7
30195.2
100000
100000
100000
99999.9
99999.3
99996.9
99987.4
99953.1
99841.6
99532.8
98802.6
97314.5
94698.1
90826.2
85983.6
80654.1
75360.1
70307.1
65646.4
61313.2
57413
53765.1
50531.5
47547.4
44856.6
42450.4
40297
38380.1
36692.5
35228.5
33942.4
32911.8
32052.3
31345.2
30792.8
30375.1
30046.9
29863.5
29694.2
29663.3
29665.1
29667.4
29674.9
29694.8
29718.9
29759.8
29827.8
29942.8
29949.9
29980.5
30049.7
30179.4
30257.2
30339
30448.4
30484.5
30495
30494.8
30493.6
30490.4
100000
100000
100000
99999.9
99999.3
99996.9
99987.4
99953.1
99841.6
99532.8
98802.6
97314.7
94698.6
90827.3
85986
80658.4
75367.2
70317.6
65660.9
61332
57435.9
53791.5
50561.1
47579.8
44890.9
42485.9
40333.2
38416.3
36728
35262.5
33973.2
32938.7
32073.9
31358.4
30791.1
30354.7
30003.3
29790.1
29588.6
29513.9
29505.9
29507.1
29511.3
29522
29544
29565.7
29606.9
29704.2
29718.9
29761
29858.2
30085.1
30219.7
30396.8
30557
30569.1
30569.6
30569.5
30566.8
30567
30497.7
30409.5
30214.9
29827.7
29503.4
29209.1
28938.4
28681.9
28435.2
28182.4
27911.9
27605.5
27257.8
26867.4
26430.5
25934.8
25355.3
24633.2
24576.3
25121.8
30502.2
30419.2
30235.6
29877.1
29547.6
29241.2
28970.9
28718.3
28476.2
28230.8
27966.4
27664.8
27328.1
26939
26506.2
26022.7
25470.9
24817.3
24042.5
23737.2
30504.1
30431.1
30265.7
29925.6
29573
29251.1
28978.5
28730.2
28490.7
28247.7
27982.9
27682.1
27346.9
26969.9
26551.4
26084.6
25556.2
24941
24222.2
23329.3
30515.7
30450.1
30295.2
29961.1
29590.6
29262.7
28998.1
28762.3
28533.8
28297.3
28039.6
27746.6
27414.3
27043.3
26636.4
26188.1
25687.2
25117.5
24464.4
23676.9
30517.1
30450.9
30291.7
29954.3
29578.2
29260.4
29011
28790.5
28573.1
28336
28076.8
27786.2
27463.9
27106.2
26714.6
26287.9
25812.1
25290.2
24694
24002.8
30504.4
30434.2
30273.2
29947.3
29581
29277.8
29046.5
28838.9
28629.2
28393.8
28137.6
27849.9
27533.5
27188.1
26812.9
26407.1
25959.9
25474.5
24932.1
24317.9
30493.7
30427.5
30275.8
29967.5
29631.2
29338.7
29109.6
28901.7
28688.7
28451.3
28191.7
27907.9
27601.3
27270.7
26914.5
26530.3
26111.6
25659.7
25164.7
24614.8
30495.6
30436.8
30298.9
30015.7
29699.9
29414.1
29180.1
28963
28742.3
28503.7
28247.5
27971.7
27678.4
27365
27027.8
26664.7
26271.2
25848.6
25393.9
24897.5
30500.8
30449.6
30328.4
30079.9
29751.7
29471.7
29237.8
29017.5
28796.1
28560.9
28313
28050.2
27772.9
27476
27156.4
26811.4
26439.8
26043.8
25624.3
25172.8
30490.5
30443.5
30334.2
30110.6
29773.1
29498.8
29270.5
29057.3
28848.4
28628.4
28393.7
28142.4
27875.8
27590.6
27284.1
26955.2
26603.8
26233.1
25845.1
25433.3
30484.2
30439.2
30335.4
30124.2
29796.1
29531.9
29313.7
29117.6
28923.1
28718.5
28493.7
28249.3
27988.3
27712.2
27417.4
27105.8
26776.7
26431.6
26072.9
25695.7
30479.3
30437.4
30340.7
30144.1
29829.7
29571.6
29360.1
29171.3
28986
28794.4
28577.6
28340.6
28087.3
27822.7
27542.9
27251.3
26945.1
26625
26293.2
25946.4
30477.6
30439.3
30351.4
30171.4
29883.6
29639
29434.1
29247.8
29065.1
28879.5
28671.9
28445.5
28203.7
27953.4
27689.8
27417.4
27132.5
26834.3
26525
26202.9
30470.9
30435.8
30355.7
30189.5
29921.5
29697.1
29505.8
29325.4
29145.4
28964.5
28766.7
28552.3
28323.2
28087.1
27836.7
27580.4
27312.2
27031.8
26741.5
26441.2
30471.3
30439
30365.4
30212.8
29973.4
29767.4
29586.4
29412.1
29238.4
29064.8
28879.8
28679.1
28462.9
28239
28000.4
27757.1
27503.1
27238.4
26965.3
26685
30465.1
30436.1
30369.9
30233.3
30018
29816.3
29639.8
29473.2
29309.7
29147.3
28976.6
28790
28586.3
28372.8
28146.4
27915.3
27676
27427.8
27173.1
26913.3
30475.9
30446.3
30380.2
30247.4
30053
29871.3
29706
29546.6
29391.9
29240.5
29083.8
28911.2
28719.6
28518.1
28304.3
28087.9
27864.7
27633.9
27396.9
27155.8
30475.2
30431.9
30360.8
30241
30072.6
29903.5
29753.5
29609.3
29467.3
29327.9
29183.5
29024.4
28846.2
28656.4
28457.5
28256.2
28047.9
27832.9
27612.3
27388.6
30514
30481.9
30381.9
30248
30110.8
29957.1
29824.9
29698.4
29571.4
29443.6
29310.3
29163.4
29000.5
28824.2
28641.6
28453.8
28259.4
28058.5
27852.3
27643.2
30495.4
30465.5
30373.6
30256.9
30139.9
30018.6
29896.7
29770.5
29646.4
29527.7
29408.2
29277.3
29130.9
28970.5
28804
28630.6
28450.2
28263.6
28071.7
27876.6
30488.3
30460.8
30381.2
30278.4
30174.7
30059.9
29962.7
29845.8
29730.7
29623
29515.9
29399.6
29268.9
29125
28974.6
28816.1
28650.2
28477.6
28299.4
28116.2
30463.1
30436.1
30355.6
30266.9
30151.9
30066.3
29987.3
29870.7
29765.9
29677
29590.4
29492.8
29379.2
29252.5
29117.7
28976.5
28827.4
28670.5
28506.1
28337.1
30460.1
30438.7
30383.4
30264.1
30164.1
30079.3
30031.8
29938.6
29841
29760.5
29683.5
29599
29502.6
29395.6
29280.8
29158.8
29028.2
28888.3
28740.7
28586
30446.2
30424.9
30354.3
30274.3
30194.8
30110.5
30048.4
29966.3
29886.1
29816.7
29751.6
29681.8
29602.9
29515.5
29421.5
29320.8
29211.8
29093.2
28965.2
28829.6
30437
30399.3
30352.8
30287.3
30203.5
30133
30096.2
30030.4
29949.9
29888.6
29833.6
29777.1
29715.1
29646.9
29572.8
29492.4
29404.3
29306.8
29199.9
29084.2
30416.3
30399.2
30370.9
30314.3
30223.9
30153.6
30085.6
30022.8
29973
29931.9
29892.6
29849.6
29801.1
29747.5
29689.2
29625.5
29554.9
29475.3
29387.2
29290.6
30462.1
30446.5
30408.7
30311.2
30242.7
30182.9
30113.6
30059.4
30020.2
29989.8
29961.9
29930.7
29893.6
29851.1
29805.5
29756.9
29700.7
29636.6
29562.3
29483.5
30457.3
30441.5
30382.7
30314
30261.9
30209.5
30149.5
30097.2
30051.9
30017.4
29993.4
29973.6
29950.9
29921.6
29886.1
29846.5
29804.4
29758.9
29709.8
29657.2
30463.5
30450.5
30420.5
30332
30243.9
30197.3
30144.8
30105.8
30079.8
30059.8
30044.1
30031.3
30017.4
29999
29973.8
29941.5
29903.6
29864.1
29819.4
29779.6
30455.7
30438.7
30381.2
30304.8
30244.4
30192.5
30126.8
30074.1
30053.8
30051.9
30049.5
30051.7
30059.9
30035.7
30007.8
29990.2
29969.2
29946
29922.9
29897.8
30439
30402.5
30369.9
30323.3
30264.4
30183.5
30142.5
30126.2
30104.6
30057.9
30035.5
30022.1
30013.2
30006.3
29998.8
29992.5
29986.9
29984.3
29980.4
29966.9
30437.1
30420.1
30367.7
30294.2
30244.1
30166.1
30120.2
30098.7
30090.8
30076
30028.4
30019.8
30016.5
30013.5
30009.4
30004.9
29999.1
29989.9
29980.7
29974
30444
30428.2
30362.5
30295.9
30249.4
30192.7
30124.4
30082.8
30058.7
30054.4
30052.2
30057.3
30060.4
30017.6
30002.2
29996.6
29991.7
29984.3
29975.9
29972.6
30441.9
30420.6
30351.5
30305.6
30261.8
30201.8
30133.7
30094.3
30076.4
30073.6
30070.9
30073.2
30081.8
30037.3
30009
29999.1
29991.8
29986
29981.6
29978.4
30465.2
30442.9
30375
30329.8
30284.2
30237.3
30177.6
30152.7
30137.9
30128.3
30112
30098.7
30085.6
30071.3
30055.6
30040.2
30025.5
30013.5
30005
29998.7
30477.2
30462.6
30420
30347.4
30291.4
30254.5
30214
30184.9
30167.8
30154.6
30144
30132.7
30119.2
30105.1
30092.2
30081.5
30072.7
30065
30058.2
30052.4
30490.2
30476.5
30430.9
30374.2
30334.3
30269.9
30237.5
30213.5
30188.1
30170.4
30164
30160.7
30155.1
30138
30122.2
30108.4
30097.3
30085
30072.9
30062
30476.7
30468.4
30448.9
30408
30335.7
30296.7
30255.8
30222.2
30202.2
30187.6
30174.6
30160.7
30144.9
30129
30116.2
30108.4
30105.3
30104
30102.9
30100.8
30501.8
30492.7
30467.1
30414.7
30334.7
30294
30250.3
30216.1
30195.2
30175
30154.3
30135.7
30120.4
30109.7
30102.2
30099.2
30097.8
30095.5
30096.1
30112.1
30503.3
30488.3
30452.1
30396.7
30351.5
30302.2
30255.8
30221.6
30201.3
30189.8
30180.9
30171.7
30161.3
30150
30137.6
30123.7
30109.3
30096.4
30085.1
30079.7
30454.7
30438.7
30404.4
30362.1
30319
30279.1
30228.2
30191.9
30170.6
30160.8
30155.7
30150.3
30144.7
30137.1
30115.1
30100.8
30089.6
30079.9
30074.7
30069.4
30406.2
30390
30356.2
30294.4
30235.7
30185.1
30151.4
30130
30115.4
30106.5
30102.6
30098.7
30091.2
30078.6
30065.2
30053.8
30047.5
30046.3
30046.7
30048.1
30394.9
30377.6
30341.9
30279.1
30217.6
30175.7
30142.6
30115.4
30101.6
30096.6
30091.8
30082.5
30066.7
30053.4
30045.9
30043.9
30043.9
30044.7
30047.2
30052.8
30410.4
30395.7
30374.9
30339.7
30294.7
30271.8
30171.2
30123.6
30114.4
30111.1
30103.5
30085.9
30074.5
30067.5
30062.3
30055.5
30045.3
30032.9
30022.2
30013.9
30311.3
30300.3
30278.2
30241
30195.5
30115.2
30069.4
30051.4
30046.9
30043.4
30049.7
30055.3
29979.2
29953
29945.4
29940.6
29937
29934.1
29931.6
29929.8
30096.6
30088
30068.3
30030
29988.2
29947.3
29917
29907.2
29905.8
29904.1
29900.3
29908
29911.3
29870.3
29860
29859.6
29859.7
29860.5
29862.7
29867.7
30058.3
30046.9
29983.3
29898.4
29867.6
29855.9
29854
29854.2
29855.2
29857.7
29861.9
29865.8
29871
29879.4
29886.3
29894.4
29903.6
29913.4
29925.5
29938.5
30193.7
30185.7
30163.2
30120.5
30024
29973.4
29955.1
29951.9
29951.9
29952.2
29953.3
29956.1
29962
29970.9
29978
29983.6
29988
29992
29992.3
29985.2
30482.9
30470.4
30440.2
30377.3
30294.8
30235.3
30200
30179.4
30164.7
30152.7
30142.4
30132.3
30122.2
30111.8
30101.9
30091.8
30081.8
30072.4
30065.7
30060.7
30562.9
30552.5
30525.7
30451.2
30404.9
30343.4
30273.9
30224.5
30183.7
30150.1
30125.7
30109
30099.8
30094.3
30090.5
30082.4
30083.7
30099
30067.6
30031.5
34494.4
34514.6
34630.3
34954
35498.7
35768.4
35784.8
35764.8
35690.7
35487
35024.7
34435.6
33051.8
29576.2
17707.2
10926.6
10176
9976.05
10010.7
9998.03
10000.4
9999.93
10000
10000
10000
10000
10000
10000
10000
10000
34560.2
34571.5
34656.3
34871.1
35276.6
35570.7
35720.6
35721.3
35700
35616.6
35387.7
34838.3
33592
30568.8
20088.4
11558.4
10151.5
10004.2
10009.2
9998.01
10000.4
9999.94
10000
10000
10000
10000
10000
10000
10000
10000
34503.1
34501.5
34547.6
34676.1
34935.4
35279.8
35543.7
35575
35555.2
35469.7
35212
34615.4
33284.1
30374.5
21604.5
11919.4
10103.5
10053.2
10002.4
9998.83
10000.4
9999.93
10000
10000
10000
10000
10000
10000
10000
10000
34241.5
34232.4
34268.4
34384.6
34642.2
35160.2
35478
35603.1
35596.9
35546.7
35395
35049.5
34274
32444.4
25774.5
11896.4
10204.2
10090.1
9992.47
10001
10000.1
9999.96
10000
10000
10000
10000
10000
10000
10000
10000
33986
33990.6
34037.1
34169.6
34464.6
35096.4
35440.5
35575.4
35557.2
35482.1
35302.8
34895
34095.1
32252.7
26162
11774.6
10518.7
10064.6
9991.93
10002.8
9999.83
10000
10000
10000
10000
10000
10000
10000
10000
10000
33879.3
33898.4
33971.5
34148
34545.9
35143.4
35460.9
35595.6
35586.2
35527.9
35354.1
34929
34054.8
32067.6
26128.3
12076.6
10956.3
9994.2
10006.8
10002.3
9999.72
10000
10000
10000
10000
10000
10000
10000
10000
10000
33875.3
33895.5
33961.8
34115.5
34582.9
35071
35311.9
35537.2
35534.2
35479.7
35290.9
34854.9
33952.7
32012.6
26819.7
13138.5
11121.6
9939.11
10030.8
9999.05
10000
10000
10000
10000
10000
10000
10000
10000
10000
10000
34011.1
34035.1
34106.7
34282.3
34553.9
34825.2
35060.7
35456.7
35513.2
35474.5
35303.3
34895.8
34077.8
32455.9
28270.6
15566.6
10927
9965.45
10047.2
9995.95
10000.5
9999.99
10000
10000
10000
10000
10000
10000
10000
10000
34152.5
34156.7
34202.6
34300.4
34384.1
34521.5
34841.5
35404
35503.8
35469.9
35314.4
34920.7
34216.5
32701.4
28807
18746.2
10626.7
10081.4
10046.6
9995.13
10001
9999.94
10000
10000
10000
10000
10000
10000
10000
10000
34142.5
34120.5
34071.7
34049.5
34081.8
34269
34745.1
35385.8
35502.6
35481.1
35363.5
35031.2
34313.8
32746.8
28788.2
19364.3
10481.3
10258.9
10028.1
9997.56
10001
9999.92
10000
10000
10000
10000
10000
10000
10000
10000
33733.8
33698.3
33688.4
33721
33835
34154.7
34766.7
35381.2
35498.6
35482.2
35377.3
35072.9
34354.7
32712.8
28524.3
19609.6
10623.4
10441.9
10004.1
10002.4
10000.8
9999.94
10000
10000
10000
10000
10000
10000
10000
10000
33426
33415.6
33435.6
33522.8
33756.7
34109.1
34959.7
35378.8
35473.6
35454.1
35352.6
35063.8
34334
32636.8
28280.9
19794.4
11044.8
10589.5
9987.39
10008.2
10000.4
9999.98
10000
10000
10000
10000
10000
10000
10000
10000
33262.9
33266.4
33305.4
33433.6
33761.2
34338.9
35128.9
35338.5
35402.5
35381.1
35268.3
34974.4
34249.5
32550.6
28103.3
20211.6
11771
10629.1
9986.74
10013.4
9999.89
10000.1
10000
10000
10000
10000
10000
10000
10000
10000
33194.5
33208
33272.7
33438.9
33794.9
34691.7
35251.7
35312.4
35333
35322.7
35218.3
34897
34117.4
32504.6
27998
20814.8
12826.6
10578.3
10005.3
10017
9999.62
10000.1
10000
10000
10000
10000
10000
10000
10000
10000
33165.9
33189.8
33281.4
33522.7
34084.9
34948.8
35297.3
35302.2
35298.1
35292.4
35179.7
34823.1
34027.6
32508.5
27770.2
21406.7
14159.7
10477.9
10042.5
10018.6
9999.66
10000.2
10000
10000
10000
10000
10000
10000
10000
10000
33331.9
33369.4
33494.4
33789.7
34399.2
35054.1
35290.3
35282.8
35284.2
35309.3
35215.5
34855.5
34024.1
32546.9
27294.6
21829.7
15594.6
10419.7
10096.4
10017.7
10000
10000.2
10000
10000
10000
10000
10000
10000
10000
10000
33608.1
33636.5
33740
34003
34603.4
35119.8
35217.3
35250.2
35446
35471.2
35390
35044.7
34218.2
32603.3
26634.9
22099.5
16844.1
10420.4
10159
10014.8
10000.7
10000.2
10000
10000
10000
10000
10000
10000
10000
10000
33783.3
33806.2
33901.7
34135.8
34648.5
35052.3
35125.1
35303.9
35633.8
35694.4
35630.4
35319.2
34519.3
32567.7
26041.8
22304
17720.6
10482.6
10221.5
10012.7
10001.7
10000.3
10000
10000
10000
10000
10000
10000
10000
10000
33888.3
33900.7
33970
34182.7
34475.4
34854.5
35085
35404.1
35771.8
35874
35829.3
35578.8
34837.3
32181.4
25735.1
22468.4
18257.4
10614
10280
10012.8
10002.7
10000.3
10000
10000
10000
10000
10000
10000
10000
10000
33814.2
33793.1
33825.2
33928.2
34149
34736
35069.2
35526.6
35868
35968.6
35946.1
35758.6
35069.3
31556.9
25644.8
22594.3
18617
10838.2
10330.9
10014.5
10003.8
10000.3
10000
10000
10000
10000
10000
10000
10000
10000
33345.2
33336.4
33382.7
33551.6
33956
34658.9
35117.4
35650
35930
36005.1
35984.5
35824.6
34823.7
30953.6
25621.9
22690.7
18925
11211.9
10371.3
10017.9
10004.7
10000.3
10000
10000
10000
10000
10000
10000
10000
10000
33065.2
33074.3
33147
33357.4
33840.1
34600.7
35207.5
35743.9
35932.8
35952.1
35885.3
35672.6
33842
30710.6
25720.9
22746.1
19223.7
11765.5
10399.7
10023.3
10005.7
10000.3
10000
10000
10000
10000
10000
10000
10000
10000
32929.7
32944.9
33029.2
33259
33779.4
34545
35255.1
35778.8
35908
35894.6
35739.8
35051.5
32978
30676.9
25816.8
22766
19523.5
12378.9
10420.2
10031.2
10006.7
10000.4
10000
10000
10000
10000
10000
10000
10000
10000
32866.4
32883.2
32969.9
33206.4
33738.8
34505.1
35245.4
35811
35888.5
35839.2
35636.4
34059.9
32563.1
30749.4
25898.7
22771.2
19806.1
12983.2
10440.7
10042.3
10007.6
10000.5
10000.1
10000
10000
10000
10000
10000
10000
10000
32832.9
32850.6
32937.6
33172.8
33717
34488.4
35300.5
35878.5
35914.9
35817.3
35473.5
33210.4
32367.3
30889.1
25773.5
22764.1
20083.9
13601.5
10466.5
10057.5
10008.5
10000.6
10000.1
10000
10000
10000
10000
10000
10000
10000
32816.3
32833.9
32919.6
33151.1
33693.8
34541.3
35463.8
35952.9
35978.4
35910.4
34937.5
32794.2
32281.8
31039.8
25403.2
22741.3
20364
14246.5
10498.9
10072.5
10009.4
10000.7
10000.1
10000
10000
10000
10000
10000
10000
10000
32799
32817.7
32908.2
33152.9
33676.3
34732.8
35728
36143.8
36116
36068.2
34133.8
32630
32388.8
31126.6
24852.1
22717.6
20641.9
14905.6
10536.5
10087.4
10010.5
10000.9
10000.1
10000
10000
10000
10000
10000
10000
10000
32763.3
32788.7
32898
33166.6
33777.9
35029.7
36025
36323.6
36337.5
35796.9
33510
32705.2
32697.6
30878.6
24291.2
22702.2
20906.5
15534.7
10584.3
10104.4
10011.7
10001.1
10000.1
10000
10000
10000
10000
10000
10000
10000
32739.6
32777.2
32917.4
33288.8
34098.1
35377.1
36266.3
36485.3
36557.6
34835.3
33284.6
32989.9
33193
30097.9
23925
22699.3
21149.3
16113
10650
10122.7
10013
10001.3
10000.1
10000
10000
10000
10000
10000
10000
10000
32921.9
32978.8
33164
33596
34471.6
35716.3
36436.1
36629.1
36170.4
33899.9
33215
33521.8
33768.3
28910.7
23673.4
22715.9
21367.2
16645.2
10733.8
10140.8
10014.5
10001.5
10000.1
10000
10000
10000
10000
10000
10000
10000
33291
33342.5
33513
33931.5
34857.1
35984.8
36560.2
36624.2
34844.5
33500.5
33283.9
34324.9
34267.1
27451.5
23485.4
22744.9
21560.4
17133.5
10826
10159.1
10016.2
10001.7
10000.2
10000
10000
10000
10000
10000
10000
10000
33626
33678.4
33860.9
34300.7
35193.2
36192
36607.9
35738.8
33711.6
33291.6
33694.6
35167.1
34402.4
25914.6
23360.9
22781
21731.7
17580.8
10930.4
10177.9
10018.2
10002
10000.2
10000
10000
10000
10000
10000
10000
10000
33982.9
34040.5
34235.9
34669.3
35479.1
36283.4
36020.9
34176.8
33141
33129.2
34599.4
35838.5
33496.8
24711.2
23291.5
22820.6
21884.2
17992.5
11046.2
10196.8
10020.4
10002.2
10000.2
10000
10000
10000
10000
10000
10000
10000
34360.7
34401.2
34554.8
35020
35633.6
35698.3
34268.6
32952.7
32755.1
33217.4
35617.5
36416.5
31344.3
24118.9
23257.3
22862.4
22021.2
18373.9
11171.6
10216.6
10022.9
10002.5
10000.2
10000
10000
10000
10000
10000
10000
10000
34704.7
34667.7
34789.6
35104.3
35010
33665.5
32778.1
32214.8
32502.2
33865.9
36294.3
36686.8
28738.6
23776.6
23243
22906.2
22145.2
18728.2
11304.6
10237.1
10025.5
10002.8
10000.3
10000
10000
10000
10000
10000
10000
10000
34417.9
34250.7
34020.6
33663
32837.3
31930.2
31619.9
31762.8
32463.5
34754.4
36737.8
36137.2
26321.9
23573.2
23239.9
22951.7
22258
19053.6
11447.5
10258.7
10028.4
10003.1
10000.3
10000
10000
10000
10000
10000
10000
10000
32020.6
31788.2
31552.8
31346.1
30952.2
30796.3
31022.2
31605.7
32668.5
35535.2
37020.1
34108.8
24742.7
23463.6
23249.2
22998
22361.1
19346.6
11602.2
10281.2
10031.4
10003.5
10000.3
10000
10000
10000
10000
10000
10000
10000
29842.5
29693.4
29642.8
29621.9
29660.6
30214.8
30776.4
31547.1
33189.1
36219.6
37217.4
30970.8
24038.9
23407.5
23262.4
23044.7
22454.9
19605.3
11772.3
10304.9
10034.7
10003.8
10000.4
10000
10000
10000
10000
10000
10000
10000
28377.2
28309
28330.7
28502.6
29058.8
29974.2
30679.6
31618.7
33894.7
36741.8
37154.2
27892.9
23683.4
23380.2
23278
23090.4
22538.4
19827.8
11961.1
10329.2
10038
10004.2
10000.4
10000
10000
10000
10000
10000
10000
10000
27504.5
27503.6
27600.8
27954.6
28850.2
29870.1
30699.8
31848
34797.7
37065.3
35904
25477.6
23491.7
23366.8
23295.6
23133.1
22611.5
20020
12167.2
10354.8
10041.7
10004.6
10000.4
10000
10000
10000
10000
10000
10000
10000
27103
27138.8
27308.8
27761.9
28781.8
29859.4
30800.1
32306.9
35933.7
37385.4
32936.1
24205
23399.5
23360.4
23316
23169.6
22675.4
20192.6
12382.3
10380.7
10045.4
10005
10000.5
10000
10000
10000
10000
10000
10000
10000
26970.3
27029.8
27255
27817.1
28815.4
29898.3
30970.3
33189.9
36816.6
37571.2
29384.6
23660.7
23353.4
23365
23335.2
23200
22732.3
20352.3
12601.7
10408.1
10049.5
10005.5
10000.5
10000
10000
10000
10000
10000
10000
10000
27006
27091
27378.1
28058.8
29017.1
29954.4
31282.2
34693.8
37451
37182.4
26293.1
23382.6
23334.9
23378.8
23353
23227.4
22784.4
20501.9
12821.1
10435.5
10053.5
10005.9
10000.6
10000
10000
10000
10000
10000
10000
10000
27227
27336.6
27671.2
28431
29309.2
30252.5
32270
36155.5
37969.5
34525.6
24361.7
23237.4
23333.4
23394
23370.5
23253.2
22832.4
20642.7
13038.1
10465.2
10058
10006.4
10000.6
10000
10000
10000
10000
10000
10000
10000
27583.6
27710.2
28087
28924
29735.9
30922.7
33761.5
37270.1
38262.1
30130.7
23530.6
23161
23357.7
23409.3
23387.9
23277.9
22877
20774.9
13250.5
10494.6
10062.2
10006.9
10000.6
10000.1
10000
10000
10000
10000
10000
10000
28021.8
28172
28623.5
29552
30382.5
31971.1
35279
38077.5
37666.1
26285.1
23150.3
23124.2
23384.7
23424.1
23404.6
23301.3
22918.1
20898
13459.2
10527.6
10067.1
10007.4
10000.7
10000.1
10000
10000
10000
10000
10000
10000
28413.4
28604.1
29220.4
30314.2
31340.2
33359
36588.9
38526.8
34353.8
24062.2
22962.2
23108.8
23399.9
23437.3
23420
23323.2
22957.1
21012.9
13664.3
10559
10071.5
10007.9
10000.7
10000.1
10000
10000
10000
10000
10000
10000
28498.3
28743.9
29572.3
30989.9
32502
34913.6
37614.8
38342.8
28552.7
23148
22868.5
23120.4
23406.9
23449
23434.4
23344.4
22996.9
21125.3
13865.8
10596.2
10076.9
10008.5
10000.8
10000.1
10000
10000
10000
10000
10000
10000
28517.2
28839.3
29747.8
31303.6
33418.9
36566.4
38861.4
35787.8
24584.9
22781.3
22832
23141.9
23418.6
23464.1
23451.4
23366.7
23036.5
21235.6
14065.5
10628.4
10081.2
10009
10000.8
10000.1
10000
10000
10000
10000
10000
10000
28941.1
29502.2
30622.6
31975.6
33900
37495.7
39038.1
28467.6
23113.5
22640.4
22842.2
23172.5
23445.2
23487
23473.9
23390.4
23063.3
21317.5
14249.9
10670.9
10087.2
10009.7
10000.9
10000.1
10000
10000
10000
10000
10000
10000
30494.6
33903.6
34762.3
34955.7
33705.3
30085.3
25886.6
23159.2
22468.1
22550.8
22942.9
23250.3
23513.4
23538
23523.3
23437.4
23096
21421.5
14584.5
10747.2
10098.5
10011
10001
10000.1
10000
10000
10000
10000
10000
10000
24747.8
25621.8
25109
24113.2
23385.4
22678.3
22085.3
22017.5
22325.7
22683.5
23047.6
23335.6
23577.7
23589.7
23575.8
23489.7
23140.8
21563.1
14908.4
10765.8
10100.3
10011.2
10001.1
10000.1
10000
10000
10000
10000
10000
10000
22735.4
22149.5
21659.8
21479.1
21359.8
21300.8
21364.3
21870.4
22450.9
22817.3
23177.1
23436.5
23648.4
23653.7
23638.7
23547.8
23193
21719.8
15327.6
10840.1
10111.4
10012.4
10001.2
10000.1
10000
10000
10000
10000
10000
10000
22692.7
21776.8
21132.9
20962
20966
21036.3
21285.9
21888.7
22511.9
22977.2
23325.2
23541
23719.5
23722.9
23706.4
23610.4
23254.7
21875.2
15696.3
10900
10120.3
10013.4
10001.3
10000.1
10000
10000
10000
10000
10000
10000
23119.6
22267.8
21584.3
21267.9
21273.5
21320.3
21484.1
21886
22535.1
23105.7
23489.9
23651.1
23793.2
23796.2
23778.6
23680.2
23330
22036.4
16107.4
10971.4
10131.4
10014.6
10001.4
10000.1
10000
10000
10000
10000
10000
10000
23548.6
22795.3
22130.8
21709.8
21649.2
21667.4
21753.9
21997.1
22541.1
23168.4
23662.6
23768.2
23867.3
23869.4
23851.1
23752.1
23412.2
22196
16522.7
11046.7
10143.6
10015.9
10001.5
10000.1
10000
10000
10000
10000
10000
10000
23937.3
23263.9
22642.5
22176.5
22012.7
22021.2
22067.6
22214.7
22568
23192.3
23761.8
23891.2
23944.9
23945.4
23926
23827.1
23498.7
22349.7
16946.7
11127.5
10157
10017.4
10001.7
10000.1
10000
10000
10000
10000
10000
10000
24294
23688
23119.5
22640.4
22382.3
22383.3
22401.9
22481.9
22702.6
23198.9
23806.1
24011.5
24026.7
24025.4
24003.4
23904.3
23587.2
22499.4
17374.8
11213.8
10171.8
10019
10001.8
10000.2
10000
10000
10000
10000
10000
10000
24630.8
24078.8
23557.5
23085.5
22771.7
22720.7
22729
22772.2
22907.3
23231.8
23818.2
24121.5
24119.4
24113
24087.3
23989.7
23685.5
22656.8
17813.1
11305.7
10188.1
10020.7
10002
10000.2
10000
10000
10000
10000
10000
10000
24943.1
24440.2
23961
23507
23166.7
23043.6
23046.7
23068.2
23146.4
23353.4
23817.7
24222.9
24219.7
24206.7
24175
24081.2
23793.5
22824.6
18260.3
11404
10205.7
10022.6
10002.2
10000.2
10000
10000
10000
10000
10000
10000
25247.5
24783.9
24336.5
23901.5
23546.6
23363.5
23349.1
23357.6
23399.1
23525.7
23825.3
24273.8
24299.1
24297.6
24278.6
24192
23915.3
22996.2
18708.9
11508.4
10224.9
10024.7
10002.4
10000.2
10000
10000
10000
10000
10000
10000
25534
25104.6
24686.7
24273.9
23913.5
23695.3
23628.8
23632.4
23652.5
23723.5
23904
24299.7
24400.5
24400.7
24386.7
24310.1
24049.2
23174.2
19156.9
11618.9
10245.5
10027
10002.6
10000.2
10000
10000
10000
10000
10000
10000
25818.1
25415.8
25021.4
24628.7
24265.7
24024
23901.4
23894.8
23902
23940
24050.8
24312.9
24506.6
24519.5
24507.9
24438.4
24192.4
23358.9
19603.1
11735.1
10267.6
10029.4
10002.8
10000.2
10000
10000
10000
10000
10000
10000
26082.3
25707.7
25339.1
24969.4
24609
24360.9
24196.4
24135.6
24138.3
24157.3
24218.2
24371.4
24593.9
24646.8
24637.9
24575.2
24341.2
23549.1
20047.5
11858.5
10291.1
10031.9
10003
10000.3
10000
10000
10000
10000
10000
10000
26349.6
25999.8
25652.8
25301.2
24946.8
24695.2
24499.7
24376.9
24375.8
24383.2
24411.6
24490.5
24664.1
24776.2
24769.7
24715.1
24497.9
23749.8
20487.3
11995.2
10315.9
10034.6
10003.3
10000.3
10000
10000
10000
10000
10000
10000
26602.5
26277.3
25953.1
25621.5
25284.1
25028.9
24813.1
24648.3
24608
24611
24622.8
24661.3
24752.7
24900.3
24896.6
24852.2
24656.5
23961.1
20926.5
12150.3
10341.9
10037.4
10003.6
10000.3
10000
10000
10000
10000
10000
10000
26865.4
26560.4
26254.6
25938.8
25615.8
25355.7
25125.3
24928.9
24849.9
24850.7
24852.7
24867.5
24909.1
25000.4
25011.1
24982.1
24816.7
24179.9
21356
12338.2
10369.1
10040.4
10003.9
10000.3
10000
10000
10000
10000
10000
10000
27118.7
26833.3
26545.3
26244.2
25935.4
25671.9
25431.9
25214.1
25119.9
25087.9
25074.8
25079.1
25093.6
25131.3
25140.4
25116
24972.8
24397.6
21744.4
12586.8
10397.5
10043.3
10004.1
10000.3
10000
10000
10000
10000
10000
10000
27389.5
27117.3
26838.5
26543.9
26241.8
25974.1
25728.7
25498.1
25386.6
25350.9
25297.7
25295.3
25288.5
25290.8
25291.1
25270.4
25142.6
24616.8
22099
12870.2
10427
10046.4
10004.4
10000.4
10000
10000
10000
10000
10000
10000
27639.1
27378.3
27107.8
26820.7
26526.1
26257.9
26014.2
25779.9
25654.1
25615.2
25542.6
25522.1
25476.3
25466.1
25463.3
25442.4
25328.2
24846.2
22436.9
13158.4
10457.1
10049.4
10004.7
10000.4
10000
10000
10000
10000
10000
10000
27891.9
27639.9
27377.1
27096.8
26806.7
26537.3
26290.8
26057.8
25925.6
25878.7
25794.5
25760.3
25684.1
25662
25658.9
25640.5
25537.7
25083.9
22756.2
13442.8
10487.2
10052.4
10004.9
10000.4
10000
10000
10000
10000
10000
10000
28127.7
27890.5
27642.2
27374.3
27091.8
26822.7
26569.5
26335.4
26189.4
26137.2
26045.6
25997.6
25909
25881.8
25877.8
25860.5
25767.2
25338.9
23071.2
13711.4
10516.1
10055.2
10005.2
10000.4
10000
10000
10000
10000
10000
10000
28392.3
28170.6
27936
27680.6
27406.7
27138.3
26875.1
26627.5
26458.1
26388.9
26289.9
26243.4
26155.4
26127.8
26122
26104
26015
25605.3
23388.8
13968.3
10543
10057.8
10005.4
10000.4
10000
10000
10000
10000
10000
10000
28654.1
28451.1
28233.9
27996.7
27737.3
27481.4
27220.8
26957.7
26761.6
26638.7
26507.3
26471.6
26407.7
26392.5
26390.3
26379.4
26292.8
25882.9
23706.8
14214.1
10567.1
10060
10005.5
10000.4
10000
10000
10000
10000
10000
10000
28929.6
28748.6
28555.8
28342.1
28106.5
27866.2
27614.8
27334.6
27111.2
26922.1
26739.1
26703.5
26685.1
26676.1
26667.2
26684.8
26626.5
26196.4
24012.9
14435.5
10587.6
10061.7
10005.7
10000.4
10000
10000
10000
10000
10000
10000
29163.1
29007.6
28837.6
28650.5
28446.3
28229.6
27997.5
27733.2
27495.8
27282.3
27090.4
27021.3
26967.9
26968.1
26972
26970.3
26917
26564.1
24387.3
14616.2
10603.3
10062.8
10005.7
10000.4
10000
10000
10000
10000
10000
10000
29386.1
29269.8
29126.6
28953.7
28756.8
28547.1
28333.8
28140.2
28005.2
27812.6
27493.9
27369.2
27304.3
27286.4
27295.8
27285.4
27253.5
26963.7
24756
14740.5
10612
10063.3
10005.7
10000.4
10000
10000
10000
10000
10000
10000
29585.6
29501
29399.2
29280.8
29149.2
29001
28818.2
28613.7
28368.7
28187.3
27987.3
27885.5
27682.4
27633
27634
27639
27617.4
27343.1
25131.8
14816
10613.7
10063.2
10005.7
10000.4
10000
10000
10000
10000
10000
10000
29711.6
29648.2
29589.2
29480.8
29375.8
29272.4
29175.9
29093.3
29046.7
28758.5
28526
28415.2
28191
28115.1
28103.5
28080.9
28014.3
27685.5
25389.3
14765.5
10607
10062.6
10005.7
10000.4
10000
10000
10000
10000
10000
10000
29865.1
29827.5
29778.6
29723.6
29674
29623.3
29505.8
29415
29359.7
29324.4
29120.1
28959.5
28770.8
28684.9
28650.3
28583.5
28428.2
27950.8
25464.9
14602.1
10598.9
10062.3
10005.7
10000.4
10000
10000
10000
10000
10000
10000
29960.3
29960.6
29904.8
29872.4
29845.7
29820.4
29804
29739.9
29697.2
29698.9
29577.8
29473.8
29336.9
29254.5
29194.1
29073.8
28807.2
28130.4
25426.2
14445.6
10594.4
10062.2
10005.7
10000.4
10000
10000
10000
10000
10000
10000
29968.3
29957.3
29950.3
29936.7
29931.8
29927.6
29914.4
29906.3
29865.1
29854.5
29846.1
29775.1
29745.5
29718.1
29594.3
29430.4
29082.9
28263.7
25392.1
14378.7
10595.4
10062.5
10005.7
10000.4
10000
10000
10000
10000
10000
10000
29971.3
29971.1
29970.3
29971.3
29969.9
29978.5
29980.4
29984.4
29968.8
29959.5
29964.8
29948.9
29913.4
29863.1
29778.3
29610.6
29242.5
28378.4
25435.3
14379
10599.1
10062.7
10005.7
10000.4
10000
10000
10000
10000
10000
10000
29975.9
29976
29976.5
29978.1
29980
29981.1
29982
29979.9
29975.9
29979.7
29957.9
29948.8
29933.2
29902.5
29839.2
29693.7
29344.7
28505.5
25564.3
14461.3
10604.4
10062.9
10005.7
10000.4
10000
10000
10000
10000
10000
10000
29989.3
29989.3
29990.2
29992.4
29998.5
29986.7
29986.1
30013.6
29983.4
29961.9
29956.2
29949.8
29934.1
29909.8
29856.7
29717
29404.9
28634.7
25731
14522.2
10606.1
10062.7
10005.7
10000.4
10000
10000
10000
10000
10000
10000
30045.8
30036.8
30028.6
30020.1
30011.4
30006.1
30000.4
29992.2
29979.1
29975
29970.9
29964.4
29949.2
29915.2
29856.8
29736
29460.4
28718.8
25792.6
14492.9
10603.9
10062.5
10005.7
10000.4
10000
10000
10000
10000
10000
10000
30058.8
30057.7
30058.8
30052.3
30062.6
30053.2
30018.7
30008.8
30008.8
30021.9
30013.6
30001.3
29965.4
29952.8
29937.5
29833.3
29514.6
28749.7
25769.1
14445.7
10601.9
10062.2
10005.6
10000.4
10000
10000
10000
10000
10000
10000
30094.6
30087.8
30081
30074.8
30070.9
30069.4
30075.2
30058.5
30046.7
30047.6
30048.1
30046.8
30035.5
30013.6
29972.2
29858.4
29514.6
28655.5
25711.7
14450.2
10597.3
10061.9
10005.6
10000.4
10000
10000
10000
10000
10000
10000
30094.4
30088.7
30086.9
30097.3
30105.7
30097
30099
30114
30079.2
30068.1
30067.9
30062.8
30037.3
30011.9
29957.8
29830.4
29530.2
28719.2
25676.1
14377.7
10594.2
10061.7
10005.6
10000.4
10000
10000
10000
10000
10000
10000
30077.5
30077.1
30075.7
30076.9
30074.8
30077.5
30076.4
30066.7
30082.5
30060
30042.7
30037.1
30026.2
29994.8
29953.8
29860.7
29545.3
28678.5
25715.4
14401.2
10590.2
10061
10005.5
10000.4
10000
10000
10000
10000
10000
10000
30067.9
30068.4
30068.2
30076.6
30063.2
30077.1
30086.7
30072.5
30062.1
30064.1
30061.7
30048.1
30054
30008.1
29957.8
29872.2
29609.9
28714.7
25668
14394.1
10588.9
10060.7
10005.5
10000.4
10000
10000
10000
10000
10000
10000
30053.4
30060.2
30072.3
30081.5
30077.8
30070.3
30092
30090.4
30057.5
30070.6
30093.1
30082.4
30048.5
30043.9
30020.7
29864.1
29539.2
28748.8
25724
14296.1
10581.5
10060
10005.4
10000.4
10000
10000
10000
10000
10000
10000
30056.6
30069.3
30068.5
30062.2
30083.7
30078.8
30069
30069.9
30078.6
30089.3
30080.3
30068.9
30055.1
30032.4
29979
29848.9
29534.5
28677.5
25619.4
14265.7
10576.5
10059.5
10005.4
10000.4
10000
10000
10000
10000
10000
10000
30012.4
30012.5
30013.1
30014.5
30014.2
30014.1
30014.1
30012.3
30016
30010.4
30028.3
30007.5
29965.9
29949
29909.5
29808.8
29504.1
28667.4
25636.7
14324.3
10580.4
10059.4
10005.3
10000.4
10000
10000
10000
10000
10000
10000
29928.5
29926.2
29923.2
29919.3
29913.8
29910.8
29909.5
29889.4
29861.1
29853.6
29848
29838.1
29829
29835.1
29821.7
29750.3
29565.2
28905.5
25888.7
14365
10575.4
10058.3
10005.2
10000.4
10000
10000
10000
10000
10000
10000
29880
29881.5
29878.5
29875.9
29869
29866.6
29850.7
29849.5
29854.8
29853.5
29839.6
29812.2
29811.3
29819.2
29803.4
29769.7
29649.4
29048
25957.9
14140.9
10552.4
10056.5
10005.1
10000.4
10000
10000
10000
10000
10000
10000
29937
29936.9
29943.3
29938.9
29947.1
29956.1
29945.2
29927.1
29988.5
30002.6
30001
29996.3
29980.9
29949
29889.3
29765.1
29477.6
28665.8
25479.5
13951.8
10550.4
10057.7
10005.3
10000.4
10000
10000
10000
10000
10000
10000
29984.8
29986.2
29995.7
30005.5
30019.1
30031.9
30061.9
30067.9
30067.4
30065.6
30059.9
30046
30012.8
29944.4
29851.9
29662.7
29250.4
28296.2
25156.7
13949.3
10566.5
10060.6
10005.7
10000.5
10000
10000
10000
10000
10000
10000
30056.5
30045
30025.7
30006
29987.8
29978.1
29967.1
29953.3
29928.9
29917
29890.9
29870.3
29843.2
29803.8
29664.7
29472.3
29016.5
27985.6
24987.2
14182.5
10600.3
10064.6
10006.1
10000.5
10000
10000
10000
10000
10000
10000
30020.3
30025.4
30023.7
29998.4
30018.8
29952
29855.3
29816.4
29779.8
29774
29761
29734.9
29673.9
29584.6
29467.3
29260.2
28819.4
27838.8
24909.4
14306.3
10619.9
10067.2
10006.3
10000.5
10000
10000
10000
10000
10000
10000
)
;

boundaryField
{
    inlet
    {
        type            zeroGradient;
    }
    outlet
    {
        type            zeroGradient;
    }
    bottom
    {
        type            symmetryPlane;
    }
    top
    {
        type            symmetryPlane;
    }
    obstacle
    {
        type            zeroGradient;
    }
    defaultFaces
    {
        type            empty;
    }
}


// ************************************************************************* //
