/*--------------------------------*- C++ -*----------------------------------*\
| =========                 |                                                 |
| \\      /  F ield         | OpenFOAM: The Open Source CFD Toolbox           |
|  \\    /   O peration     | Version:  5.x                                   |
|   \\  /    A nd           | Web:      www.OpenFOAM.org                      |
|    \\/     M anipulation  |                                                 |
\*---------------------------------------------------------------------------*/
/*   Windows 32 and 64 bit porting by blueCAPE: http://www.bluecape.com.pt   *\
|  Based on Windows porting (2.0.x v4) by Symscape: http://www.symscape.com   |
\*---------------------------------------------------------------------------*/
FoamFile
{
    version     2.0;
    format      ascii;
    class       volScalarField;
    location    "0.006";
    object      T;
}
// * * * * * * * * * * * * * * * * * * * * * * * * * * * * * * * * * * * * * //

dimensions      [0 0 0 1 0 0 0];

internalField   nonuniform List<scalar> 
10000
(
348.432
348.432
348.432
348.432
348.431
348.426
348.408
348.346
348.155
347.662
346.559
344.433
340.919
335.99
330.015
323.517
316.977
310.548
304.476
298.19
293.685
286.352
283.016
279.076
272.834
268.136
266.241
264.835
261.763
257.189
253.928
252.987
253.174
254.399
255.376
255.256
253.355
250.208
248.246
247.322
247.033
247.022
247.259
248.574
254.076
270.685
295.353
321.089
346.44
369.771
389.37
407.016
419.596
428.478
434.496
437.367
438.724
438.501
437.398
428.945
348.432
348.432
348.432
348.432
348.431
348.426
348.409
348.349
348.163
347.684
346.609
344.528
341.075
336.208
330.28
323.806
317.27
310.833
304.723
298.467
293.792
286.513
283.311
278.922
272.521
268.22
266.516
264.651
260.844
256.184
253.219
252.525
252.816
254.048
254.595
253.898
251.046
248.657
247.466
247.044
246.982
247.068
247.525
249.256
255.636
273.97
300.21
327.17
352.617
374.623
391.418
402.725
410.668
414.638
415.784
415.389
413.677
409.063
407.168
402.55
348.432
348.432
348.432
348.432
348.431
348.426
348.409
348.349
348.164
347.686
346.613
344.536
341.088
336.227
330.31
323.85
317.333
310.924
304.813
298.774
293.466
287.835
282.554
279.01
274.268
268.918
265.673
264.212
262.297
258.667
254.819
252.913
252.74
253.281
254.547
255.069
254.857
253.407
251.398
250.214
249.708
249.585
249.632
250.297
254.166
268.273
292.851
317.865
341.499
361.923
379.35
393.037
401.99
408.593
412.551
413.863
414.028
412.836
411.254
405.756
348.432
348.432
348.432
348.432
348.431
348.426
348.41
348.351
348.171
347.704
346.655
344.618
341.223
336.419
330.546
324.111
317.599
311.189
305.019
299.164
293.094
288.986
281.954
278.266
275.277
269.881
264.696
262.193
261.25
259.763
256.214
252.697
251.363
251.35
251.912
252.982
253.472
253.464
252.722
251.415
250.726
250.499
250.523
251.366
256.529
274.51
301.52
327.119
349.669
367.746
382.104
392.872
399.68
404.81
407.814
408.897
409.172
408.346
407.112
402.836
348.432
348.432
348.432
348.432
348.431
348.426
348.41
348.352
348.173
347.707
346.662
344.63
341.243
336.446
330.583
324.16
317.665
311.275
305.134
299.306
293.294
289.177
282.249
278.602
275.608
270.3
265.208
262.725
261.804
260.368
256.951
253.498
252.172
252.154
252.674
253.816
254.321
254.319
253.619
252.218
251.426
251.14
251.147
251.938
256.961
274.616
301.312
326.574
348.627
366.589
380.074
390.924
397.774
402.847
406.552
408.238
408.777
408.461
407.812
404.26
348.432
348.432
348.432
348.432
348.431
348.427
348.41
348.354
348.178
347.723
346.698
344.701
341.36
336.616
330.795
324.397
317.909
311.515
305.363
299.476
293.554
289.178
282.323
278.949
275.483
269.786
265.044
263.044
261.996
259.807
255.706
252.535
251.552
251.697
252.616
253.586
253.779
253.334
251.913
250.746
250.191
250.01
250.046
250.88
255.892
273.584
300.871
326.966
349.939
368.189
381.706
391.656
397.952
402.358
405.318
406.574
406.944
406.611
405.942
402.827
348.432
348.432
348.432
348.432
348.431
348.427
348.411
348.354
348.18
347.727
346.706
344.717
341.386
336.649
330.837
324.448
317.976
311.598
305.469
299.623
293.697
289.416
282.592
279.131
275.839
270.312
265.492
263.356
262.364
260.421
256.551
253.317
252.243
252.325
253.11
254.216
254.489
254.152
252.7
251.218
250.469
250.216
250.218
250.79
254.597
269.371
295.704
321.464
344.626
363.472
378.037
388.943
396.374
401.412
405.028
406.817
407.415
407.249
406.792
403.688
348.432
348.432
348.432
348.432
348.431
348.427
348.411
348.356
348.185
347.74
346.737
344.778
341.488
336.8
331.027
324.665
318.199
311.821
305.681
299.799
293.904
289.482
282.673
279.354
275.767
270.009
265.393
263.496
262.371
259.944
255.768
252.654
251.717
251.898
252.888
253.869
253.968
253.235
251.463
250.167
249.541
249.348
249.374
250.023
254.034
269.363
296.113
322.309
345.692
364.813
379.414
390.079
397.154
401.934
405.17
406.542
406.983
406.716
406.154
403.081
348.432
348.432
348.432
348.432
348.431
348.427
348.411
348.357
348.187
347.745
346.747
344.796
341.517
336.837
331.072
324.718
318.266
311.9
305.781
299.931
294.042
289.688
282.916
279.531
276.081
270.455
265.786
263.802
262.721
260.478
256.457
253.292
252.285
252.412
253.311
254.427
254.628
253.989
252.039
250.378
249.536
249.246
249.239
249.748
253.184
266.893
292.846
318.853
342.171
361.458
376.569
387.743
395.69
400.914
404.754
406.669
407.358
407.246
406.849
403.784
348.432
348.432
348.432
348.432
348.431
348.427
348.411
348.358
348.191
347.757
346.773
344.849
341.607
336.97
331.244
324.916
318.472
312.109
305.979
300.109
294.21
289.808
282.98
279.682
276.085
270.308
265.685
263.784
262.645
260.189
255.973
252.799
251.814
251.989
252.99
254.055
254.154
253.304
251.251
249.724
248.977
248.738
248.751
249.321
252.936
267.134
293.538
319.787
343.403
362.85
377.971
388.986
396.538
401.414
404.907
406.543
407.179
407.035
406.578
403.555
348.432
348.432
348.432
348.432
348.431
348.427
348.412
348.359
348.193
347.762
346.784
344.869
341.639
337.011
331.292
324.969
318.536
312.183
306.07
300.234
294.318
290.028
283.181
279.797
276.399
270.762
266.008
263.967
262.897
260.708
256.649
253.369
252.271
252.377
253.26
254.438
254.641
253.906
251.789
250.008
249.101
248.785
248.773
249.257
252.566
265.948
291.861
317.746
341.012
360.294
375.558
386.841
395.022
400.348
404.276
406.369
407.325
407.31
407.026
404.144
348.432
348.432
348.432
348.432
348.431
348.427
348.412
348.36
348.197
347.772
346.807
344.916
341.718
337.13
331.447
325.15
318.727
312.378
306.257
300.406
294.478
290.15
283.255
279.928
276.43
270.669
265.925
263.928
262.831
260.516
256.289
252.969
251.865
252
252.946
254.102
254.254
253.435
251.237
249.473
248.579
248.267
248.257
248.761
252.144
265.776
292.141
318.223
341.604
360.862
375.902
386.975
394.875
399.962
403.718
405.964
407.022
407.058
406.847
404.173
348.432
348.432
348.432
348.432
348.431
348.427
348.412
348.361
348.199
347.777
346.819
344.937
341.751
337.172
331.496
325.203
318.789
312.448
306.34
300.522
294.568
290.362
283.441
279.989
276.717
271.119
266.213
264.033
263.002
260.994
256.956
253.492
252.232
252.296
253.089
254.361
254.629
253.984
251.802
249.728
248.625
248.205
248.156
248.507
251.136
262.501
287.715
314.038
337.728
357.503
373.071
384.556
392.939
398.418
402.373
405.109
406.56
406.81
406.805
404.576
348.432
348.432
348.432
348.432
348.431
348.427
348.412
348.362
348.202
347.786
346.839
344.978
341.821
337.278
331.635
325.369
318.966
312.631
306.517
300.684
294.728
290.468
283.524
280.141
276.752
271.029
266.15
264.033
262.979
260.843
256.643
253.152
251.894
251.977
252.835
254.097
254.323
253.637
251.396
249.341
248.262
247.859
247.812
248.143
250.579
261.148
285.799
312.463
336.697
357.027
372.954
384.534
392.831
398.305
402.253
404.903
406.303
406.573
406.647
404.645
348.432
348.432
348.432
348.432
348.431
348.427
348.413
348.362
348.204
347.791
346.85
344.999
341.855
337.322
331.686
325.422
319.026
312.695
306.593
300.785
294.816
290.651
283.692
280.207
276.992
271.411
266.42
264.158
263.138
261.217
257.192
253.598
252.221
252.252
252.975
254.299
254.602
253.997
251.778
249.538
248.327
247.852
247.775
248.006
249.884
258.517
281.312
308.01
332.727
353.82
370.536
382.87
391.798
397.807
401.931
404.715
406.272
406.618
406.76
404.859
348.432
348.432
348.432
348.432
348.431
348.427
348.413
348.363
348.207
347.799
346.868
345.035
341.917
337.416
331.812
325.574
319.19
312.868
306.762
300.939
294.979
290.741
283.78
280.386
277.024
271.302
266.38
264.223
263.173
261.072
256.874
253.296
251.957
252.008
252.823
254.131
254.375
253.682
251.356
249.176
248.02
247.577
247.512
247.735
249.457
257.327
279.18
306.16
331.474
353.285
370.444
382.936
391.945
398.009
402.164
404.954
406.436
406.746
406.861
404.915
348.432
348.432
348.432
348.432
348.431
348.427
348.413
348.364
348.209
347.804
346.879
345.056
341.951
337.46
331.863
325.626
319.247
312.927
306.833
301.025
295.064
290.9
283.929
280.458
277.23
271.619
266.623
264.368
263.333
261.369
257.296
253.663
252.25
252.276
252.981
254.305
254.594
253.913
251.53
249.243
248.012
247.519
247.43
247.588
248.924
255.41
275.264
302.294
327.991
350.491
368.422
381.667
391.222
397.68
401.947
404.856
406.479
406.882
407.026
405.09
348.432
348.432
348.432
348.432
348.431
348.427
348.413
348.365
348.212
347.811
346.895
345.089
342.007
337.545
331.977
325.765
319.399
313.09
306.992
301.176
295.221
290.984
284.022
280.639
277.266
271.524
266.603
264.451
263.388
261.253
257.031
253.417
252.039
252.072
252.866
254.194
254.43
253.676
251.202
248.934
247.733
247.264
247.183
247.337
248.597
254.676
273.796
300.931
326.994
349.924
368.201
381.58
391.227
397.743
402.042
404.965
406.562
406.971
407.094
405.132
348.432
348.432
348.432
348.432
348.431
348.427
348.414
348.365
348.214
347.816
346.906
345.109
342.04
337.589
332.027
325.817
319.454
313.143
307.057
301.252
295.302
291.126
284.151
280.708
277.447
271.797
266.817
264.588
263.535
261.505
257.375
253.719
252.289
252.309
253.01
254.334
254.608
253.852
251.292
248.957
247.715
247.221
247.13
247.261
248.374
253.843
271.789
298.807
325.018
348.119
366.666
380.452
390.379
397.137
401.532
404.636
406.447
406.951
407.147
405.28
348.432
348.432
348.432
348.432
348.431
348.427
348.414
348.366
348.216
347.822
346.92
345.138
342.09
337.666
332.131
325.945
319.596
313.298
307.208
301.394
295.454
291.202
284.251
280.897
277.483
271.71
266.82
264.699
263.614
261.406
257.144
253.517
252.132
252.154
252.947
254.275
254.491
253.642
251.018
248.736
247.544
247.086
247.009
247.144
248.22
253.417
270.731
297.833
324.506
348.148
366.948
380.745
390.514
397.14
401.399
404.44
406.269
406.814
407.051
405.32
348.432
348.432
348.432
348.432
348.431
348.427
348.414
348.367
348.218
347.826
346.93
345.158
342.122
337.709
332.18
325.994
319.647
313.346
307.267
301.464
295.532
291.325
284.362
280.967
277.639
271.939
267.007
264.835
263.752
261.613
257.417
253.765
252.348
252.367
253.08
254.398
254.646
253.825
251.13
248.821
247.585
247.07
246.955
247.043
247.888
252.216
267.662
294.59
321.607
345.902
365.461
379.928
390.204
397.004
401.259
404.288
406.171
406.761
407.025
405.47
348.432
348.432
348.432
348.432
348.431
348.428
348.414
348.367
348.22
347.832
346.943
345.184
342.168
337.778
332.275
326.112
319.779
313.492
307.411
301.596
295.684
291.387
284.474
281.17
277.664
271.856
267.038
264.973
263.852
261.538
257.24
253.607
252.223
252.235
253.015
254.374
254.615
253.828
251.214
248.821
247.444
246.79
246.584
246.596
247.073
250.051
262.24
288.932
317.185
342.957
363.878
379.295
390.133
397.301
401.639
404.574
406.341
406.87
407.102
405.646
348.432
348.432
348.432
348.432
348.431
348.428
348.414
348.368
348.222
347.837
346.953
345.204
342.199
337.82
332.323
326.161
319.828
313.536
307.466
301.649
295.781
291.45
284.592
281.308
277.753
271.989
267.232
265.19
264.038
261.695
257.446
253.794
252.376
252.386
253.06
254.492
254.876
254.408
252.1
249.311
247.492
246.511
246.133
246.079
246.299
247.973
255.764
278.542
307.966
335.358
358.289
375.7
388.099
396.459
401.497
404.761
406.613
407.148
407.34
405.895
348.432
348.432
348.432
348.432
348.431
348.428
348.414
348.369
348.224
347.841
346.965
345.227
342.24
337.883
332.409
326.269
319.951
313.673
307.611
301.728
296.136
290.941
285.643
280.963
277.274
272.606
267.845
264.994
263.476
261.47
257.907
254.242
252.411
252.234
252.612
253.961
254.67
254.7
253.856
251.042
248.567
247.207
246.701
246.628
246.788
248.031
253.985
272.843
300.607
328.044
352.265
371.412
385.28
394.864
400.958
404.77
406.884
407.508
407.729
406.229
348.432
348.432
348.432
348.432
348.431
348.428
348.415
348.369
348.225
347.846
346.974
345.246
342.27
337.923
332.456
326.315
319.997
313.712
307.671
301.708
296.499
290.224
286.967
280.415
276.314
273.665
269.278
264.625
261.895
260.622
259.123
256.336
253.465
252.156
251.988
252.348
253.346
254.053
254.131
253.421
251.32
249.83
249.224
249.108
249.209
250.158
255.139
272.084
298.175
323.896
347.301
366.834
381.62
392.225
399.415
404.046
406.711
407.614
407.987
406.464
348.432
348.432
348.432
348.432
348.431
348.428
348.415
348.37
348.227
347.85
346.985
345.267
342.307
337.981
332.535
326.416
320.112
313.842
307.801
301.828
296.665
290.211
287.11
280.756
275.946
273.677
269.805
264.769
261.413
260.106
259.136
257.005
253.931
252.1
251.696
251.879
252.583
253.452
253.708
253.394
252.088
251.035
250.653
250.601
250.722
251.735
256.902
273.962
299.252
323.828
346.077
364.991
379.877
390.565
398.073
403.14
406.311
407.492
408.067
406.644
348.432
348.432
348.432
348.432
348.431
348.428
348.415
348.37
348.229
347.854
346.994
345.285
342.336
338.019
332.58
326.46
320.155
313.878
307.846
301.867
296.742
290.263
287.181
280.894
275.932
273.727
270.11
264.999
261.332
259.941
259.143
257.395
254.403
252.292
251.712
251.832
252.392
253.163
253.384
253.232
252.451
251.722
251.42
251.356
251.444
252.417
257.737
275.281
300.518
324.549
345.931
363.929
378.496
389.232
396.759
401.967
405.643
407.176
407.992
406.709
348.432
348.432
348.432
348.432
348.431
348.428
348.415
348.371
348.23
347.859
347.003
345.305
342.37
338.072
332.652
326.553
320.262
314.001
307.968
301.992
296.863
290.344
287.281
281.071
275.94
273.724
270.251
265.125
261.318
259.843
259.081
257.428
254.412
252.279
251.695
251.811
252.284
252.986
253.223
253.109
252.498
251.906
251.652
251.591
251.667
252.641
258.101
275.975
301.305
325.423
346.62
364.035
377.879
388.537
395.963
400.999
404.857
406.723
407.75
406.751
348.432
348.432
348.432
348.432
348.431
348.428
348.415
348.371
348.232
347.862
347.012
345.321
342.397
338.109
332.695
326.595
320.303
314.035
308.008
302.031
296.916
290.416
287.347
281.12
276.016
273.814
270.39
265.26
261.342
259.81
259.113
257.656
254.707
252.385
251.663
251.741
252.165
252.886
253.14
253.104
252.667
252.089
251.806
251.717
251.776
252.746
258.277
276.224
301.368
325.405
346.427
363.715
377.064
387.518
395.126
400.049
403.873
406.013
407.311
406.667
348.432
348.432
348.432
348.432
348.431
348.428
348.415
348.372
348.233
347.866
347.021
345.339
342.429
338.158
332.762
326.681
320.403
314.151
308.122
302.154
297.017
290.523
287.446
281.218
276.112
273.892
270.426
265.292
261.408
259.876
259.164
257.666
254.627
252.307
251.615
251.702
252.115
252.852
253.137
253.105
252.715
252.177
251.873
251.753
251.828
252.798
258.326
276.307
301.482
325.558
346.544
363.66
376.723
386.685
394.458
399.368
403.131
405.351
406.894
406.554
348.432
348.432
348.432
348.432
348.431
348.428
348.415
348.372
348.234
347.87
347.029
345.355
342.454
338.192
332.803
326.721
320.441
314.181
308.158
302.19
297.06
290.595
287.505
281.23
276.211
274.005
270.489
265.339
261.459
259.949
259.255
257.785
254.748
252.339
251.59
251.67
252.101
252.862
253.147
253.145
252.823
252.244
251.888
251.756
251.833
252.788
258.293
276.313
301.607
325.728
346.783
363.792
376.777
386.202
393.933
398.87
402.57
404.786
406.48
406.392
348.432
348.432
348.432
348.432
348.431
348.428
348.415
348.373
348.236
347.873
347.037
345.372
342.483
338.237
332.865
326.802
320.536
314.29
308.267
302.306
297.158
290.699
287.604
281.328
276.307
274.085
270.533
265.378
261.535
260.033
259.321
257.803
254.666
252.269
251.559
251.65
252.088
252.878
253.187
253.179
252.837
252.178
251.763
251.625
251.701
252.656
258.186
276.274
301.628
325.806
346.988
364.044
377.024
386.231
393.72
398.712
402.339
404.533
406.246
406.327
348.432
348.432
348.432
348.432
348.431
348.428
348.416
348.373
348.237
347.877
347.044
345.386
342.507
338.27
332.903
326.839
320.571
314.318
308.299
302.34
297.188
290.774
287.651
281.309
276.423
274.202
270.548
265.375
261.589
260.141
259.429
257.877
254.71
252.258
251.517
251.612
252.093
252.919
253.213
253.201
252.82
252.131
251.721
251.573
251.646
252.567
257.93
275.7
300.974
325.198
346.496
363.763
376.861
386.154
393.481
398.571
402.217
404.433
406.152
406.34
348.432
348.432
348.432
348.432
348.431
348.428
348.416
348.373
348.238
347.88
347.052
345.402
342.534
338.312
332.962
326.914
320.659
314.421
308.402
302.452
297.281
290.884
287.748
281.386
276.549
274.301
270.559
265.384
261.704
260.31
259.549
257.847
254.557
252.185
251.534
251.657
252.201
253.013
253.268
253.201
252.698
252.061
251.714
251.583
251.647
252.508
257.587
274.844
299.94
324.04
345.379
362.846
376.111
385.697
393.03
398.274
402.031
404.345
406.11
406.364
348.432
348.432
348.432
348.432
348.431
348.428
348.416
348.374
348.239
347.883
347.059
345.415
342.556
338.342
332.997
326.949
320.692
314.446
308.431
302.481
297.306
290.95
287.783
281.364
276.657
274.401
270.55
265.362
261.764
260.434
259.649
257.84
254.527
252.167
251.531
251.675
252.285
253.062
253.246
253.133
252.56
251.988
251.714
251.61
251.65
252.458
257.34
274.353
299.529
323.513
344.574
361.863
375.076
384.784
392.24
397.625
401.641
404.137
406.019
406.34
348.432
348.432
348.432
348.432
348.431
348.428
348.416
348.374
348.241
347.886
347.066
345.429
342.582
338.382
333.052
327.019
320.775
314.544
308.529
302.588
297.397
291.056
287.878
281.444
276.783
274.501
270.563
265.378
261.897
260.628
259.772
257.763
254.362
252.133
251.605
251.792
252.47
253.158
253.267
253.02
252.347
251.87
251.659
251.591
251.62
252.357
257.016
273.718
299.145
323.284
344.321
361.426
374.433
384.007
391.404
396.881
401.069
403.784
405.83
406.258
348.432
348.432
348.432
348.432
348.431
348.428
348.416
348.374
348.242
347.889
347.072
345.442
342.602
338.409
333.084
327.052
320.805
314.566
308.554
302.612
297.419
291.109
287.904
281.431
276.867
274.577
270.551
265.359
261.95
260.732
259.836
257.709
254.32
252.127
251.62
251.832
252.547
253.18
253.232
252.898
252.174
251.681
251.447
251.372
251.397
252.061
256.508
272.93
298.649
323.04
344.202
361.282
374.175
383.523
390.672
396.08
400.277
403.099
405.367
406.015
348.432
348.432
348.432
348.432
348.431
348.428
348.416
348.375
348.243
347.892
347.079
345.455
342.626
338.447
333.136
327.118
320.883
314.659
308.648
302.714
297.51
291.209
287.998
281.518
276.984
274.672
270.584
265.399
262.078
260.896
259.937
257.665
254.234
252.127
251.684
251.924
252.669
253.279
253.312
252.88
252.005
251.395
251.092
250.995
251.021
251.656
255.939
272.053
297.988
322.66
344.058
361.248
374.142
383.343
390.283
395.522
399.64
402.506
404.885
405.702
348.432
348.432
348.432
348.432
348.431
348.428
348.416
348.375
348.244
347.894
347.085
345.467
342.645
338.472
333.165
327.147
320.91
314.678
308.67
302.734
297.528
291.255
288.016
281.505
277.054
274.727
270.57
265.387
262.114
260.957
259.977
257.654
254.228
252.103
251.646
251.888
252.666
253.323
253.363
252.922
251.941
251.252
250.923
250.827
250.857
251.461
255.5
271.039
296.953
321.804
343.494
360.98
374.092
383.292
390.121
395.18
399.124
401.916
404.309
405.274
348.432
348.432
348.432
348.432
348.431
348.428
348.416
348.375
348.245
347.897
347.091
345.48
342.668
338.508
333.214
327.21
320.985
314.766
308.76
302.83
297.62
291.346
288.111
281.607
277.147
274.811
270.646
265.465
262.209
261.052
260.059
257.712
254.237
252.109
251.664
251.91
252.703
253.395
253.45
252.999
251.961
251.236
250.897
250.801
250.831
251.409
255.245
270.239
296.033
320.932
342.779
360.48
373.822
383.133
390.006
394.981
398.85
401.523
403.857
404.923
348.432
348.432
348.432
348.432
348.431
348.428
348.416
348.376
348.246
347.899
347.096
345.49
342.684
338.531
333.242
327.237
321.009
314.784
308.778
302.847
297.634
291.382
288.123
281.596
277.196
274.847
270.638
265.456
262.218
261.072
260.079
257.72
254.242
252.084
251.62
251.866
252.677
253.394
253.452
253.011
251.972
251.241
250.904
250.812
250.844
251.406
255.087
269.634
295.351
320.312
342.274
360.124
373.641
383.007
389.936
394.894
398.685
401.268
403.517
404.578
348.432
348.432
348.432
348.432
348.431
348.428
348.416
348.376
348.247
347.902
347.102
345.502
342.706
338.564
333.288
327.297
321.08
314.867
308.865
302.94
297.721
291.479
288.212
281.689
277.305
274.938
270.705
265.53
262.323
261.184
260.168
257.766
254.25
252.104
251.656
251.912
252.735
253.453
253.505
253.031
251.992
251.289
250.972
250.889
250.921
251.457
254.98
269.048
294.622
319.682
341.828
359.861
373.521
382.931
389.893
394.851
398.59
401.106
403.285
404.326
348.432
348.432
348.432
348.432
348.431
348.428
348.417
348.376
348.247
347.904
347.107
345.511
342.722
338.585
333.313
327.321
321.101
314.882
308.88
302.955
297.728
291.514
288.213
281.665
277.364
274.969
270.662
265.496
262.35
261.236
260.187
257.709
254.201
252.07
251.632
251.901
252.755
253.459
253.488
252.954
251.944
251.288
250.996
250.92
250.951
251.48
254.972
268.929
294.375
319.366
341.566
359.756
373.563
383.024
389.98
394.911
398.609
401.051
403.145
404.124
348.432
348.432
348.432
348.432
348.431
348.428
348.417
348.377
348.248
347.906
347.113
345.523
342.743
338.618
333.357
327.378
321.169
314.961
308.963
303.045
297.81
291.617
288.296
281.746
277.501
275.07
270.698
265.555
262.497
261.408
260.292
257.693
254.169
252.103
251.704
252.002
252.884
253.541
253.529
252.894
251.909
251.282
250.999
250.92
250.948
251.469
254.971
268.977
294.402
319.334
341.485
359.697
373.586
383.133
390.111
395.019
398.675
401.074
403.093
403.997
348.432
348.432
348.432
348.432
348.431
348.428
348.417
348.377
348.249
347.908
347.117
345.532
342.756
338.636
333.379
327.399
321.188
314.974
308.975
303.057
297.813
291.646
288.287
281.718
277.557
275.09
270.627
265.509
262.542
261.482
260.294
257.566
254.07
252.069
251.704
252.034
252.949
253.556
253.498
252.761
251.782
251.16
250.864
250.771
250.789
251.303
254.877
269.146
294.689
319.604
341.674
359.807
373.665
383.241
390.253
395.161
398.779
401.128
403.105
403.933
348.432
348.432
348.432
348.432
348.431
348.428
348.417
348.377
348.25
347.911
347.123
345.543
342.776
338.667
333.421
327.453
321.252
315.05
309.055
303.142
297.898
291.737
288.379
281.812
277.671
275.189
270.689
265.587
262.686
261.64
260.387
257.563
254.073
252.127
251.793
252.144
253.07
253.657
253.577
252.762
251.694
250.98
250.609
250.471
250.472
250.981
254.665
269.314
295.058
320.029
342.068
360.097
373.824
383.319
390.298
395.235
398.882
401.206
403.137
403.917
348.432
348.432
348.432
348.432
348.431
348.428
348.417
348.377
348.251
347.912
347.126
345.55
342.789
338.684
333.441
327.472
321.269
315.06
309.064
303.149
297.902
291.746
288.374
281.792
277.686
275.189
270.647
265.554
262.686
261.648
260.362
257.488
254.014
252.086
251.762
252.12
253.078
253.699
253.635
252.809
251.592
250.747
250.309
250.149
250.147
250.689
254.518
269.554
295.385
320.304
342.292
360.309
374.006
383.487
390.399
395.299
398.978
401.322
403.202
403.931
348.432
348.432
348.432
348.432
348.431
348.428
348.417
348.378
348.251
347.915
347.132
345.561
342.808
338.714
333.482
327.524
321.33
315.132
309.142
303.23
297.992
291.828
288.475
281.904
277.772
275.285
270.766
265.67
262.789
261.743
260.461
257.6
254.106
252.157
251.827
252.177
253.149
253.827
253.79
252.953
251.603
250.685
250.228
250.064
250.062
250.622
254.518
269.764
295.652
320.493
342.39
360.343
373.971
383.462
390.34
395.245
398.972
401.337
403.228
403.964
348.432
348.432
348.432
348.432
348.431
348.428
348.417
348.378
348.252
347.916
347.135
345.568
342.819
338.728
333.499
327.541
321.346
315.142
309.152
303.238
297.997
291.845
288.465
281.891
277.795
275.295
270.754
265.657
262.774
261.736
260.481
257.639
254.129
252.146
251.803
252.146
253.131
253.835
253.807
252.978
251.613
250.685
250.228
250.059
250.056
250.62
254.521
269.842
295.92
320.763
342.498
360.293
373.838
383.33
390.197
395.12
398.908
401.294
403.191
403.953
348.432
348.432
348.432
348.432
348.431
348.428
348.417
348.378
348.253
347.918
347.141
345.579
342.839
338.761
333.545
327.6
321.417
315.226
309.243
303.34
298.091
291.973
288.577
282.018
277.922
275.431
270.913
265.795
262.868
261.824
260.617
257.841
254.273
252.202
251.819
252.134
253.086
253.829
253.834
253.083
251.721
250.767
250.282
250.089
250.085
250.632
254.427
269.545
295.898
320.97
342.719
360.283
373.549
382.892
389.804
394.741
398.707
401.23
403.189
404.01
348.432
348.432
348.432
348.432
348.431
348.428
348.417
348.378
348.254
347.922
347.148
345.594
342.863
338.792
333.58
327.634
321.443
315.24
309.243
303.352
298.066
291.963
288.546
281.95
277.837
275.368
270.859
265.681
262.66
261.596
260.442
257.752
254.153
251.973
251.545
251.837
252.789
253.629
253.706
253.159
251.871
250.872
250.331
250.098
250.088
250.576
254.078
268.379
294.766
320.342
342.632
360.469
373.638
382.541
388.945
393.557
397.333
399.899
402.101
402.764
348.432
348.432
348.432
348.432
348.431
348.428
348.417
348.378
348.253
347.918
347.139
345.573
342.827
338.737
333.508
327.552
321.363
315.168
309.183
303.257
298.04
291.858
288.532
281.995
277.726
275.311
270.963
265.79
262.661
261.552
260.487
257.975
254.382
252.165
251.698
251.959
252.889
253.853
254.021
253.647
252.399
251.172
250.478
250.173
250.151
250.649
254.274
268.863
294.975
320.215
342.368
360.345
373.777
382.947
389.425
393.906
397.44
399.879
401.791
402.247
348.432
348.432
348.432
348.432
348.431
348.428
348.417
348.378
348.254
347.922
347.148
345.592
342.86
338.789
333.577
327.634
321.447
315.249
309.253
303.358
298.099
291.92
288.583
282.008
277.749
275.34
270.98
265.761
262.581
261.468
260.422
257.958
254.316
251.984
251.485
251.724
252.633
253.656
253.87
253.569
252.394
251.093
250.331
250
249.98
250.461
254.034
268.52
294.68
320.006
342.226
360.185
373.478
382.565
389.045
393.621
397.128
399.601
401.403
401.904
348.432
348.432
348.432
348.432
348.431
348.428
348.417
348.378
348.254
347.92
347.142
345.577
342.831
338.74
333.507
327.547
321.355
315.155
309.174
303.236
298.036
291.841
288.53
282.006
277.689
275.295
270.997
265.806
262.613
261.48
260.456
258.025
254.431
252.128
251.617
251.851
252.776
253.832
254.069
253.778
252.601
251.231
250.432
250.089
250.043
250.471
253.739
267.325
293.283
318.868
341.59
360.2
374.085
383.604
390.18
394.715
398.037
400.327
401.961
402.386
348.432
348.432
348.432
348.432
348.431
348.428
348.417
348.379
348.255
347.922
347.148
345.591
342.858
338.785
333.572
327.632
321.449
315.256
309.262
303.367
298.124
291.899
288.598
282.045
277.715
275.329
271.032
265.805
262.579
261.453
260.435
258.038
254.389
252.022
251.507
251.728
252.631
253.721
253.993
253.738
252.619
251.216
250.378
250.009
249.951
250.324
253.364
266.376
292.235
317.846
340.666
359.349
373.314
382.996
389.776
394.572
398.114
400.616
402.384
402.961
348.432
348.432
348.432
348.432
348.431
348.428
348.417
348.379
348.255
347.921
347.144
345.581
342.836
338.744
333.508
327.542
321.347
315.143
309.164
303.216
298.032
291.821
288.528
282.019
277.65
275.277
271.026
265.818
262.571
261.419
260.423
258.05
254.466
252.112
251.566
251.783
252.705
253.809
254.096
253.852
252.751
251.331
250.458
250.083
250.005
250.344
253.242
265.938
291.645
317.077
339.729
358.369
372.368
382.186
389.068
393.999
397.719
400.458
402.511
403.361
348.432
348.432
348.432
348.432
348.431
348.428
348.417
348.379
348.255
347.923
347.148
345.59
342.856
338.78
333.565
327.627
321.449
315.262
309.271
303.375
298.149
291.883
288.607
282.083
277.684
275.315
271.085
265.851
262.574
261.429
260.448
258.133
254.482
252.065
251.521
251.724
252.604
253.727
254.041
253.823
252.783
251.359
250.465
250.06
249.978
250.273
252.931
264.932
290.509
316.123
338.903
357.513
371.366
381.036
387.821
392.741
396.622
399.612
401.924
402.99
348.432
348.432
348.432
348.432
348.431
348.428
348.417
348.379
348.255
347.922
347.147
345.585
342.842
338.748
333.509
327.54
321.341
315.131
309.154
303.191
298.03
291.79
288.531
282.049
277.589
275.246
271.086
265.852
262.504
261.311
260.372
258.135
254.555
252.127
251.525
251.718
252.608
253.737
254.055
253.855
252.854
251.419
250.521
250.121
250.031
250.271
252.579
263.422
288.348
314.333
337.782
357.283
371.91
382.08
389.003
393.781
397.372
400.071
402.215
403.223
348.432
348.432
348.432
348.432
348.431
348.428
348.417
348.379
348.256
347.923
347.149
345.59
342.855
338.775
333.557
327.619
321.446
315.266
309.28
303.387
298.176
291.868
288.619
282.129
277.642
275.296
271.151
265.906
262.553
261.378
260.441
258.228
254.587
252.121
251.539
251.724
252.577
253.707
254.03
253.832
252.844
251.406
250.487
250.075
249.973
250.195
252.376
262.817
287.576
313.716
337.279
356.802
371.437
381.628
388.618
393.538
397.343
400.161
402.383
403.451
348.432
348.432
348.432
348.432
348.431
348.428
348.417
348.379
348.256
347.924
347.15
345.588
342.847
338.753
333.512
327.539
321.337
315.121
309.144
303.166
298.024
291.763
288.527
282.075
277.541
275.219
271.136
265.881
262.449
261.221
260.329
258.207
254.627
252.146
251.504
251.684
252.558
253.689
253.996
253.811
252.85
251.406
250.495
250.091
249.992
250.223
252.506
263.349
288.48
314.6
337.889
357.059
371.357
381.272
388.053
392.736
396.469
399.3
401.625
402.81
348.432
348.432
348.432
348.432
348.431
348.428
348.418
348.379
348.257
347.925
347.151
345.591
342.855
338.77
333.548
327.608
321.439
315.266
309.286
303.393
298.199
291.859
288.627
282.165
277.608
275.284
271.205
265.944
262.531
261.332
260.42
258.267
254.647
252.176
251.577
251.76
252.611
253.715
253.993
253.769
252.737
251.337
250.46
250.049
249.951
250.178
252.399
263.013
288.086
314.411
337.898
357.207
371.573
381.456
388.147
392.762
396.392
399.187
401.488
402.701
348.432
348.432
348.432
348.432
348.431
348.428
348.418
348.38
348.257
347.925
347.152
345.592
342.852
338.757
333.514
327.539
321.335
315.113
309.135
303.147
298.013
291.743
288.52
282.085
277.516
275.207
271.155
265.884
262.42
261.185
260.307
258.219
254.633
252.157
251.515
251.701
252.586
253.677
253.92
253.692
252.655
251.255
250.393
250.011
249.927
250.163
252.433
263.165
288.169
314.38
337.832
357.213
371.711
381.769
388.534
393.058
396.49
399.095
401.279
402.418
348.432
348.432
348.432
348.432
348.431
348.428
348.418
348.38
348.257
347.926
347.153
345.594
342.856
338.767
333.538
327.594
321.428
315.261
309.29
303.397
298.215
291.865
288.628
282.174
277.606
275.294
271.225
265.95
262.53
261.335
260.413
258.226
254.641
252.216
251.643
251.843
252.716
253.755
253.94
253.597
252.418
251.132
250.336
249.994
249.92
250.173
252.468
263.198
288.278
314.583
338.071
357.379
371.711
381.566
388.136
392.534
395.858
398.46
400.749
401.972
348.432
348.432
348.432
348.432
348.431
348.428
348.418
348.38
348.258
347.927
347.155
345.595
342.856
338.761
333.517
327.54
321.335
315.109
309.127
303.138
297.997
291.736
288.51
282.07
277.52
275.217
271.14
265.857
262.422
261.214
260.311
258.161
254.569
252.161
251.56
251.768
252.685
253.71
253.864
253.498
252.273
251.01
250.25
249.925
249.869
250.135
252.497
263.381
288.493
314.7
338.205
357.604
372.094
382.124
388.791
393.083
396.164
398.452
400.526
401.58
348.432
348.432
348.432
348.432
348.431
348.428
348.418
348.38
348.258
347.928
347.156
345.597
342.858
338.765
333.529
327.577
321.412
315.25
309.289
303.397
298.222
291.883
288.626
282.17
277.617
275.311
271.245
265.956
262.525
261.332
260.418
258.238
254.688
252.278
251.702
251.906
252.784
253.803
253.934
253.509
252.242
250.985
250.237
249.919
249.864
250.112
252.351
262.834
287.718
314.071
337.751
357.366
372.066
382.2
388.848
393.084
396.084
398.343
400.378
401.455
348.432
348.432
348.432
348.432
348.431
348.429
348.418
348.38
348.259
347.929
347.157
345.599
342.86
338.764
333.518
327.541
321.336
315.108
309.121
303.135
297.979
291.73
288.495
282.055
277.524
275.221
271.146
265.855
262.407
261.199
260.304
258.187
254.586
252.161
251.559
251.763
252.686
253.741
253.89
253.531
252.27
250.952
250.159
249.824
249.763
250.011
252.242
262.717
287.519
313.786
337.431
357.014
371.776
382.082
388.927
393.258
396.163
398.208
400.005
400.921
348.432
348.432
348.432
348.432
348.431
348.429
348.418
348.38
348.259
347.93
347.159
345.601
342.861
338.766
333.521
327.56
321.391
315.233
309.283
303.389
298.232
291.897
288.627
282.187
277.601
275.3
271.288
265.993
262.499
261.282
260.409
258.321
254.798
252.354
251.736
251.923
252.792
253.852
253.98
253.597
252.316
250.987
250.172
249.819
249.751
249.971
252.013
261.817
286.254
312.873
336.823
356.681
371.767
382.259
389.184
393.523
396.344
398.277
399.997
400.901
348.432
348.432
348.432
348.432
348.431
348.429
348.418
348.381
348.26
347.931
347.161
345.604
342.863
338.767
333.517
327.54
321.338
315.11
309.12
303.127
297.971
291.701
288.49
282.068
277.485
275.203
271.191
265.891
262.387
261.157
260.277
258.199
254.614
252.175
251.574
251.776
252.704
253.785
253.934
253.565
252.278
250.927
250.098
249.742
249.67
249.887
251.912
261.641
285.97
312.533
336.473
356.383
371.579
382.303
389.516
394.085
396.987
398.803
400.215
400.85
348.432
348.432
348.432
348.432
348.431
348.429
348.418
348.381
348.26
347.932
347.162
345.606
342.866
338.768
333.516
327.544
321.368
315.209
309.269
303.379
298.244
291.893
288.634
282.223
277.566
275.279
271.331
266.029
262.478
261.239
260.391
258.361
254.85
252.41
251.779
251.964
252.833
253.882
254.007
253.589
252.28
250.974
250.15
249.793
249.721
249.929
251.858
261.19
285.141
311.759
335.802
355.896
371.392
382.365
389.732
394.393
397.284
398.985
400.208
400.8
348.432
348.432
348.432
348.432
348.431
348.429
348.418
348.381
348.261
347.933
347.164
345.609
342.868
338.77
333.514
327.535
321.337
315.113
309.122
303.121
297.963
291.672
288.483
282.085
277.438
275.189
271.251
265.935
262.355
261.091
260.228
258.19
254.643
252.199
251.591
251.795
252.719
253.818
253.968
253.578
252.249
250.877
250.036
249.659
249.581
249.775
251.676
260.84
284.618
311.238
335.28
355.433
371.026
382.204
389.776
394.603
397.567
399.23
400.244
400.668
348.432
348.432
348.432
348.432
348.431
348.429
348.418
348.381
348.261
347.934
347.166
345.612
342.871
338.772
333.513
327.531
321.345
315.178
309.247
303.363
298.247
291.901
288.643
282.248
277.543
275.274
271.351
266.048
262.478
261.232
260.389
258.385
254.881
252.447
251.8
251.973
252.833
253.938
254.1
253.738
252.393
250.911
249.973
249.553
249.458
249.647
251.484
260.432
284.034
310.714
334.797
355.004
370.748
382.155
389.962
394.981
397.995
399.615
400.467
400.755
348.432
348.432
348.432
348.432
348.431
348.429
348.418
348.381
348.262
347.936
347.169
345.615
342.875
338.773
333.512
327.525
321.331
315.117
309.127
303.123
297.956
291.639
288.466
282.08
277.416
275.18
271.284
265.967
262.339
261.051
260.207
258.229
254.701
252.207
251.563
251.744
252.639
253.8
254.003
253.677
252.326
250.768
249.814
249.395
249.299
249.492
251.386
260.533
284.185
310.673
334.617
354.763
370.507
382.048
390.037
395.225
398.367
400.003
400.701
400.832
348.432
348.432
348.432
348.432
348.431
348.429
348.418
348.382
348.263
347.937
347.171
345.618
342.879
338.775
333.511
327.52
321.324
315.144
309.214
303.338
298.238
291.917
288.657
282.268
277.513
275.259
271.379
266.078
262.473
261.21
260.397
258.467
254.951
252.477
251.787
251.951
252.804
253.945
254.149
253.78
252.406
250.869
249.906
249.458
249.36
249.544
251.328
259.996
283.091
309.624
333.714
354.007
369.956
381.731
389.932
395.287
398.513
400.214
400.929
401.02
348.432
348.432
348.432
348.432
348.431
348.429
348.418
348.382
348.263
347.938
347.173
345.622
342.883
338.777
333.51
327.514
321.315
315.114
309.133
303.13
297.955
291.605
288.439
282.064
277.407
275.167
271.294
265.985
262.322
261.021
260.213
258.314
254.767
252.218
251.528
251.7
252.586
253.776
253.98
253.637
252.258
250.735
249.804
249.39
249.293
249.484
251.29
260.094
283.226
309.524
333.492
353.737
369.72
381.586
389.938
395.466
398.859
400.612
401.341
401.377
348.432
348.432
348.432
348.432
348.431
348.429
348.418
348.382
348.264
347.94
347.176
345.626
342.887
338.78
333.511
327.509
321.306
315.112
309.176
303.298
298.217
291.934
288.684
282.305
277.514
275.262
271.4
266.092
262.454
261.184
260.401
258.534
255.009
252.508
251.809
251.963
252.8
253.932
254.144
253.766
252.395
250.869
249.914
249.447
249.341
249.509
251.22
259.662
282.493
308.941
333.046
353.441
369.541
381.534
390.023
395.704
399.171
401.017
401.801
401.813
348.432
348.432
348.432
348.432
348.431
348.429
348.419
348.382
348.264
347.941
347.179
345.63
342.892
338.784
333.511
327.503
321.297
315.097
309.134
303.144
297.964
291.57
288.396
282.042
277.376
275.156
271.3
265.99
262.323
261.032
260.24
258.362
254.802
252.245
251.529
251.693
252.551
253.741
253.971
253.637
252.234
250.661
249.713
249.289
249.19
249.363
251.054
259.459
282.334
308.808
332.853
353.193
369.258
381.256
389.863
395.732
399.393
401.357
402.223
402.188
348.432
348.432
348.432
348.432
348.431
348.429
348.419
348.383
348.265
347.943
347.182
345.634
342.898
338.788
333.511
327.498
321.287
315.086
309.137
303.247
298.177
291.916
288.709
282.321
277.531
275.261
271.394
266.082
262.447
261.187
260.405
258.535
255.001
252.515
251.843
252.006
252.852
254.02
254.213
253.819
252.397
250.765
249.739
249.281
249.179
249.35
251.05
259.428
282.212
308.649
332.595
352.842
368.911
380.969
389.663
395.646
399.448
401.608
402.567
402.714
348.432
348.432
348.432
348.432
348.431
348.429
348.419
348.383
348.266
347.944
347.185
345.639
342.903
338.793
333.512
327.494
321.276
315.071
309.117
303.158
297.984
291.571
288.367
282.021
277.351
275.14
271.284
265.985
262.352
261.087
260.29
258.386
254.82
252.281
251.568
251.721
252.546
253.73
253.974
253.662
252.231
250.567
249.559
249.115
249.018
249.222
251.014
259.676
282.712
309.007
332.782
352.836
368.766
380.791
389.506
395.577
399.495
401.765
402.847
403.055
348.432
348.432
348.432
348.432
348.431
348.429
348.419
348.383
348.267
347.946
347.188
345.644
342.91
338.799
333.514
327.49
321.266
315.057
309.104
303.191
298.117
291.869
288.691
282.309
277.557
275.264
271.383
266.082
262.455
261.207
260.428
258.554
255.001
252.51
251.837
252.001
252.843
254.039
254.288
253.917
252.479
250.762
249.647
249.132
249.026
249.212
250.993
259.597
282.566
308.925
332.729
352.762
368.68
380.709
389.452
395.533
399.567
401.952
403.106
403.378
348.432
348.432
348.432
348.432
348.431
348.429
348.419
348.383
348.267
347.947
347.191
345.65
342.917
338.805
333.516
327.487
321.256
315.041
309.086
303.153
298.006
291.608
288.372
282.005
277.362
275.146
271.281
265.991
262.367
261.111
260.324
258.432
254.859
252.331
251.621
251.77
252.572
253.759
254.022
253.699
252.261
250.519
249.461
248.985
248.884
249.075
250.849
259.517
282.603
309.026
332.809
352.73
368.551
380.507
389.251
395.403
399.465
401.932
403.252
403.618
348.432
348.432
348.432
348.432
348.431
348.429
348.419
348.384
348.268
347.949
347.194
345.655
342.924
338.812
333.52
327.485
321.246
315.025
309.067
303.143
298.049
291.788
288.64
282.278
277.538
275.238
271.359
266.06
262.432
261.196
260.428
258.568
255.002
252.509
251.841
252.004
252.833
254.03
254.293
253.939
252.501
250.721
249.559
249.039
248.932
249.121
250.906
259.451
282.304
308.76
332.6
352.52
368.261
380.205
388.955
395.18
399.377
401.905
403.368
403.813
348.432
348.432
348.432
348.432
348.431
348.429
348.419
348.384
348.269
347.951
347.198
345.661
342.933
338.821
333.525
327.483
321.236
315.008
309.046
303.119
298.001
291.636
288.387
281.993
277.354
275.133
271.281
265.999
262.371
261.123
260.351
258.487
254.91
252.399
251.702
251.85
252.641
253.812
254.092
253.75
252.311
250.536
249.447
248.969
248.858
249.056
250.86
259.442
282.177
308.569
332.567
352.614
368.318
380.112
388.769
394.981
399.172
401.78
403.297
403.82
348.432
348.432
348.432
348.432
348.431
348.429
348.419
348.384
348.269
347.952
347.201
345.667
342.941
338.83
333.531
327.482
321.228
314.991
309.024
303.095
297.99
291.698
288.572
282.242
277.536
275.255
271.361
266.063
262.436
261.209
260.442
258.573
254.997
252.513
251.857
252.018
252.835
254.016
254.28
253.925
252.474
250.666
249.544
249.021
248.9
249.106
250.97
259.708
282.449
308.575
332.521
352.667
368.429
380.207
388.792
394.887
399.083
401.737
403.287
403.882
348.432
348.432
348.432
348.432
348.431
348.429
348.419
348.384
348.27
347.954
347.205
345.674
342.951
338.84
333.539
327.483
321.222
314.975
309
303.068
297.96
291.634
288.414
281.986
277.317
275.109
271.243
265.967
262.359
261.138
260.376
258.513
254.937
252.46
251.802
251.954
252.744
253.885
254.125
253.761
252.301
250.529
249.432
248.963
248.849
249.055
250.952
259.798
282.588
308.658
332.585
352.724
368.501
380.261
388.755
394.789
398.978
401.666
403.271
403.905
348.432
348.432
348.432
348.432
348.431
348.429
348.419
348.384
348.27
347.955
347.208
345.68
342.961
338.852
333.549
327.487
321.216
314.96
308.976
303.039
297.93
291.62
288.47
282.143
277.506
275.271
271.36
266.063
262.441
261.216
260.453
258.573
254.985
252.523
251.895
252.063
252.881
254.027
254.263
253.89
252.415
250.655
249.561
249.055
248.951
249.163
251.065
259.9
282.636
308.686
332.596
352.642
368.43
380.238
388.746
394.769
398.923
401.621
403.286
403.984
348.432
348.432
348.432
348.432
348.431
348.429
348.419
348.384
348.271
347.957
347.212
345.687
342.971
338.864
333.56
327.493
321.213
314.947
308.952
303.008
297.894
291.583
288.402
282.007
277.306
275.107
271.205
265.952
262.359
261.154
260.407
258.553
254.965
252.517
251.897
252.069
252.891
254.005
254.207
253.802
252.293
250.607
249.587
249.122
249.033
249.245
251.111
259.742
282.275
308.494
332.652
352.833
368.588
380.367
388.915
394.93
399.031
401.612
403.234
403.937
348.432
348.432
348.432
348.432
348.431
348.429
348.419
348.385
348.272
347.958
347.215
345.693
342.981
338.878
333.574
327.502
321.213
314.936
308.929
302.975
297.855
291.543
288.377
282.017
277.397
275.215
271.309
266.037
262.423
261.214
260.455
258.59
255.003
252.554
251.934
252.109
252.948
254.052
254.221
253.786
252.251
250.627
249.615
249.202
249.121
249.331
251.174
259.685
281.97
308.145
332.479
352.925
368.732
380.457
388.981
395.025
399.103
401.63
403.194
403.892
348.432
348.432
348.432
348.432
348.431
348.429
348.419
348.385
348.272
347.96
347.218
345.7
342.992
338.893
333.59
327.513
321.217
314.928
308.908
302.943
297.813
291.497
288.328
281.955
277.301
275.091
271.19
265.924
262.358
261.18
260.434
258.593
255.032
252.586
251.967
252.147
253.002
254.098
254.24
253.777
252.224
250.635
249.688
249.307
249.232
249.432
251.233
259.644
281.705
307.77
332.219
352.92
368.866
380.511
388.965
395
399.129
401.756
403.231
403.85
348.432
348.432
348.432
348.432
348.431
348.429
348.419
348.385
348.272
347.961
347.221
345.706
343.003
338.909
333.608
327.529
321.225
314.924
308.892
302.913
297.77
291.446
288.273
281.899
277.27
275.097
271.215
265.92
262.366
261.17
260.429
258.585
255.051
252.607
251.988
252.178
253.066
254.152
254.262
253.75
252.189
250.669
249.819
249.475
249.405
249.584
251.291
259.485
281.375
307.397
331.832
352.725
368.912
380.637
388.97
394.918
399.084
401.765
403.311
403.919
348.432
348.432
348.432
348.432
348.431
348.429
348.419
348.385
348.273
347.962
347.224
345.712
343.014
338.925
333.627
327.548
321.238
314.927
308.882
302.886
297.727
291.391
288.21
281.825
277.201
275.026
271.144
265.844
262.325
261.127
260.398
258.552
255.039
252.606
251.983
252.179
253.09
254.164
254.247
253.69
252.085
250.66
249.876
249.547
249.476
249.638
251.248
259.203
281.011
306.968
331.346
352.392
368.824
380.698
389.009
394.89
399.036
401.765
403.394
403.987
348.432
348.432
348.432
348.432
348.431
348.429
348.419
348.385
348.273
347.963
347.226
345.717
343.024
338.941
333.648
327.571
321.258
314.936
308.878
302.87
297.688
291.336
288.14
281.74
277.115
274.945
271.08
265.797
262.307
261.133
260.412
258.589
255.072
252.667
252.025
252.229
253.164
254.206
254.266
253.674
252.073
250.74
249.98
249.629
249.54
249.688
251.223
258.998
280.766
306.89
330.994
351.853
368.45
380.578
389.044
394.859
398.919
401.601
403.26
403.85
348.432
348.432
348.432
348.432
348.431
348.429
348.419
348.385
348.273
347.964
347.228
345.722
343.033
338.956
333.67
327.597
321.283
314.954
308.884
302.862
297.662
291.287
288.07
281.644
277.007
274.821
270.95
265.672
262.203
261.083
260.397
258.659
255.12
252.809
252.179
252.389
253.36
254.377
254.435
253.835
252.226
250.91
250.122
249.735
249.617
249.743
251.256
258.986
280.876
307.062
331.077
351.796
368.357
380.502
388.979
394.889
399.002
401.47
403.069
403.698
348.432
348.432
348.432
348.432
348.431
348.429
348.419
348.385
348.274
347.964
347.23
345.726
343.042
338.971
333.692
327.625
321.313
314.982
308.903
302.866
297.648
291.259
288.013
281.555
276.893
274.667
270.774
265.473
261.99
260.881
260.221
258.55
255.03
252.832
252.287
252.51
253.585
254.598
254.652
254.055
252.421
251.085
250.295
249.881
249.75
249.849
251.332
259.122
281.046
307.347
331.299
351.739
368.252
380.47
389.011
394.882
398.84
401.434
403.049
403.654
348.432
348.432
348.432
348.432
348.431
348.429
348.419
348.385
348.274
347.965
347.231
345.729
343.049
338.985
333.713
327.654
321.348
315.017
308.935
302.887
297.651
291.245
287.982
281.495
276.802
274.527
270.593
265.252
261.716
260.564
259.874
258.16
254.653
252.468
252.1
252.387
253.632
254.691
254.753
254.239
252.707
251.254
250.547
250.089
249.832
249.901
251.373
259.364
281.335
307.345
331.51
351.754
367.935
380.196
388.887
394.856
398.915
401.519
403.144
403.701
348.432
348.432
348.432
348.432
348.431
348.429
348.419
348.385
348.274
347.965
347.232
345.732
343.055
338.996
333.733
327.683
321.384
315.06
308.979
302.927
297.679
291.259
287.972
281.465
276.754
274.442
270.467
265.089
261.488
260.273
259.516
257.689
254.152
251.844
251.509
251.847
253.219
254.486
254.604
254.228
252.864
251.387
250.643
250.259
249.835
249.851
251.35
259.622
281.897
307.735
331.696
351.798
367.592
379.666
388.468
394.434
398.44
400.981
402.567
403.21
348.432
348.432
348.432
348.432
348.431
348.429
348.419
348.385
348.274
347.965
347.233
345.733
343.059
339.005
333.749
327.709
321.42
315.105
309.031
302.981
297.732
291.305
288.003
281.475
276.74
274.403
270.399
265.004
261.356
260.093
259.271
257.331
253.73
251.274
250.834
251.16
252.441
253.805
254.086
253.806
252.488
251.069
250.188
249.968
249.735
249.679
251.145
259.499
282.095
307.997
331.597
351.612
367.098
379.024
387.68
393.68
397.742
400.139
401.699
402.322
348.432
348.432
348.432
348.432
348.431
348.429
348.419
348.385
348.274
347.965
347.233
345.735
343.062
339.012
333.762
327.73
321.451
315.148
309.085
303.043
297.8
291.376
288.068
281.533
276.785
274.427
270.392
264.976
261.298
260
259.146
257.127
253.484
250.916
250.322
250.572
251.652
253.037
253.316
253.027
251.716
250.283
249.357
249.056
248.965
249.08
250.706
259.157
281.887
307.859
331.66
351.642
367.345
379.047
387.616
393.542
397.543
400.029
401.488
402.086
348.432
348.432
348.432
348.432
348.431
348.429
348.419
348.385
348.274
347.965
347.234
345.735
343.064
339.016
333.771
327.746
321.476
315.184
309.133
303.103
297.87
291.455
288.151
281.62
276.87
274.507
270.456
265.029
261.33
259.994
259.107
257.03
253.361
250.733
250.031
250.213
251.12
252.291
252.542
252.231
250.907
249.464
248.531
248.118
248.113
248.35
249.958
258.126
280.772
307.464
331.256
351.443
367.442
379.258
387.905
393.936
398.068
400.643
402.051
402.632
348.432
348.432
348.432
348.432
348.431
348.429
348.419
348.385
348.274
347.965
347.234
345.736
343.066
339.019
333.777
327.756
321.493
315.211
309.169
303.151
297.929
291.525
288.23
281.71
276.964
274.606
270.554
265.126
261.426
260.075
259.171
257.063
253.362
250.698
249.901
250.041
250.833
251.818
251.949
251.584
250.229
248.812
247.864
247.416
247.326
247.505
249.102
257.182
279.343
305.915
330.19
350.831
367.192
379.489
388.58
394.874
399.058
401.683
403.253
403.83
348.432
348.432
348.432
348.432
348.431
348.429
348.419
348.385
348.274
347.965
347.234
345.736
343.066
339.02
333.779
327.761
321.502
315.224
309.189
303.177
297.963
291.565
288.277
281.764
277.024
274.671
270.621
265.196
261.499
260.143
259.235
257.119
253.406
250.732
249.886
249.996
250.726
251.609
251.69
251.238
249.845
248.431
247.465
246.981
246.877
247.019
248.608
256.537
278.416
305
329.448
350.512
367.049
379.707
388.956
395.125
399.289
401.945
403.509
404.116
403.004
402.471
401.789
400.253
399.178
397.939
397.282
395.858
395.024
393.552
392.534
390.836
389.495
386.998
385.387
382.23
379.733
375.355
376.03
379.495
402.511
402.044
401.263
400.15
398.649
397.85
396.735
395.755
394.733
393.624
392.104
391.092
388.919
387.462
384.69
382.642
379.246
376.171
371.834
370.43
402.09
401.715
400.861
399.931
398.303
397.421
396.218
395.542
394.144
393.341
391.696
390.725
388.61
387.243
384.608
382.509
379.512
376.596
372.612
368.269
402.527
402.195
401.374
400.398
398.691
397.846
396.692
396.035
394.812
393.865
392.446
391.251
389.344
387.928
385.456
383.193
380.707
377.636
374.309
370.338
403.13
402.802
402.09
400.895
399.202
398.313
397.628
396.458
395.792
394.734
393.147
392.233
390.38
388.71
386.85
384.204
382.515
378.909
376.635
372.443
403.687
403.361
402.706
401.55
399.892
399.045
398.484
397.423
396.863
395.765
394.55
393.266
391.838
390.045
388.497
385.897
384.292
380.938
378.763
375.103
403.513
403.207
402.636
401.558
400.096
399.315
398.661
397.62
397.091
396.012
394.92
393.552
392.372
390.758
389.147
386.914
385.408
382.285
380.207
376.96
403.794
403.52
403.001
402.066
400.71
399.923
399.183
398.174
397.654
396.55
395.452
394.313
393.164
391.719
390.276
388.244
386.715
383.809
381.824
378.949
404.043
403.802
403.352
402.592
401.127
400.337
399.641
398.611
398.068
396.99
395.891
394.889
393.528
392.39
390.857
389.036
387.386
384.79
382.669
380.171
403.629
403.434
403.087
402.435
401.015
400.297
399.572
398.601
398.108
397.11
396.108
395.287
393.981
392.951
391.493
389.942
388.405
386.195
384.218
382.138
403.549
403.37
403.05
402.476
401.092
400.361
399.713
398.831
398.379
397.446
396.469
395.713
394.266
393.483
392.029
390.726
389.179
387.062
385.132
383.146
403.313
403.157
402.874
402.364
401.093
400.376
399.704
398.933
398.518
397.613
396.75
395.961
394.577
393.849
392.488
391.373
389.932
388.02
386.346
384.584
402.966
402.841
402.603
402.187
401.091
400.384
399.724
399.018
398.616
397.731
396.906
396.103
394.792
394.12
392.945
391.971
390.689
388.905
387.353
385.611
402.533
402.422
402.211
401.833
400.871
400.245
399.594
398.949
398.553
397.684
396.963
396.186
394.981
394.393
393.284
392.376
391.203
389.524
388.215
386.628
402.392
402.298
402.106
401.789
400.983
400.361
399.734
399.115
398.732
397.904
397.24
396.47
395.347
394.803
393.77
392.86
391.78
390.202
388.951
387.398
401.81
401.717
401.552
401.305
400.584
400.007
399.383
398.782
398.407
397.65
397.106
396.462
395.354
394.801
393.832
392.972
392.076
390.605
389.489
388.091
401.697
401.601
401.432
401.175
400.49
399.988
399.384
398.812
398.454
397.754
397.258
396.61
395.572
395.063
394.124
393.347
392.497
391.126
390.193
388.854
401.339
401.179
400.93
400.648
400.047
399.566
399.014
398.531
398.167
397.442
397.015
396.434
395.548
395.088
394.143
393.377
392.564
391.293
390.546
389.39
401.244
401.132
400.775
400.365
399.835
399.455
399.004
398.541
398.145
397.523
397.163
396.56
395.727
395.285
394.389
393.782
393.089
391.888
391.18
390.08
400.91
400.781
400.402
400.028
399.638
399.286
398.773
398.3
397.948
397.431
397.099
396.479
395.764
395.365
394.546
393.981
393.337
392.204
391.586
390.642
400.883
400.757
400.445
400.037
399.651
399.32
398.939
398.444
398.091
397.598
397.223
396.613
396.018
395.646
394.866
394.29
393.582
392.553
392.045
391.184
400.885
400.742
400.405
399.971
399.43
399.094
398.748
398.154
397.677
397.298
396.957
396.421
395.809
395.423
394.817
394.329
393.64
392.707
392.218
391.461
401.033
400.885
400.619
399.95
399.402
399.028
398.723
398.143
397.588
397.16
396.848
396.326
395.777
395.377
394.787
394.311
393.744
392.949
392.557
391.815
401.344
401.149
400.653
400.196
399.671
399.058
398.536
397.988
397.506
397.047
396.591
396.111
395.62
395.212
394.709
394.265
393.786
393.101
392.693
392.153
401.691
401.391
400.956
400.417
399.727
399.104
398.656
398.087
397.468
396.961
396.522
396.076
395.594
395.183
394.714
394.326
393.912
393.298
392.941
392.454
402.055
401.869
401.53
400.945
400.132
399.393
398.68
398.044
397.481
396.956
396.45
395.97
395.467
395.045
394.644
394.239
393.861
393.388
392.977
392.594
402.69
402.566
402.313
401.646
400.922
400.14
399.315
398.585
397.902
397.267
396.697
396.169
395.645
395.162
394.732
394.33
393.969
393.559
393.108
392.748
403.059
402.953
402.627
402.218
401.686
400.906
400.023
399.194
398.402
397.645
396.97
396.369
395.814
395.293
394.806
394.357
393.971
393.59
393.246
392.919
403.396
403.329
403.158
402.749
402.231
401.696
400.905
400.028
399.217
398.442
397.684
396.955
396.285
395.68
395.13
394.602
394.117
393.664
393.277
392.967
403.659
403.587
403.325
403.003
402.764
402.375
401.656
400.879
400.099
399.274
398.445
397.65
396.945
396.201
395.501
394.892
394.36
393.891
393.5
393.151
403.818
403.66
403.509
403.355
403.145
402.796
402.491
402.01
401.301
400.352
399.382
398.438
397.556
396.735
396.013
395.377
394.781
394.232
393.756
393.384
403.901
403.838
403.654
403.398
403.217
402.888
402.694
402.471
402.038
401.343
400.366
399.464
398.595
397.743
396.932
396.148
395.424
394.789
394.17
393.671
403.981
403.931
403.683
403.465
403.349
403.108
402.756
402.592
402.412
401.984
401.233
400.449
399.723
398.799
397.949
397.164
396.327
395.58
394.907
394.263
404.015
403.955
403.673
403.551
403.445
403.195
402.871
402.725
402.585
402.256
401.617
400.913
400.268
399.445
398.592
397.84
397.121
396.421
395.799
395.211
404.112
404.057
403.776
403.659
403.529
403.324
403.088
403.032
402.929
402.558
401.951
401.252
400.511
399.807
399.114
398.454
397.806
397.182
396.617
396.087
404.081
404.039
403.903
403.652
403.426
403.343
403.264
403.185
402.999
402.71
402.325
401.673
401.064
400.282
399.515
398.902
398.211
397.628
397.057
396.541
404.034
403.992
403.822
403.643
403.569
403.337
403.184
403.093
403.027
402.903
402.592
401.899
401.316
400.689
399.957
399.424
398.655
398.006
397.547
396.914
403.963
403.925
403.863
403.746
403.472
403.381
403.241
403.084
402.923
402.683
402.311
401.683
401.165
400.576
399.985
399.525
398.875
398.376
397.958
397.319
404.027
403.991
403.907
403.722
403.395
403.305
403.193
402.996
402.552
402.002
401.501
401.006
400.717
400.221
399.673
399.284
398.734
398.399
398.113
397.693
404.07
404.02
403.878
403.627
403.531
403.393
403.064
402.72
402.335
401.825
401.329
400.729
400.255
399.906
399.431
399.037
398.64
398.164
397.923
397.449
403.941
403.882
403.744
403.565
403.451
403.35
403.018
402.622
402.194
401.645
401.058
400.486
399.949
399.547
399.051
398.572
398.163
397.711
397.439
397.251
403.775
403.719
403.593
403.361
403.144
403.004
402.908
402.73
402.341
401.741
401.192
400.643
400.068
399.461
398.819
398.272
397.89
397.466
397.168
396.8
403.71
403.652
403.514
403.298
403.126
402.973
402.782
402.583
402.374
402.029
401.483
400.814
400.108
399.567
399.1
398.575
398.02
397.34
396.789
396.391
403.775
403.72
403.679
403.592
403.379
403.271
402.951
402.78
402.557
402.105
401.588
400.996
400.376
399.767
399.102
398.442
397.844
397.256
396.854
396.54
403.371
403.33
403.266
403.181
403.043
402.674
402.503
402.45
402.333
401.941
401.283
400.65
399.791
399.211
398.691
398.123
397.534
396.929
396.638
396.264
402.534
402.508
402.447
402.315
402.237
402.101
401.827
401.661
401.486
401.182
400.738
400.19
399.677
398.948
398.261
397.733
397.168
396.691
396.494
396.196
402.315
402.307
402.114
401.729
401.678
401.697
401.693
401.632
401.446
400.999
400.44
399.766
399.286
398.889
398.418
398.009
397.532
397.087
396.849
396.398
402.855
402.802
402.781
402.669
402.325
402.192
402.111
401.917
401.619
401.31
400.926
400.343
399.704
399.197
398.686
398.256
397.807
397.274
396.915
396.571
403.927
403.881
403.745
403.52
403.276
403.119
402.967
402.77
402.523
402.145
401.61
400.939
400.297
399.772
399.249
398.717
398.198
397.536
397.111
396.678
404.23
404.203
404.145
403.912
403.74
403.473
403.186
402.918
402.528
402.042
401.574
400.984
400.401
399.769
399.162
398.612
398.121
397.667
397.147
396.606
390.53
390.276
390.858
394.021
400.167
404.233
406.722
407.956
409.915
411.99
416.785
420.929
422.803
418.364
357.702
287.494
280.158
278.555
278.831
278.73
278.749
278.745
278.746
278.746
278.746
278.746
278.746
278.746
278.746
278.746
399.143
398.933
398.744
399.22
400.659
401.611
401.353
401.296
401.814
401.665
402.313
403.038
404.587
405.059
367.044
292.543
279.988
278.779
278.82
278.73
278.749
278.745
278.746
278.746
278.746
278.746
278.746
278.746
278.746
278.746
401.681
401.653
400.936
400.591
401.053
402.517
403.474
404.033
405.153
405.576
405.113
403.079
400.981
399.269
372.452
295.54
279.634
279.171
278.765
278.737
278.749
278.745
278.746
278.746
278.746
278.746
278.746
278.746
278.746
278.746
400.803
400.784
399.823
398.741
398.71
400.443
401.393
401.882
402.629
403.789
403.656
401.61
399.217
398.368
386.317
296.179
280.47
279.463
278.686
278.754
278.747
278.746
278.746
278.746
278.746
278.746
278.746
278.746
278.746
278.746
400.753
400.869
400.676
400.284
400.23
401.569
402.124
402.542
402.944
404.58
405.608
405.041
402.033
396.465
380.803
295.93
282.956
279.261
278.682
278.768
278.745
278.746
278.746
278.746
278.746
278.746
278.746
278.746
278.746
278.746
402.092
402.304
402.822
403.549
403.498
403.316
402.573
402.47
402.5
403.767
405.144
404.966
402.381
394.882
376.324
298.097
286.344
278.701
278.801
278.764
278.744
278.746
278.746
278.746
278.746
278.746
278.746
278.746
278.746
278.746
405.917
406.19
407.501
410.995
412.816
411.151
406.505
404.74
403.761
404.404
406.064
406.094
403.568
395.434
376.762
305.185
287.564
278.259
278.991
278.738
278.746
278.746
278.746
278.746
278.746
278.746
278.746
278.746
278.746
278.746
414.82
415.128
417.1
423.88
427.062
423.407
412.093
406.686
404.14
404.394
406.067
406.268
404.183
397.456
381.875
320.87
286.204
278.473
279.121
278.714
278.75
278.746
278.746
278.746
278.746
278.746
278.746
278.746
278.746
278.746
430.152
430.349
431.824
437.44
439.553
435.938
421.684
410.944
404.874
404.234
405.605
406.135
404.284
398.603
383.499
337.498
284.036
279.399
279.116
278.707
278.754
278.746
278.746
278.746
278.746
278.746
278.746
278.746
278.746
278.746
442.745
442.811
443.261
444.904
443.963
439.391
430.479
417.534
406.907
403.948
404.265
405.455
403.802
398.846
383.682
339.283
283.007
280.804
278.969
278.727
278.754
278.745
278.746
278.746
278.746
278.746
278.746
278.746
278.746
278.746
443.686
443.657
443.975
444.18
442.678
438.405
433.459
424.793
411.045
404.908
403.565
404.461
403.018
398.038
382.915
340.4
284.267
282.233
278.779
278.765
278.753
278.745
278.746
278.746
278.746
278.746
278.746
278.746
278.746
278.746
441.541
441.612
441.927
441.879
440.004
435.491
433.501
427.685
415.349
406.749
403.836
403.772
402.422
397.382
382.48
341.384
287.644
283.388
278.645
278.812
278.749
278.746
278.746
278.746
278.746
278.746
278.746
278.746
278.746
278.746
436.314
436.429
436.783
436.696
435.952
433.949
432.368
427.662
418.011
409.084
404.27
403.698
402.391
396.953
382.031
343.901
293.176
283.706
278.64
278.853
278.745
278.746
278.746
278.746
278.746
278.746
278.746
278.746
278.746
278.746
430.748
430.89
431.259
432.002
432.34
433.179
430.887
426.277
419.188
411.244
405.694
404.025
402.267
396.651
381.213
347.595
300.638
283.36
278.788
278.881
278.743
278.747
278.746
278.746
278.746
278.746
278.746
278.746
278.746
278.746
428.213
428.405
428.898
430.376
432.267
433.294
429.725
424.813
419.516
412.96
407.312
404.422
402.336
396.92
380.015
351.357
309.359
282.642
279.086
278.894
278.743
278.747
278.746
278.746
278.746
278.746
278.746
278.746
278.746
278.746
427.747
428.003
428.682
430.567
432.512
432.178
427.671
423.742
419.852
414.549
408.959
405.302
402.697
397.652
377.966
353.916
318.17
282.251
279.517
278.887
278.746
278.748
278.746
278.746
278.746
278.746
278.746
278.746
278.746
278.746
427.459
427.687
428.348
430.15
431.484
429.382
425.251
423.054
420.899
416.369
410.957
406.846
403.643
398.458
375.014
355.24
325.561
282.324
280.014
278.864
278.752
278.748
278.746
278.746
278.746
278.746
278.746
278.746
278.746
278.746
425.728
425.936
426.641
428.194
428.735
426.19
423.633
423.141
422.087
417.989
413.087
408.843
405.007
398.885
372.252
356.183
330.97
282.887
280.51
278.847
278.759
278.748
278.746
278.746
278.746
278.746
278.746
278.746
278.746
278.746
423.152
423.334
423.947
425.536
425.329
423.405
422.908
423.993
423.216
418.974
414.831
410.849
406.587
397.878
370.784
356.943
334.747
284.01
280.974
278.848
278.768
278.748
278.746
278.746
278.746
278.746
278.746
278.746
278.746
278.746
420.673
420.733
421.231
422.607
422.199
421.769
423.012
425.343
424.296
419.402
415.841
412.495
408.099
395.8
370.366
357.426
337.447
285.894
281.379
278.862
278.776
278.748
278.746
278.746
278.746
278.746
278.746
278.746
278.746
278.746
417.706
417.795
418.398
420.2
420.452
421.103
424.246
426.637
424.983
419.474
416.214
413.562
408.269
393.752
370.302
357.756
339.572
288.913
281.706
278.89
278.784
278.748
278.746
278.746
278.746
278.746
278.746
278.746
278.746
278.746
416.237
416.391
417.179
419.189
419.743
421.36
426.022
427.612
425.049
419.202
415.797
413.67
405.764
393.187
371.014
357.859
341.431
293.197
281.946
278.933
278.792
278.749
278.746
278.746
278.746
278.746
278.746
278.746
278.746
278.746
415.976
416.154
417.066
419.03
419.953
422.877
427.587
428.156
424.543
418.888
415.224
411.927
403.332
393.666
371.745
357.813
343.138
298.012
282.132
278.996
278.799
278.749
278.746
278.746
278.746
278.746
278.746
278.746
278.746
278.746
416.817
417.012
418.037
419.897
421.495
425.325
428.474
428.303
423.771
418.556
414.942
408.517
402.32
394.635
372.479
357.706
344.574
302.711
282.326
279.085
278.807
278.75
278.746
278.746
278.746
278.746
278.746
278.746
278.746
278.746
419.027
419.24
420.262
422.072
424.145
427.064
428.709
427.837
422.973
418.312
414.585
405.445
401.895
395.921
372.411
357.621
345.878
307.353
282.565
279.206
278.814
278.751
278.747
278.746
278.746
278.746
278.746
278.746
278.746
278.746
420.859
421.079
422.064
423.817
425.992
427.94
428.495
426.643
422.32
418.464
412.958
403.966
401.669
397.2
371.19
357.551
347.148
311.98
282.859
279.327
278.821
278.752
278.747
278.746
278.746
278.746
278.746
278.746
278.746
278.746
421.89
422.122
423.072
424.874
426.876
428.213
427.921
425.55
422.182
418.957
410.242
403.48
402.101
398.222
369.039
357.553
348.401
316.493
283.197
279.447
278.83
278.753
278.747
278.746
278.746
278.746
278.746
278.746
278.746
278.746
421.955
422.221
423.16
425.163
427.109
427.975
426.721
424.62
422.529
418.165
408.009
403.899
403.323
397.828
366.774
357.688
349.595
320.627
283.614
279.583
278.839
278.754
278.747
278.746
278.746
278.746
278.746
278.746
278.746
278.746
421.156
421.476
422.501
424.848
427.057
427.038
425.091
424.018
423.185
414.814
407.254
405.081
405.314
395.069
365.503
357.942
350.706
324.292
284.17
279.73
278.85
278.756
278.747
278.746
278.746
278.746
278.746
278.746
278.746
278.746
420.352
420.76
421.963
424.508
426.254
425.456
423.652
423.789
422.138
411.319
406.997
407.106
407.774
390.311
364.781
358.342
351.737
327.561
284.863
279.876
278.862
278.758
278.747
278.746
278.746
278.746
278.746
278.746
278.746
278.746
419.533
419.932
421.04
423.202
424.764
424.062
422.929
423.665
417.505
409.91
407.116
410.067
410.162
383.951
364.24
358.839
352.694
330.485
285.617
280.023
278.876
278.76
278.747
278.746
278.746
278.746
278.746
278.746
278.746
278.746
418.356
418.783
419.9
422.03
423.82
423.375
422.581
420.897
413.262
409.211
408.339
413.107
411.572
376.674
363.868
359.405
353.595
333.103
286.462
280.175
278.891
278.762
278.747
278.746
278.746
278.746
278.746
278.746
278.746
278.746
418.19
418.66
419.779
421.86
423.654
423.019
420.779
415.308
411.22
408.59
411.383
415.472
409.235
370.695
363.651
359.992
354.459
335.457
287.392
280.328
278.909
278.764
278.748
278.746
278.746
278.746
278.746
278.746
278.746
278.746
418.86
419.318
420.217
422.39
423.686
421.16
414.592
410.909
409.807
408.699
414.89
417.685
401.679
367.884
363.552
360.539
355.302
337.611
288.394
280.489
278.929
278.766
278.748
278.746
278.746
278.746
278.746
278.746
278.746
278.746
420.031
420.207
420.932
422.671
421.922
413.819
409.29
408.121
408.802
410.86
417.19
419.286
391.162
366.437
363.513
361.03
356.123
339.599
289.45
280.656
278.95
278.768
278.748
278.746
278.746
278.746
278.746
278.746
278.746
278.746
419.666
419.385
418.911
418.049
414.003
407.498
405.045
406.261
408.541
413.976
418.617
418.484
380.054
365.732
363.467
361.462
356.923
341.423
290.581
280.832
278.973
278.771
278.748
278.746
278.746
278.746
278.746
278.746
278.746
278.746
411.119
410.437
409.732
409.321
406.936
403.243
402.658
405.577
409.152
416.655
419.649
412.281
372.326
365.514
363.446
361.839
357.693
343.076
291.808
281.015
278.997
278.774
278.749
278.746
278.746
278.746
278.746
278.746
278.746
278.746
402.78
402.445
402.699
402.935
401.844
400.898
401.471
405.204
410.938
418.934
420.743
400.735
368.981
365.534
363.459
362.172
358.429
344.564
293.159
281.209
279.023
278.776
278.749
278.746
278.746
278.746
278.746
278.746
278.746
278.746
397.233
397.182
397.803
398.442
399.194
399.719
400.796
405.292
413.351
420.639
421.427
387.71
367.379
365.564
363.594
362.458
359.097
345.878
294.66
281.408
279.05
278.779
278.749
278.746
278.746
278.746
278.746
278.746
278.746
278.746
393.764
393.985
394.978
396.068
398.056
399.037
400.553
405.984
416.436
421.719
418.446
376.113
366.532
365.559
363.887
362.626
359.657
347.062
296.299
281.617
279.08
278.783
278.749
278.746
278.746
278.746
278.746
278.746
278.746
278.746
392.127
392.507
393.822
395
397.395
398.779
400.693
407.527
420.298
423.072
408.568
369.811
366.129
365.56
364.307
362.699
360.093
348.166
298
281.829
279.11
278.786
278.75
278.746
278.746
278.746
278.746
278.746
278.746
278.746
391.648
392.117
393.596
394.855
397.127
398.779
401.157
410.704
423.273
424.48
394.636
367.166
365.936
365.654
364.734
362.735
360.516
349.23
299.73
282.054
279.142
278.79
278.75
278.746
278.746
278.746
278.746
278.746
278.746
278.746
391.806
392.423
394.185
395.639
397.659
398.853
402.06
416.035
425.35
424.528
380.503
365.791
365.897
365.825
365.033
362.828
361.012
350.261
301.446
282.278
279.174
278.793
278.75
278.746
278.746
278.746
278.746
278.746
278.746
278.746
392.985
393.69
395.511
396.979
398.597
399.804
405.488
421.059
427.165
416.539
370.909
365.052
365.946
365.986
365.208
363.041
361.255
351.227
303.148
282.522
279.21
278.797
278.751
278.746
278.746
278.746
278.746
278.746
278.746
278.746
394.915
395.678
397.45
398.872
400.019
402.092
410.837
424.718
428.83
400.004
366.869
364.622
366.086
366.109
365.374
363.393
361.274
352.042
304.812
282.762
279.244
278.801
278.751
278.746
278.746
278.746
278.746
278.746
278.746
278.746
397.328
398.149
399.756
401.3
402.271
405.724
416.142
427.324
428.504
382.763
365.042
364.39
366.235
366.234
365.582
363.787
361.264
352.797
306.464
283.033
279.284
278.805
278.752
278.746
278.746
278.746
278.746
278.746
278.746
278.746
398.931
399.881
401.775
403.827
405.498
410.735
420.59
429.014
418.407
371.783
364.158
364.257
366.348
366.356
365.771
364.09
361.282
353.653
308.083
283.289
279.319
278.809
278.752
278.746
278.746
278.746
278.746
278.746
278.746
278.746
399.685
400.901
403.415
406.52
409.591
416.255
423.966
429.287
395.45
367.321
363.718
364.256
366.425
366.46
365.91
364.312
361.398
354.733
309.72
283.594
279.362
278.814
278.752
278.747
278.746
278.746
278.746
278.746
278.746
278.746
399.973
401.346
403.148
405.845
410.851
420.02
426.137
421.989
376.642
365.491
363.535
364.298
366.491
366.582
366.075
364.577
361.669
355.546
311.321
283.859
279.397
278.818
278.753
278.747
278.746
278.746
278.746
278.746
278.746
278.746
401.913
403.282
405.367
407.688
412.513
423.672
431.036
394.25
369.415
364.652
363.461
364.308
366.525
366.69
366.233
364.833
361.954
355.764
312.743
284.212
279.446
278.823
278.753
278.747
278.746
278.746
278.746
278.746
278.746
278.746
406.105
421.253
424.131
424.925
420.547
405.893
384.484
370.635
366.312
364.062
363.815
364.658
366.965
367.19
366.815
365.508
362.491
356.029
316.814
284.902
279.538
278.834
278.754
278.747
278.746
278.746
278.746
278.746
278.746
278.746
375.327
383.447
380.397
375.16
371.537
368.514
364.308
364.142
364.87
364.149
363.944
364.928
367.289
367.478
367.157
365.906
362.733
355.572
319.237
285.101
279.553
278.835
278.754
278.747
278.746
278.746
278.746
278.746
278.746
278.746
365.293
364.098
362.037
361.314
361.08
361.212
360.627
363.136
365.527
364.809
364.497
365.386
367.851
368.164
367.957
366.841
363.665
357.02
322.528
285.736
279.643
278.845
278.755
278.747
278.746
278.746
278.746
278.746
278.746
278.746
365.692
361.406
359.174
358.128
358.263
358.63
359.774
363.106
366.001
365.142
364.671
365.606
368.127
368.51
368.352
367.3
363.973
357.482
325.436
286.267
279.715
278.853
278.756
278.747
278.746
278.746
278.746
278.746
278.746
278.746
369.095
363.684
361.96
359.325
359.538
359.787
360.672
363.165
366.267
365.742
365.155
366.094
368.691
369.221
369.144
368.242
364.995
358.503
328.427
286.892
279.806
278.863
278.757
278.747
278.746
278.746
278.746
278.746
278.746
278.746
371.92
366.97
364.598
361.787
361.644
361.364
361.67
363.149
366.255
366.168
365.542
366.432
368.995
369.605
369.564
368.726
365.456
359.272
331.394
287.552
279.905
278.873
278.758
278.747
278.746
278.746
278.746
278.746
278.746
278.746
373.992
369.552
366.544
364.047
363.373
362.619
362.671
363.476
366.07
366.431
365.792
366.779
369.514
370.309
370.328
369.673
366.554
360.211
334.259
288.259
280.015
278.885
278.759
278.747
278.746
278.746
278.746
278.746
278.746
278.746
375.927
372.339
368.427
366.797
364.934
364.131
363.918
364.559
366.439
366.715
366.033
367.035
369.772
370.666
370.714
370.109
367.198
361.109
337.185
289.017
280.136
278.898
278.76
278.747
278.746
278.746
278.746
278.746
278.746
278.746
377.078
374.206
369.911
368.801
366.396
365.846
365.437
365.803
366.691
366.793
366.249
367.341
370.342
371.448
371.553
371.076
368.242
362.066
340.014
289.823
280.269
278.912
278.762
278.747
278.746
278.746
278.746
278.746
278.746
278.746
379.18
376.695
372.422
371.082
368.313
367.441
366.761
366.844
367.114
366.968
366.361
367.539
370.685
371.882
371.967
371.598
369.188
363.222
342.886
290.695
280.414
278.927
278.763
278.747
278.746
278.746
278.746
278.746
278.746
278.746
380.384
377.882
373.775
372.314
369.826
368.332
367.857
368.108
368.259
367.38
366.631
367.623
371.18
372.771
372.967
372.589
370.173
364.285
345.641
291.631
280.572
278.944
278.765
278.748
278.746
278.746
278.746
278.746
278.746
278.746
381.99
379.637
375.843
374.207
372.313
369.723
369.279
369.284
369.127
367.552
366.755
367.641
371.431
373.191
373.439
373.207
371.207
365.593
348.398
292.631
280.742
278.962
278.767
278.748
278.746
278.746
278.746
278.746
278.746
278.746
383.157
380.814
377.169
375.329
373.659
370.385
370.06
370.132
370.016
368.309
367.229
367.934
371.993
374.117
374.373
374.115
372.248
366.873
351.074
293.691
280.925
278.981
278.768
278.748
278.746
278.746
278.746
278.746
278.746
278.746
384.458
382.168
378.972
377.015
375.639
372.167
371.613
371.533
371.178
368.785
367.361
367.999
372.202
374.775
375.086
374.867
373.255
368.262
353.747
294.829
281.121
279.002
278.77
278.748
278.746
278.746
278.746
278.746
278.746
278.746
385.351
383.102
380.058
377.93
376.615
373.167
372.263
372.223
371.89
369.726
368.108
368.552
372.493
375.601
375.953
375.73
374.302
369.698
356.365
296.115
281.328
279.023
278.772
278.748
278.746
278.746
278.746
278.746
278.746
278.746
386.386
384.408
381.622
379.608
378.3
375.057
373.713
373.74
373.064
370.296
368.496
368.829
372.604
376.217
376.715
376.548
375.359
371.209
358.981
297.598
281.546
279.046
278.775
278.748
278.746
278.746
278.746
278.746
278.746
278.746
387.17
385.126
382.421
380.505
379.234
376.214
374.586
374.649
373.875
371.229
369.586
369.811
373.329
376.929
377.554
377.375
376.326
372.651
361.55
299.426
281.775
279.069
278.777
278.749
278.746
278.746
278.746
278.746
278.746
278.746
388.01
386.25
383.764
381.982
380.622
377.715
375.941
375.976
374.979
371.9
370.123
370.275
373.734
377.52
378.306
378.138
377.244
374.063
363.937
301.858
282.015
279.093
278.779
278.749
278.746
278.746
278.746
278.746
278.746
278.746
388.849
387.141
384.832
383.114
381.627
378.842
376.922
376.914
375.899
373.007
371.197
371.283
374.48
378.415
379.2
378.974
378.144
375.429
366.186
304.633
282.268
279.118
278.781
278.749
278.746
278.746
278.746
278.746
278.746
278.746
389.56
387.965
385.917
384.339
382.818
380.141
378.192
378.075
376.964
373.981
371.962
371.895
374.749
379.163
380.173
379.918
379.127
376.787
368.336
307.441
282.53
279.142
278.783
278.749
278.746
278.746
278.746
278.746
278.746
278.746
390.202
388.789
386.807
385.266
383.734
381.179
379.276
379.044
377.811
374.987
373.118
373.055
375.528
379.946
381.152
380.87
380.133
378.162
370.472
310.215
282.793
279.166
278.785
278.749
278.746
278.746
278.746
278.746
278.746
278.746
390.639
389.585
387.917
386.55
385.139
382.626
380.564
380.161
378.896
376.022
373.958
373.81
376.032
380.886
382.492
382.171
381.248
379.422
372.478
312.822
283.049
279.189
278.787
278.749
278.746
278.746
278.746
278.746
278.746
278.746
390.965
390.099
388.792
387.775
386.463
383.96
381.966
381.393
379.827
376.778
375.006
375.06
377.135
381.605
383.49
383.361
382.414
380.772
374.499
315.308
283.289
279.21
278.789
278.749
278.746
278.746
278.746
278.746
278.746
278.746
391.375
390.467
389.362
388.736
387.852
385.674
383.743
383.001
381.247
377.748
375.814
375.887
377.794
382.487
384.908
384.917
383.736
382.078
376.395
317.685
283.508
279.228
278.79
278.749
278.746
278.746
278.746
278.746
278.746
278.746
391.73
391.113
390.098
389.385
388.793
387.279
385.614
384.753
382.724
378.789
376.792
376.982
379.04
383.228
385.969
386.373
385.357
383.463
378.11
319.829
283.696
279.242
278.791
278.75
278.746
278.746
278.746
278.746
278.746
278.746
392.029
391.48
390.675
390.08
389.602
388.493
387.521
386.759
384.628
380.426
378.053
378.169
380.063
383.961
387.221
387.922
387.035
385.019
380.074
321.578
283.842
279.251
278.792
278.75
278.746
278.746
278.746
278.746
278.746
278.746
392.333
391.872
391.295
390.738
390.188
389.386
388.581
388.129
386.889
382.939
379.676
379.654
381.687
385.15
388.238
389.363
388.732
386.63
381.746
322.747
283.924
279.255
278.792
278.75
278.746
278.746
278.746
278.746
278.746
278.746
392.487
392.077
391.717
391.437
391.208
390.773
390.211
389.82
388.47
384.578
381.669
381.668
383.292
386.48
389.135
390.866
390.675
388.539
383.354
323.378
283.941
279.254
278.792
278.75
278.746
278.746
278.746
278.746
278.746
278.746
392.481
392.048
391.785
391.516
391.346
391.216
391.124
391.246
391.065
387.2
383.849
383.634
385.385
388.658
390.95
392.493
392.586
390.327
384.115
322.666
283.874
279.25
278.791
278.75
278.746
278.746
278.746
278.746
278.746
278.746
392.718
392.283
391.987
391.863
391.843
391.895
391.892
392.084
391.885
389.538
386.372
385.795
387.665
391.005
393.029
394.193
394.406
392.131
384.335
320.848
283.791
279.247
278.791
278.75
278.746
278.746
278.746
278.746
278.746
278.746
392.954
392.526
392.05
391.886
391.836
391.834
392.292
392.847
392.801
390.963
388.193
387.761
389.812
393.387
395.291
396.039
395.879
393.194
384.178
319.21
283.741
279.246
278.792
278.75
278.746
278.746
278.746
278.746
278.746
278.746
393.113
392.439
391.932
391.661
391.578
391.578
391.893
392.887
392.919
391.499
389.344
388.966
391.269
395.197
396.892
397.355
396.938
394.001
384.248
318.531
283.747
279.248
278.792
278.75
278.746
278.746
278.746
278.746
278.746
278.746
393.537
392.757
392.057
391.562
391.228
391.106
391.283
392.391
392.769
391.688
389.852
389.698
391.772
395.667
397.691
398.182
397.614
394.516
384.686
318.573
283.78
279.25
278.792
278.75
278.746
278.746
278.746
278.746
278.746
278.746
394.419
393.472
392.579
391.797
391.097
390.669
390.69
391.522
392.057
391.383
389.834
389.818
391.99
395.61
397.856
398.64
398.017
394.851
385.58
319.481
283.832
279.252
278.792
278.75
278.746
278.746
278.746
278.746
278.746
278.746
395.337
394.378
393.467
392.555
391.541
390.688
390.479
390.946
391.223
390.667
389.528
389.582
391.885
395.72
398.09
398.887
398.265
395.191
386.439
320.156
283.851
279.25
278.791
278.75
278.746
278.746
278.746
278.746
278.746
278.746
395.814
394.764
394.042
393.477
392.427
391.282
390.681
390.557
390.46
389.718
388.964
389.192
391.71
395.728
398.248
399.099
398.506
395.53
386.713
319.869
283.83
279.248
278.791
278.75
278.746
278.746
278.746
278.746
278.746
278.746
396.248
395.261
394.386
393.834
393.114
391.984
391.142
390.865
390.315
388.736
387.98
388.646
392.282
396.124
398.486
399.345
398.664
395.718
386.629
319.412
283.811
279.246
278.791
278.75
278.746
278.746
278.746
278.746
278.746
278.746
396.687
395.701
394.79
394.237
393.406
392.298
391.654
391.348
390.646
388.56
387.474
387.975
392.162
396.949
399.057
399.429
398.499
395.172
386.376
319.487
283.771
279.243
278.791
278.749
278.746
278.746
278.746
278.746
278.746
278.746
397.183
396.412
395.603
395.077
394.145
392.802
392
391.779
390.972
388.723
387.465
387.704
391.165
396.58
399.141
399.556
398.723
395.66
386.187
318.725
283.742
279.242
278.791
278.749
278.746
278.746
278.746
278.746
278.746
278.746
397.019
396.599
395.967
395.521
394.71
393.39
392.484
392.035
391.074
388.707
387.487
387.746
390.804
395.4
398.429
399.667
399.123
395.642
386.444
319.04
283.709
279.237
278.79
278.749
278.746
278.746
278.746
278.746
278.746
278.746
396.911
396.514
395.772
395.297
394.896
394.058
393.355
392.804
391.297
388.842
387.703
387.928
390.751
394.67
397.686
399.356
399.341
396.123
386.5
319.025
283.7
279.234
278.79
278.749
278.746
278.746
278.746
278.746
278.746
278.746
396.208
395.691
395.184
394.853
394.661
394.17
393.792
393.429
392.013
389.281
388.059
388.369
391.14
394.649
397.133
398.491
398.582
396.508
387.04
318.102
283.631
279.228
278.789
278.749
278.746
278.746
278.746
278.746
278.746
278.746
395.946
395.397
394.818
394.533
394.394
393.883
393.5
393.334
392.662
390.048
388.392
388.604
391.553
394.848
396.504
397.52
397.955
396.295
386.838
317.857
283.587
279.225
278.789
278.749
278.746
278.746
278.746
278.746
278.746
278.746
395.988
395.175
394.628
394.394
394.004
393.399
393.059
392.941
392.491
390.22
388.666
388.758
391.524
395.286
396.708
396.91
396.484
395.235
387.614
318.727
283.629
279.224
278.789
278.749
278.746
278.746
278.746
278.746
278.746
278.746
395.684
395.129
394.732
394.345
393.654
392.805
392.331
392.157
391.776
389.91
388.293
388.288
390.715
395.354
397.51
397.499
396.062
394.488
388.538
319.395
283.592
279.215
278.788
278.749
278.746
278.746
278.746
278.746
278.746
278.746
395.801
395.155
394.518
394.167
393.613
392.712
392.065
391.878
391.508
389.672
388.221
388.3
390.797
394.798
397.572
398.457
397.435
394.306
387.187
316.986
283.379
279.2
278.787
278.749
278.746
278.746
278.746
278.746
278.746
278.746
395.906
395.383
394.732
394.266
393.902
393.121
392.463
392.134
391.904
390.05
388.717
388.919
391.63
395.561
397.944
398.786
397.81
393.395
383.463
314.626
283.346
279.21
278.788
278.749
278.746
278.746
278.746
278.746
278.746
278.746
396.028
395.304
394.777
394.544
394.292
393.503
392.893
392.647
392.106
390.159
388.817
388.967
391.564
395.569
397.88
398.616
397.61
392.824
381.42
314.199
283.476
279.233
278.791
278.75
278.746
278.746
278.746
278.746
278.746
278.746
396.167
395.532
394.867
394.518
394.148
393.28
392.554
392.25
391.593
389.575
388.202
388.321
390.969
395.026
397.03
397.664
396.855
392.445
381.039
316.266
283.77
279.266
278.794
278.75
278.746
278.746
278.746
278.746
278.746
278.746
396.075
395.415
394.748
394.379
394.174
393.176
392.153
391.805
391.006
388.866
387.717
388.029
390.706
393.887
395.828
396.594
396.263
392.596
380.95
317.278
283.94
279.287
278.797
278.75
278.746
278.746
278.746
278.746
278.746
278.746
)
;

boundaryField
{
    inlet
    {
        type            zeroGradient;
    }
    outlet
    {
        type            zeroGradient;
    }
    bottom
    {
        type            symmetryPlane;
    }
    top
    {
        type            symmetryPlane;
    }
    obstacle
    {
        type            zeroGradient;
    }
    defaultFaces
    {
        type            empty;
    }
}


// ************************************************************************* //
