/*--------------------------------*- C++ -*----------------------------------*\
| =========                 |                                                 |
| \\      /  F ield         | OpenFOAM: The Open Source CFD Toolbox           |
|  \\    /   O peration     | Version:  5.x                                   |
|   \\  /    A nd           | Web:      www.OpenFOAM.org                      |
|    \\/     M anipulation  |                                                 |
\*---------------------------------------------------------------------------*/
/*   Windows 32 and 64 bit porting by blueCAPE: http://www.bluecape.com.pt   *\
|  Based on Windows porting (2.0.x v4) by Symscape: http://www.symscape.com   |
\*---------------------------------------------------------------------------*/
FoamFile
{
    version     2.0;
    format      ascii;
    class       volVectorField;
    location    "0.001";
    object      U;
}
// * * * * * * * * * * * * * * * * * * * * * * * * * * * * * * * * * * * * * //

dimensions      [0 1 -1 0 0 0 0];

internalField   nonuniform List<vector> 
1000
(
(-5.25143e-014 1.1451e-013 0)
(-3.50095e-013 1.11593e-013 0)
(-1.51708e-013 8.89825e-014 0)
(-2.50902e-013 9.77349e-014 0)
(-1.05029e-013 1.02111e-013 0)
(3.96775e-013 9.33587e-014 0)
(4.43454e-013 8.75238e-014 0)
(-2.10057e-013 5.90786e-014 0)
(-2.39232e-013 6.78309e-014 0)
(2.15892e-013 6.34548e-014 0)
(2.04222e-013 7.07484e-014 0)
(1.63378e-013 7.65833e-014 0)
(1.22533e-013 9.62762e-014 0)
(5.73534e-030 5.32436e-014 0)
(-1.08354e-032 7.73127e-014 0)
(0 7.5854e-014 0)
(1.44719e-033 9.62762e-014 0)
(0 1.12322e-013 0)
(0 1.15969e-013 0)
(-2.85542e-031 1.27639e-013 0)
(-1.26842e-028 1.63378e-013 0)
(-1.57543e-013 1.42956e-013 0)
(-3.15086e-013 1.46602e-013 0)
(-2.97581e-013 1.34933e-013 0)
(1.10863e-013 1.66295e-013 0)
(4.20114e-013 1.6046e-013 0)
(4.95968e-013 1.59002e-013 0)
(2.15892e-013 1.24721e-013 0)
(3.09251e-013 1.24721e-013 0)
(2.39232e-013 1.37121e-013 0)
(4.43454e-013 1.19616e-013 0)
(2.62571e-013 1.0284e-013 0)
(-2.15892e-013 1.42226e-013 0)
(-4.55124e-013 1.20345e-013 0)
(2.62571e-013 1.63378e-013 0)
(4.49289e-013 1.2691e-013 0)
(5.36813e-013 1.16698e-013 0)
(2.91746e-013 1.38579e-013 0)
(4.49289e-013 9.62762e-014 0)
(1.57543e-013 9.33587e-014 0)
(6.59346e-013 6.92897e-014 0)
(4.78463e-013 7.43952e-014 0)
(-2.97581e-013 5.83492e-014 0)
(-1.16698e-013 6.05373e-014 0)
(-2.10057e-013 6.12667e-014 0)
(-5.83492e-014 4.01151e-014 0)
(3.50095e-014 4.595e-014 0)
(-7.1186e-013 4.81381e-014 0)
(-2.85911e-013 6.85603e-014 0)
(-1.45873e-013 5.98079e-014 0)
(2.04222e-013 7.87714e-014 0)
(-1.16698e-013 5.98079e-014 0)
(-5.07638e-013 6.71016e-014 0)
(3.5593e-013 8.09595e-014 0)
(-1.40038e-013 8.75238e-014 0)
(-3.9094e-013 9.11706e-014 0)
(-4.55124e-013 1.15969e-013 0)
(-2.74241e-013 9.33587e-014 0)
(-5.83492e-014 1.07946e-013 0)
(2.68406e-013 1.27639e-013 0)
(-2.91746e-014 9.9923e-014 0)
(2.27562e-013 1.42226e-013 0)
(-2.21727e-013 1.08675e-013 0)
(-1.86717e-013 1.34933e-013 0)
(4.08444e-013 1.15969e-013 0)
(-2.50902e-013 1.09405e-013 0)
(-5.01803e-013 1.23263e-013 0)
(-3.03416e-013 1.05758e-013 0)
(-1.51708e-013 1.23263e-013 0)
(-2.15892e-013 1.05758e-013 0)
(-3.61765e-013 1.11593e-013 0)
(4.02609e-013 1.1524e-013 0)
(-1.16698e-014 1.13781e-013 0)
(2.27562e-013 1.43685e-013 0)
(5.54317e-013 1.44414e-013 0)
(4.02609e-013 1.51708e-013 0)
(3.7927e-013 1.54625e-013 0)
(9.91936e-014 1.48061e-013 0)
(4.08444e-014 1.71401e-013 0)
(5.89327e-013 1.65566e-013 0)
(8.05219e-013 1.21075e-013 0)
(5.07638e-013 1.58272e-013 0)
(4.90133e-013 1.35662e-013 0)
(-4.08444e-014 1.45873e-013 0)
(3.15086e-013 1.47332e-013 0)
(7.0019e-014 1.18157e-013 0)
(5.07638e-013 1.18157e-013 0)
(6.53511e-013 7.95008e-014 0)
(5.83492e-015 1.13781e-013 0)
(-2.45067e-013 8.31476e-014 0)
(-1.51708e-013 8.53357e-014 0)
(-2.21727e-013 9.55468e-014 0)
(4.55124e-013 9.11706e-014 0)
(1.75048e-013 6.05373e-014 0)
(-2.04222e-013 8.31476e-014 0)
(-3.50095e-014 6.92897e-014 0)
(-2.62571e-013 7.5854e-014 0)
(8.16889e-013 5.47024e-014 0)
(1.28368e-013 3.64683e-014 0)
(4.78463e-013 4.08444e-014 0)
(1.34203e-013 1.6046e-014 0)
(3.50095e-013 4.44913e-014 0)
(-2.27562e-013 -7.29365e-015 0)
(7.0019e-014 3.42802e-014 0)
(4.55124e-013 1.38579e-014 0)
(5.83492e-014 -1.45873e-015 0)
(4.90133e-013 2.04222e-014 0)
(2.10057e-013 -1.45873e-015 0)
(7.0019e-014 1.67754e-014 0)
(-4.31784e-013 2.1881e-015 0)
(-2.39232e-013 1.02111e-014 0)
(-1.92552e-013 -3.64683e-015 0)
(-7.29365e-013 5.10556e-015 0)
(-4.20114e-013 7.29365e-016 0)
(-8.28559e-013 4.37619e-015 0)
(-7.17695e-013 -2.11516e-014 0)
(-6.24336e-013 -4.37619e-015 0)
(-4.37619e-013 -3.35508e-014 0)
(-3.15086e-013 -1.16698e-014 0)
(2.68406e-013 -7.29365e-015 0)
(2.50902e-013 -5.25143e-014 0)
(4.49289e-013 -4.37619e-014 0)
(4.08444e-014 -6.63722e-014 0)
(-6.47676e-013 -3.35508e-014 0)
(1.86717e-013 -2.91746e-014 0)
(-4.90133e-013 -2.9904e-014 0)
(-9.91936e-014 1.16698e-014 0)
(2.97581e-013 -7.29365e-016 0)
(-2.27562e-013 1.31286e-014 0)
(-2.04222e-013 3.20921e-014 0)
(-9.91936e-014 1.67754e-014 0)
(-4.08444e-014 3.13627e-014 0)
(-2.80076e-013 3.64683e-014 0)
(-3.73435e-013 6.63722e-014 0)
(-3.3259e-013 5.32436e-014 0)
(-6.47676e-013 7.43952e-014 0)
(-2.10057e-013 9.40881e-014 0)
(-3.03416e-013 1.16698e-013 0)
(5.25143e-014 1.16698e-013 0)
(-7.64375e-013 1.36391e-013 0)
(2.50902e-013 1.20345e-013 0)
(2.39232e-013 1.2691e-013 0)
(-5.83492e-015 1.56084e-013 0)
(3.85105e-013 1.31286e-013 0)
(-3.4426e-013 1.28368e-013 0)
(-7.19211e-028 1.59731e-013 0)
(-2.85911e-013 1.29098e-013 0)
(1.69213e-013 1.54625e-013 0)
(3.20921e-013 1.40767e-013 0)
(-6.36006e-013 1.50979e-013 0)
(1.05029e-013 1.00652e-013 0)
(2.97581e-013 1.05029e-013 0)
(-1.16698e-014 1.05029e-013 0)
(3.85105e-013 1.00652e-013 0)
(-3.4426e-013 9.70055e-014 0)
(-4.19311e-028 1.05029e-013 0)
(-2.50902e-013 9.62762e-014 0)
(1.28368e-013 8.89825e-014 0)
(9.21917e-013 7.43952e-014 0)
(5.00053e-012 7.43952e-014 0)
(2.47576e-011 4.95968e-014 0)
(1.17089e-010 4.52206e-014 0)
(5.49177e-010 2.26103e-014 0)
(2.50837e-009 1.67754e-014 0)
(1.11674e-008 -3.64683e-015 0)
(4.83752e-008 -2.91746e-015 0)
(2.03662e-007 -2.04222e-014 0)
(8.32282e-007 -1.23992e-014 0)
(3.29691e-006 -2.91746e-014 0)
(1.26406e-005 -5.54317e-014 0)
(4.68318e-005 -6.41841e-014 0)
(0.00016735 -6.92897e-014 0)
(0.000575624 -6.05373e-014 0)
(0.00190143 -9.9923e-014 0)
(0.00601616 -1.10864e-013 0)
(0.0181785 -1.17428e-013 0)
(0.0522753 -1.08678e-013 0)
(0.142493 -1.04305e-013 0)
(0.366465 -1.18162e-013 0)
(0.884589 -1.15269e-013 0)
(1.99341 -1.12421e-013 0)
(4.17274 -1.11093e-013 0)
(8.07223 -9.18189e-014 0)
(14.3502 -7.92486e-014 0)
(23.3075 -7.7912e-014 0)
(34.6469 -7.01822e-014 0)
(47.7759 -6.3561e-014 0)
(62.1996 -5.52947e-014 0)
(77.5602 -8.22098e-014 0)
(93.5764 -8.60872e-014 0)
(110.03 -5.74023e-014 0)
(126.701 -1.18839e-014 0)
(143.529 -8.45659e-015 0)
(160.171 -2.46017e-014 0)
(176.735 -3.75505e-014 0)
(192.932 -6.39853e-014 0)
(208.693 -7.22726e-014 0)
(223.967 -6.8385e-014 0)
(238.383 -6.47967e-014 0)
(251.734 -5.29845e-014 0)
(263.822 -3.59386e-014 0)
(274.483 -3.14642e-014 0)
(283.019 -3.02704e-014 0)
(289.229 -4.1165e-014 0)
(293.518 -5.71951e-014 0)
(295.579 -6.46722e-014 0)
(296.443 -7.75737e-014 0)
(297.067 -9.28447e-014 0)
(297.425 -1.11585e-013 0)
(296.471 -1.28255e-013 0)
(293.74 -1.47524e-013 0)
(291.285 -1.68378e-013 0)
(289.955 -1.9686e-013 0)
(289.174 -2.22566e-013 0)
(289.015 -2.46084e-013 0)
(289.151 -2.68995e-013 0)
(288.852 -2.95759e-013 0)
(287.646 -3.25767e-013 0)
(285.071 -3.34657e-013 0)
(280.544 -3.08792e-013 0)
(271.864 -3.05182e-013 0)
(250.91 -3.95015e-013 0)
(189.166 -4.79195e-013 0)
(85.3677 -2.67839e-013 0)
(21.5376 -1.57788e-013 0)
(4.24585 -1.32814e-013 0)
(0.742172 -1.33089e-013 0)
(0.123987 -1.23265e-013 0)
(0.020385 -1.4186e-013 0)
(0.0033179 -1.23628e-013 0)
(0.000535161 -1.38944e-013 0)
(8.55741e-005 -1.38944e-013 0)
(1.35714e-005 -1.18157e-013 0)
(2.13583e-006 -1.39309e-013 0)
(3.33764e-007 -1.11958e-013 0)
(5.18228e-008 -1.2071e-013 0)
(7.99948e-009 -1.16334e-013 0)
(1.2286e-009 -9.91938e-014 0)
(1.87301e-010 -1.05393e-013 0)
(2.84103e-011 -7.29366e-014 0)
(4.18364e-012 -9.00767e-014 0)
(3.20921e-013 -4.30326e-014 0)
(3.15086e-013 -4.92322e-014 0)
(4.66794e-014 -3.86564e-014 0)
(-5.83493e-015 -3.02687e-014 0)
(-8.1689e-014 -1.53167e-014 0)
(-1.98388e-013 -7.65834e-015 0)
(2.74242e-013 -4.49308e-031 0)
(4.66794e-014 -5.83493e-015 0)
(-4.66794e-014 -2.55278e-015 0)
(-5.83493e-014 -1.20345e-014 0)
(-1.92553e-013 -1.05758e-014 0)
(2.33397e-013 -2.881e-014 0)
(4.66794e-014 -2.9904e-014 0)
(-2.91746e-014 -1.89635e-014 0)
(-5.83493e-014 -9.48176e-015 0)
(-1.92553e-013 -2.47984e-014 0)
(2.33397e-013 -1.23992e-014 0)
(4.66794e-014 -5.10556e-014 0)
(5.83493e-015 -2.77159e-014 0)
(-1.10864e-013 -2.77159e-014 0)
(-2.04222e-013 -2.95393e-014 0)
(1.40038e-013 -4.30326e-014 0)
(-3.50096e-014 -5.10556e-014 0)
(1.28368e-013 -2.9904e-014 0)
(1.69213e-013 -2.58925e-014 0)
(5.01804e-013 -2.15163e-014 0)
(5.07639e-013 -1.67754e-014 0)
(4.60959e-013 -3.86564e-014 0)
(2.91746e-013 -3.71977e-014 0)
(-1.16699e-014 -2.69865e-014 0)
(-1.51708e-013 -5.03263e-014 0)
(2.39232e-013 -2.881e-014 0)
(7.58541e-014 -4.01151e-014 0)
(1.28368e-013 -3.75624e-014 0)
(3.55931e-013 -5.68906e-014 0)
(-2.39232e-013 -5.43378e-014 0)
(-2.91746e-013 -6.71017e-014 0)
(5.25144e-014 -7.18426e-014 0)
(7.00191e-014 -7.54894e-014 0)
(-1.80883e-013 -7.95009e-014 0)
(-2.91746e-014 -7.95009e-014 0)
(4.66794e-014 -9.26295e-014 0)
(2.91746e-014 -9.04414e-014 0)
(6.06833e-013 -9.44529e-014 0)
(6.94356e-013 -1.00653e-013 0)
(5.13474e-013 -1.11228e-013 0)
(3.26756e-013 -1.33109e-013 0)
(-3.73435e-013 -1.26545e-013 0)
(-5.42648e-013 -1.30557e-013 0)
(-4.72629e-013 -1.28733e-013 0)
(-1.98388e-013 -1.34568e-013 0)
(2.91746e-014 -1.29462e-013 0)
(-6.88522e-013 -1.43685e-013 0)
(-6.06833e-013 -1.25086e-013 0)
(-4.72629e-013 -1.20345e-013 0)
(-3.55931e-013 -1.06123e-013 0)
(-1.92553e-013 -9.62763e-014 0)
(-3.50096e-013 -9.26295e-014 0)
(-1.16699e-013 -7.03838e-014 0)
(-3.20087e-013 9.62762e-014 0)
(-3.40092e-013 9.41923e-014 0)
(-1.66712e-013 9.15874e-014 0)
(3.20087e-013 9.57552e-014 0)
(-2.93413e-013 1.04403e-013 0)
(-4.80131e-013 9.14832e-014 0)
(-7.4687e-013 8.51273e-014 0)
(-6.135e-013 6.09541e-014 0)
(-4.66794e-014 7.5333e-014 0)
(3.33424e-014 6.65806e-014 0)
(-8.00218e-014 6.98107e-014 0)
(5.00136e-013 6.22044e-014 0)
(-3.33424e-014 7.47078e-014 0)
(-4.46788e-013 6.04331e-014 0)
(2.13391e-013 6.41841e-014 0)
(6.86853e-013 6.3038e-014 0)
(9.80267e-013 8.13763e-014 0)
(8.20223e-013 9.12748e-014 0)
(5.13473e-013 1.0034e-013 0)
(9.33587e-013 1.02007e-013 0)
(4.66794e-013 1.19616e-013 0)
(4.93468e-013 1.16907e-013 0)
(6.80185e-013 1.37537e-013 0)
(1.46707e-013 1.43372e-013 0)
(6.6018e-013 1.49728e-013 0)
(-9.33587e-014 1.54938e-013 0)
(-4.80131e-013 1.3587e-013 0)
(8.66902e-014 1.31077e-013 0)
(3.26756e-013 1.34933e-013 0)
(1.53375e-013 1.33786e-013 0)
(-6.6018e-013 1.32432e-013 0)
(3.0675e-013 1.05237e-013 0)
(2.86745e-013 1.25347e-013 0)
(2.53402e-013 1.18678e-013 0)
(7.06859e-013 1.45456e-013 0)
(-1.09363e-012 1.34516e-013 0)
(-1.3337e-013 1.06904e-013 0)
(-5.00136e-013 1.10759e-013 0)
(-4.86799e-013 8.77322e-014 0)
(-2.80076e-013 8.77322e-014 0)
(-4.73462e-013 7.92924e-014 0)
(-1.53375e-013 6.18918e-014 0)
(-9.00245e-013 6.40799e-014 0)
(-4.93468e-013 4.44913e-014 0)
(-5.80158e-013 4.98052e-014 0)
(-1.80049e-013 4.09486e-014 0)
(6.00163e-014 4.70961e-014 0)
(4.13446e-013 4.31367e-014 0)
(8.00218e-014 7.33533e-014 0)
(1.66712e-013 5.65779e-014 0)
(-9.33587e-014 8.09595e-014 0)
(4.53457e-013 5.51192e-014 0)
(4.06777e-013 7.76253e-014 0)
(4.26783e-013 8.02302e-014 0)
(1.66712e-013 8.64819e-014 0)
(2.06723e-013 8.41896e-014 0)
(2.66739e-014 1.01486e-013 0)
(2.40065e-013 9.9402e-014 0)
(6.135e-013 1.11489e-013 0)
(7.20196e-013 1.18157e-013 0)
(4.53457e-013 1.20033e-013 0)
(4.86799e-013 1.33265e-013 0)
(1.20033e-013 1.25763e-013 0)
(-7.26864e-013 1.38579e-013 0)
(-5.73489e-013 1.16177e-013 0)
(-5.80158e-013 1.09717e-013 0)
(-5.46815e-013 1.11801e-013 0)
(-1.93386e-013 1.06175e-013 0)
(-3.66766e-013 1.15656e-013 0)
(-1.40038e-013 1.00027e-013 0)
(-2.66739e-013 1.20241e-013 0)
(7.20196e-013 9.78391e-014 0)
(1.22033e-012 1.25451e-013 0)
(6.73516e-013 1.32328e-013 0)
(1.1203e-012 1.35141e-013 0)
(9.46924e-013 1.45769e-013 0)
(7.60207e-013 1.51604e-013 0)
(3.73435e-013 1.55563e-013 0)
(4.33451e-013 1.57022e-013 0)
(-5.53484e-013 1.69421e-013 0)
(3.60098e-013 1.28264e-013 0)
(3.40092e-013 1.5598e-013 0)
(-5.33478e-014 1.26701e-013 0)
(5.46815e-013 1.40663e-013 0)
(-4.00109e-013 1.40872e-013 0)
(-3.86772e-013 1.22638e-013 0)
(-1.07363e-012 1.31702e-013 0)
(-6.00163e-014 8.0126e-014 0)
(3.33424e-014 1.10551e-013 0)
(-7.0019e-013 8.70028e-014 0)
(-1.60044e-013 9.32545e-014 0)
(-2.33397e-013 8.62735e-014 0)
(-4.66794e-013 9.90894e-014 0)
(-2.80076e-013 6.24128e-014 0)
(5.33478e-014 8.87741e-014 0)
(-4.33451e-013 6.41841e-014 0)
(-9.26919e-013 7.77295e-014 0)
(-1.02028e-012 5.01178e-014 0)
(-4.66794e-014 3.12585e-014 0)
(-1.13364e-013 4.68878e-014 0)
(-4.68899e-027 1.46915e-014 0)
(-5.73489e-013 4.62626e-014 0)
(-6.73516e-013 -3.23005e-015 0)
(3.53429e-013 2.85494e-014 0)
(-2.80076e-013 5.83492e-015 0)
(2.00054e-013 4.79297e-015 0)
(2.26728e-013 1.57334e-014 0)
(2.13391e-013 -4.58458e-015 0)
(4.20114e-013 1.32328e-014 0)
(-4.00109e-013 6.56429e-015 0)
(-5.46815e-013 9.06497e-015 0)
(-6.06832e-013 1.56293e-015 0)
(-7.86881e-013 -4.1678e-016 0)
(-3.0675e-013 2.50068e-015 0)
(-1.30035e-012 1.25034e-015 0)
(-9.6693e-013 -1.54209e-014 0)
(-9.6693e-013 1.97971e-015 0)
(-6.93522e-013 -2.02138e-014 0)
(-3.66766e-013 -1.15656e-014 0)
(-7.73544e-013 -1.06279e-014 0)
(-6.00163e-013 -3.6885e-014 0)
(-4.53457e-013 -3.63641e-014 0)
(-6.00163e-014 -6.24128e-014 0)
(5.06804e-013 -3.27172e-014 0)
(6.06832e-013 -3.71976e-014 0)
(8.13555e-013 -2.46942e-014 0)
(1.25367e-012 -1.13399e-028 0)
(7.33533e-013 -3.12585e-016 0)
(6.53511e-013 1.30244e-014 0)
(8.00218e-014 1.94845e-014 0)
(1.40038e-013 1.68796e-014 0)
(8.00218e-014 3.01124e-014 0)
(7.20196e-013 2.53194e-014 0)
(9.33587e-013 5.3452e-014 0)
(8.06886e-013 5.23059e-014 0)
(9.06913e-013 8.21057e-014 0)
(7.93549e-013 9.89853e-014 0)
(8.73571e-013 1.02528e-013 0)
(7.53538e-013 1.2743e-013 0)
(-3.33424e-014 1.2816e-013 0)
(-4.26783e-013 1.36183e-013 0)
(-2.46734e-013 1.12947e-013 0)
(4.26783e-013 1.23784e-013 0)
(1.06696e-013 1.1847e-013 0)
(6.6018e-013 1.26597e-013 0)
(3.33424e-013 1.47436e-013 0)
(9.22967e-028 1.35454e-013 0)
(-6.80185e-013 1.43789e-013 0)
(-5.66821e-013 1.18261e-013 0)
(-7.80212e-013 1.20449e-013 0)
(-9.53593e-013 1.15135e-013 0)
(-5.80158e-013 9.62762e-014 0)
(-1.11364e-012 8.50231e-014 0)
(3.13419e-013 7.27281e-014 0)
(-1.80049e-013 8.54399e-014 0)
(1.46707e-013 8.64819e-014 0)
(1.86717e-013 8.29392e-014 0)
(-4.46788e-013 8.67944e-014 0)
(5.66821e-013 7.49162e-014 0)
(4.02776e-012 8.02302e-014 0)
(2.34931e-011 4.73045e-014 0)
(1.16105e-010 5.22017e-014 0)
(5.47842e-010 2.1881e-014 0)
(2.50713e-009 1.55251e-014 0)
(1.11668e-008 -1.10447e-014 0)
(4.83743e-008 3.85522e-015 0)
(2.03662e-007 -2.20893e-014 0)
(8.32282e-007 -2.26103e-014 0)
(3.29691e-006 -3.20921e-014 0)
(1.26406e-005 -5.11597e-014 0)
(4.68317e-005 -5.8245e-014 0)
(0.00016735 -6.32464e-014 0)
(0.000575624 -7.39785e-014 0)
(0.00190143 -9.32545e-014 0)
(0.00601616 -9.96105e-014 0)
(0.0181785 -1.05446e-013 0)
(0.0522753 -1.08677e-013 0)
(0.142493 -1.09201e-013 0)
(0.366465 -1.20872e-013 0)
(0.884589 -1.14131e-013 0)
(1.99341 -1.13556e-013 0)
(4.17274 -1.05837e-013 0)
(8.07223 -8.91702e-014 0)
(14.3502 -8.14292e-014 0)
(23.3075 -7.46946e-014 0)
(34.6469 -7.07061e-014 0)
(47.7759 -6.34384e-014 0)
(62.1996 -5.8918e-014 0)
(77.5602 -8.43626e-014 0)
(93.5764 -8.85932e-014 0)
(110.03 -5.95816e-014 0)
(126.701 -1.28897e-014 0)
(143.529 -9.5299e-015 0)
(160.171 -2.72729e-014 0)
(176.735 -4.06394e-014 0)
(192.932 -6.62204e-014 0)
(208.693 -7.45519e-014 0)
(223.967 -6.87535e-014 0)
(238.383 -6.50745e-014 0)
(251.734 -5.23335e-014 0)
(263.822 -3.55239e-014 0)
(274.483 -3.04658e-014 0)
(283.019 -2.84615e-014 0)
(289.229 -3.90905e-014 0)
(293.518 -5.58233e-014 0)
(295.579 -6.42974e-014 0)
(296.443 -7.77453e-014 0)
(297.067 -9.30661e-014 0)
(297.425 -1.11279e-013 0)
(296.471 -1.2856e-013 0)
(293.74 -1.48839e-013 0)
(291.285 -1.69431e-013 0)
(289.955 -1.97949e-013 0)
(289.174 -2.24622e-013 0)
(289.015 -2.47181e-013 0)
(289.151 -2.69233e-013 0)
(288.852 -2.98146e-013 0)
(287.646 -3.27444e-013 0)
(285.071 -3.3438e-013 0)
(280.544 -3.09552e-013 0)
(271.864 -3.03884e-013 0)
(250.91 -3.96822e-013 0)
(189.166 -4.83138e-013 0)
(85.3677 -2.64968e-013 0)
(21.5376 -1.59117e-013 0)
(4.24585 -1.36485e-013 0)
(0.742172 -1.38869e-013 0)
(0.123987 -1.25975e-013 0)
(0.020385 -1.37068e-013 0)
(0.0033179 -1.35402e-013 0)
(0.000535161 -1.36912e-013 0)
(8.55741e-005 -1.32015e-013 0)
(1.35714e-005 -1.2394e-013 0)
(2.13583e-006 -1.34412e-013 0)
(3.33764e-007 -1.19512e-013 0)
(5.18229e-008 -1.21752e-013 0)
(8.00042e-009 -1.19929e-013 0)
(1.22928e-009 -9.79955e-014 0)
(1.87918e-010 -1.0456e-013 0)
(2.90213e-011 -8.34603e-014 0)
(5.28144e-012 -8.92952e-014 0)
(1.50708e-012 -6.2986e-014 0)
(1.34703e-012 -5.43378e-014 0)
(9.20252e-013 -3.72498e-014 0)
(4.33452e-013 -2.81848e-014 0)
(8.00219e-013 -2.32876e-014 0)
(3.06751e-013 -1.23992e-014 0)
(-5.33479e-014 -1.23992e-014 0)
(6.66849e-015 -1.94324e-014 0)
(-2.06723e-013 -1.00548e-014 0)
(-2.2006e-013 -2.20373e-014 0)
(-3.40093e-013 -1.82862e-014 0)
(-1.00027e-013 -2.7247e-014 0)
(-1.86718e-013 -2.38086e-014 0)
(3.33424e-014 -3.23005e-014 0)
(-6.66849e-014 -2.2975e-014 0)
(-3.73435e-013 -3.27173e-014 0)
(-2.80077e-013 -2.67261e-014 0)
(-2.13392e-013 -4.35015e-014 0)
(-2.00055e-013 -3.8969e-014 0)
(3.00082e-013 -4.45434e-014 0)
(-8.66904e-014 -3.62599e-014 0)
(-2.00055e-013 -3.74582e-014 0)
(2.13392e-013 -3.81354e-014 0)
(4.00109e-013 -3.82396e-014 0)
(7.40202e-013 -2.27666e-014 0)
(2.46734e-013 -2.95393e-014 0)
(2.33397e-013 -3.47491e-014 0)
(4.66794e-014 -3.7354e-014 0)
(2.86745e-013 -4.19385e-014 0)
(2.6674e-014 -3.24047e-014 0)
(-2.00055e-013 -4.1105e-014 0)
(8.00219e-014 -3.60515e-014 0)
(-1.06696e-013 -4.77214e-014 0)
(-4.46789e-013 -3.79791e-014 0)
(-2.33397e-013 -5.95475e-014 0)
(-6.33507e-013 -5.65259e-014 0)
(-8.93578e-013 -7.2624e-014 0)
(-4.20115e-013 -7.08006e-014 0)
(-2.2006e-013 -8.10638e-014 0)
(1.86718e-013 -7.57499e-014 0)
(-2.80077e-013 -7.52289e-014 0)
(-5.86827e-013 -8.39292e-014 0)
(-1.60044e-013 -8.81491e-014 0)
(-4.66794e-013 -9.24732e-014 0)
(-3.26756e-013 -1.12739e-013 0)
(-3.86772e-013 -1.20866e-013 0)
(-1.26701e-013 -1.36183e-013 0)
(-6.66849e-015 -1.28733e-013 0)
(-7.0686e-013 -1.25555e-013 0)
(-7.00191e-013 -1.30713e-013 0)
(-2.60071e-013 -1.34099e-013 0)
(-1.93386e-013 -1.30504e-013 0)
(-4.06778e-013 -1.42174e-013 0)
(4.00109e-014 -1.20606e-013 0)
(2.13392e-013 -1.28368e-013 0)
(3.33424e-013 -1.07425e-013 0)
(4.13446e-013 -1.11958e-013 0)
(2.80077e-013 -9.01809e-014 0)
(6.46843e-013 -9.2369e-014 0)
(2.6674e-013 -2.59753e-027 0)
(4.00109e-013 -4.35184e-041 0)
(3.33424e-013 -4.68346e-055 0)
(2.00055e-013 -4.16368e-069 0)
(3.33424e-013 -3.00216e-083 0)
(-1.3337e-013 -2.05377e-097 0)
(6.00164e-013 -1.20755e-111 0)
(1.8253e-026 -6.80503e-126 0)
(4.00109e-013 -3.31235e-140 0)
(2.00055e-013 -1.21772e-154 0)
(3.33424e-013 -4.5356e-169 0)
(8.54494e-027 -1.45644e-183 0)
(2.6674e-013 -4.12743e-198 0)
(2.6674e-013 -1.01406e-212 0)
(3.33424e-013 -2.19802e-227 0)
(6.66849e-014 -3.87041e-242 0)
(4.00109e-013 -9.04368e-257 0)
(2.6674e-013 -1.43654e-271 0)
(2.00055e-013 -1.50178e-286 0)
(1.3337e-013 -1.84359e-301 0)
(3.33424e-013 -1.16434e-316 0)
(6.66849e-014 0 0)
(2.00055e-013 0 0)
(2.6674e-013 0 0)
(6.66849e-014 0 0)
(3.33424e-013 0 0)
(1.3337e-013 0 0)
(2.6674e-013 0 0)
(6.66849e-014 0 0)
(2.00055e-013 0 0)
(3.33424e-013 0 0)
(1.3337e-013 0 0)
(2.00055e-013 0 0)
(8.57018e-027 0 0)
(1.3337e-013 0 0)
(1.51635e-026 0 0)
(-1.29294e-026 0 0)
(1.27354e-026 0 0)
(2.00055e-013 0 0)
(2.00055e-013 0 0)
(6.77789e-027 0 0)
(6.66849e-014 0 0)
(1.3337e-013 0 0)
(6.66849e-014 0 0)
(6.66849e-014 0 0)
(1.3337e-013 0 0)
(2.00055e-013 0 0)
(-6.66849e-014 0 0)
(1.3337e-013 0 0)
(8.77538e-027 0 0)
(1.3337e-013 0 0)
(-1.3337e-013 0 0)
(6.66849e-014 0 0)
(-2.00055e-013 0 0)
(1.3337e-013 0 0)
(-2.00055e-013 0 0)
(2.00055e-013 0 0)
(6.66849e-014 0 0)
(1.3337e-013 0 0)
(-6.66849e-014 0 0)
(2.00055e-013 0 0)
(-1.3337e-013 0 0)
(3.33424e-013 0 0)
(-1.3337e-013 0 0)
(3.33424e-013 0 0)
(4.08945e-027 0 0)
(4.66794e-013 0 0)
(7.18904e-027 0 0)
(5.33479e-013 0 0)
(9.79775e-027 0 0)
(4.66794e-013 0 0)
(6.66849e-014 0 0)
(4.00109e-013 0 0)
(2.6674e-013 0 0)
(5.33479e-013 0 0)
(3.33424e-013 0 0)
(4.66794e-013 0 0)
(1.3337e-013 0 0)
(5.33479e-013 0 0)
(1.3337e-013 0 0)
(3.33424e-013 0 0)
(2.00055e-013 1.14852e-302 0)
(2.00055e-013 4.29212e-287 0)
(2.00055e-013 5.41755e-272 0)
(2.6674e-013 2.94962e-256 0)
(2.00055e-013 3.66963e-241 0)
(1.3337e-013 5.11078e-226 0)
(2.6674e-013 9.79681e-211 0)
(2.00055e-013 9.88174e-196 0)
(2.00055e-013 6.34106e-181 0)
(3.33424e-013 3.64322e-166 0)
(2.00055e-013 1.92463e-151 0)
(6.66849e-013 8.90184e-137 0)
(4.66794e-013 6.5439e-122 0)
(5.33479e-013 1.11652e-106 0)
(4.66794e-013 1.66202e-091 0)
(6.00164e-013 1.4272e-076 0)
(3.33424e-013 1.61145e-061 0)
(4.66794e-013 2.47452e-046 0)
(2.00055e-013 4.74978e-031 0)
(9.43313e-013 -2.43122e-015 0)
(1.12809e-012 -1.21561e-014 0)
(9.04414e-013 -1.33717e-014 0)
(8.07165e-013 -1.15483e-014 0)
(6.51567e-013 -1.58029e-014 0)
(3.50096e-013 -1.33717e-014 0)
(7.7799e-013 -1.15483e-014 0)
(1.13781e-012 -1.70185e-014 0)
(1.01139e-012 -2.43122e-014 0)
(7.29366e-013 -2.43122e-014 0)
(9.43313e-013 -3.34293e-014 0)
(4.3762e-013 -4.43698e-014 0)
(4.86244e-013 -4.07229e-014 0)
(2.13947e-013 -4.3762e-014 0)
(-1.84773e-013 -4.43698e-014 0)
(-3.01471e-013 -3.76839e-014 0)
(7.7799e-014 -3.76839e-014 0)
(-2.23672e-013 -3.22137e-014 0)
(-5.83493e-014 -3.64683e-014 0)
(-3.40371e-013 -3.16059e-014 0)
(6.80742e-014 -2.43122e-014 0)
(2.04222e-013 -3.95073e-014 0)
(6.80742e-014 -1.45873e-014 0)
(5.83493e-014 -4.3762e-014 0)
(-2.91746e-013 -1.21561e-014 0)
(-2.91746e-014 -4.25464e-014 0)
(-1.55598e-013 -2.1881e-014 0)
(1.94498e-013 -2.43122e-014 0)
(-1.94498e-014 -4.86244e-015 0)
(-1.69181e-029 -2.43122e-014 0)
(-1.94498e-014 -2.492e-014 0)
(8.30961e-029 -2.55278e-014 0)
(-3.88995e-014 -3.76839e-014 0)
(-1.94498e-014 -4.80166e-014 0)
(7.7799e-014 -3.95073e-014 0)
(2.87885e-028 -4.55854e-014 0)
(-9.72488e-015 -3.09981e-014 0)
(-2.91746e-014 -2.7959e-014 0)
(-2.33397e-013 -2.73512e-014 0)
(9.72488e-015 -2.91746e-014 0)
(3.20921e-013 -2.7959e-014 0)
(-5.83493e-014 -2.43122e-014 0)
(-1.77787e-030 -3.58605e-014 0)
(9.72488e-015 -1.94498e-014 0)
(-1.45873e-013 -2.91746e-014 0)
(1.65323e-013 -2.85668e-014 0)
(1.94498e-013 -3.22137e-014 0)
(3.11196e-013 -3.76839e-014 0)
(4.57069e-013 -3.88995e-014 0)
(1.26423e-013 -4.74088e-014 0)
(-7.7799e-014 -4.49776e-014 0)
(-4.1817e-013 -4.07229e-014 0)
(7.7799e-014 -3.46449e-014 0)
(-2.72297e-013 -3.70761e-014 0)
(-2.91746e-014 -6.38195e-014 0)
(7.7799e-014 -4.25464e-014 0)
(-2.33397e-013 -5.2879e-014 0)
(1.26423e-013 -4.984e-014 0)
(-3.88995e-014 -4.13307e-014 0)
(-2.23672e-013 -4.43698e-014 0)
(-7.7799e-014 -4.31542e-014 0)
(-7.7799e-014 -3.64683e-014 0)
(1.45873e-013 -3.88995e-014 0)
(-1.65323e-013 -4.49776e-014 0)
(-1.45939e-027 -4.43698e-014 0)
(1.06974e-013 -3.52527e-014 0)
(-3.88995e-014 -2.55278e-014 0)
(1.53757e-029 -3.88995e-014 0)
(3.88995e-014 -2.30966e-014 0)
(-2.82022e-013 -1.82342e-014 0)
(1.55598e-013 -2.12732e-014 0)
(4.86244e-014 -3.16059e-014 0)
(3.88995e-014 -1.03327e-014 0)
(-1.26423e-013 -2.37044e-014 0)
(3.11196e-013 -3.52527e-014 0)
(-4.86244e-014 -2.06654e-014 0)
(-1.36148e-013 -3.09981e-014 0)
(4.76519e-013 -2.43122e-014 0)
(-1.75048e-013 -2.7959e-014 0)
(6.80742e-014 -2.43122e-014 0)
(1.94498e-013 -2.30966e-014 0)
(-1.06974e-013 -2.85668e-014 0)
(-3.88995e-014 -2.30966e-014 0)
(-6.80742e-014 -2.91746e-014 0)
(-5.15419e-013 -2.1881e-014 0)
(1.36148e-013 -2.73512e-014 0)
(-5.83493e-014 -3.40371e-014 0)
(1.45873e-013 -2.43122e-014 0)
(-1.65323e-013 -2.492e-014 0)
(-1.2273e-027 -3.40371e-014 0)
(1.65323e-013 -3.34293e-014 0)
(-5.83493e-014 -2.492e-014 0)
(5.16085e-030 -1.94498e-014 0)
(9.72488e-015 -5.47025e-015 0)
(-2.04222e-013 -6.68586e-015 0)
(1.84773e-013 -2.37044e-014 0)
(3.88995e-014 -3.09981e-014 0)
(2.52847e-013 -4.07229e-014 0)
(1.26423e-013 -4.01151e-014 0)
(-1.26423e-013 -4.13307e-014 0)
(-2.91746e-014 -4.31542e-014 0)
(-3.11196e-013 -4.13307e-014 0)
(5.05694e-013 -4.49776e-014 0)
(-2.23672e-013 -4.55854e-014 0)
(3.11196e-013 -7.35444e-014 0)
(6.80742e-014 -4.80166e-014 0)
(-2.82022e-013 -6.38195e-014 0)
(-3.88995e-014 -5.16634e-014 0)
(-1.26423e-013 -5.65259e-014 0)
(-2.33397e-013 -4.13307e-014 0)
(-1.02503e-027 -5.16634e-014 0)
(-3.7927e-013 -4.80166e-014 0)
(1.84773e-013 -4.61932e-014 0)
(-7.7799e-014 -4.25464e-014 0)
(1.16699e-013 -3.88995e-014 0)
(2.82022e-013 -5.16634e-014 0)
(-4.86244e-014 -5.77415e-014 0)
(1.37139e-029 -5.16634e-014 0)
(3.88995e-014 -4.6801e-014 0)
(-2.82022e-013 -4.80166e-014 0)
(1.55598e-013 -4.49776e-014 0)
(4.86244e-014 -4.49776e-014 0)
(2.04222e-013 -4.13307e-014 0)
(7.7799e-014 -4.43698e-014 0)
(1.75048e-013 -3.40371e-014 0)
(2.91746e-013 -5.2879e-014 0)
(-1.36148e-013 -4.25464e-014 0)
(2.91746e-014 -4.3762e-014 0)
(-4.86244e-014 -3.95073e-014 0)
(6.80742e-014 -6.38195e-014 0)
(-1.16699e-013 -3.16059e-014 0)
(-1.75048e-013 -3.03903e-014 0)
(-7.7799e-014 -2.85668e-014 0)
(-1.06974e-013 -2.85668e-014 0)
(-1.26423e-013 -1.51951e-014 0)
(9.72488e-015 -4.25464e-014 0)
(1.06974e-013 -2.67434e-014 0)
(5.83493e-014 -3.34293e-014 0)
(-2.91746e-013 -3.40371e-014 0)
(5.83493e-014 -4.01151e-014 0)
(7.7799e-014 -3.09981e-014 0)
(-3.88995e-014 -2.43122e-014 0)
(8.60588e-030 -2.55278e-014 0)
(-2.91746e-014 -1.09405e-014 0)
(-2.82022e-013 -7.29366e-015 0)
(9.72488e-015 -1.39795e-014 0)
(-2.72297e-013 -6.68586e-015 0)
(1.36148e-013 -1.82342e-015 0)
(-2.43122e-013 -8.50927e-015 0)
(1.94498e-014 -3.25254e-031 0)
(8.44675e-013 -3.12585e-015 0)
(3.66767e-013 -1.1722e-014 0)
(5.8905e-013 -1.26771e-014 0)
(5.00137e-013 -1.54556e-014 0)
(5.55707e-013 -2.11863e-014 0)
(4.66794e-013 -1.11141e-014 0)
(4.77908e-013 -2.04049e-014 0)
(6.89077e-013 -1.39795e-014 0)
(6.00164e-013 -2.136e-014 0)
(2.00055e-013 -2.76117e-014 0)
(2.11169e-013 -2.97824e-014 0)
(-3.33424e-014 -3.33424e-014 0)
(8.89132e-014 -3.916e-014 0)
(-1.22256e-013 -3.49054e-014 0)
(2.22283e-014 -3.82917e-014 0)
(1.3337e-013 -3.85522e-014 0)
(3.77881e-013 -4.54117e-014 0)
(2.11169e-013 -3.33424e-014 0)
(1.44484e-013 -3.60342e-014 0)
(-8.89132e-014 -3.23005e-014 0)
(4.44566e-014 -2.92615e-014 0)
(1.44484e-013 -2.9001e-014 0)
(-2.6674e-013 -3.41239e-014 0)
(-3.2231e-013 -3.5079e-014 0)
(-3.33424e-014 -3.36029e-014 0)
(-3.33424e-014 -4.22859e-014 0)
(2.00055e-013 -3.31688e-014 0)
(1.11141e-014 -3.58605e-014 0)
(-6.66849e-014 -3.44712e-014 0)
(-2.55625e-013 -3.70761e-014 0)
(-1.88941e-013 -3.88995e-014 0)
(-3.00082e-013 -4.19385e-014 0)
(1.11141e-014 -3.63815e-014 0)
(-2.77854e-013 -4.88849e-014 0)
(2.33397e-013 -3.89864e-014 0)
(1.66712e-013 -4.42829e-014 0)
(1.55598e-013 -4.07229e-014 0)
(1.77826e-013 -3.75971e-014 0)
(7.7799e-014 -3.82917e-014 0)
(-4.44566e-014 -3.49054e-014 0)
(-3.2231e-013 -3.82917e-014 0)
(5.55707e-014 -4.03756e-014 0)
(2.22283e-014 -3.916e-014 0)
(1.77826e-013 -3.58605e-014 0)
(3.00082e-013 -4.08966e-014 0)
(1.44484e-013 -2.96956e-014 0)
(6.66849e-014 -3.62946e-014 0)
(-7.7799e-014 -3.49922e-014 0)
(-1.00027e-013 -4.31542e-014 0)
(-3.33424e-014 -4.47171e-014 0)
(-2.77854e-013 -4.44566e-014 0)
(5.55707e-014 -4.38488e-014 0)
(-1.3337e-013 -4.48907e-014 0)
(-5.00137e-013 -4.09834e-014 0)
(-1.3337e-013 -4.67142e-014 0)
(-2.77854e-013 -4.34146e-014 0)
(4.44566e-014 -4.65405e-014 0)
(2.22283e-014 -4.60195e-014 0)
(-1.11141e-014 -4.67142e-014 0)
(2.22283e-014 -4.55854e-014 0)
(-2.6674e-013 -4.28068e-014 0)
(-1.11141e-014 -4.95795e-014 0)
(-4.44566e-014 -4.36751e-014 0)
(-4.44566e-014 -5.05346e-014 0)
(1.11141e-013 -4.52381e-014 0)
(1.44484e-013 -4.85376e-014 0)
(1.77826e-013 -4.76693e-014 0)
(2.6674e-013 -4.35883e-014 0)
(2.22283e-013 -4.2199e-014 0)
(6.66849e-013 -4.13307e-014 0)
(4.11224e-013 -2.88273e-014 0)
(1.3337e-013 -3.37766e-014 0)
(1.66712e-013 -3.10849e-014 0)
(-2.77854e-013 -2.38781e-014 0)
(2.00055e-013 -3.5079e-014 0)
(-3.33424e-014 -2.92615e-014 0)
(7.7799e-014 -2.92615e-014 0)
(8.89132e-014 -2.80459e-014 0)
(3.00082e-013 -3.38634e-014 0)
(3.2231e-013 -2.52673e-014 0)
(-2.55625e-013 -2.75249e-014 0)
(2.22283e-014 -2.97824e-014 0)
(-1.11141e-013 -2.72644e-014 0)
(-2.6674e-013 -3.38634e-014 0)
(-2.22283e-013 -3.03034e-014 0)
(-2.88968e-013 -2.78722e-014 0)
(1.44484e-013 -3.65551e-014 0)
(1.55598e-013 -2.91746e-014 0)
(-2.11169e-013 -3.71629e-014 0)
(-3.44539e-013 -2.98693e-014 0)
(6.66849e-014 -3.62946e-014 0)
(1.00027e-013 -3.43844e-014 0)
(4.44566e-014 -3.32556e-014 0)
(-1.44484e-013 -3.42976e-014 0)
(-3.88995e-013 -3.80312e-014 0)
(-5.55707e-014 -3.5079e-014 0)
(-4.44566e-014 -3.36898e-014 0)
(1.11141e-014 -4.38488e-014 0)
(-2.33397e-013 -4.02888e-014 0)
(-6.66849e-014 -4.58459e-014 0)
(-7.7799e-014 -4.47171e-014 0)
(-3.2231e-013 -4.23727e-014 0)
(-4.22338e-013 -4.85376e-014 0)
(-3.55653e-013 -4.61064e-014 0)
(-2.88968e-013 -5.89571e-014 0)
(-1.55598e-013 -4.99268e-014 0)
(1.44484e-013 -6.34722e-014 0)
(3.33424e-014 -4.78429e-014 0)
(1.11141e-014 -5.56576e-014 0)
(-1.88941e-013 -4.94059e-014 0)
(-2.22283e-013 -5.14029e-014 0)
(1.11141e-014 -5.81756e-014 0)
(-3.33424e-014 -4.61932e-014 0)
(2.6674e-013 -5.75678e-014 0)
(3.33424e-014 -5.14029e-014 0)
(-4.44566e-014 -5.20976e-014 0)
(5.55707e-014 -5.2879e-014 0)
(1.88941e-013 -5.14898e-014 0)
(-3.33424e-014 -4.95795e-014 0)
(2.33397e-013 -5.58312e-014 0)
(3.11196e-013 -4.13307e-014 0)
(1.11141e-013 -4.74088e-014 0)
(2.22283e-013 -4.78429e-014 0)
(2.55625e-013 -4.35883e-014 0)
(4.44566e-014 -4.52381e-014 0)
(8.89132e-014 -4.81034e-014 0)
(-3.33424e-014 -4.46303e-014 0)
(-1.66712e-013 -5.10556e-014 0)
(2.33397e-013 -4.3762e-014 0)
(2.77854e-013 -4.72351e-014 0)
(4.33452e-013 -4.18517e-014 0)
(2.55625e-013 -3.79444e-014 0)
(2.22283e-013 -2.81327e-014 0)
(-7.7799e-014 -3.08244e-014 0)
(-3.44539e-013 -3.35161e-014 0)
(-4.77908e-013 -3.36898e-014 0)
(-2.88968e-013 -4.29805e-014 0)
(-2.33397e-013 -3.9681e-014 0)
(3.11196e-013 -5.17503e-014 0)
(1.44484e-013 -3.39503e-014 0)
(-1.66712e-013 -4.80166e-014 0)
(2.88968e-013 -3.8639e-014 0)
(2.77854e-013 -4.12439e-014 0)
(6.33507e-013 -3.1519e-014 0)
(2.11169e-013 -3.41239e-014 0)
(5.11251e-013 -2.05785e-014 0)
(1.22256e-013 -2.83932e-014 0)
(1.22256e-013 -1.86683e-014 0)
(1.88941e-013 -2.04049e-014 0)
(1.22256e-013 -1.78868e-014 0)
)
;

boundaryField
{
    inlet
    {
        type            zeroGradient;
    }
    outlet
    {
        type            zeroGradient;
    }
    bottom
    {
        type            symmetryPlane;
    }
    top
    {
        type            symmetryPlane;
    }
    obstacle
    {
        type            zeroGradient;
    }
    defaultFaces
    {
        type            empty;
    }
}


// ************************************************************************* //
