/*--------------------------------*- C++ -*----------------------------------*\
| =========                 |                                                 |
| \\      /  F ield         | OpenFOAM: The Open Source CFD Toolbox           |
|  \\    /   O peration     | Version:  5.x                                   |
|   \\  /    A nd           | Web:      www.OpenFOAM.org                      |
|    \\/     M anipulation  |                                                 |
\*---------------------------------------------------------------------------*/
/*   Windows 32 and 64 bit porting by blueCAPE: http://www.bluecape.com.pt   *\
|  Based on Windows porting (2.0.x v4) by Symscape: http://www.symscape.com   |
\*---------------------------------------------------------------------------*/
FoamFile
{
    version     2.0;
    format      ascii;
    class       volScalarField;
    location    "0.01";
    object      mag(U);
}
// * * * * * * * * * * * * * * * * * * * * * * * * * * * * * * * * * * * * * //

dimensions      [0 1 -1 0 0 0 0];

internalField   nonuniform List<scalar> 
1000
(
1.93795e-010
5.93071e-010
1.24692e-009
2.62159e-009
5.44787e-009
1.12249e-008
2.29298e-008
4.64354e-008
9.32168e-008
1.85469e-007
3.65701e-007
7.14478e-007
1.38292e-006
2.65144e-006
5.03464e-006
9.46638e-006
1.76218e-005
3.24701e-005
5.92105e-005
0.000106833
0.000190682
0.000336596
0.000587491
0.00101362
0.00172826
0.00291127
0.00484354
0.00795631
0.0128997
0.0206353
0.0325569
0.0506409
0.0776261
0.117213
0.17427
0.255012
0.36712
0.519758
0.723424
0.98962
1.3303
1.75716
2.28075
2.90965
3.64967
4.50329
5.46944
6.54355
7.71818
8.98418
10.3318
11.7513
13.2337
14.7708
16.3553
17.981
19.6425
21.3352
23.0552
24.7994
26.565
28.3498
30.1518
31.9694
33.8012
35.646
37.5029
39.3709
41.2493
43.1373
45.0344
46.9399
48.8535
50.7745
52.7027
54.6375
56.5787
58.5259
60.4787
62.4369
64.4001
66.368
68.3404
70.3171
72.2977
74.2821
76.27
78.2612
80.2556
82.2528
84.2528
86.2553
88.2602
90.2674
92.2766
94.2878
96.3008
98.3154
100.332
102.349
104.368
106.389
108.41
110.432
112.456
114.48
116.505
118.531
120.557
122.584
124.611
126.639
128.667
130.696
132.725
134.754
136.783
138.812
140.841
142.87
144.899
146.928
148.956
150.985
153.013
155.041
157.068
159.095
161.121
163.146
165.172
167.196
169.22
171.242
173.264
175.285
177.305
179.324
181.341
183.358
185.373
187.386
189.399
191.409
193.418
195.425
197.43
199.433
201.435
203.433
205.429
207.423
209.414
211.402
213.387
215.368
217.346
219.32
221.29
223.255
225.216
227.172
229.123
231.068
233.006
234.938
236.863
238.781
240.689
242.589
244.48
246.36
248.228
250.084
251.928
253.756
255.569
257.366
259.144
260.901
262.638
264.35
266.038
267.697
269.326
270.923
272.484
274.007
275.489
276.926
278.315
279.653
280.937
282.162
283.327
284.426
285.459
286.421
287.312
288.13
288.873
289.543
290.14
290.666
291.123
291.516
291.849
292.126
292.354
292.538
292.684
292.799
292.886
292.952
293.001
293.038
293.064
293.084
293.099
293.111
293.121
293.13
293.138
293.146
293.153
293.161
293.168
293.175
293.181
293.187
293.192
293.197
293.201
293.205
293.208
293.211
293.213
293.215
293.217
293.219
293.22
293.221
293.222
293.223
293.224
293.225
293.225
293.226
293.227
293.228
293.23
293.231
293.232
293.233
293.235
293.236
293.237
293.238
293.239
293.24
293.241
293.242
293.242
293.242
293.242
293.241
293.24
293.239
293.236
293.23
293.222
293.21
293.192
293.168
293.134
293.09
293.034
292.963
292.878
292.778
292.665
292.54
292.406
292.267
292.127
291.99
291.86
291.742
291.64
291.557
291.498
291.466
291.449
291.439
291.443
291.475
291.537
291.6
291.659
291.679
1.93297e-010
5.93045e-010
1.24629e-009
2.62114e-009
5.44645e-009
1.12235e-008
2.2927e-008
4.64326e-008
9.32138e-008
1.85466e-007
3.65697e-007
7.14476e-007
1.38292e-006
2.65143e-006
5.03464e-006
9.46638e-006
1.76218e-005
3.24701e-005
5.92105e-005
0.000106833
0.000190682
0.000336596
0.000587491
0.00101362
0.00172826
0.00291127
0.00484354
0.00795631
0.0128997
0.0206353
0.0325569
0.0506409
0.0776261
0.117213
0.17427
0.255012
0.36712
0.519758
0.723424
0.98962
1.3303
1.75716
2.28075
2.90965
3.64967
4.50329
5.46944
6.54355
7.71818
8.98418
10.3318
11.7513
13.2337
14.7708
16.3553
17.981
19.6425
21.3352
23.0552
24.7994
26.565
28.3498
30.1518
31.9694
33.8012
35.646
37.5029
39.3709
41.2493
43.1373
45.0344
46.9399
48.8535
50.7745
52.7027
54.6375
56.5787
58.5259
60.4787
62.4369
64.4001
66.368
68.3404
70.3171
72.2977
74.2821
76.27
78.2612
80.2556
82.2528
84.2528
86.2553
88.2602
90.2674
92.2766
94.2878
96.3008
98.3154
100.332
102.349
104.368
106.389
108.41
110.432
112.456
114.48
116.505
118.531
120.557
122.584
124.611
126.639
128.667
130.696
132.725
134.754
136.783
138.812
140.841
142.87
144.899
146.928
148.956
150.985
153.013
155.041
157.068
159.095
161.121
163.146
165.172
167.196
169.22
171.242
173.264
175.285
177.305
179.324
181.341
183.358
185.373
187.386
189.399
191.409
193.418
195.425
197.43
199.433
201.435
203.433
205.429
207.423
209.414
211.402
213.387
215.368
217.346
219.32
221.29
223.255
225.216
227.172
229.123
231.068
233.006
234.938
236.863
238.781
240.689
242.589
244.48
246.36
248.228
250.084
251.928
253.756
255.569
257.366
259.144
260.901
262.638
264.35
266.038
267.697
269.326
270.923
272.484
274.007
275.489
276.926
278.315
279.653
280.937
282.162
283.327
284.426
285.459
286.421
287.312
288.13
288.873
289.543
290.14
290.666
291.123
291.516
291.849
292.126
292.354
292.538
292.684
292.799
292.886
292.952
293.001
293.038
293.064
293.084
293.099
293.111
293.121
293.13
293.138
293.146
293.153
293.161
293.168
293.175
293.181
293.187
293.192
293.197
293.201
293.205
293.208
293.211
293.213
293.215
293.217
293.219
293.22
293.221
293.222
293.223
293.224
293.225
293.225
293.226
293.227
293.228
293.23
293.231
293.232
293.233
293.235
293.236
293.237
293.238
293.24
293.241
293.242
293.242
293.243
293.244
293.244
293.244
293.244
293.244
293.244
293.244
293.243
293.243
293.241
293.239
293.235
293.228
293.219
293.205
293.188
293.167
293.141
293.112
293.08
293.05
293.025
293.011
293.007
293.006
293.018
293.052
293.131
293.285
293.529
293.871
294.316
294.867
295.51
296.238
296.885
298.288
298.51
298.939
299.47
299.886
300.216
300.478
300.692
300.874
301.033
301.178
301.312
301.438
301.56
301.679
301.795
301.909
302.023
302.135
302.247
302.359
302.47
302.581
302.69
302.8
302.908
303.016
303.123
303.229
303.333
303.437
303.539
303.641
303.741
303.839
303.937
304.033
304.127
304.221
304.313
304.403
304.492
304.58
304.666
304.751
304.835
304.917
304.997
305.077
305.154
305.231
305.306
305.38
305.453
305.524
305.594
305.663
305.731
305.797
305.862
305.927
305.99
306.052
306.113
306.173
306.232
306.29
306.348
306.404
306.459
306.514
306.567
306.62
306.672
306.723
306.773
306.823
306.871
306.919
306.967
307.013
307.059
307.104
307.148
307.192
307.235
307.278
307.32
307.362
307.403
307.444
307.485
307.525
307.565
307.605
307.645
307.684
307.724
307.763
307.803
307.841
198.75
198.952
199.432
200.009
200.49
200.901
201.295
201.695
202.105
202.522
202.943
203.366
203.792
204.222
204.654
205.09
205.529
205.971
206.415
206.86
207.307
207.757
208.209
208.662
209.115
209.57
210.025
210.482
210.94
211.399
211.859
212.32
212.784
213.249
213.716
214.185
214.657
215.133
215.611
216.093
216.579
217.069
217.563
218.062
218.566
219.076
219.591
220.112
220.64
221.174
221.716
222.264
222.821
223.386
223.959
224.541
225.131
225.731
226.341
226.959
227.588
228.227
228.876
229.535
230.206
230.887
231.58
232.284
233
233.728
234.468
235.22
235.984
236.761
237.551
238.352
239.166
239.992
240.83
241.679
242.539
243.41
244.291
245.181
246.079
246.984
247.896
248.813
249.735
250.659
251.587
252.515
253.443
254.37
255.296
256.217
257.135
258.046
258.952
259.849
260.738
261.618
262.486
263.344
264.19
265.024
265.846
266.655
267.45
268.233
269.002
269.758
270.499
271.227
271.941
272.639
273.324
273.993
274.647
275.286
275.911
276.521
277.116
277.698
278.266
278.82
279.362
279.892
280.409
280.914
281.408
281.888
282.354
282.798
283.205
283.542
283.769
283.902
283.942
283.807
283.361
282.478
281.143
279.49
277.732
276.113
274.841
273.999
273.537
273.299
307.966
307.972
307.936
307.849
307.684
307.465
307.243
307.035
306.844
306.665
306.494
306.328
306.167
306.009
305.854
305.703
305.554
305.407
305.261
305.117
304.973
304.831
304.689
304.547
304.407
304.267
304.129
303.993
303.86
303.729
303.601
303.476
303.354
303.235
303.118
303.004
302.89
302.777
302.665
302.553
302.441
302.328
302.214
302.098
301.982
301.864
301.744
301.622
301.498
301.372
301.242
301.11
300.975
300.837
300.695
300.549
300.4
300.247
300.09
299.93
299.766
299.598
299.427
299.252
299.074
298.892
298.709
298.524
298.336
298.146
297.955
297.762
297.569
297.376
297.183
296.991
296.8
296.612
296.427
296.246
296.068
295.896
295.728
295.566
295.409
295.257
295.111
294.969
294.832
294.697
294.565
294.434
294.303
294.173
294.042
293.902
293.757
293.61
293.457
293.297
293.131
292.958
292.777
292.591
292.397
292.199
291.995
291.787
291.575
291.36
291.143
290.925
290.705
290.485
290.265
290.045
289.826
289.608
289.391
289.175
288.96
288.748
288.538
288.329
288.121
287.914
287.709
287.505
287.303
287.103
286.907
286.715
286.529
286.344
286.15
285.929
285.676
285.399
285.079
284.683
284.165
283.525
282.809
282.078
281.397
280.817
280.362
280.017
279.73
279.42
)
;

boundaryField
{
    inlet
    {
        type            calculated;
        value           nonuniform List<scalar> 2(1.93297e-010 1.93795e-010);
    }
    outlet
    {
        type            calculated;
        value           nonuniform List<scalar> 2(279.42 273.299);
    }
    bottom
    {
        type            symmetryPlane;
    }
    top
    {
        type            symmetryPlane;
    }
    obstacle
    {
        type            calculated;
        value           nonuniform List<scalar> 
102
(
291.679
198.75
298.51
298.939
299.47
299.886
300.216
300.478
300.692
300.874
301.033
301.178
301.312
301.438
301.56
301.679
301.795
301.909
302.023
302.135
302.247
302.359
302.47
302.581
302.69
302.8
302.908
303.016
303.123
303.229
303.333
303.437
303.539
303.641
303.741
303.839
303.937
304.033
304.127
304.221
304.313
304.403
304.492
304.58
304.666
304.751
304.835
304.917
304.997
305.077
305.154
305.231
305.306
305.38
305.453
305.524
305.594
305.663
305.731
305.797
305.862
305.927
305.99
306.052
306.113
306.173
306.232
306.29
306.348
306.404
306.459
306.514
306.567
306.62
306.672
306.723
306.773
306.823
306.871
306.919
306.967
307.013
307.059
307.104
307.148
307.192
307.235
307.278
307.32
307.362
307.403
307.444
307.485
307.525
307.565
307.605
307.645
307.684
307.724
307.763
307.803
307.841
)
;
    }
    defaultFaces
    {
        type            empty;
    }
}


// ************************************************************************* //
