/*--------------------------------*- C++ -*----------------------------------*\
| =========                 |                                                 |
| \\      /  F ield         | OpenFOAM: The Open Source CFD Toolbox           |
|  \\    /   O peration     | Version:  5.x                                   |
|   \\  /    A nd           | Web:      www.OpenFOAM.org                      |
|    \\/     M anipulation  |                                                 |
\*---------------------------------------------------------------------------*/
/*   Windows 32 and 64 bit porting by blueCAPE: http://www.bluecape.com.pt   *\
|  Based on Windows porting (2.0.x v4) by Symscape: http://www.symscape.com   |
\*---------------------------------------------------------------------------*/
FoamFile
{
    version     2.0;
    format      ascii;
    class       volScalarField;
    location    "0.01";
    object      p;
}
// * * * * * * * * * * * * * * * * * * * * * * * * * * * * * * * * * * * * * //

dimensions      [1 -1 -2 0 0 0 0];

internalField   nonuniform List<scalar> 
1000
(
100000
100000
100000
100000
100000
100000
100000
100000
100000
100000
100000
100000
100000
100000
100000
100000
100000
100000
100000
100000
99999.9
99999.9
99999.8
99999.6
99999.4
99998.9
99998.2
99997.1
99995.3
99992.4
99988
99981.3
99971.4
99956.7
99935.6
99905.7
99864.1
99807.4
99731.8
99632.9
99506.3
99347.8
99153.4
98920.2
98646.2
98330.8
97974.6
97579.8
97149.5
96687.6
96198
95684.6
95151.1
94600.7
94036.3
93460.4
92875.1
92282.2
91683.1
91079.1
90471.4
89860.7
89247.8
88633.3
88017.8
87401.7
86785.4
86169.3
85553.6
84938.7
84324.6
83711.7
83100.1
82490.1
81881.6
81275
80670.2
80067.5
79467
78868.7
78272.7
77679.2
77088.2
76499.8
75914.1
75331.1
74751
74173.7
73599.3
73027.9
72459.5
71894.2
71332
70772.9
70217.1
69664.4
69114.9
68568.7
68025.8
67486.1
66949.8
66416.8
65887.1
65360.8
64837.9
64318.2
63802
63289.1
62779.6
62273.5
61770.7
61271.3
60775.3
60282.6
59793.3
59307.4
58824.8
58345.5
57869.6
57397.1
56927.8
56461.9
55999.3
55540
55084
54631.3
54181.8
53735.7
53292.8
52853.1
52416.7
51983.5
51553.6
51126.8
50703.4
50283.1
49866
49452
49041.3
48633.7
48229.3
47828
47429.9
47035
46643.2
46254.5
45869
45486.6
45107.3
44731.2
44358.2
43988.4
43621.7
43258.2
42897.8
42540.6
42186.6
41835.8
41488.2
41143.8
40802.7
40464.8
40130.3
39799.1
39471.2
39146.8
38825.9
38508.4
38194.5
37884.3
37577.7
37275
36976.1
36681.2
36390.4
36103.7
35821.4
35543.6
35270.4
35001.9
34738.5
34480.3
34227.5
33980.3
33739.1
33504
33275.5
33053.8
32839.2
32632.1
32432.9
32241.9
32059.5
31886.1
31721.9
31567.4
31422.8
31288.4
31164.2
31050.6
30947.3
30854.5
30771.8
30699
30635.6
30581.2
30535
30496.5
30464.8
30439.1
30418.7
30402.7
30390.4
30381.1
30374.1
30368.9
30365.2
30362.3
30360.2
30358.6
30357.1
30355.9
30354.8
30353.7
30352.6
30351.6
30350.6
30349.6
30348.7
30347.9
30347.1
30346.4
30345.8
30345.3
30344.8
30344.4
30344
30343.7
30343.5
30343.2
30343
30342.9
30342.7
30342.5
30342.4
30342.2
30342
30341.9
30341.7
30341.5
30341.3
30341.1
30340.9
30340.7
30340.5
30340.3
30340.1
30339.9
30339.7
30339.5
30339.3
30339.2
30339.1
30339.1
30339.1
30339.1
30339.2
30339.3
30339.6
30340.2
30341.2
30342.7
30344.9
30348
30352.2
30357.8
30365.1
30374.2
30385.2
30398.2
30413
30429.4
30447
30465.3
30483.7
30501.7
30518.7
30534.2
30547.5
30558.2
30565.5
30568.9
30568.8
30568.1
30566
30561.2
30551.6
30539.3
30530.6
30519.2
100000
100000
100000
100000
100000
100000
100000
100000
100000
100000
100000
100000
100000
100000
100000
100000
100000
100000
100000
100000
99999.9
99999.9
99999.8
99999.6
99999.4
99998.9
99998.2
99997.1
99995.3
99992.4
99988
99981.3
99971.4
99956.7
99935.6
99905.7
99864.1
99807.4
99731.8
99632.9
99506.3
99347.8
99153.4
98920.2
98646.2
98330.8
97974.6
97579.8
97149.5
96687.6
96198
95684.6
95151.1
94600.7
94036.3
93460.4
92875.1
92282.2
91683.1
91079.1
90471.4
89860.7
89247.8
88633.3
88017.8
87401.7
86785.4
86169.3
85553.6
84938.7
84324.6
83711.7
83100.1
82490.1
81881.6
81275
80670.2
80067.5
79467
78868.7
78272.7
77679.2
77088.2
76499.8
75914.1
75331.1
74751
74173.7
73599.3
73027.9
72459.5
71894.2
71332
70772.9
70217.1
69664.4
69114.9
68568.7
68025.8
67486.1
66949.8
66416.8
65887.1
65360.8
64837.9
64318.2
63802
63289.1
62779.6
62273.5
61770.7
61271.3
60775.3
60282.6
59793.3
59307.4
58824.8
58345.5
57869.6
57397.1
56927.8
56461.9
55999.3
55540
55084
54631.3
54181.8
53735.7
53292.8
52853.1
52416.7
51983.5
51553.6
51126.8
50703.4
50283.1
49866
49452
49041.3
48633.7
48229.3
47828
47429.9
47035
46643.2
46254.5
45869
45486.6
45107.3
44731.2
44358.2
43988.4
43621.7
43258.2
42897.8
42540.6
42186.6
41835.8
41488.2
41143.8
40802.7
40464.8
40130.3
39799.1
39471.2
39146.8
38825.9
38508.4
38194.5
37884.3
37577.7
37275
36976.1
36681.2
36390.4
36103.7
35821.4
35543.6
35270.4
35001.9
34738.5
34480.3
34227.5
33980.3
33739.1
33504
33275.5
33053.8
32839.2
32632.1
32432.9
32241.9
32059.5
31886.1
31721.9
31567.4
31422.8
31288.4
31164.2
31050.6
30947.3
30854.5
30771.8
30699
30635.6
30581.2
30535
30496.5
30464.8
30439.1
30418.7
30402.7
30390.4
30381.1
30374.1
30368.9
30365.2
30362.3
30360.2
30358.6
30357.1
30355.9
30354.8
30353.7
30352.6
30351.6
30350.6
30349.6
30348.7
30347.9
30347.1
30346.4
30345.8
30345.3
30344.8
30344.4
30344
30343.7
30343.5
30343.2
30343
30342.9
30342.7
30342.5
30342.4
30342.2
30342
30341.9
30341.7
30341.5
30341.3
30341.1
30340.9
30340.7
30340.5
30340.3
30340.1
30339.9
30339.7
30339.5
30339.3
30339.1
30339
30338.9
30338.8
30338.7
30338.6
30338.6
30338.6
30338.6
30338.6
30338.6
30338.8
30339
30339.5
30340.2
30341.4
30343
30345.2
30347.9
30351.3
30355.2
30359.4
30363.5
30367
30369.2
30369.1
30368.5
30366.8
30362.8
30354
30336.1
30305.6
30261.9
30204.2
30132.6
30048.5
29954.9
29852.3
29781.3
29625.5
29587.1
29528.7
29476.5
29433.7
29399.2
29370.8
29346.8
29325.7
29306.7
29289.1
29272.5
29256.7
29241.3
29226.3
29211.4
29196.8
29182.2
29167.8
29153.4
29139.1
29124.8
29110.6
29096.6
29082.6
29068.7
29055
29041.4
29027.9
29014.6
29001.4
28988.4
28975.6
28962.9
28950.4
28938.1
28925.9
28913.9
28902.2
28890.6
28879.1
28867.9
28856.8
28846
28835.3
28824.8
28814.5
28804.4
28794.4
28784.6
28775
28765.6
28756.3
28747.2
28738.3
28729.5
28720.9
28712.4
28704.1
28695.9
28687.9
28680
28672.2
28664.6
28657.1
28649.7
28642.4
28635.3
28628.3
28621.4
28614.6
28608
28601.4
28595
28588.6
28582.4
28576.3
28570.3
28564.3
28558.6
28552.7
28547.1
28541.5
28536
28530.7
28525.3
28520.1
28514.9
28509.7
28504.7
28499.6
28494.6
28489.7
28484.8
28479.9
28475
28470.1
28465.3
28460.5
28455.6
34679.7
34674.2
34654.5
34620.7
34591.4
34567.8
34546.1
34524.5
34502.6
34480.5
34458.5
34436.6
34415
34393.5
34372.2
34351.1
34330.2
34309.5
34289.1
34268.8
34248.7
34229.2
34209.6
34190.3
34171.4
34152.6
34134.1
34115.8
34097.8
34080
34062.4
34045.1
34028.1
34011.2
33994.7
33978.3
33962.3
33946.4
33930.8
33915.5
33900.4
33885.6
33871
33856.7
33842.7
33829
33815.5
33802.3
33789.4
33776.8
33764.5
33752.5
33740.7
33729.2
33718
33707.1
33696.4
33686
33675.9
33666.1
33656.5
33647.2
33638.2
33629.4
33621
33612.8
33604.8
33597.2
33589.8
33582.7
33575.8
33569.2
33562.9
33556.8
33550.9
33545.2
33539.7
33534.5
33529.3
33524.4
33519.5
33514.7
33510
33505.4
33500.7
33495.9
33491.1
33486.1
33481
33475.7
33470.1
33464.3
33458.1
33451.6
33444.6
33437.2
33429.4
33421.1
33412.2
33402.8
33392.8
33382.2
33370.9
33359
33346.4
33333
33318.9
33304.1
33288.4
33272
33254.7
33236.7
33217.8
33198.3
33178
33157.1
33135.6
33113.6
33091
33067.9
33044.4
33020.4
32996
32971.2
32945.9
32920.2
32894
32867.4
32840.4
32812.9
32785
32756.7
32728.3
32700.5
32674.7
32654
32646.2
32649.1
32659.5
32684.1
32736.3
32837.3
32991.2
33184.3
33389.7
33579.2
33727.6
33824.3
33873.1
33888.9
28440.1
28436.2
28437.8
28443.5
28456.1
28477.8
28500.8
28522.3
28541.8
28559.7
28576.4
28592.4
28608
28623.3
28638.1
28652.6
28666.7
28680.4
28693.8
28706.9
28719.7
28732.2
28744.4
28756.4
28768.2
28779.8
28791.2
28802.6
28814
28825.5
28837
28848.5
28860.2
28871.9
28883.6
28895.4
28907
28918.6
28930.1
28941.4
28952.6
28963.6
28974.5
28985.1
28995.5
29005.7
29015.7
29025.4
29034.9
29044.2
29053.2
29062
29070.5
29078.7
29086.7
29094.5
29101.9
29109.2
29116.1
29122.8
29129.2
29135.4
29141.3
29147.1
29152.4
29157.6
29162.6
29167.2
29171.6
29175.8
29179.7
29183.3
29186.8
29190.1
29193
29195.8
29198.4
29200.7
29202.9
29204.8
29206.6
29208.2
29209.7
29211
29212.1
29213.2
29214.1
29214.8
29215.5
29216
29216.4
29216.6
29216.7
29217
29217
29216.1
29216
29215.6
29215
29214.2
29213.3
29212.2
29211.1
29209.7
29208.3
29206.7
29204.9
29203
29201
29198.7
29196.3
29193.8
29191
29188.1
29184.9
29181.6
29178.1
29174.4
29170.5
29166.4
29162.1
29157.7
29152.9
29148
29143
29137.7
29132.3
29126.7
29120.8
29114.7
29108.1
29101.1
29093.4
29085.3
29077.7
29072.6
29072.6
29074.1
29079
29090.3
29113.5
29150.3
29195.5
29242.9
29285.5
29317.7
29336.7
29342.8
29341.6
29337
)
;

boundaryField
{
    inlet
    {
        type            zeroGradient;
    }
    outlet
    {
        type            zeroGradient;
    }
    bottom
    {
        type            symmetryPlane;
    }
    top
    {
        type            symmetryPlane;
    }
    obstacle
    {
        type            zeroGradient;
    }
    defaultFaces
    {
        type            empty;
    }
}


// ************************************************************************* //
