/*--------------------------------*- C++ -*----------------------------------*\
| =========                 |                                                 |
| \\      /  F ield         | OpenFOAM: The Open Source CFD Toolbox           |
|  \\    /   O peration     | Version:  5.x                                   |
|   \\  /    A nd           | Web:      www.OpenFOAM.org                      |
|    \\/     M anipulation  |                                                 |
\*---------------------------------------------------------------------------*/
/*   Windows 32 and 64 bit porting by blueCAPE: http://www.bluecape.com.pt   *\
|  Based on Windows porting (2.0.x v4) by Symscape: http://www.symscape.com   |
\*---------------------------------------------------------------------------*/
FoamFile
{
    version     2.0;
    format      ascii;
    class       surfaceScalarField;
    location    "0.01";
    object      phi;
}
// * * * * * * * * * * * * * * * * * * * * * * * * * * * * * * * * * * * * * //

dimensions      [1 0 -1 0 0 0 0];

internalField   nonuniform List<scalar> 
1447
(
1.93829e-010
9.83033e-014
4.22453e-010
9.82131e-014
8.9268e-010
9.63465e-014
1.8642e-009
9.59996e-014
3.85792e-009
9.74637e-014
7.91544e-009
9.60274e-014
1.61009e-008
9.46604e-014
3.24671e-008
9.05873e-014
6.48942e-008
9.0053e-014
1.28551e-007
8.86374e-014
2.52344e-007
8.49251e-014
4.90783e-007
8.301e-014
9.45585e-007
8.35512e-014
1.80449e-006
7.80903e-014
3.4102e-006
7.78752e-014
6.38114e-006
7.48498e-014
1.18203e-005
7.5065e-014
2.16716e-005
7.1769e-014
3.93183e-005
7.0402e-014
7.05745e-005
6.66273e-014
0.000125301
6.69742e-014
0.000219993
5.94039e-014
0.000381862
6.12149e-014
0.000655138
5.55181e-014
0.00111062
5.52475e-014
0.00185986
4.90857e-014
0.00307566
4.86625e-014
0.00502109
4.36456e-014
0.0080892
4.12864e-014
0.0128559
3.60059e-014
0.0201473
3.48124e-014
0.0311222
2.93168e-014
0.0473675
2.68327e-014
0.0709996
2.45984e-014
0.104762
2.25098e-014
0.152101
1.91444e-014
0.217199
1.6466e-014
0.30494
1.39125e-014
0.42078
1.15602e-014
0.570516
8.74995e-015
0.759945
6.18949e-015
0.994448
4.80171e-015
1.27853
3.0323e-015
1.61539
2.34535e-015
2.00658
7.63278e-017
2.45183
-2.64372e-015
2.94899
-5.38458e-015
3.4942
-6.39766e-015
4.08237
-5.09315e-015
4.7079
-8.16708e-015
5.36521
-7.96585e-015
6.049
-1.16643e-014
6.75446
-1.19071e-014
7.47731
-1.17545e-014
8.21385
-1.08802e-014
8.96092
-1.41553e-014
9.71584
-1.10467e-014
10.4764
-1.14631e-014
11.2406
-1.18516e-014
12.007
-1.18031e-014
12.7742
-1.29549e-014
13.5411
-1.15741e-014
14.3068
-1.32741e-014
15.0706
-1.31145e-014
15.8317
-1.43774e-014
16.5896
-1.60982e-014
17.3439
-1.5786e-014
18.0941
-1.61884e-014
18.8399
-1.52031e-014
19.5809
-1.55917e-014
20.3169
-1.74374e-014
21.0476
-1.73472e-014
21.7728
-1.80064e-014
22.4923
-1.7826e-014
23.206
-1.68268e-014
23.9137
-1.76525e-014
24.6152
-1.73195e-014
25.3104
-1.72085e-014
25.9992
-1.68338e-014
26.6815
-1.53211e-014
27.3572
-1.59456e-014
28.0261
-1.49186e-014
28.6883
-1.38362e-014
29.3436
-1.36072e-014
29.9919
-1.18308e-014
30.6333
-1.09426e-014
31.2676
-9.74221e-015
31.8948
-7.94503e-015
32.5148
-6.72379e-015
33.1277
-4.94743e-015
33.7334
-3.35149e-015
34.3318
-2.26902e-015
34.923
-1.33227e-015
35.5069
-7.63278e-017
36.0835
9.02056e-016
36.6528
2.01228e-015
37.2149
2.95597e-015
37.7696
3.17801e-015
38.3171
3.42087e-015
38.8573
3.10862e-015
39.3902
3.06699e-015
39.9159
3.05311e-015
40.4343
2.67841e-015
40.9455
2.62984e-015
41.4495
1.98799e-015
41.9464
1.2941e-015
42.4361
1.1241e-015
42.9186
1.00614e-015
43.3941
1.33227e-015
43.8626
1.34268e-015
44.324
1.33227e-015
44.7784
1.4988e-015
45.2258
1.61676e-015
45.6663
1.48839e-015
46.0999
1.54043e-015
46.5267
1.75207e-015
46.9467
1.91167e-015
47.3599
1.80411e-015
47.7664
1.8284e-015
48.1661
2.09902e-015
48.5593
2.47372e-015
48.9458
2.90393e-015
49.3257
3.55965e-015
49.6991
4.02803e-015
50.0662
4.6213e-015
50.4264
4.96478e-015
50.781
5.51642e-015
51.1279
6.25194e-015
51.4709
6.92502e-015
51.8036
7.38992e-015
52.1361
7.87564e-015
52.4546
8.2781e-015
52.7755
8.56606e-015
53.0833
8.74995e-015
53.3873
8.86097e-015
53.6909
9.6069e-015
53.9745
9.99201e-015
54.2715
1.04604e-014
54.5449
1.05749e-014
54.8207
1.1071e-014
55.0961
1.15567e-014
55.3509
1.24172e-014
55.6135
1.32012e-014
55.8686
1.36939e-014
56.1078
1.43149e-014
56.3535
1.50262e-014
56.5918
1.60358e-014
56.8152
1.67748e-014
57.0428
1.71217e-014
57.2662
1.74652e-014
57.4748
1.8166e-014
57.6832
1.87593e-014
57.8917
1.92901e-014
58.0877
1.99632e-014
58.2774
2.08479e-014
58.4687
2.15904e-014
58.6537
2.24543e-014
58.828
2.30718e-014
58.9999
2.3561e-014
59.1715
2.42723e-014
59.3348
2.48829e-014
59.4897
2.5438e-014
59.6431
2.58057e-014
59.7947
2.61249e-014
59.9386
2.63192e-014
60.0749
2.64268e-014
60.2092
2.67598e-014
60.3416
2.68292e-014
60.4674
2.65343e-014
60.5859
2.61423e-014
60.7011
2.60278e-014
60.8147
2.61492e-014
60.9234
2.64372e-014
61.0251
2.64511e-014
61.122
2.65933e-014
61.2168
2.67217e-014
61.3086
2.69194e-014
61.3946
2.73358e-014
61.4747
2.75231e-014
61.5511
2.76584e-014
61.6254
2.79672e-014
61.6961
2.8021e-014
61.7614
2.80626e-014
61.8214
2.7988e-014
61.878
2.80938e-014
61.9325
2.79343e-014
61.9836
2.77955e-014
62.0298
2.75578e-014
62.0712
2.75301e-014
62.1093
2.74867e-014
62.1453
2.74312e-014
62.1786
2.73063e-014
62.208
2.72924e-014
62.233
2.74624e-014
62.2547
2.75925e-014
62.2747
2.76654e-014
62.2929
2.76185e-014
62.3083
2.7596e-014
62.3205
2.75648e-014
62.33
2.75422e-014
62.3375
2.7674e-014
62.3441
2.77087e-014
62.3501
2.77053e-014
62.3545
2.77955e-014
62.3563
2.78354e-014
62.3566
2.79516e-014
62.3573
2.82187e-014
62.3582
2.84477e-014
62.3585
2.87045e-014
62.3581
2.87825e-014
62.3569
2.8819e-014
62.355
2.89491e-014
62.3536
2.90913e-014
62.3534
2.90826e-014
62.3533
2.89473e-014
62.3521
2.85501e-014
62.3503
2.80383e-014
62.3487
2.82569e-014
62.348
2.78232e-014
62.3475
2.03344e-014
62.3469
5.40592e-014
62.3462
-2.13867e-013
62.3451
6.91558e-013
62.3438
-1.28219e-012
62.3425
-1.54763e-012
62.3416
2.06682e-011
62.3408
-1.35931e-011
62.3401
-1.23481e-010
62.3391
8.95551e-011
62.3377
-8.40123e-011
62.3361
-3.2423e-011
62.3348
-6.98838e-011
62.3338
-3.68658e-011
62.3329
-3.15609e-011
62.3317
-4.46708e-011
62.3301
-1.55417e-011
62.3284
2.2012e-011
62.3268
5.34049e-011
62.3255
6.4146e-011
62.3244
5.85802e-011
62.323
4.59906e-011
62.3213
3.50209e-011
62.3193
2.79611e-011
62.3174
2.98945e-011
62.3158
4.00913e-011
62.3144
6.89026e-011
62.3128
1.23989e-010
62.3109
2.23279e-010
62.3086
3.95884e-010
62.3064
6.72433e-010
62.3044
1.11151e-009
62.3027
1.78245e-009
62.3009
2.79614e-009
62.2986
4.34261e-009
62.296
6.75934e-009
62.2933
1.07148e-008
62.2909
1.75311e-008
62.2888
2.97719e-008
62.2866
5.23326e-008
62.2838
9.41508e-008
62.2805
1.7124e-007
62.2771
3.10742e-007
62.2742
5.57843e-007
62.2715
1.00485e-006
62.2687
1.66629e-006
62.2653
2.53285e-006
62.2612
3.64879e-006
62.2571
5.12798e-006
62.2531
7.18743e-006
62.2494
1.04415e-005
62.2454
1.56547e-005
62.2409
2.37816e-005
62.2353
3.60985e-005
62.2292
5.42215e-005
62.2227
8.00484e-005
62.2164
0.000115841
62.2095
0.000164218
62.202
0.000228046
62.1936
0.000310322
62.1841
0.000413941
62.1739
0.000541609
62.164
0.000695603
62.1543
0.000877899
62.1448
0.00109004
62.1341
0.0013337
62.1231
0.00161069
62.1108
0.00192434
62.0978
0.00227021
62.0837
0.00264687
62.0705
0.00305368
62.0598
0.00349522
62.0499
0.00398333
62.0391
0.0045396
62.0255
0.00519211
62.0088
0.00596685
61.9862
0.00688572
61.9608
0.00796562
61.9274
0.00921919
61.8883
0.0106873
0.0122469
1.35623e-009
2.95609e-009
6.24669e-009
1.30469e-008
2.70005e-008
5.5401e-008
1.12696e-007
2.2726e-007
4.54249e-007
8.99849e-007
1.76639e-006
3.43547e-006
6.61908e-006
1.26314e-005
2.38714e-005
4.46679e-005
8.27423e-005
0.000151701
0.000275228
0.000494021
0.000877104
0.00153995
0.00267303
0.00458597
0.00777436
0.013019
0.0215296
0.0351476
0.0566244
0.0899912
0.141031
0.217856
0.331573
0.496997
0.733333
1.06471
1.5204
2.13458
2.94546
3.99361
5.31962
6.96114
8.9497
11.3077
14.0461
17.1628
20.6429
24.4594
28.5766
32.9553
37.5565
42.343
47.2812
52.3412
57.497
62.7264
68.0108
73.3345
78.6841
84.0487
89.4191
94.7876
100.148
105.494
110.822
116.128
121.407
126.659
131.879
137.066
142.218
147.333
152.409
157.446
162.442
167.396
172.306
177.173
181.994
186.77
191.5
196.183
200.818
205.405
209.943
214.433
218.873
223.263
227.604
231.894
236.134
240.323
244.461
248.548
252.584
256.57
260.504
264.387
268.22
272.001
275.731
279.411
283.04
286.619
290.147
293.625
297.052
300.43
303.759
307.038
310.268
313.448
316.581
319.664
322.7
325.687
328.627
331.519
334.365
337.163
339.915
342.62
345.28
347.894
350.463
352.985
355.467
357.895
360.296
362.625
364.953
367.182
369.429
371.583
373.711
375.836
377.821
379.9
381.815
383.745
385.673
387.457
389.295
391.08
392.755
394.475
396.143
397.707
399.299
400.863
402.324
403.783
405.242
406.614
407.942
409.281
410.576
411.796
412.999
414.2
415.344
416.428
417.502
418.563
419.57
420.524
421.465
422.391
423.272
424.101
424.908
425.703
426.464
427.176
427.854
428.517
429.16
429.762
430.323
430.858
431.378
431.873
432.33
432.749
433.146
433.527
433.885
434.209
434.498
434.765
435.017
435.25
435.456
435.631
435.783
435.923
436.05
436.158
436.244
436.31
436.362
436.409
436.451
436.482
436.494
436.496
436.501
436.507
436.51
436.507
436.498
436.485
436.475
436.474
436.473
436.464
436.452
436.441
436.436
436.432
436.428
436.423
436.416
436.406
436.398
436.391
436.386
436.381
436.373
436.364
436.353
436.344
436.337
436.33
436.322
436.311
436.299
436.287
436.278
436.271
436.261
436.249
436.235
436.221
436.211
436.201
436.19
436.176
436.16
436.145
436.131
436.119
436.106
436.09
436.072
436.053
436.036
436.022
436.006
435.987
435.964
435.94
435.92
435.901
435.882
435.858
435.83
435.802
435.775
435.75
435.726
435.696
435.663
435.626
435.588
435.553
435.515
435.477
435.43
435.38
435.326
435.271
435.224
435.172
435.127
435.074
435.009
434.953
434.884
434.828
434.784
434.766
434.768
434.774
434.773
434.76
434.688
434.581
434.45
434.332
434.317
434.302
434.287
434.271
434.256
434.241
434.227
434.213
434.2
434.187
434.175
434.163
434.152
434.141
434.13
434.119
434.109
434.099
434.089
434.078
434.068
434.058
434.048
434.038
434.028
434.018
434.009
433.999
433.989
433.98
433.97
433.961
433.952
433.944
433.935
433.927
433.919
433.912
433.905
433.898
433.892
433.886
433.88
433.875
433.87
433.866
433.863
433.859
433.856
433.854
433.851
433.849
433.848
433.846
433.845
433.843
433.841
433.839
433.837
433.834
433.831
433.826
433.821
433.814
433.807
433.797
433.787
433.774
433.759
433.742
433.722
433.7
433.675
433.648
433.617
433.583
433.545
433.503
433.456
433.407
433.351
433.292
433.224
433.153
433.072
432.987
432.893
432.793
432.682
432.564
432.434
432.297
432.145
431.983
431.805
431.614
431.406
431.18
430.935
430.668
25.5691
-0.0792813
25.6095
-0.0810206
25.6489
-0.0805682
25.6872
-0.0800583
25.7238
-0.079489
25.7593
-0.0788868
25.7935
-0.0782493
25.8263
-0.0775844
25.8579
-0.076906
25.8887
-0.0762299
25.9189
-0.0755672
25.9491
-0.0749253
25.9797
-0.0743114
26.0113
-0.073733
26.044
-0.0731986
26.0779
-0.0727155
26.1134
-0.0722894
26.1505
-0.0719237
26.1897
-0.0716193
26.23
-0.0713754
26.2723
-0.0711892
26.316
-0.0710587
26.3611
-0.0709838
26.4081
-0.0709637
26.4571
-0.0709999
26.5074
-0.0710904
26.5581
-0.0712331
26.609
-0.0714254
26.6606
-0.0716685
26.7139
-0.071964
26.7692
-0.0723146
26.8262
-0.0727196
26.8835
-0.0731773
26.9405
-0.0736842
26.9972
-0.0742405
27.0547
-0.0748471
27.1148
-0.075509
27.1786
-0.0762293
27.2464
-0.0770102
27.317
-0.0778485
27.3886
-0.078739
27.4595
-0.0796744
27.5286
-0.0806495
27.5964
-0.0816609
27.6645
-0.0827109
27.7353
-0.0838038
27.8119
-0.0849473
27.8969
-0.0861482
27.9922
-0.0874134
28.0989
-0.0887459
28.2172
-0.0901472
28.3462
-0.0916145
28.4847
-0.0931443
28.6312
-0.0947307
28.784
-0.0963683
28.9415
-0.0980515
29.1026
-0.0997758
29.2662
-0.101538
29.4316
-0.103336
29.5982
-0.105169
29.7658
-0.107036
29.934
-0.108939
30.1027
-0.110877
30.2719
-0.112854
30.4413
-0.114867
30.6111
-0.116921
30.781
-0.119014
30.9511
-0.121145
31.1213
-0.123313
31.2917
-0.125518
31.4621
-0.127757
31.6327
-0.130027
31.8033
-0.132326
31.9739
-0.134649
32.1445
-0.136989
32.3151
-0.139342
32.4857
-0.141697
32.6562
-0.144047
32.8265
-0.146381
32.9967
-0.14869
33.1667
-0.150963
33.3362
-0.153187
33.5052
-0.155351
33.6735
-0.157439
33.8408
-0.159436
34.007
-0.161325
34.1719
-0.16309
34.3353
-0.164713
34.4971
-0.16618
34.6573
-0.167475
34.8158
-0.168589
34.9726
-0.169512
35.1276
-0.170236
35.2807
-0.170761
35.432
-0.171079
35.5814
-0.171184
35.7289
-0.171092
35.8745
-0.170803
36.0178
-0.170326
36.1588
-0.169669
36.2974
-0.168843
36.4333
-0.167859
36.5665
-0.166731
36.6967
-0.165473
36.8239
-0.1641
36.948
-0.162627
37.069
-0.16107
37.1867
-0.159446
37.3012
-0.157769
37.4125
-0.156055
37.5206
-0.154318
37.6253
-0.152571
37.7269
-0.150825
37.8252
-0.149093
37.9203
-0.147381
38.0122
-0.145699
38.1009
-0.144054
38.1866
-0.14245
38.2691
-0.140894
38.3486
-0.139386
38.425
-0.137933
38.4986
-0.136533
38.5692
-0.13519
38.6371
-0.133902
38.7022
-0.132671
38.7645
-0.131494
38.8242
-0.130374
38.8811
-0.129305
38.9355
-0.12829
38.9873
-0.127324
39.0367
-0.126408
39.0838
-0.125537
39.1282
-0.124708
39.1693
-0.12392
39.2061
-0.12317
39.236
-0.12246
39.2533
-0.121782
39.2686
-0.12111
39.2767
-0.120467
39.2733
-0.119847
39.2525
-0.119234
39.2001
-0.118597
39.1349
-0.117815
39.0601
-0.117029
38.9856
-0.116041
38.9342
-0.115118
38.8965
-0.1141
38.8762
-0.113152
38.8629
-0.112192
-0.111326
428.515
425.012
419.929
413.368
405.611
396.978
387.778
378.307
368.817
359.488
350.434
341.725
333.428
325.627
318.409
311.844
305.964
300.761
296.194
292.207
288.742
285.747
283.176
280.987
279.142
277.605
276.337
275.304
274.471
273.807
273.283
272.875
272.56
272.32
272.139
272.004
271.905
271.831
271.776
271.734
271.7
271.67
271.641
271.613
271.582
271.549
271.512
271.472
271.428
271.381
271.33
271.275
271.217
271.156
271.091
271.025
270.955
270.883
270.809
270.732
270.651
270.567
270.481
270.392
270.3
270.21
270.12
270.025
269.921
269.81
269.696
269.584
269.479
269.382
269.292
269.206
269.119
269.031
268.945
268.868
268.81
268.779
268.78
268.813
268.871
268.942
269.007
269.048
269.05
269.002
268.902
268.752
268.571
268.367
268.082
267.74
267.392
267.048
266.719
266.407
266.115
265.84
265.581
265.334
265.096
264.865
264.639
264.417
264.197
263.979
263.761
263.545
263.33
263.117
262.904
262.693
262.483
262.275
262.067
261.859
261.655
261.456
261.26
261.065
260.871
260.677
260.484
260.291
260.097
259.903
259.71
259.517
259.324
259.13
258.928
258.709
258.472
258.23
257.977
257.7
257.383
257.031
256.669
256.34
256.032
255.753
255.505
255.283
255.067
)
;

boundaryField
{
    inlet
    {
        type            calculated;
        value           nonuniform List<scalar> 2(-5.9444e-010 -8.5152e-011);
    }
    outlet
    {
        type            calculated;
        value           nonuniform List<scalar> 2(254.857 38.8529);
    }
    bottom
    {
        type            symmetryPlane;
        value           uniform 0;
    }
    top
    {
        type            symmetryPlane;
        value           uniform 0;
    }
    obstacle
    {
        type            calculated;
        value           nonuniform List<scalar> 
102
(
61.8486
-25.5305
-0.00109341
-0.00109108
-0.00108817
-0.00108546
-0.00108303
-0.00108083
-0.00107881
-0.0010769
-0.00107508
-0.00107331
-0.00107159
-0.00106989
-0.00106821
-0.00106654
-0.00106488
-0.00106322
-0.00106158
-0.00105992
-0.00105828
-0.00105663
-0.00105499
-0.00105334
-0.0010517
-0.00105005
-0.00104842
-0.00104677
-0.00104514
-0.0010435
-0.00104188
-0.00104025
-0.00103863
-0.001037
-0.00103539
-0.00103378
-0.00103217
-0.00103056
-0.00102897
-0.00102737
-0.00102579
-0.0010242
-0.00102263
-0.00102105
-0.00101949
-0.00101793
-0.00101638
-0.00101483
-0.0010133
-0.00101176
-0.00101024
-0.00100872
-0.00100721
-0.0010057
-0.00100421
-0.00100272
-0.00100124
-0.000999763
-0.000998301
-0.000996839
-0.000995393
-0.000993946
-0.000992515
-0.000991084
-0.000989667
-0.000988251
-0.00098685
-0.00098545
-0.000984062
-0.000982678
-0.000981305
-0.000979936
-0.000978577
-0.000977225
-0.000975882
-0.000974545
-0.000973221
-0.000971904
-0.000970595
-0.000969297
-0.000968001
-0.000966727
-0.000965441
-0.000964198
-0.000962929
-0.000961694
-0.00096045
-0.000959223
-0.000958005
-0.000956781
-0.000955589
-0.000954366
-0.000953198
-0.000951971
-0.00095082
-0.000949583
-0.000948441
-0.000947187
-0.00094604
-0.000944763
-0.000943595
-0.00094228
)
;
    }
    defaultFaces
    {
        type            empty;
        value           nonuniform 0();
    }
}


// ************************************************************************* //
