/*--------------------------------*- C++ -*----------------------------------*\
| =========                 |                                                 |
| \\      /  F ield         | OpenFOAM: The Open Source CFD Toolbox           |
|  \\    /   O peration     | Version:  5.x                                   |
|   \\  /    A nd           | Web:      www.OpenFOAM.org                      |
|    \\/     M anipulation  |                                                 |
\*---------------------------------------------------------------------------*/
/*   Windows 32 and 64 bit porting by blueCAPE: http://www.bluecape.com.pt   *\
|  Based on Windows porting (2.0.x v4) by Symscape: http://www.symscape.com   |
\*---------------------------------------------------------------------------*/
FoamFile
{
    version     2.0;
    format      ascii;
    class       volVectorField;
    location    "0.01";
    object      U;
}
// * * * * * * * * * * * * * * * * * * * * * * * * * * * * * * * * * * * * * //

dimensions      [0 1 -1 0 0 0 0];

internalField   nonuniform List<vector> 
1000
(
(1.93784e-010 2.06337e-012 0)
(5.93067e-010 2.06629e-012 0)
(1.24692e-009 2.0218e-012 0)
(2.62159e-009 2.01888e-012 0)
(5.44787e-009 2.05097e-012 0)
(1.12249e-008 2.02909e-012 0)
(2.29298e-008 2.0094e-012 0)
(4.64354e-008 1.93282e-012 0)
(9.32168e-008 1.93646e-012 0)
(1.85469e-007 1.91604e-012 0)
(3.65701e-007 1.83435e-012 0)
(7.14478e-007 1.80591e-012 0)
(1.38292e-006 1.82779e-012 0)
(2.65144e-006 1.71182e-012 0)
(5.03464e-006 1.71255e-012 0)
(9.46638e-006 1.65128e-012 0)
(1.76218e-005 1.66368e-012 0)
(3.24701e-005 1.59512e-012 0)
(5.92105e-005 1.57032e-012 0)
(0.000106833 1.49666e-012 0)
(0.000190682 1.50614e-012 0)
(0.000336596 1.3413e-012 0)
(0.000587491 1.38215e-012 0)
(0.00101362 1.25305e-012 0)
(0.00172826 1.24575e-012 0)
(0.00291127 1.11082e-012 0)
(0.00484354 1.10863e-012 0)
(0.00795631 1.00142e-012 0)
(0.0128997 9.4963e-013 0)
(0.0206353 8.35851e-013 0)
(0.0325569 8.13956e-013 0)
(0.0506409 6.89979e-013 0)
(0.0776261 6.35253e-013 0)
(0.117213 5.90742e-013 0)
(0.17427 5.4768e-013 0)
(0.255012 4.68938e-013 0)
(0.36712 4.11262e-013 0)
(0.519758 3.52845e-013 0)
(0.723424 2.95934e-013 0)
(0.98962 2.31008e-013 0)
(1.3303 1.71069e-013 0)
(1.75716 1.40218e-013 0)
(2.28075 9.30002e-014 0)
(2.90965 7.756e-014 0)
(3.64967 1.449e-014 0)
(4.50329 -3.26152e-014 0)
(5.46944 -8.44396e-014 0)
(6.54355 -9.92743e-014 0)
(7.71818 -7.67674e-014 0)
(8.98418 -1.34107e-013 0)
(10.3318 -1.30948e-013 0)
(11.7513 -1.96177e-013 0)
(13.2337 -2.08276e-013 0)
(14.7708 -1.99025e-013 0)
(16.3553 -1.8334e-013 0)
(17.981 -2.46209e-013 0)
(19.6425 -1.88871e-013 0)
(21.3352 -2.00747e-013 0)
(23.0552 -2.09256e-013 0)
(24.7994 -2.09825e-013 0)
(26.565 -2.35809e-013 0)
(28.3498 -2.08411e-013 0)
(30.1518 -2.45188e-013 0)
(31.9694 -2.46583e-013 0)
(33.8012 -2.74374e-013 0)
(35.646 -3.13283e-013 0)
(37.5029 -3.06414e-013 0)
(39.3709 -3.16702e-013 0)
(41.2493 -3.00875e-013 0)
(43.1373 -3.12578e-013 0)
(45.0344 -3.51151e-013 0)
(46.9399 -3.56311e-013 0)
(48.8535 -3.72551e-013 0)
(50.7745 -3.68845e-013 0)
(52.7027 -3.46416e-013 0)
(54.6375 -3.62926e-013 0)
(56.5787 -3.59241e-013 0)
(58.5259 -3.57976e-013 0)
(60.4787 -3.50243e-013 0)
(62.4369 -3.19732e-013 0)
(64.4001 -3.32252e-013 0)
(66.368 -3.13169e-013 0)
(68.3404 -2.93859e-013 0)
(70.3171 -2.92546e-013 0)
(72.2977 -2.55285e-013 0)
(74.2821 -2.3478e-013 0)
(76.27 -2.08761e-013 0)
(78.2612 -1.68498e-013 0)
(80.2556 -1.38093e-013 0)
(82.2528 -9.97615e-014 0)
(84.2528 -6.36147e-014 0)
(86.2553 -4.08637e-014 0)
(88.2602 -2.02995e-014 0)
(90.2674 8.98252e-015 0)
(92.2766 3.8129e-014 0)
(94.2878 7.05988e-014 0)
(96.3008 9.88082e-014 0)
(98.3154 1.05595e-013 0)
(100.332 1.12026e-013 0)
(102.349 1.04639e-013 0)
(104.368 1.03387e-013 0)
(106.389 1.02141e-013 0)
(108.41 9.36131e-014 0)
(110.432 9.03307e-014 0)
(112.456 7.33209e-014 0)
(114.48 5.25219e-014 0)
(116.505 4.8956e-014 0)
(118.531 4.46835e-014 0)
(120.557 5.35669e-014 0)
(122.584 5.48344e-014 0)
(124.611 5.27525e-014 0)
(126.639 5.68188e-014 0)
(128.667 5.8567e-014 0)
(130.696 5.68004e-014 0)
(132.725 5.87648e-014 0)
(134.754 6.54407e-014 0)
(136.783 7.00216e-014 0)
(138.812 6.87223e-014 0)
(140.841 6.9753e-014 0)
(142.87 7.83213e-014 0)
(144.899 9.13787e-014 0)
(146.928 1.07418e-013 0)
(148.956 1.28846e-013 0)
(150.985 1.45013e-013 0)
(153.013 1.64291e-013 0)
(155.041 1.77083e-013 0)
(157.068 1.97372e-013 0)
(159.095 2.21924e-013 0)
(161.121 2.4492e-013 0)
(163.146 2.61729e-013 0)
(165.172 2.78932e-013 0)
(167.196 2.94383e-013 0)
(169.22 3.05172e-013 0)
(171.242 3.12741e-013 0)
(173.264 3.19094e-013 0)
(175.285 3.39759e-013 0)
(177.305 3.57525e-013 0)
(179.324 3.76136e-013 0)
(181.341 3.8759e-013 0)
(183.358 4.07203e-013 0)
(185.373 4.25674e-013 0)
(187.386 4.52158e-013 0)
(189.399 4.78666e-013 0)
(191.409 4.99749e-013 0)
(193.418 5.22213e-013 0)
(195.425 5.46683e-013 0)
(197.43 5.78899e-013 0)
(199.433 6.04648e-013 0)
(201.435 6.25806e-013 0)
(203.433 6.43126e-013 0)
(205.429 6.64839e-013 0)
(207.423 6.87207e-013 0)
(209.414 7.08271e-013 0)
(211.402 7.35174e-013 0)
(213.387 7.64978e-013 0)
(215.368 7.94963e-013 0)
(217.346 8.26206e-013 0)
(219.32 8.54541e-013 0)
(221.29 8.79077e-013 0)
(223.255 9.08809e-013 0)
(225.216 9.38606e-013 0)
(227.172 9.65608e-013 0)
(229.123 9.87846e-013 0)
(231.068 1.00831e-012 0)
(233.006 1.02492e-012 0)
(234.938 1.03872e-012 0)
(236.863 1.0551e-012 0)
(238.781 1.06639e-012 0)
(240.689 1.06829e-012 0)
(242.589 1.06729e-012 0)
(244.48 1.07034e-012 0)
(246.36 1.08035e-012 0)
(248.228 1.09519e-012 0)
(250.084 1.10411e-012 0)
(251.928 1.11423e-012 0)
(253.756 1.12667e-012 0)
(255.569 1.14043e-012 0)
(257.366 1.15801e-012 0)
(259.144 1.17141e-012 0)
(260.901 1.18237e-012 0)
(262.638 1.199e-012 0)
(264.35 1.21015e-012 0)
(266.038 1.21973e-012 0)
(267.697 1.22552e-012 0)
(269.326 1.23503e-012 0)
(270.923 1.23879e-012 0)
(272.484 1.24062e-012 0)
(274.007 1.23853e-012 0)
(275.489 1.24259e-012 0)
(276.926 1.24663e-012 0)
(278.315 1.25163e-012 0)
(279.653 1.25233e-012 0)
(280.937 1.25487e-012 0)
(282.162 1.26404e-012 0)
(283.327 1.27589e-012 0)
(284.426 1.28495e-012 0)
(285.459 1.28761e-012 0)
(286.421 1.2902e-012 0)
(287.312 1.2918e-012 0)
(288.13 1.2943e-012 0)
(288.873 1.29867e-012 0)
(289.543 1.30189e-012 0)
(290.14 1.3044e-012 0)
(290.666 1.30939e-012 0)
(291.123 1.31481e-012 0)
(291.516 1.32176e-012 0)
(291.849 1.33123e-012 0)
(292.126 1.33993e-012 0)
(292.354 1.34965e-012 0)
(292.538 1.35456e-012 0)
(292.684 1.3552e-012 0)
(292.799 1.35658e-012 0)
(292.886 1.35898e-012 0)
(292.952 1.35731e-012 0)
(293.001 1.35117e-012 0)
(293.038 1.33609e-012 0)
(293.064 1.31725e-012 0)
(293.084 1.31337e-012 0)
(293.099 1.29557e-012 0)
(293.111 1.08006e-012 0)
(293.121 2.05169e-012 0)
(293.13 -6.56739e-012 0)
(293.138 2.04805e-011 0)
(293.146 -3.77609e-011 0)
(293.153 -8.19692e-011 0)
(293.161 6.90436e-010 0)
(293.168 -2.85711e-010 0)
(293.175 -4.42707e-009 0)
(293.181 2.23915e-009 0)
(293.187 -2.33858e-009 0)
(293.192 -1.53426e-009 0)
(293.197 -2.79336e-009 0)
(293.201 -2.08887e-009 0)
(293.205 -2.06874e-009 0)
(293.208 -2.04674e-009 0)
(293.211 -5.74634e-010 0)
(293.213 1.28077e-009 0)
(293.215 2.46318e-009 0)
(293.217 2.76969e-009 0)
(293.219 2.45785e-009 0)
(293.22 1.90335e-009 0)
(293.221 1.42964e-009 0)
(293.222 1.12223e-009 0)
(293.223 1.16426e-009 0)
(293.224 1.52845e-009 0)
(293.225 2.61752e-009 0)
(293.225 4.71903e-009 0)
(293.226 8.56097e-009 0)
(293.227 1.52867e-008 0)
(293.228 2.61515e-008 0)
(293.23 4.35281e-008 0)
(293.231 7.02087e-008 0)
(293.232 1.10629e-007 0)
(293.233 1.72181e-007 0)
(293.235 2.6771e-007 0)
(293.236 4.22485e-007 0)
(293.237 6.86361e-007 0)
(293.238 1.15648e-006 0)
(293.239 2.01949e-006 0)
(293.24 3.61832e-006 0)
(293.241 6.57045e-006 0)
(293.242 1.19329e-005 0)
(293.242 2.14642e-005 0)
(293.242 3.87197e-005 0)
(293.242 6.50216e-005 0)
(293.241 0.000100384 0)
(293.24 0.000146362 0)
(293.239 0.000207179 0)
(293.236 0.000291031 0)
(293.23 0.000420321 0)
(293.222 0.000626343 0)
(293.21 0.000948921 0)
(293.192 0.00144085 0)
(293.168 0.00216968 0)
(293.134 0.00321614 0)
(293.09 0.00467643 0)
(293.034 0.00666273 0)
(292.963 0.00930052 0)
(292.878 0.0127223 0)
(292.778 0.0170605 0)
(292.665 0.0224396 0)
(292.54 0.0289701 0)
(292.406 0.0367452 0)
(292.267 0.0458438 0)
(292.127 0.0563396 0)
(291.99 0.0683162 0)
(291.86 0.0818993 0)
(291.742 0.0969977 0)
(291.64 0.113534 0)
(291.557 0.131485 0)
(291.498 0.150959 0)
(291.466 0.17237 0)
(291.449 0.196489 0)
(291.439 0.224447 0)
(291.443 0.257388 0)
(291.475 0.296413 0)
(291.536 0.342383 0)
(291.6 0.396038 0)
(291.658 0.458735 0)
(291.679 0.527242 0)
(1.93286e-010 2.06129e-012 0)
(5.93041e-010 2.04983e-012 0)
(1.24629e-009 2.0442e-012 0)
(2.62114e-009 2.03649e-012 0)
(5.44645e-009 2.03493e-012 0)
(1.12235e-008 2.00742e-012 0)
(2.2927e-008 1.99513e-012 0)
(4.64326e-008 1.94595e-012 0)
(9.32138e-008 1.92219e-012 0)
(1.85466e-007 1.86613e-012 0)
(3.65697e-007 1.86009e-012 0)
(7.14476e-007 1.79455e-012 0)
(1.38292e-006 1.78028e-012 0)
(2.65143e-006 1.71411e-012 0)
(5.03464e-006 1.70369e-012 0)
(9.46638e-006 1.64753e-012 0)
(1.76218e-005 1.6318e-012 0)
(3.24701e-005 1.58095e-012 0)
(5.92105e-005 1.55417e-012 0)
(0.000106833 1.46404e-012 0)
(0.000190682 1.46384e-012 0)
(0.000336596 1.34641e-012 0)
(0.000587491 1.34933e-012 0)
(0.00101362 1.25899e-012 0)
(0.00172826 1.24117e-012 0)
(0.00291127 1.13177e-012 0)
(0.00484354 1.08988e-012 0)
(0.00795631 9.9006e-013 0)
(0.0128997 9.55359e-013 0)
(0.0206353 8.54605e-013 0)
(0.0325569 8.0375e-013 0)
(0.0506409 6.99352e-013 0)
(0.0776261 6.53171e-013 0)
(0.117213 5.75756e-013 0)
(0.17427 5.12899e-013 0)
(0.255012 4.56402e-013 0)
(0.36712 3.74735e-013 0)
(0.519758 3.23349e-013 0)
(0.723424 2.792e-013 0)
(0.98962 2.14326e-013 0)
(1.3303 1.69084e-013 0)
(1.75716 1.12157e-013 0)
(2.28075 9.18207e-014 0)
(2.90965 5.63731e-014 0)
(3.64967 3.35629e-014 0)
(4.50329 -1.883e-014 0)
(5.46944 -4.9352e-014 0)
(6.54355 -8.88544e-014 0)
(7.71818 -7.89525e-014 0)
(8.98418 -1.32253e-013 0)
(10.3318 -1.11646e-013 0)
(11.7513 -1.92005e-013 0)
(13.2337 -1.74495e-013 0)
(14.7708 -2.11248e-013 0)
(16.3553 -1.91965e-013 0)
(17.981 -2.40048e-013 0)
(19.6425 -1.94401e-013 0)
(21.3352 -2.01372e-013 0)
(23.0552 -2.11141e-013 0)
(24.7994 -2.16266e-013 0)
(26.565 -2.39325e-013 0)
(28.3498 -2.2045e-013 0)
(30.1518 -2.43929e-013 0)
(31.9694 -2.37998e-013 0)
(33.8012 -2.67501e-013 0)
(35.646 -3.10996e-013 0)
(37.5029 -3.18648e-013 0)
(39.3709 -3.31696e-013 0)
(41.2493 -3.15668e-013 0)
(43.1373 -3.26207e-013 0)
(45.0344 -3.58984e-013 0)
(46.9399 -3.58015e-013 0)
(48.8535 -3.72668e-013 0)
(50.7745 -3.69906e-013 0)
(52.7027 -3.52205e-013 0)
(54.6375 -3.69972e-013 0)
(56.5787 -3.64109e-013 0)
(58.5259 -3.60386e-013 0)
(60.4787 -3.5138e-013 0)
(62.4369 -3.23677e-013 0)
(64.4001 -3.34423e-013 0)
(66.368 -3.12156e-013 0)
(68.3404 -2.81287e-013 0)
(70.3171 -2.71101e-013 0)
(72.2977 -2.33902e-013 0)
(74.2821 -2.19614e-013 0)
(76.27 -1.98622e-013 0)
(78.2612 -1.61655e-013 0)
(80.2556 -1.36642e-013 0)
(82.2528 -9.63595e-014 0)
(84.2528 -5.8143e-014 0)
(86.2553 -3.63638e-014 0)
(88.2602 -1.34445e-014 0)
(90.2674 1.75204e-014 0)
(92.2766 4.80179e-014 0)
(94.2878 7.91671e-014 0)
(96.3008 1.00972e-013 0)
(98.3154 1.05437e-013 0)
(100.332 1.1071e-013 0)
(102.349 1.02794e-013 0)
(104.368 1.02749e-013 0)
(106.389 1.02099e-013 0)
(108.41 9.49623e-014 0)
(110.432 9.15252e-014 0)
(112.456 7.18475e-014 0)
(114.48 4.95136e-014 0)
(116.505 4.41047e-014 0)
(118.531 4.10245e-014 0)
(120.557 4.90467e-014 0)
(122.584 5.10951e-014 0)
(124.611 5.08877e-014 0)
(126.639 5.57307e-014 0)
(128.667 6.00107e-014 0)
(130.696 5.80339e-014 0)
(132.725 5.93022e-014 0)
(134.754 6.47611e-014 0)
(136.783 6.95426e-014 0)
(138.812 6.89208e-014 0)
(140.841 7.2342e-014 0)
(142.87 8.15969e-014 0)
(144.899 9.491e-014 0)
(146.928 1.10454e-013 0)
(148.956 1.29798e-013 0)
(150.985 1.44523e-013 0)
(153.013 1.61924e-013 0)
(155.041 1.75673e-013 0)
(157.068 1.94828e-013 0)
(159.095 2.18704e-013 0)
(161.121 2.41169e-013 0)
(163.146 2.58668e-013 0)
(165.172 2.75599e-013 0)
(167.196 2.90535e-013 0)
(169.22 3.02414e-013 0)
(171.242 3.09992e-013 0)
(173.264 3.17868e-013 0)
(175.285 3.39063e-013 0)
(177.305 3.56169e-013 0)
(179.324 3.75087e-013 0)
(181.341 3.88107e-013 0)
(183.358 4.0729e-013 0)
(185.373 4.26233e-013 0)
(187.386 4.53833e-013 0)
(189.399 4.81164e-013 0)
(191.409 5.03185e-013 0)
(193.418 5.25343e-013 0)
(195.425 5.4924e-013 0)
(197.43 5.80144e-013 0)
(199.433 6.07071e-013 0)
(201.435 6.26112e-013 0)
(203.433 6.42655e-013 0)
(205.429 6.64733e-013 0)
(207.423 6.86014e-013 0)
(209.414 7.08208e-013 0)
(211.402 7.34608e-013 0)
(213.387 7.64183e-013 0)
(215.368 7.9236e-013 0)
(217.346 8.23421e-013 0)
(219.32 8.51821e-013 0)
(221.29 8.77121e-013 0)
(223.255 9.066e-013 0)
(225.216 9.35436e-013 0)
(227.172 9.6317e-013 0)
(229.123 9.8507e-013 0)
(231.068 1.00496e-012 0)
(233.006 1.02096e-012 0)
(234.938 1.03464e-012 0)
(236.863 1.05167e-012 0)
(238.781 1.06361e-012 0)
(240.689 1.06624e-012 0)
(242.589 1.0645e-012 0)
(244.48 1.06844e-012 0)
(246.36 1.07836e-012 0)
(248.228 1.09282e-012 0)
(250.084 1.10208e-012 0)
(251.928 1.11264e-012 0)
(253.756 1.12353e-012 0)
(255.569 1.13563e-012 0)
(257.366 1.15299e-012 0)
(259.144 1.16731e-012 0)
(260.901 1.17899e-012 0)
(262.638 1.19378e-012 0)
(264.35 1.20341e-012 0)
(266.038 1.21223e-012 0)
(267.697 1.21841e-012 0)
(269.326 1.22777e-012 0)
(270.923 1.23017e-012 0)
(272.484 1.23036e-012 0)
(274.007 1.22778e-012 0)
(275.489 1.23045e-012 0)
(276.926 1.23461e-012 0)
(278.315 1.2388e-012 0)
(279.653 1.24035e-012 0)
(280.937 1.244e-012 0)
(282.162 1.2541e-012 0)
(283.327 1.26485e-012 0)
(284.426 1.2733e-012 0)
(285.459 1.27689e-012 0)
(286.421 1.27841e-012 0)
(287.312 1.27932e-012 0)
(288.13 1.28075e-012 0)
(288.873 1.28546e-012 0)
(289.543 1.28894e-012 0)
(290.14 1.29133e-012 0)
(290.666 1.29614e-012 0)
(291.123 1.30131e-012 0)
(291.516 1.30836e-012 0)
(291.849 1.31823e-012 0)
(292.126 1.32724e-012 0)
(292.354 1.33622e-012 0)
(292.538 1.34046e-012 0)
(292.684 1.34142e-012 0)
(292.799 1.34329e-012 0)
(292.886 1.34587e-012 0)
(292.952 1.34475e-012 0)
(293.001 1.33888e-012 0)
(293.038 1.32487e-012 0)
(293.064 1.3064e-012 0)
(293.084 1.30296e-012 0)
(293.099 1.28634e-012 0)
(293.111 1.07282e-012 0)
(293.121 2.04495e-012 0)
(293.13 -6.57381e-012 0)
(293.138 2.04742e-011 0)
(293.146 -3.77664e-011 0)
(293.153 -8.19742e-011 0)
(293.161 6.90432e-010 0)
(293.168 -2.85716e-010 0)
(293.175 -4.42707e-009 0)
(293.181 2.23915e-009 0)
(293.187 -2.33858e-009 0)
(293.192 -1.53427e-009 0)
(293.197 -2.79336e-009 0)
(293.201 -2.08888e-009 0)
(293.205 -2.06874e-009 0)
(293.208 -2.04674e-009 0)
(293.211 -5.74635e-010 0)
(293.213 1.28077e-009 0)
(293.215 2.46318e-009 0)
(293.217 2.76969e-009 0)
(293.219 2.45785e-009 0)
(293.22 1.90334e-009 0)
(293.221 1.42964e-009 0)
(293.222 1.12223e-009 0)
(293.223 1.16426e-009 0)
(293.224 1.52845e-009 0)
(293.225 2.61752e-009 0)
(293.225 4.71903e-009 0)
(293.226 8.56097e-009 0)
(293.227 1.52867e-008 0)
(293.228 2.61515e-008 0)
(293.23 4.35281e-008 0)
(293.231 7.02087e-008 0)
(293.232 1.10629e-007 0)
(293.233 1.72181e-007 0)
(293.235 2.6771e-007 0)
(293.236 4.22485e-007 0)
(293.237 6.86361e-007 0)
(293.238 1.15648e-006 0)
(293.24 2.01949e-006 0)
(293.241 3.61832e-006 0)
(293.242 6.57045e-006 0)
(293.242 1.19329e-005 0)
(293.243 2.14642e-005 0)
(293.244 3.87197e-005 0)
(293.244 6.50217e-005 0)
(293.244 0.000100384 0)
(293.244 0.000146362 0)
(293.244 0.000207179 0)
(293.244 0.000291031 0)
(293.244 0.000420321 0)
(293.243 0.000626344 0)
(293.243 0.000948923 0)
(293.241 0.00144086 0)
(293.239 0.00216969 0)
(293.235 0.00321617 0)
(293.228 0.00467648 0)
(293.219 0.00666281 0)
(293.205 0.00930064 0)
(293.188 0.0127225 0)
(293.167 0.0170608 0)
(293.141 0.0224399 0)
(293.112 0.0289703 0)
(293.08 0.0367453 0)
(293.05 0.0458436 0)
(293.025 0.0563389 0)
(293.011 0.0683145 0)
(293.007 0.0818965 0)
(293.006 0.096993 0)
(293.018 0.113526 0)
(293.052 0.131473 0)
(293.131 0.150942 0)
(293.285 0.172346 0)
(293.529 0.196458 0)
(293.871 0.224404 0)
(294.316 0.25733 0)
(294.866 0.296332 0)
(295.51 0.34227 0)
(296.238 0.395882 0)
(296.885 0.458515 0)
(298.287 0.526925 0)
(298.51 0.526446 0)
(298.938 0.525859 0)
(299.469 0.525272 0)
(299.886 0.524685 0)
(300.215 0.524097 0)
(300.477 0.523509 0)
(300.691 0.52292 0)
(300.873 0.522331 0)
(301.033 0.521741 0)
(301.177 0.52115 0)
(301.311 0.520559 0)
(301.438 0.519967 0)
(301.56 0.519374 0)
(301.678 0.518779 0)
(301.794 0.518184 0)
(301.909 0.517588 0)
(302.022 0.516991 0)
(302.135 0.516393 0)
(302.247 0.515794 0)
(302.358 0.515193 0)
(302.47 0.514592 0)
(302.58 0.513989 0)
(302.69 0.513386 0)
(302.799 0.512781 0)
(302.908 0.512175 0)
(303.016 0.511568 0)
(303.122 0.51096 0)
(303.228 0.510352 0)
(303.333 0.509742 0)
(303.437 0.50913 0)
(303.539 0.508518 0)
(303.64 0.507905 0)
(303.74 0.507291 0)
(303.839 0.506677 0)
(303.936 0.506061 0)
(304.032 0.505444 0)
(304.127 0.504827 0)
(304.22 0.504209 0)
(304.312 0.50359 0)
(304.403 0.502971 0)
(304.492 0.502351 0)
(304.58 0.501731 0)
(304.666 0.50111 0)
(304.751 0.500489 0)
(304.834 0.499868 0)
(304.916 0.499247 0)
(304.997 0.498626 0)
(305.076 0.498006 0)
(305.154 0.497385 0)
(305.231 0.496766 0)
(305.306 0.496146 0)
(305.38 0.495528 0)
(305.452 0.49491 0)
(305.524 0.494294 0)
(305.594 0.493679 0)
(305.662 0.493065 0)
(305.73 0.492453 0)
(305.797 0.491843 0)
(305.862 0.491235 0)
(305.926 0.490629 0)
(305.989 0.490025 0)
(306.052 0.489424 0)
(306.113 0.488826 0)
(306.173 0.488231 0)
(306.232 0.487639 0)
(306.29 0.48705 0)
(306.347 0.486466 0)
(306.404 0.485885 0)
(306.459 0.485308 0)
(306.513 0.484736 0)
(306.567 0.484168 0)
(306.62 0.483606 0)
(306.672 0.483049 0)
(306.723 0.482498 0)
(306.773 0.481952 0)
(306.822 0.481414 0)
(306.871 0.480881 0)
(306.919 0.480357 0)
(306.966 0.479839 0)
(307.013 0.47933 0)
(307.059 0.478829 0)
(307.104 0.478337 0)
(307.148 0.477853 0)
(307.192 0.47738 0)
(307.235 0.476916 0)
(307.278 0.476463 0)
(307.32 0.47602 0)
(307.362 0.475588 0)
(307.403 0.475167 0)
(307.444 0.474758 0)
(307.484 0.474361 0)
(307.525 0.473976 0)
(307.565 0.473603 0)
(307.605 0.473243 0)
(307.644 0.472895 0)
(307.684 0.472559 0)
(307.723 0.472236 0)
(307.763 0.471926 0)
(307.802 0.471629 0)
(307.84 0.471344 0)
(198.151 -15.4271 0)
(198.353 -15.4251 0)
(198.834 -15.4251 0)
(199.413 -15.4294 0)
(199.895 -15.4387 0)
(200.306 -15.4533 0)
(200.699 -15.4731 0)
(201.099 -15.4975 0)
(201.508 -15.5259 0)
(201.923 -15.5578 0)
(202.343 -15.5929 0)
(202.764 -15.6311 0)
(203.189 -15.6722 0)
(203.616 -15.7162 0)
(204.046 -15.763 0)
(204.48 -15.8127 0)
(204.916 -15.8651 0)
(205.355 -15.9204 0)
(205.796 -15.9787 0)
(206.237 -16.0399 0)
(206.68 -16.1042 0)
(207.127 -16.1717 0)
(207.575 -16.2425 0)
(208.023 -16.3168 0)
(208.471 -16.3949 0)
(208.921 -16.477 0)
(209.371 -16.5632 0)
(209.822 -16.6539 0)
(210.274 -16.7494 0)
(210.726 -16.85 0)
(211.179 -16.9563 0)
(211.633 -17.0684 0)
(212.088 -17.1867 0)
(212.545 -17.3114 0)
(213.003 -17.4426 0)
(213.463 -17.5809 0)
(213.924 -17.7263 0)
(214.388 -17.8792 0)
(214.855 -18.0395 0)
(215.324 -18.2068 0)
(215.797 -18.3809 0)
(216.274 -18.5611 0)
(216.754 -18.7471 0)
(217.238 -18.9383 0)
(217.727 -19.1348 0)
(218.221 -19.3364 0)
(218.72 -19.5432 0)
(219.224 -19.7551 0)
(219.734 -19.9719 0)
(220.251 -20.1934 0)
(220.773 -20.419 0)
(221.303 -20.6483 0)
(221.841 -20.8805 0)
(222.386 -21.1149 0)
(222.939 -21.3508 0)
(223.501 -21.5877 0)
(224.071 -21.8252 0)
(224.65 -22.063 0)
(225.239 -22.3008 0)
(225.837 -22.5386 0)
(226.445 -22.7764 0)
(227.063 -23.0143 0)
(227.691 -23.2523 0)
(228.33 -23.4905 0)
(228.979 -23.729 0)
(229.64 -23.9677 0)
(230.311 -24.2066 0)
(230.994 -24.4454 0)
(231.689 -24.6839 0)
(232.395 -24.9217 0)
(233.114 -25.1583 0)
(233.845 -25.3931 0)
(234.589 -25.6254 0)
(235.345 -25.8543 0)
(236.115 -26.079 0)
(236.897 -26.2983 0)
(237.692 -26.5112 0)
(238.5 -26.7164 0)
(239.321 -26.9126 0)
(240.155 -27.0984 0)
(241.001 -27.2724 0)
(241.859 -27.4331 0)
(242.729 -27.579 0)
(243.61 -27.7086 0)
(244.501 -27.8206 0)
(245.402 -27.9135 0)
(246.311 -27.9862 0)
(247.228 -28.0374 0)
(248.152 -28.0661 0)
(249.083 -28.0717 0)
(250.018 -28.0536 0)
(250.956 -28.0113 0)
(251.898 -27.9449 0)
(252.841 -27.8544 0)
(253.784 -27.7403 0)
(254.726 -27.6034 0)
(255.666 -27.4445 0)
(256.602 -27.2649 0)
(257.533 -27.0659 0)
(258.459 -26.8491 0)
(259.376 -26.6163 0)
(260.285 -26.3692 0)
(261.185 -26.1098 0)
(262.073 -25.8402 0)
(262.951 -25.5622 0)
(263.816 -25.2779 0)
(264.669 -24.9892 0)
(265.508 -24.6979 0)
(266.334 -24.4057 0)
(267.147 -24.1143 0)
(267.945 -23.8251 0)
(268.729 -23.5394 0)
(269.498 -23.2583 0)
(270.252 -22.9828 0)
(270.99 -22.7138 0)
(271.713 -22.452 0)
(272.421 -22.1978 0)
(273.112 -21.9518 0)
(273.787 -21.7142 0)
(274.447 -21.4852 0)
(275.09 -21.2649 0)
(275.718 -21.0534 0)
(276.331 -20.8506 0)
(276.928 -20.6564 0)
(277.512 -20.4706 0)
(278.081 -20.2932 0)
(278.637 -20.1238 0)
(279.179 -19.9624 0)
(279.708 -19.8086 0)
(280.225 -19.6622 0)
(280.729 -19.523 0)
(281.22 -19.3906 0)
(281.696 -19.2649 0)
(282.149 -19.1454 0)
(282.565 -19.0319 0)
(282.91 -18.9239 0)
(283.144 -18.8209 0)
(283.284 -18.722 0)
(283.33 -18.6268 0)
(283.201 -18.5347 0)
(282.76 -18.4446 0)
(281.881 -18.3545 0)
(280.55 -18.2616 0)
(278.9 -18.1631 0)
(277.145 -18.057 0)
(275.53 -17.9431 0)
(274.263 -17.8218 0)
(273.427 -17.6954 0)
(272.972 -17.5659 0)
(272.742 -17.4352 0)
(307.964 0.851837 0)
(307.969 1.23817 0)
(307.932 1.63283 0)
(307.842 2.03827 0)
(307.674 2.45718 0)
(307.452 2.89136 0)
(307.225 3.34202 0)
(307.012 3.80965 0)
(306.814 4.29401 0)
(306.627 4.79421 0)
(306.448 5.30882 0)
(306.273 5.83595 0)
(306.101 6.37322 0)
(305.931 6.91778 0)
(305.763 7.46632 0)
(305.598 8.01517 0)
(305.434 8.56056 0)
(305.271 9.09889 0)
(305.109 9.62694 0)
(304.948 10.142 0)
(304.788 10.6418 0)
(304.628 11.1246 0)
(304.468 11.5889 0)
(304.309 12.0338 0)
(304.152 12.4585 0)
(303.995 12.8623 0)
(303.841 13.2452 0)
(303.689 13.607 0)
(303.539 13.9479 0)
(303.393 14.2681 0)
(303.251 14.568 0)
(303.113 14.848 0)
(302.978 15.1083 0)
(302.847 15.3494 0)
(302.718 15.5715 0)
(302.593 15.7748 0)
(302.469 15.9595 0)
(302.348 16.1255 0)
(302.227 16.273 0)
(302.108 16.4016 0)
(301.99 16.5112 0)
(301.871 16.6015 0)
(301.753 16.672 0)
(301.635 16.7223 0)
(301.517 16.7519 0)
(301.398 16.76 0)
(301.279 16.746 0)
(301.159 16.709 0)
(301.038 16.6482 0)
(300.916 16.5627 0)
(300.793 16.4514 0)
(300.668 16.3134 0)
(300.542 16.1475 0)
(300.413 15.9527 0)
(300.283 15.7276 0)
(300.151 15.4711 0)
(300.016 15.1819 0)
(299.879 14.8588 0)
(299.74 14.5005 0)
(299.598 14.1056 0)
(299.454 13.6728 0)
(299.307 13.2008 0)
(299.158 12.6881 0)
(299.006 12.1335 0)
(298.851 11.5357 0)
(298.694 10.8932 0)
(298.535 10.2049 0)
(298.374 9.46965 0)
(298.21 8.68639 0)
(298.043 7.85412 0)
(297.873 6.97202 0)
(297.701 6.03949 0)
(297.526 5.05623 0)
(297.348 4.02234 0)
(297.168 2.93836 0)
(296.985 1.80534 0)
(296.8 0.624843 0)
(296.612 -0.600946 0)
(296.421 -1.8692 0)
(296.229 -3.17637 0)
(296.034 -4.51803 0)
(295.837 -5.88888 0)
(295.638 -7.28264 0)
(295.438 -8.69212 0)
(295.236 -10.1092 0)
(295.032 -11.5251 0)
(294.828 -12.9305 0)
(294.622 -14.3156 0)
(294.415 -15.6707 0)
(294.207 -16.9861 0)
(293.999 -18.2523 0)
(293.79 -19.4605 0)
(293.581 -20.6023 0)
(293.374 -21.67 0)
(293.168 -22.6569 0)
(292.956 -23.5578 0)
(292.745 -24.3684 0)
(292.536 -25.0858 0)
(292.329 -25.7083 0)
(292.122 -26.2354 0)
(291.915 -26.668 0)
(291.71 -27.0084 0)
(291.506 -27.2597 0)
(291.302 -27.4265 0)
(291.1 -27.5138 0)
(290.899 -27.5278 0)
(290.699 -27.475 0)
(290.501 -27.3623 0)
(290.304 -27.1968 0)
(290.108 -26.9856 0)
(289.913 -26.7359 0)
(289.719 -26.4544 0)
(289.527 -26.1475 0)
(289.335 -25.8213 0)
(289.144 -25.4813 0)
(288.954 -25.1324 0)
(288.765 -24.7789 0)
(288.576 -24.4248 0)
(288.388 -24.0733 0)
(288.2 -23.7271 0)
(288.012 -23.3886 0)
(287.826 -23.0594 0)
(287.64 -22.741 0)
(287.454 -22.4344 0)
(287.269 -22.1404 0)
(287.083 -21.8593 0)
(286.897 -21.5914 0)
(286.712 -21.3368 0)
(286.527 -21.0953 0)
(286.344 -20.8667 0)
(286.163 -20.6507 0)
(285.985 -20.4469 0)
(285.812 -20.2548 0)
(285.639 -20.0739 0)
(285.457 -19.9035 0)
(285.246 -19.7432 0)
(285.004 -19.5919 0)
(284.735 -19.4486 0)
(284.424 -19.3124 0)
(284.036 -19.1826 0)
(283.526 -19.0577 0)
(282.892 -18.9352 0)
(282.183 -18.8119 0)
(281.458 -18.6844 0)
(280.785 -18.5504 0)
(280.213 -18.4092 0)
(279.767 -18.2617 0)
(279.431 -18.11 0)
(279.153 -17.9566 0)
(278.852 -17.8038 0)
)
;

boundaryField
{
    inlet
    {
        type            zeroGradient;
    }
    outlet
    {
        type            zeroGradient;
    }
    bottom
    {
        type            symmetryPlane;
    }
    top
    {
        type            symmetryPlane;
    }
    obstacle
    {
        type            zeroGradient;
    }
    defaultFaces
    {
        type            empty;
    }
}


// ************************************************************************* //
