/*--------------------------------*- C++ -*----------------------------------*\
| =========                 |                                                 |
| \\      /  F ield         | OpenFOAM: The Open Source CFD Toolbox           |
|  \\    /   O peration     | Version:  5.x                                   |
|   \\  /    A nd           | Web:      www.OpenFOAM.org                      |
|    \\/     M anipulation  |                                                 |
\*---------------------------------------------------------------------------*/
/*   Windows 32 and 64 bit porting by blueCAPE: http://www.bluecape.com.pt   *\
|  Based on Windows porting (2.0.x v4) by Symscape: http://www.symscape.com   |
\*---------------------------------------------------------------------------*/
FoamFile
{
    version     2.0;
    format      ascii;
    class       volScalarField;
    location    "0.006";
    object      mag(U);
}
// * * * * * * * * * * * * * * * * * * * * * * * * * * * * * * * * * * * * * //

dimensions      [0 1 -1 0 0 0 0];

internalField   nonuniform List<scalar> 
10000
(
7.88759e-006
5.25218e-005
0.000277191
0.00138524
0.0062845
0.0264825
0.101083
0.347209
1.04433
2.76268
6.43189
13.2046
23.9034
38.2984
55.3955
73.6183
92.1623
110.342
128.177
145.25
161.803
177.652
192.553
206.785
220.009
232.235
243.53
253.575
262.349
269.964
276.254
281.397
285.471
288.37
290.071
290.988
291.736
292.258
292.515
292.737
293.013
293.31
293.576
293.727
293.696
293.517
293.251
292.934
292.624
292.374
292.207
292.115
292.074
292.056
292.025
291.967
291.902
291.83
291.729
291.611
7.88759e-006
5.25218e-005
0.000277191
0.00138524
0.0062845
0.0264825
0.101083
0.347209
1.04433
2.76268
6.43189
13.2046
23.9034
38.2984
55.3955
73.6183
92.1623
110.342
128.177
145.25
161.803
177.652
192.553
206.785
220.009
232.235
243.53
253.575
262.349
269.964
276.254
281.397
285.471
288.37
290.071
290.988
291.736
292.258
292.515
292.737
293.013
293.31
293.576
293.727
293.696
293.517
293.251
292.934
292.625
292.375
292.207
292.114
292.073
292.055
292.027
291.969
291.903
291.832
291.726
291.605
7.88759e-006
5.25218e-005
0.000277191
0.00138524
0.0062845
0.0264825
0.101083
0.347209
1.04433
2.76268
6.43189
13.2046
23.9034
38.2984
55.3955
73.6183
92.1623
110.342
128.177
145.25
161.803
177.652
192.553
206.785
220.009
232.235
243.53
253.575
262.349
269.964
276.254
281.397
285.471
288.37
290.071
290.988
291.736
292.258
292.515
292.737
293.013
293.31
293.576
293.727
293.696
293.518
293.252
292.935
292.625
292.375
292.207
292.115
292.072
292.051
292.027
291.974
291.904
291.833
291.727
291.602
7.88759e-006
5.25218e-005
0.000277191
0.00138524
0.0062845
0.0264825
0.101083
0.347209
1.04433
2.76268
6.43189
13.2046
23.9034
38.2984
55.3955
73.6183
92.1623
110.342
128.177
145.25
161.803
177.652
192.553
206.785
220.009
232.235
243.53
253.575
262.349
269.964
276.254
281.397
285.471
288.37
290.071
290.988
291.736
292.259
292.516
292.737
293.013
293.311
293.576
293.727
293.696
293.517
293.252
292.935
292.626
292.376
292.207
292.116
292.074
292.05
292.026
291.977
291.905
291.831
291.729
291.603
7.88759e-006
5.25218e-005
0.000277191
0.00138524
0.0062845
0.0264825
0.101083
0.347209
1.04433
2.76268
6.43189
13.2046
23.9034
38.2984
55.3955
73.6183
92.1623
110.342
128.177
145.25
161.803
177.652
192.553
206.785
220.009
232.235
243.53
253.575
262.349
269.964
276.254
281.397
285.471
288.37
290.071
290.988
291.737
292.259
292.516
292.737
293.013
293.311
293.576
293.727
293.696
293.517
293.253
292.936
292.627
292.377
292.207
292.116
292.074
292.051
292.027
291.978
291.908
291.831
291.73
291.606
7.88759e-006
5.25218e-005
0.000277191
0.00138524
0.0062845
0.0264825
0.101083
0.347209
1.04433
2.76268
6.43189
13.2046
23.9034
38.2984
55.3955
73.6183
92.1623
110.342
128.177
145.25
161.803
177.652
192.553
206.785
220.009
232.235
243.53
253.575
262.349
269.964
276.254
281.397
285.471
288.37
290.071
290.989
291.737
292.26
292.516
292.737
293.013
293.311
293.576
293.727
293.696
293.517
293.252
292.937
292.629
292.378
292.208
292.116
292.076
292.054
292.028
291.979
291.909
291.832
291.732
291.605
7.88759e-006
5.25218e-005
0.000277191
0.00138524
0.0062845
0.0264825
0.101083
0.347209
1.04433
2.76268
6.43189
13.2046
23.9034
38.2984
55.3955
73.6183
92.1623
110.342
128.177
145.25
161.803
177.652
192.553
206.785
220.009
232.235
243.53
253.575
262.349
269.964
276.254
281.397
285.471
288.37
290.071
290.989
291.737
292.26
292.517
292.737
293.014
293.311
293.576
293.727
293.696
293.516
293.252
292.937
292.63
292.38
292.209
292.118
292.076
292.054
292.031
291.982
291.909
291.832
291.737
291.607
7.88759e-006
5.25218e-005
0.000277191
0.00138524
0.0062845
0.0264825
0.101083
0.347209
1.04433
2.76268
6.43189
13.2046
23.9034
38.2984
55.3955
73.6183
92.1623
110.342
128.177
145.25
161.803
177.652
192.553
206.785
220.009
232.235
243.53
253.575
262.349
269.964
276.254
281.397
285.471
288.37
290.071
290.989
291.737
292.261
292.517
292.737
293.014
293.311
293.576
293.727
293.696
293.516
293.251
292.938
292.631
292.383
292.213
292.12
292.076
292.055
292.034
291.986
291.913
291.832
291.735
291.603
7.88759e-006
5.25218e-005
0.000277191
0.00138524
0.0062845
0.0264825
0.101083
0.347209
1.04433
2.76268
6.43189
13.2046
23.9034
38.2984
55.3955
73.6183
92.1623
110.342
128.177
145.25
161.803
177.652
192.553
206.785
220.009
232.235
243.53
253.575
262.349
269.964
276.254
281.397
285.471
288.37
290.071
290.989
291.738
292.261
292.518
292.738
293.014
293.311
293.576
293.727
293.696
293.515
293.251
292.939
292.633
292.385
292.216
292.121
292.077
292.056
292.036
291.99
291.916
291.832
291.734
291.601
7.88759e-006
5.25218e-005
0.000277191
0.00138524
0.0062845
0.0264825
0.101083
0.347209
1.04433
2.76268
6.43189
13.2046
23.9034
38.2984
55.3955
73.6183
92.1623
110.342
128.177
145.25
161.803
177.652
192.553
206.785
220.009
232.235
243.53
253.575
262.349
269.964
276.254
281.397
285.471
288.37
290.071
290.989
291.738
292.261
292.518
292.738
293.014
293.311
293.577
293.727
293.696
293.515
293.25
292.939
292.635
292.388
292.219
292.122
292.079
292.059
292.037
291.991
291.918
291.835
291.738
291.601
7.88759e-006
5.25218e-005
0.000277191
0.00138524
0.0062845
0.0264825
0.101083
0.347209
1.04433
2.76268
6.43189
13.2046
23.9034
38.2984
55.3955
73.6183
92.1623
110.342
128.177
145.25
161.803
177.652
192.553
206.785
220.009
232.235
243.53
253.575
262.349
269.964
276.254
281.397
285.471
288.37
290.071
290.99
291.738
292.262
292.519
292.739
293.015
293.312
293.577
293.727
293.696
293.514
293.25
292.94
292.636
292.391
292.222
292.125
292.081
292.062
292.039
291.992
291.92
291.84
291.739
291.597
7.88759e-006
5.25218e-005
0.000277191
0.00138524
0.0062845
0.0264825
0.101083
0.347209
1.04433
2.76268
6.43189
13.2046
23.9034
38.2984
55.3955
73.6183
92.1623
110.342
128.177
145.25
161.803
177.652
192.553
206.785
220.009
232.235
243.53
253.575
262.349
269.964
276.254
281.397
285.471
288.37
290.071
290.99
291.739
292.262
292.519
292.739
293.015
293.312
293.577
293.728
293.696
293.514
293.249
292.941
292.638
292.392
292.224
292.128
292.083
292.064
292.044
291.995
291.92
291.843
291.74
291.592
7.88759e-006
5.25218e-005
0.000277191
0.00138524
0.0062845
0.0264825
0.101083
0.347209
1.04433
2.76268
6.43189
13.2046
23.9034
38.2984
55.3955
73.6183
92.1623
110.342
128.177
145.25
161.803
177.652
192.553
206.785
220.009
232.235
243.53
253.575
262.349
269.964
276.254
281.397
285.471
288.37
290.071
290.99
291.739
292.263
292.52
292.739
293.015
293.312
293.577
293.728
293.696
293.514
293.249
292.941
292.64
292.394
292.226
292.132
292.086
292.066
292.046
291.998
291.921
291.846
291.742
291.59
7.88758e-006
5.25218e-005
0.000277191
0.00138524
0.0062845
0.0264825
0.101083
0.347209
1.04433
2.76268
6.43189
13.2046
23.9034
38.2984
55.3955
73.6183
92.1623
110.342
128.177
145.25
161.803
177.652
192.553
206.785
220.009
232.235
243.53
253.575
262.349
269.964
276.254
281.397
285.471
288.37
290.071
290.99
291.739
292.263
292.52
292.74
293.015
293.312
293.577
293.728
293.697
293.514
293.249
292.942
292.642
292.396
292.229
292.135
292.089
292.068
292.047
292
291.925
291.849
291.743
291.589
7.88759e-006
5.25218e-005
0.000277191
0.00138524
0.0062845
0.0264825
0.101083
0.347209
1.04433
2.76268
6.43189
13.2046
23.9034
38.2984
55.3955
73.6183
92.1623
110.342
128.177
145.25
161.803
177.652
192.553
206.785
220.009
232.235
243.53
253.575
262.349
269.964
276.254
281.397
285.471
288.37
290.071
290.99
291.74
292.264
292.521
292.74
293.016
293.312
293.577
293.729
293.697
293.514
293.25
292.943
292.643
292.398
292.23
292.138
292.094
292.069
292.049
292.003
291.929
291.851
291.744
291.59
7.88758e-006
5.25218e-005
0.000277191
0.00138524
0.0062845
0.0264825
0.101083
0.347209
1.04433
2.76268
6.43189
13.2046
23.9034
38.2984
55.3955
73.6183
92.1623
110.342
128.177
145.25
161.803
177.652
192.553
206.785
220.009
232.235
243.53
253.575
262.349
269.964
276.254
281.397
285.471
288.37
290.072
290.99
291.74
292.264
292.521
292.741
293.016
293.312
293.577
293.729
293.698
293.515
293.251
292.944
292.644
292.4
292.232
292.141
292.098
292.071
292.05
292.007
291.935
291.853
291.743
291.588
7.88758e-006
5.25218e-005
0.000277191
0.00138524
0.0062845
0.0264825
0.101083
0.347209
1.04433
2.76268
6.43189
13.2046
23.9034
38.2984
55.3955
73.6183
92.1623
110.342
128.177
145.25
161.803
177.652
192.553
206.785
220.009
232.235
243.53
253.575
262.349
269.964
276.254
281.397
285.471
288.37
290.072
290.991
291.741
292.265
292.522
292.741
293.017
293.312
293.577
293.729
293.698
293.516
293.252
292.945
292.645
292.402
292.235
292.144
292.102
292.074
292.051
292.013
291.94
291.852
291.745
291.591
7.88758e-006
5.25218e-005
0.000277191
0.00138524
0.0062845
0.0264825
0.101083
0.347209
1.04433
2.76268
6.43189
13.2046
23.9034
38.2984
55.3955
73.6183
92.1623
110.342
128.177
145.25
161.803
177.652
192.553
206.785
220.009
232.235
243.53
253.575
262.349
269.964
276.254
281.397
285.471
288.37
290.072
290.991
291.741
292.265
292.522
292.742
293.017
293.313
293.577
293.729
293.699
293.517
293.253
292.946
292.646
292.404
292.237
292.146
292.106
292.079
292.053
292.016
291.943
291.853
291.748
291.594
7.88758e-006
5.25218e-005
0.000277191
0.00138524
0.0062845
0.0264825
0.101083
0.347209
1.04433
2.76268
6.43189
13.2046
23.9034
38.2984
55.3955
73.6183
92.1623
110.342
128.177
145.25
161.803
177.652
192.553
206.785
220.009
232.235
243.53
253.575
262.349
269.964
276.254
281.397
285.471
288.37
290.072
290.991
291.742
292.266
292.523
292.743
293.018
293.313
293.577
293.73
293.699
293.517
293.254
292.947
292.648
292.405
292.24
292.149
292.109
292.084
292.058
292.019
291.945
291.857
291.75
291.59
7.88758e-006
5.25218e-005
0.000277191
0.00138524
0.0062845
0.0264825
0.101083
0.347209
1.04433
2.76268
6.43189
13.2046
23.9034
38.2984
55.3955
73.6183
92.1623
110.342
128.177
145.25
161.803
177.652
192.553
206.785
220.009
232.235
243.53
253.575
262.349
269.964
276.254
281.397
285.471
288.37
290.072
290.991
291.742
292.266
292.523
292.743
293.018
293.313
293.577
293.73
293.7
293.518
293.255
292.948
292.649
292.407
292.242
292.151
292.112
292.09
292.063
292.02
291.947
291.86
291.753
291.59
7.88758e-006
5.25218e-005
0.000277191
0.00138524
0.0062845
0.0264825
0.101083
0.347209
1.04433
2.76268
6.43189
13.2046
23.9034
38.2984
55.3955
73.6183
92.1623
110.342
128.177
145.25
161.803
177.652
192.553
206.785
220.009
232.235
243.53
253.575
262.349
269.964
276.254
281.397
285.471
288.37
290.072
290.991
291.742
292.267
292.524
292.744
293.018
293.313
293.577
293.73
293.701
293.519
293.255
292.949
292.651
292.409
292.244
292.154
292.115
292.095
292.068
292.022
291.948
291.863
291.757
291.591
7.88758e-006
5.25218e-005
0.000277191
0.00138524
0.0062845
0.0264825
0.101083
0.347209
1.04433
2.76268
6.43189
13.2046
23.9034
38.2984
55.3955
73.6183
92.1623
110.342
128.177
145.25
161.803
177.652
192.553
206.785
220.009
232.235
243.53
253.575
262.349
269.964
276.254
281.397
285.471
288.37
290.072
290.991
291.743
292.267
292.524
292.744
293.019
293.313
293.577
293.73
293.701
293.519
293.256
292.95
292.652
292.411
292.247
292.158
292.118
292.098
292.074
292.026
291.95
291.865
291.76
291.593
7.88758e-006
5.25218e-005
0.000277191
0.00138524
0.0062845
0.0264825
0.101083
0.347209
1.04433
2.76268
6.43189
13.2046
23.9034
38.2984
55.3955
73.6183
92.1623
110.342
128.177
145.25
161.803
177.652
192.553
206.785
220.009
232.235
243.53
253.575
262.349
269.964
276.254
281.397
285.471
288.37
290.072
290.991
291.743
292.268
292.525
292.745
293.019
293.313
293.577
293.731
293.702
293.52
293.257
292.951
292.654
292.413
292.251
292.162
292.12
292.101
292.078
292.029
291.952
291.868
291.763
291.594
7.88758e-006
5.25218e-005
0.000277191
0.00138524
0.0062845
0.0264825
0.101083
0.347209
1.04433
2.76268
6.43189
13.2046
23.9034
38.2984
55.3955
73.6183
92.1623
110.342
128.177
145.25
161.803
177.652
192.553
206.785
220.009
232.235
243.53
253.575
262.349
269.964
276.254
281.397
285.471
288.37
290.072
290.991
291.743
292.268
292.525
292.745
293.02
293.314
293.577
293.731
293.702
293.52
293.258
292.952
292.655
292.415
292.254
292.165
292.124
292.103
292.081
292.033
291.955
291.873
291.766
291.592
7.88758e-006
5.25218e-005
0.000277191
0.00138524
0.0062845
0.0264825
0.101083
0.347209
1.04433
2.76268
6.43189
13.2046
23.9034
38.2984
55.3955
73.6183
92.1623
110.342
128.177
145.25
161.803
177.652
192.553
206.785
220.009
232.235
243.53
253.575
262.349
269.964
276.254
281.397
285.471
288.37
290.072
290.991
291.744
292.269
292.526
292.746
293.02
293.314
293.577
293.731
293.702
293.521
293.259
292.953
292.656
292.417
292.256
292.169
292.128
292.106
292.084
292.036
291.959
291.879
291.769
291.591
7.88758e-006
5.25218e-005
0.000277191
0.00138524
0.0062845
0.0264825
0.101083
0.347209
1.04433
2.76268
6.43189
13.2046
23.9034
38.2984
55.3955
73.6183
92.1623
110.342
128.177
145.25
161.803
177.652
192.553
206.785
220.009
232.235
243.53
253.575
262.349
269.964
276.254
281.397
285.471
288.37
290.072
290.991
291.744
292.269
292.526
292.746
293.02
293.314
293.577
293.732
293.703
293.521
293.259
292.954
292.658
292.42
292.259
292.172
292.132
292.11
292.087
292.039
291.964
291.885
291.771
291.59
7.88758e-006
5.25218e-005
0.000277191
0.00138524
0.0062845
0.0264825
0.101083
0.347209
1.04433
2.76268
6.43189
13.2046
23.9034
38.2984
55.3955
73.6183
92.1623
110.342
128.177
145.25
161.803
177.652
192.553
206.785
220.009
232.235
243.53
253.575
262.349
269.964
276.254
281.397
285.471
288.37
290.072
290.991
291.744
292.27
292.527
292.746
293.021
293.314
293.578
293.732
293.703
293.521
293.259
292.955
292.66
292.422
292.262
292.174
292.137
292.114
292.089
292.042
291.969
291.89
291.773
291.588
7.88758e-006
5.25218e-005
0.000277191
0.00138524
0.0062845
0.0264825
0.101083
0.347209
1.04433
2.76268
6.43189
13.2046
23.9034
38.2984
55.3955
73.6183
92.1623
110.342
128.177
145.25
161.803
177.652
192.553
206.785
220.009
232.235
243.53
253.575
262.349
269.964
276.254
281.397
285.471
288.37
290.072
290.991
291.745
292.271
292.527
292.747
293.021
293.314
293.578
293.732
293.704
293.522
293.26
292.956
292.661
292.424
292.265
292.177
292.141
292.119
292.092
292.046
291.973
291.895
291.775
291.588
7.88758e-006
5.25218e-005
0.000277191
0.00138524
0.0062845
0.0264825
0.101083
0.347209
1.04433
2.76268
6.43189
13.2046
23.9034
38.2984
55.3955
73.6183
92.1623
110.342
128.177
145.25
161.803
177.652
192.553
206.785
220.009
232.235
243.53
253.575
262.349
269.964
276.254
281.397
285.471
288.37
290.072
290.991
291.745
292.271
292.528
292.747
293.021
293.315
293.578
293.733
293.705
293.522
293.26
292.957
292.663
292.427
292.267
292.18
292.144
292.123
292.096
292.05
291.978
291.898
291.779
291.592
7.88758e-006
5.25218e-005
0.000277191
0.00138524
0.0062845
0.0264825
0.101083
0.347209
1.04433
2.76268
6.43189
13.2046
23.9034
38.2984
55.3955
73.6183
92.1623
110.342
128.177
145.25
161.803
177.652
192.553
206.785
220.009
232.235
243.53
253.575
262.349
269.964
276.254
281.397
285.471
288.37
290.072
290.991
291.745
292.272
292.529
292.748
293.021
293.315
293.578
293.733
293.705
293.523
293.26
292.958
292.664
292.429
292.27
292.183
292.147
292.126
292.101
292.056
291.983
291.901
291.784
291.595
7.88758e-006
5.25218e-005
0.000277191
0.00138524
0.0062845
0.0264825
0.101083
0.347209
1.04433
2.76268
6.43189
13.2046
23.9034
38.2984
55.3955
73.6183
92.1623
110.342
128.177
145.25
161.803
177.652
192.553
206.785
220.009
232.235
243.53
253.575
262.349
269.964
276.254
281.397
285.471
288.37
290.072
290.991
291.745
292.272
292.529
292.748
293.022
293.315
293.578
293.734
293.706
293.523
293.26
292.959
292.666
292.431
292.272
292.186
292.149
292.129
292.107
292.063
291.988
291.905
291.788
291.599
7.88758e-006
5.25218e-005
0.000277191
0.00138524
0.0062845
0.0264825
0.101083
0.347209
1.04433
2.76268
6.43189
13.2046
23.9034
38.2984
55.3955
73.6183
92.1623
110.342
128.177
145.25
161.803
177.652
192.553
206.785
220.009
232.235
243.53
253.575
262.349
269.964
276.254
281.397
285.471
288.37
290.072
290.992
291.746
292.273
292.53
292.748
293.022
293.315
293.579
293.734
293.706
293.523
293.26
292.959
292.668
292.433
292.275
292.189
292.151
292.132
292.112
292.069
291.992
291.91
291.793
291.602
7.88758e-006
5.25218e-005
0.000277191
0.00138524
0.0062845
0.0264825
0.101083
0.347209
1.04433
2.76268
6.43189
13.2046
23.9034
38.2984
55.3955
73.6183
92.1623
110.342
128.177
145.25
161.803
177.652
192.553
206.785
220.009
232.235
243.53
253.575
262.349
269.964
276.254
281.397
285.471
288.37
290.072
290.992
291.746
292.274
292.531
292.749
293.022
293.315
293.579
293.734
293.707
293.523
293.26
292.96
292.669
292.435
292.278
292.192
292.154
292.135
292.117
292.075
291.997
291.915
291.798
291.607
7.88758e-006
5.25218e-005
0.000277191
0.00138524
0.0062845
0.0264825
0.101083
0.347209
1.04433
2.76268
6.43189
13.2046
23.9034
38.2984
55.3955
73.6183
92.1623
110.342
128.177
145.25
161.803
177.652
192.553
206.785
220.009
232.235
243.53
253.575
262.349
269.964
276.254
281.397
285.471
288.37
290.072
290.992
291.746
292.274
292.531
292.749
293.022
293.316
293.579
293.735
293.707
293.523
293.26
292.96
292.671
292.437
292.281
292.196
292.158
292.138
292.122
292.079
292.001
291.92
291.804
291.612
7.88758e-006
5.25218e-005
0.000277191
0.00138524
0.0062845
0.0264825
0.101083
0.347209
1.04433
2.76268
6.43189
13.2046
23.9034
38.2984
55.3955
73.6183
92.1623
110.342
128.177
145.25
161.803
177.652
192.553
206.785
220.009
232.235
243.53
253.575
262.349
269.964
276.254
281.397
285.471
288.37
290.072
290.992
291.746
292.275
292.532
292.75
293.023
293.316
293.58
293.735
293.708
293.524
293.26
292.961
292.672
292.439
292.283
292.2
292.162
292.142
292.125
292.083
292.007
291.927
291.81
291.618
7.88758e-006
5.25218e-005
0.000277191
0.00138524
0.0062845
0.0264825
0.101083
0.347209
1.04433
2.76268
6.43189
13.2046
23.9034
38.2984
55.3955
73.6183
92.1623
110.342
128.177
145.25
161.803
177.652
192.553
206.785
220.009
232.235
243.53
253.575
262.349
269.964
276.254
281.397
285.471
288.37
290.072
290.992
291.746
292.275
292.533
292.75
293.023
293.316
293.58
293.735
293.708
293.524
293.26
292.961
292.673
292.441
292.286
292.204
292.166
292.145
292.128
292.086
292.014
291.934
291.816
291.624
7.88758e-006
5.25218e-005
0.000277191
0.00138524
0.0062845
0.0264825
0.101083
0.347209
1.04433
2.76268
6.43189
13.2046
23.9034
38.2984
55.3955
73.6183
92.1623
110.342
128.177
145.25
161.803
177.652
192.553
206.785
220.009
232.235
243.53
253.575
262.349
269.964
276.254
281.397
285.471
288.37
290.072
290.992
291.747
292.276
292.533
292.75
293.023
293.317
293.581
293.736
293.709
293.524
293.26
292.961
292.674
292.443
292.288
292.207
292.17
292.149
292.131
292.09
292.022
291.942
291.822
291.631
7.88758e-006
5.25218e-005
0.000277191
0.00138524
0.0062845
0.0264825
0.101083
0.347209
1.04433
2.76268
6.43189
13.2046
23.9034
38.2984
55.3955
73.6183
92.1623
110.342
128.177
145.25
161.803
177.652
192.553
206.785
220.009
232.235
243.53
253.575
262.349
269.964
276.254
281.397
285.471
288.37
290.072
290.992
291.747
292.277
292.534
292.751
293.023
293.317
293.581
293.736
293.709
293.524
293.259
292.962
292.674
292.444
292.291
292.21
292.174
292.153
292.133
292.094
292.031
291.949
291.829
291.639
7.88758e-006
5.25218e-005
0.000277191
0.00138524
0.0062845
0.0264825
0.101083
0.347209
1.04433
2.76268
6.43189
13.2046
23.9034
38.2984
55.3955
73.6183
92.1623
110.342
128.177
145.25
161.803
177.652
192.553
206.785
220.009
232.235
243.53
253.575
262.349
269.964
276.254
281.397
285.471
288.37
290.072
290.992
291.747
292.277
292.535
292.751
293.023
293.317
293.581
293.736
293.709
293.524
293.259
292.962
292.675
292.446
292.293
292.213
292.178
292.158
292.136
292.097
292.039
291.958
291.836
291.646
7.88758e-006
5.25218e-005
0.000277191
0.00138524
0.0062845
0.0264825
0.101083
0.347209
1.04433
2.76268
6.43189
13.2046
23.9034
38.2984
55.3955
73.6183
92.1623
110.342
128.177
145.25
161.803
177.652
192.553
206.785
220.009
232.235
243.53
253.575
262.349
269.964
276.254
281.397
285.471
288.37
290.072
290.992
291.747
292.278
292.535
292.751
293.024
293.317
293.582
293.736
293.71
293.525
293.259
292.962
292.676
292.447
292.295
292.215
292.182
292.162
292.139
292.101
292.047
291.967
291.843
291.654
7.88758e-006
5.25218e-005
0.000277191
0.00138524
0.0062845
0.0264825
0.101083
0.347209
1.04433
2.76268
6.43189
13.2046
23.9034
38.2984
55.3955
73.6183
92.1623
110.342
128.177
145.25
161.803
177.652
192.553
206.785
220.009
232.235
243.53
253.575
262.349
269.964
276.254
281.397
285.471
288.37
290.072
290.992
291.747
292.278
292.536
292.752
293.024
293.318
293.582
293.737
293.71
293.525
293.259
292.963
292.677
292.449
292.297
292.217
292.185
292.166
292.143
292.105
292.054
291.975
291.849
291.662
7.88758e-006
5.25218e-005
0.000277191
0.00138524
0.0062845
0.0264825
0.101083
0.347209
1.04433
2.76268
6.43189
13.2046
23.9034
38.2984
55.3955
73.6183
92.1623
110.342
128.177
145.25
161.803
177.652
192.553
206.785
220.009
232.235
243.53
253.575
262.349
269.964
276.254
281.397
285.471
288.37
290.072
290.992
291.747
292.279
292.537
292.752
293.024
293.318
293.582
293.737
293.711
293.525
293.259
292.963
292.678
292.45
292.299
292.219
292.188
292.17
292.147
292.11
292.061
291.982
291.856
291.671
7.88758e-006
5.25218e-005
0.000277191
0.00138524
0.0062845
0.0264825
0.101083
0.347209
1.04433
2.76268
6.43189
13.2046
23.9034
38.2984
55.3955
73.6183
92.1623
110.342
128.177
145.25
161.803
177.652
192.553
206.785
220.009
232.235
243.53
253.575
262.349
269.964
276.254
281.397
285.471
288.37
290.072
290.992
291.747
292.279
292.537
292.752
293.024
293.318
293.582
293.737
293.711
293.525
293.259
292.964
292.679
292.451
292.301
292.221
292.191
292.173
292.151
292.116
292.068
291.989
291.864
291.681
7.88758e-006
5.25218e-005
0.000277191
0.00138524
0.0062845
0.0264825
0.101083
0.347209
1.04433
2.76268
6.43189
13.2046
23.9034
38.2984
55.3955
73.6183
92.1623
110.342
128.177
145.25
161.803
177.652
192.553
206.785
220.009
232.235
243.53
253.575
262.349
269.964
276.254
281.397
285.471
288.37
290.072
290.992
291.747
292.28
292.538
292.753
293.024
293.318
293.583
293.737
293.711
293.525
293.259
292.964
292.68
292.453
292.303
292.224
292.194
292.176
292.155
292.121
292.074
291.995
291.872
291.692
7.88758e-006
5.25218e-005
0.000277191
0.00138524
0.0062845
0.0264825
0.101083
0.347209
1.04433
2.76268
6.43189
13.2046
23.9034
38.2984
55.3955
73.6183
92.1623
110.342
128.177
145.25
161.803
177.652
192.553
206.785
220.009
232.235
243.53
253.575
262.349
269.964
276.254
281.397
285.471
288.37
290.072
290.992
291.747
292.28
292.539
292.753
293.025
293.318
293.583
293.738
293.711
293.525
293.259
292.965
292.681
292.454
292.304
292.226
292.196
292.179
292.158
292.125
292.081
292.002
291.882
291.706
7.88758e-006
5.25218e-005
0.000277191
0.00138524
0.0062845
0.0264825
0.101083
0.347209
1.04433
2.76268
6.43189
13.2046
23.9034
38.2984
55.3955
73.6183
92.1623
110.342
128.177
145.25
161.803
177.652
192.553
206.785
220.009
232.235
243.53
253.575
262.349
269.964
276.254
281.397
285.471
288.37
290.072
290.992
291.747
292.281
292.539
292.753
293.025
293.319
293.583
293.738
293.712
293.525
293.26
292.965
292.682
292.455
292.306
292.229
292.199
292.181
292.161
292.129
292.087
292.008
291.893
291.721
7.88758e-006
5.25218e-005
0.000277191
0.00138524
0.0062845
0.0264825
0.101083
0.347209
1.04433
2.76268
6.43189
13.2046
23.9034
38.2984
55.3955
73.6183
92.1623
110.342
128.177
145.25
161.803
177.652
192.553
206.785
220.009
232.235
243.53
253.575
262.349
269.964
276.254
281.397
285.471
288.37
290.072
290.992
291.747
292.281
292.54
292.754
293.025
293.319
293.583
293.738
293.712
293.526
293.26
292.966
292.682
292.456
292.308
292.231
292.201
292.183
292.163
292.133
292.092
292.015
291.907
291.738
7.88758e-006
5.25218e-005
0.000277191
0.00138524
0.0062845
0.0264825
0.101083
0.347209
1.04433
2.76268
6.43189
13.2046
23.9034
38.2984
55.3955
73.6183
92.1623
110.342
128.177
145.25
161.803
177.652
192.553
206.785
220.009
232.235
243.53
253.575
262.349
269.964
276.254
281.397
285.471
288.37
290.072
290.992
291.747
292.282
292.541
292.754
293.025
293.319
293.583
293.738
293.712
293.526
293.26
292.967
292.683
292.458
292.31
292.233
292.203
292.186
292.166
292.137
292.096
292.023
291.922
291.756
7.88758e-006
5.25218e-005
0.000277191
0.00138524
0.0062845
0.0264825
0.101083
0.347209
1.04433
2.76268
6.43189
13.2046
23.9034
38.2984
55.3955
73.6183
92.1623
110.342
128.177
145.25
161.803
177.652
192.553
206.785
220.009
232.235
243.53
253.575
262.349
269.964
276.254
281.397
285.471
288.37
290.072
290.992
291.747
292.282
292.541
292.755
293.025
293.319
293.584
293.738
293.712
293.526
293.26
292.967
292.684
292.459
292.311
292.235
292.204
292.188
292.17
292.14
292.1
292.031
291.938
291.775
7.88758e-006
5.25218e-005
0.000277191
0.00138524
0.0062845
0.0264825
0.101083
0.347209
1.04433
2.76268
6.43189
13.2046
23.9034
38.2984
55.3955
73.6183
92.1623
110.342
128.177
145.25
161.803
177.652
192.553
206.785
220.009
232.235
243.53
253.575
262.349
269.964
276.254
281.397
285.471
288.37
290.072
290.992
291.747
292.283
292.542
292.755
293.025
293.319
293.584
293.738
293.713
293.526
293.261
292.968
292.685
292.46
292.313
292.237
292.206
292.19
292.173
292.143
292.104
292.041
291.953
291.795
7.88758e-006
5.25218e-005
0.000277191
0.00138524
0.0062845
0.0264825
0.101083
0.347209
1.04433
2.76268
6.43189
13.2046
23.9034
38.2984
55.3955
73.6183
92.1623
110.342
128.177
145.25
161.803
177.652
192.553
206.785
220.009
232.235
243.53
253.575
262.349
269.964
276.254
281.397
285.471
288.37
290.072
290.992
291.748
292.284
292.544
292.756
293.026
293.32
293.584
293.739
293.713
293.527
293.262
292.97
292.687
292.463
292.318
292.241
292.21
292.197
292.181
292.151
292.116
292.07
292.004
292.097
7.88759e-006
5.25218e-005
0.000277191
0.00138524
0.0062845
0.0264825
0.101083
0.347209
1.04433
2.76268
6.43189
13.2046
23.9034
38.2984
55.3955
73.6183
92.1623
110.342
128.177
145.25
161.803
177.652
192.553
206.785
220.009
232.235
243.53
253.575
262.349
269.964
276.254
281.397
285.471
288.37
290.072
290.992
291.748
292.285
292.546
292.758
293.027
293.32
293.585
293.739
293.714
293.528
293.264
292.973
292.691
292.468
292.325
292.249
292.217
292.21
292.194
292.162
292.137
292.096
292.045
292.151
7.88758e-006
5.25218e-005
0.000277191
0.00138524
0.0062845
0.0264825
0.101083
0.347209
1.04433
2.76268
6.43189
13.2046
23.9034
38.2984
55.3955
73.6183
92.1623
110.342
128.177
145.25
161.803
177.652
192.553
206.785
220.009
232.235
243.53
253.575
262.349
269.964
276.254
281.397
285.471
288.37
290.072
290.992
291.748
292.287
292.549
292.76
293.027
293.321
293.586
293.74
293.715
293.53
293.266
292.977
292.696
292.474
292.331
292.255
292.224
292.217
292.207
292.182
292.154
292.127
292.093
292.196
7.88759e-006
5.25218e-005
0.000277191
0.00138524
0.0062845
0.0264825
0.101083
0.347209
1.04433
2.76268
6.43189
13.2046
23.9034
38.2984
55.3955
73.6183
92.1623
110.342
128.177
145.25
161.803
177.652
192.553
206.785
220.009
232.235
243.53
253.575
262.349
269.964
276.254
281.397
285.471
288.37
290.072
290.992
291.748
292.288
292.552
292.762
293.028
293.322
293.587
293.741
293.717
293.533
293.27
292.98
292.7
292.48
292.338
292.261
292.232
292.229
292.222
292.199
292.167
292.15
292.131
292.23
7.88758e-006
5.25218e-005
0.000277191
0.00138524
0.0062845
0.0264825
0.101083
0.347209
1.04433
2.76268
6.43189
13.2046
23.9034
38.2984
55.3955
73.6183
92.1623
110.342
128.177
145.25
161.803
177.652
192.553
206.785
220.009
232.235
243.53
253.575
262.349
269.964
276.254
281.397
285.471
288.37
290.072
290.992
291.748
292.289
292.555
292.764
293.029
293.322
293.588
293.743
293.719
293.536
293.274
292.984
292.705
292.486
292.344
292.268
292.24
292.24
292.236
292.215
292.184
292.17
292.16
292.266
7.88759e-006
5.25218e-005
0.000277191
0.00138524
0.0062845
0.0264825
0.101083
0.347209
1.04433
2.76268
6.43189
13.2046
23.9034
38.2984
55.3955
73.6183
92.1623
110.342
128.177
145.25
161.803
177.652
192.553
206.785
220.009
232.235
243.53
253.575
262.349
269.964
276.254
281.397
285.471
288.37
290.072
290.992
291.748
292.29
292.558
292.766
293.03
293.323
293.589
293.744
293.721
293.541
293.28
292.987
292.709
292.491
292.352
292.279
292.249
292.244
292.245
292.23
292.199
292.186
292.18
292.287
7.88758e-006
5.25218e-005
0.000277191
0.00138524
0.0062845
0.0264825
0.101083
0.347209
1.04433
2.76268
6.43189
13.2046
23.9034
38.2984
55.3955
73.6183
92.1623
110.342
128.177
145.25
161.803
177.652
192.553
206.785
220.009
232.235
243.53
253.575
262.349
269.964
276.254
281.397
285.471
288.37
290.072
290.992
291.748
292.291
292.56
292.768
293.03
293.324
293.591
293.746
293.723
293.546
293.286
292.992
292.714
292.498
292.359
292.287
292.258
292.252
292.255
292.245
292.215
292.202
292.191
292.288
7.88759e-006
5.25218e-005
0.000277191
0.00138524
0.0062845
0.0264825
0.101083
0.347209
1.04433
2.76268
6.43189
13.2046
23.9034
38.2984
55.3955
73.6183
92.1623
110.342
128.177
145.25
161.803
177.652
192.553
206.785
220.009
232.235
243.53
253.575
262.349
269.964
276.254
281.397
285.471
288.37
290.072
290.992
291.748
292.292
292.562
292.77
293.031
293.325
293.592
293.748
293.725
293.552
293.294
292.997
292.718
292.503
292.366
292.295
292.267
292.262
292.265
292.254
292.227
292.215
292.194
292.276
7.88758e-006
5.25218e-005
0.000277191
0.00138524
0.0062845
0.0264825
0.101083
0.347209
1.04433
2.76268
6.43189
13.2046
23.9034
38.2984
55.3955
73.6183
92.1623
110.342
128.177
145.25
161.803
177.652
192.553
206.785
220.009
232.235
243.53
253.575
262.349
269.964
276.254
281.397
285.471
288.37
290.072
290.992
291.748
292.293
292.564
292.771
293.031
293.326
293.593
293.749
293.727
293.557
293.301
293.003
292.724
292.51
292.373
292.303
292.276
292.273
292.277
292.266
292.238
292.225
292.197
292.265
7.88759e-006
5.25218e-005
0.000277191
0.00138524
0.0062845
0.0264825
0.101083
0.347209
1.04433
2.76268
6.43189
13.2046
23.9034
38.2984
55.3955
73.6183
92.1623
110.342
128.177
145.25
161.803
177.652
192.553
206.785
220.009
232.235
243.53
253.575
262.349
269.964
276.254
281.397
285.471
288.37
290.072
290.992
291.748
292.293
292.566
292.772
293.032
293.326
293.594
293.751
293.73
293.56
293.305
293.008
292.73
292.516
292.381
292.312
292.286
292.283
292.288
292.274
292.246
292.233
292.197
292.256
7.88758e-006
5.25218e-005
0.000277191
0.00138524
0.0062845
0.0264825
0.101083
0.347209
1.04433
2.76268
6.43189
13.2046
23.9034
38.2984
55.3955
73.6183
92.1623
110.342
128.177
145.25
161.803
177.652
192.553
206.785
220.009
232.235
243.53
253.575
262.349
269.964
276.254
281.397
285.471
288.37
290.072
290.992
291.748
292.294
292.567
292.773
293.033
293.327
293.595
293.753
293.732
293.563
293.308
293.011
292.735
292.524
292.39
292.321
292.295
292.293
292.298
292.283
292.253
292.238
292.195
292.246
7.88759e-006
5.25218e-005
0.000277191
0.00138524
0.0062845
0.0264825
0.101083
0.347209
1.04433
2.76268
6.43189
13.2046
23.9034
38.2984
55.3955
73.6183
92.1623
110.342
128.177
145.25
161.803
177.652
192.553
206.785
220.009
232.235
243.53
253.575
262.349
269.964
276.254
281.397
285.471
288.37
290.072
290.992
291.748
292.294
292.568
292.774
293.033
293.328
293.596
293.753
293.733
293.565
293.311
293.015
292.741
292.531
292.399
292.33
292.302
292.3
292.304
292.289
292.258
292.239
292.187
292.223
7.88758e-006
5.25218e-005
0.000277191
0.00138524
0.0062845
0.0264825
0.101083
0.347209
1.04433
2.76268
6.43189
13.2046
23.9034
38.2984
55.3955
73.6183
92.1623
110.342
128.177
145.25
161.803
177.652
192.553
206.785
220.009
232.235
243.53
253.575
262.349
269.964
276.254
281.397
285.471
288.37
290.072
290.992
291.748
292.295
292.569
292.775
293.033
293.328
293.597
293.754
293.734
293.567
293.312
293.016
292.744
292.537
292.407
292.338
292.309
292.306
292.309
292.294
292.262
292.237
292.182
292.213
7.88759e-006
5.25218e-005
0.000277191
0.00138524
0.0062845
0.0264825
0.101083
0.347209
1.04433
2.76268
6.43189
13.2046
23.9034
38.2984
55.3955
73.6183
92.1623
110.342
128.177
145.25
161.803
177.652
192.553
206.785
220.009
232.235
243.53
253.575
262.349
269.964
276.254
281.397
285.471
288.37
290.072
290.992
291.748
292.295
292.569
292.775
293.034
293.329
293.597
293.754
293.735
293.567
293.313
293.019
292.748
292.543
292.413
292.344
292.314
292.309
292.31
292.295
292.26
292.231
292.17
292.189
7.88758e-006
5.25218e-005
0.000277191
0.00138524
0.0062845
0.0264825
0.101083
0.347209
1.04433
2.76268
6.43189
13.2046
23.9034
38.2984
55.3955
73.6183
92.1623
110.342
128.177
145.25
161.803
177.652
192.553
206.785
220.009
232.235
243.53
253.575
262.349
269.964
276.254
281.397
285.471
288.37
290.072
290.992
291.748
292.295
292.57
292.776
293.034
293.329
293.598
293.755
293.735
293.567
293.313
293.02
292.75
292.545
292.416
292.346
292.316
292.312
292.315
292.297
292.259
292.231
292.163
292.167
7.88759e-006
5.25218e-005
0.000277191
0.00138524
0.0062845
0.0264825
0.101083
0.347209
1.04433
2.76268
6.43189
13.2046
23.9034
38.2984
55.3955
73.6183
92.1623
110.342
128.177
145.25
161.803
177.652
192.553
206.785
220.009
232.235
243.53
253.575
262.349
269.964
276.254
281.397
285.471
288.37
290.072
290.992
291.748
292.296
292.57
292.775
293.034
293.329
293.598
293.754
293.734
293.566
293.313
293.023
292.754
292.549
292.418
292.352
292.324
292.316
292.308
292.287
292.256
292.219
292.138
292.124
7.88758e-006
5.25218e-005
0.000277191
0.00138524
0.0062845
0.0264825
0.101083
0.347209
1.04433
2.76268
6.43189
13.2046
23.9034
38.2984
55.3955
73.6183
92.1623
110.342
128.177
145.25
161.803
177.652
192.553
206.785
220.009
232.235
243.53
253.575
262.349
269.964
276.254
281.397
285.471
288.37
290.072
290.992
291.748
292.296
292.57
292.776
293.034
293.329
293.598
293.754
293.734
293.567
293.314
293.023
292.754
292.549
292.421
292.351
292.319
292.312
292.312
292.294
292.253
292.212
292.131
292.107
7.88759e-006
5.25218e-005
0.000277191
0.00138524
0.0062845
0.0264825
0.101083
0.347209
1.04433
2.76268
6.43189
13.2046
23.9034
38.2984
55.3955
73.6183
92.1623
110.342
128.177
145.25
161.803
177.652
192.553
206.785
220.009
232.235
243.53
253.575
262.349
269.964
276.254
281.397
285.471
288.37
290.072
290.992
291.748
292.297
292.572
292.777
293.034
293.329
293.597
293.755
293.735
293.568
293.316
293.026
292.757
292.552
292.423
292.351
292.319
292.311
292.309
292.283
292.231
292.188
292.103
292.066
7.88758e-006
5.25218e-005
0.000277191
0.00138524
0.0062845
0.0264825
0.101083
0.347209
1.04433
2.76268
6.43189
13.2046
23.9034
38.2984
55.3955
73.6183
92.1623
110.342
128.177
145.25
161.803
177.652
192.553
206.785
220.009
232.235
243.53
253.575
262.349
269.964
276.254
281.397
285.471
288.37
290.072
290.992
291.748
292.297
292.572
292.777
293.034
293.329
293.597
293.755
293.735
293.567
293.317
293.027
292.756
292.55
292.42
292.348
292.315
292.31
292.31
292.284
292.235
292.185
292.093
292.064
7.88759e-006
5.25218e-005
0.000277191
0.00138524
0.0062845
0.0264825
0.101083
0.347209
1.04433
2.76268
6.43189
13.2046
23.9034
38.2984
55.3955
73.6183
92.1623
110.342
128.177
145.25
161.803
177.652
192.553
206.785
220.009
232.235
243.53
253.575
262.349
269.964
276.254
281.397
285.471
288.37
290.072
290.992
291.748
292.299
292.573
292.776
293.035
293.33
293.598
293.755
293.735
293.568
293.318
293.03
292.762
292.554
292.42
292.348
292.316
292.307
292.3
292.269
292.215
292.158
292.058
292.004
7.88758e-006
5.25218e-005
0.000277191
0.00138524
0.0062845
0.0264825
0.101083
0.347209
1.04433
2.76268
6.43189
13.2046
23.9034
38.2984
55.3955
73.6183
92.1623
110.342
128.177
145.25
161.803
177.652
192.553
206.785
220.009
232.235
243.53
253.575
262.349
269.964
276.254
281.397
285.471
288.37
290.072
290.992
291.749
292.3
292.573
292.775
293.035
293.331
293.599
293.756
293.735
293.566
293.316
293.029
292.76
292.552
292.419
292.346
292.314
292.305
292.298
292.269
292.213
292.15
292.057
292.016
7.88759e-006
5.25218e-005
0.000277191
0.00138524
0.0062845
0.0264825
0.101083
0.347209
1.04433
2.76268
6.43189
13.2046
23.9034
38.2984
55.3955
73.6183
92.1623
110.342
128.177
145.25
161.803
177.652
192.553
206.785
220.009
232.235
243.53
253.575
262.349
269.964
276.254
281.397
285.471
288.37
290.072
290.992
291.749
292.302
292.574
292.774
293.036
293.332
293.601
293.757
293.735
293.565
293.314
293.026
292.757
292.55
292.417
292.349
292.323
292.31
292.293
292.254
292.197
292.14
292.055
292.01
7.88758e-006
5.25218e-005
0.000277191
0.00138524
0.0062845
0.0264825
0.101083
0.347209
1.04433
2.76268
6.43189
13.2046
23.9034
38.2984
55.3955
73.6183
92.1623
110.342
128.177
145.25
161.803
177.652
192.553
206.785
220.009
232.235
243.53
253.575
262.349
269.964
276.254
281.397
285.471
288.37
290.072
290.992
291.749
292.303
292.577
292.776
293.036
293.331
293.6
293.758
293.738
293.567
293.313
293.023
292.752
292.543
292.409
292.342
292.319
292.306
292.289
292.253
292.192
292.128
292.036
291.994
7.88759e-006
5.25218e-005
0.000277191
0.00138524
0.0062845
0.0264825
0.101083
0.347209
1.04433
2.76268
6.43189
13.2046
23.9034
38.2984
55.3955
73.6183
92.1623
110.342
128.177
145.25
161.803
177.652
192.553
206.785
220.009
232.235
243.53
253.575
262.349
269.964
276.254
281.397
285.471
288.37
290.072
290.992
291.749
292.304
292.58
292.78
293.037
293.331
293.601
293.759
293.74
293.57
293.315
293.024
292.75
292.539
292.406
292.34
292.311
292.299
292.29
292.259
292.194
292.125
292.033
291.984
7.88758e-006
5.25218e-005
0.000277191
0.00138524
0.0062845
0.0264825
0.101083
0.347209
1.04433
2.76268
6.43189
13.2046
23.9034
38.2984
55.3955
73.6183
92.1623
110.342
128.177
145.25
161.803
177.652
192.553
206.785
220.009
232.235
243.53
253.575
262.349
269.964
276.254
281.397
285.471
288.37
290.072
290.992
291.748
292.303
292.581
292.781
293.037
293.33
293.601
293.76
293.741
293.574
293.32
293.025
292.749
292.536
292.401
292.339
292.318
292.303
292.289
292.27
292.212
292.126
292.027
291.976
7.8876e-006
5.25218e-005
0.000277191
0.00138524
0.0062845
0.0264825
0.101083
0.347209
1.04433
2.76268
6.43189
13.2046
23.9034
38.2984
55.3955
73.6183
92.1623
110.342
128.177
145.25
161.803
177.652
192.553
206.785
220.009
232.235
243.53
253.575
262.349
269.964
276.254
281.397
285.471
288.37
290.072
290.992
291.748
292.301
292.581
292.783
293.037
293.331
293.602
293.761
293.745
293.579
293.323
293.027
292.751
292.538
292.404
292.342
292.324
292.311
292.288
292.253
292.193
292.119
292.022
291.946
7.88758e-006
5.25218e-005
0.000277191
0.00138524
0.0062845
0.0264825
0.101083
0.347209
1.04433
2.76268
6.43189
13.2046
23.9034
38.2984
55.3955
73.6183
92.1623
110.342
128.177
145.25
161.803
177.652
192.553
206.785
220.009
232.235
243.53
253.575
262.349
269.964
276.254
281.397
285.471
288.37
290.072
290.992
291.748
292.298
292.578
292.783
293.036
293.331
293.601
293.761
293.744
293.577
293.319
293.021
292.745
292.536
292.403
292.34
292.321
292.311
292.299
292.273
292.218
292.139
292.012
291.93
7.8876e-006
5.25218e-005
0.000277191
0.00138524
0.0062845
0.0264825
0.101083
0.347209
1.04433
2.76268
6.43189
13.2046
23.9034
38.2984
55.3955
73.6183
92.1623
110.342
128.177
145.25
161.803
177.652
192.553
206.785
220.009
232.235
243.53
253.575
262.349
269.964
276.254
281.397
285.471
288.37
290.072
290.992
291.748
292.295
292.574
292.781
293.036
293.33
293.601
293.76
293.743
293.576
293.32
293.024
292.748
292.534
292.399
292.335
292.305
292.288
292.272
292.236
292.182
292.119
292.009
291.939
7.88758e-006
5.25218e-005
0.000277191
0.00138524
0.0062845
0.0264825
0.101083
0.347209
1.04433
2.76268
6.43189
13.2046
23.9034
38.2984
55.3955
73.6183
92.1623
110.342
128.177
145.25
161.803
177.652
192.553
206.785
220.009
232.235
243.53
253.575
262.349
269.964
276.254
281.397
285.471
288.37
290.072
290.992
291.748
292.293
292.57
292.778
293.034
293.33
293.599
293.758
293.741
293.574
293.317
293.019
292.738
292.52
292.383
292.309
292.279
292.276
292.269
292.229
292.168
292.102
291.989
291.918
7.8876e-006
5.25218e-005
0.000277191
0.00138524
0.0062845
0.0264825
0.101083
0.347209
1.04433
2.76268
6.43189
13.2046
23.9034
38.2984
55.3955
73.6183
92.1623
110.342
128.177
145.25
161.803
177.652
192.553
206.785
220.009
232.235
243.53
253.575
262.349
269.964
276.254
281.397
285.471
288.37
290.072
290.992
291.748
292.291
292.567
292.776
293.033
293.328
293.598
293.756
293.737
293.568
293.312
293.014
292.732
292.512
292.371
292.294
292.264
292.262
292.255
292.215
292.155
292.089
291.973
291.894
7.88758e-006
5.25218e-005
0.000277191
0.00138524
0.0062845
0.0264825
0.101083
0.347209
1.04433
2.76268
6.43189
13.2046
23.9034
38.2984
55.3955
73.6183
92.1623
110.342
128.177
145.25
161.803
177.652
192.553
206.785
220.009
232.235
243.53
253.575
262.349
269.964
276.254
281.397
285.471
288.37
290.072
290.992
291.748
292.291
292.565
292.774
293.032
293.327
293.596
293.754
293.734
293.564
293.308
293.008
292.726
292.505
292.362
292.284
292.252
292.248
292.241
292.201
292.138
292.069
291.951
291.86
7.8876e-006
5.25218e-005
0.000277191
0.00138524
0.0062845
0.0264825
0.101083
0.347209
1.04433
2.76268
6.43189
13.2046
23.9034
38.2984
55.3955
73.6183
92.1623
110.342
128.177
145.25
161.803
177.652
192.553
206.785
220.009
232.235
243.53
253.575
262.349
269.964
276.254
281.397
285.471
288.37
290.072
290.992
291.748
292.29
292.563
292.773
293.032
293.326
293.595
293.752
293.732
293.562
293.305
293.005
292.72
292.498
292.357
292.28
292.247
292.241
292.233
292.192
292.13
292.059
291.941
291.848
7.88759e-006
5.25218e-005
0.000277191
0.00138524
0.0062845
0.0264825
0.101083
0.347209
1.04433
2.76268
6.43189
13.2046
23.9034
38.2984
55.3955
73.6183
92.1623
110.342
128.177
145.25
161.803
177.652
192.553
206.785
220.009
232.235
243.53
253.575
262.349
269.964
276.254
281.397
285.471
288.37
290.072
290.992
291.748
292.29
292.563
292.772
293.031
293.326
293.594
293.752
293.731
293.561
293.304
293.003
292.718
292.496
292.354
292.277
292.244
292.237
292.228
292.187
292.125
292.053
291.935
291.843
7.8876e-006
5.25218e-005
0.000277191
0.00138524
0.0062845
0.0264825
0.101083
0.347209
1.04433
2.76268
6.43189
13.2046
23.9034
38.2984
55.3955
73.6183
92.1623
110.342
128.177
145.25
161.803
177.652
192.553
206.785
220.009
232.235
243.53
253.575
262.349
269.964
276.254
281.397
285.471
288.37
290.072
290.992
291.748
292.29
292.563
292.772
293.031
293.326
293.594
293.751
293.73
293.56
293.303
293.002
292.717
292.495
292.353
292.275
292.242
292.235
292.226
292.185
292.123
292.05
291.933
291.841
7.88759e-006
5.25218e-005
0.000277191
0.00138524
0.0062845
0.0264825
0.101083
0.347209
1.04433
2.76268
6.43189
13.2046
23.9034
38.2984
55.3955
73.6183
92.1623
110.342
128.177
145.25
161.803
177.652
192.553
206.785
220.009
232.235
243.53
253.575
262.349
269.964
276.254
281.397
285.471
288.37
290.072
290.992
291.748
292.29
292.563
292.772
293.031
293.326
293.594
293.751
293.73
293.56
293.303
293.001
292.716
292.495
292.353
292.275
292.242
292.235
292.225
292.185
292.122
292.049
291.932
291.841
7.8876e-006
5.25218e-005
0.000277191
0.00138524
0.0062845
0.0264825
0.101083
0.347209
1.04433
2.76268
6.43189
13.2046
23.9034
38.2984
55.3955
73.6183
92.1623
110.342
128.177
145.25
161.803
177.652
192.553
206.785
220.009
232.235
243.53
253.575
262.349
269.964
276.254
281.397
285.471
288.37
290.072
290.992
291.748
292.29
292.563
292.772
293.031
293.326
293.594
293.751
293.73
293.56
293.302
293.001
292.716
292.495
292.352
292.275
292.242
292.235
292.225
292.184
292.122
292.049
291.931
291.84
7.88759e-006
5.25218e-005
0.000277191
0.00138524
0.0062845
0.0264825
0.101083
0.347209
1.04433
2.76268
6.43189
13.2046
23.9034
38.2984
55.3955
73.6183
92.1623
110.342
128.177
145.25
161.803
177.652
192.553
206.785
220.009
232.235
243.53
253.575
262.349
269.964
276.254
281.397
285.471
288.37
290.072
290.992
291.748
292.29
292.563
292.772
293.031
293.326
293.594
293.751
293.73
293.56
293.302
293.001
292.716
292.495
292.352
292.275
292.241
292.234
292.225
292.184
292.122
292.049
291.931
291.84
7.8876e-006
5.25218e-005
0.000277191
0.00138524
0.0062845
0.0264825
0.101083
0.347209
1.04433
2.76268
6.43189
13.2046
23.9034
38.2984
55.3955
73.6183
92.1623
110.342
128.177
145.25
161.803
177.652
192.553
206.785
220.009
232.235
243.53
253.575
262.349
269.964
276.254
281.397
285.471
288.37
290.072
290.992
291.748
292.29
292.563
292.772
293.031
293.326
293.594
293.751
293.73
293.56
293.302
293.001
292.716
292.495
292.352
292.275
292.241
292.234
292.225
292.184
292.122
292.049
291.931
291.84
7.88759e-006
5.25218e-005
0.000277191
0.00138524
0.0062845
0.0264825
0.101083
0.347209
1.04433
2.76268
6.43189
13.2046
23.9034
38.2984
55.3955
73.6183
92.1623
110.342
128.177
145.25
161.803
177.652
192.553
206.785
220.009
232.235
243.53
253.575
262.349
269.964
276.254
281.397
285.471
288.37
290.072
290.992
291.748
292.29
292.563
292.772
293.031
293.326
293.594
293.751
293.73
293.56
293.302
293.001
292.716
292.495
292.352
292.275
292.241
292.234
292.225
292.184
292.122
292.049
291.931
291.84
7.88759e-006
5.25218e-005
0.000277191
0.00138524
0.0062845
0.0264825
0.101083
0.347209
1.04433
2.76268
6.43189
13.2046
23.9034
38.2984
55.3955
73.6183
92.1623
110.342
128.177
145.25
161.803
177.652
192.553
206.785
220.009
232.235
243.53
253.575
262.349
269.964
276.254
281.397
285.471
288.37
290.072
290.992
291.748
292.29
292.563
292.772
293.031
293.326
293.594
293.751
293.73
293.56
293.302
293.001
292.716
292.495
292.352
292.275
292.241
292.234
292.225
292.184
292.122
292.049
291.931
291.84
7.88759e-006
5.25218e-005
0.000277191
0.00138524
0.0062845
0.0264825
0.101083
0.347209
1.04433
2.76268
6.43189
13.2046
23.9034
38.2984
55.3955
73.6183
92.1623
110.342
128.177
145.25
161.803
177.652
192.553
206.785
220.009
232.235
243.53
253.575
262.349
269.964
276.254
281.397
285.471
288.37
290.072
290.992
291.748
292.29
292.563
292.772
293.031
293.326
293.594
293.751
293.73
293.56
293.302
293.001
292.716
292.495
292.352
292.275
292.241
292.234
292.225
292.184
292.122
292.049
291.931
291.84
7.88759e-006
5.25218e-005
0.000277191
0.00138524
0.0062845
0.0264825
0.101083
0.347209
1.04433
2.76268
6.43189
13.2046
23.9034
38.2984
55.3955
73.6183
92.1623
110.342
128.177
145.25
161.803
177.652
192.553
206.785
220.009
232.235
243.53
253.575
262.349
269.964
276.254
281.397
285.471
288.37
290.072
290.992
291.748
292.29
292.563
292.772
293.031
293.326
293.594
293.751
293.73
293.56
293.302
293.001
292.716
292.495
292.352
292.275
292.241
292.234
292.225
292.184
292.122
292.049
291.931
291.84
7.88759e-006
5.25218e-005
0.000277191
0.00138524
0.0062845
0.0264825
0.101083
0.347209
1.04433
2.76268
6.43189
13.2046
23.9034
38.2984
55.3955
73.6183
92.1623
110.342
128.177
145.25
161.803
177.652
192.553
206.785
220.009
232.235
243.53
253.575
262.349
269.964
276.254
281.397
285.471
288.37
290.072
290.992
291.748
292.29
292.563
292.772
293.031
293.326
293.594
293.751
293.73
293.56
293.302
293.001
292.716
292.495
292.352
292.275
292.241
292.234
292.225
292.184
292.122
292.049
291.931
291.84
7.8876e-006
5.25219e-005
0.000277191
0.00138524
0.0062845
0.0264825
0.101083
0.347209
1.04433
2.76268
6.43189
13.2046
23.9034
38.2984
55.3955
73.6183
92.1623
110.342
128.177
145.25
161.803
177.652
192.553
206.785
220.009
232.235
243.53
253.575
262.349
269.964
276.254
281.397
285.471
288.37
290.072
290.992
291.748
292.29
292.563
292.772
293.031
293.326
293.594
293.751
293.73
293.56
293.302
293.001
292.716
292.495
292.352
292.275
292.241
292.234
292.225
292.184
292.122
292.049
291.931
291.84
7.88759e-006
5.25218e-005
0.000277191
0.00138524
0.0062845
0.0264825
0.101083
0.347209
1.04433
2.76268
6.43189
13.2046
23.9034
38.2984
55.3955
73.6183
92.1623
110.342
128.177
145.25
161.803
177.652
192.553
206.785
220.009
232.235
243.53
253.575
262.349
269.964
276.254
281.397
285.471
288.37
290.072
290.992
291.748
292.29
292.563
292.772
293.031
293.326
293.594
293.751
293.73
293.56
293.302
293.001
292.716
292.495
292.352
292.275
292.241
292.234
292.225
292.184
292.122
292.049
291.931
291.84
7.88759e-006
5.25219e-005
0.000277191
0.00138524
0.0062845
0.0264825
0.101083
0.347209
1.04433
2.76268
6.43189
13.2046
23.9034
38.2984
55.3955
73.6183
92.1623
110.342
128.177
145.25
161.803
177.652
192.553
206.785
220.009
232.235
243.53
253.575
262.349
269.964
276.254
281.397
285.471
288.37
290.072
290.992
291.748
292.29
292.563
292.772
293.031
293.326
293.594
293.751
293.73
293.56
293.302
293.001
292.716
292.495
292.352
292.275
292.241
292.234
292.225
292.184
292.122
292.049
291.931
291.84
7.88758e-006
5.25218e-005
0.000277191
0.00138524
0.0062845
0.0264825
0.101083
0.347209
1.04433
2.76268
6.43189
13.2046
23.9034
38.2984
55.3955
73.6183
92.1623
110.342
128.177
145.25
161.803
177.652
192.553
206.785
220.009
232.235
243.53
253.575
262.349
269.964
276.254
281.397
285.471
288.37
290.072
290.992
291.748
292.29
292.563
292.772
293.031
293.326
293.594
293.751
293.73
293.56
293.302
293.001
292.716
292.495
292.352
292.275
292.241
292.234
292.225
292.184
292.122
292.049
291.931
291.84
7.88758e-006
5.25219e-005
0.000277191
0.00138524
0.0062845
0.0264825
0.101083
0.347209
1.04433
2.76268
6.43189
13.2046
23.9034
38.2984
55.3955
73.6183
92.1623
110.342
128.177
145.25
161.803
177.652
192.553
206.785
220.009
232.235
243.53
253.575
262.349
269.964
276.254
281.397
285.471
288.37
290.072
290.992
291.748
292.29
292.563
292.772
293.031
293.326
293.594
293.751
293.73
293.56
293.302
293.001
292.716
292.495
292.352
292.275
292.241
292.234
292.225
292.184
292.122
292.049
291.931
291.84
7.88758e-006
5.25218e-005
0.000277191
0.00138524
0.0062845
0.0264825
0.101083
0.347209
1.04433
2.76268
6.43189
13.2046
23.9034
38.2984
55.3955
73.6183
92.1623
110.342
128.177
145.25
161.803
177.652
192.553
206.785
220.009
232.235
243.53
253.575
262.349
269.964
276.254
281.397
285.471
288.37
290.072
290.992
291.748
292.29
292.563
292.772
293.031
293.326
293.594
293.751
293.73
293.56
293.302
293.001
292.716
292.495
292.352
292.275
292.241
292.234
292.225
292.184
292.122
292.049
291.931
291.84
7.88758e-006
5.25219e-005
0.000277191
0.00138524
0.0062845
0.0264825
0.101083
0.347209
1.04433
2.76268
6.43189
13.2046
23.9034
38.2984
55.3955
73.6183
92.1623
110.342
128.177
145.25
161.803
177.652
192.553
206.785
220.009
232.235
243.53
253.575
262.349
269.964
276.254
281.397
285.471
288.37
290.072
290.992
291.748
292.29
292.563
292.772
293.031
293.326
293.594
293.751
293.73
293.56
293.302
293.001
292.716
292.495
292.352
292.275
292.241
292.234
292.225
292.184
292.122
292.049
291.931
291.84
292.338
293.032
294.292
296.038
297.78
299.458
300.829
301.822
303.076
304.65
306.572
308.984
312.035
316.049
321.203
326.965
333.959
344.259
357.588
379.529
292.364
292.992
294.182
295.863
297.611
299.275
300.708
301.856
303.127
304.65
306.402
308.531
311.336
315.149
319.914
325.162
331.595
340.528
352.215
368.328
292.403
293.016
294.101
295.514
297.336
299.135
300.578
302.01
303.476
304.974
306.607
308.545
310.925
314.145
318.532
323.786
330.106
338.108
348.308
360.687
292.422
292.994
294.05
295.517
297.22
298.761
300.08
301.514
303.151
304.807
306.457
308.308
310.501
313.248
316.57
321.127
327.434
334.995
344.164
354.389
292.455
293.016
294.04
295.449
297.234
298.932
300.269
301.552
302.862
304.333
306.036
307.778
309.72
312.168
315.229
319.238
324.406
330.79
338.79
348.411
292.484
293.033
294.016
295.384
297.097
298.74
300.003
301.189
302.505
303.936
305.251
306.642
308.484
310.806
313.753
317.498
322.174
327.872
334.953
343.194
292.485
293.052
294.057
295.427
297.022
298.51
299.948
301.303
302.217
303.055
304.19
305.642
307.435
309.622
312.324
315.7
319.907
325.014
331.315
338.289
292.471
293.039
294.058
295.514
297.125
298.495
299.726
300.871
301.672
302.407
303.451
304.79
306.388
308.308
310.691
313.697
317.54
322.314
327.373
332.206
292.461
293.036
294.053
295.513
297.067
298.334
299.461
300.508
301.275
301.948
302.866
304.041
305.442
307.162
309.305
311.961
315.342
319.312
323.345
327.355
292.448
293.018
294.001
295.417
296.906
298.081
299.102
300.025
300.687
301.272
302.084
303.132
304.4
305.939
307.806
310.11
313.074
316.428
319.738
323.132
292.436
293.003
293.974
295.358
296.769
297.852
298.803
299.654
300.257
300.758
301.446
302.357
303.463
304.797
306.409
308.417
310.995
313.681
316.186
318.705
292.407
292.96
293.906
295.231
296.527
297.482
298.29
299.021
299.654
300.173
300.781
301.615
302.627
303.828
305.26
307.032
309.258
311.403
313.32
315.337
292.396
292.946
293.906
295.188
296.347
297.11
297.706
298.301
299.024
299.672
300.17
300.826
301.706
302.746
303.95
305.391
307.217
309.219
310.909
312.205
292.365
292.901
293.786
294.9
295.894
296.576
297.147
297.711
298.4
299.086
299.55
300.074
300.831
301.726
302.755
303.961
305.443
307.244
308.896
309.875
292.339
292.831
293.598
294.621
295.612
296.351
297.01
297.611
298.057
298.357
298.724
299.226
299.816
300.508
301.324
302.321
303.602
305.099
306.372
307.389
292.289
292.774
293.512
294.487
295.438
295.999
296.377
296.799
297.278
297.604
297.811
298.234
298.954
299.87
300.566
301.149
302.056
303.314
304.681
305.495
292.253
292.701
293.468
294.371
295.129
295.48
295.663
295.989
296.399
296.929
297.368
297.682
298.281
299.014
299.528
300.035
300.796
301.75
303.089
303.917
292.2
292.62
293.247
294.018
294.808
295.224
295.345
295.508
295.754
296.134
296.634
296.974
297.266
297.823
298.618
299.22
299.613
300.206
301.211
302.166
292.196
292.585
293.177
293.932
294.488
294.624
294.705
294.888
295.166
295.604
296.031
296.232
296.463
296.94
297.593
298.092
298.43
299.019
299.856
300.252
292.109
292.412
292.857
293.447
293.942
294.157
294.371
294.649
294.96
295.356
295.612
295.726
295.97
296.286
296.676
297.206
297.847
298.107
298.204
298.545
292.124
292.433
292.82
293.204
293.52
293.713
293.936
294.267
294.553
294.743
295.049
295.397
295.563
295.697
295.988
296.42
296.996
297.204
297.149
297.381
292.097
292.357
292.699
293.009
293.322
293.493
293.562
293.768
294.097
294.342
294.47
294.717
295.101
295.333
295.413
295.607
296.014
296.42
296.531
296.683
292.086
292.327
292.622
292.86
293.097
293.271
293.349
293.509
293.79
294.048
294.228
294.497
294.716
294.764
294.882
295.183
295.554
295.785
295.965
296.12
292.049
292.223
292.448
292.648
292.87
293.038
293.111
293.259
293.519
293.753
293.916
294.161
294.353
294.399
294.525
294.831
295.143
295.349
295.595
295.671
292.026
292.177
292.401
292.609
292.796
292.952
293.055
293.191
293.407
293.645
293.794
293.965
294.203
294.291
294.329
294.537
294.793
294.928
295.089
295.293
291.994
292.141
292.391
292.677
292.869
293.008
293.193
293.335
293.415
293.552
293.787
293.984
294.09
294.248
294.509
294.545
294.456
294.576
294.914
295.096
291.99
292.182
292.448
292.642
292.779
292.975
293.155
293.273
293.417
293.639
293.855
293.98
294.182
294.407
294.419
294.384
294.577
294.907
295.016
294.948
292.018
292.23
292.481
292.738
292.925
293.001
293.104
293.261
293.443
293.68
293.875
293.976
294.189
294.416
294.425
294.391
294.547
294.86
295.006
294.921
291.994
292.208
292.474
292.732
292.927
293
293.079
293.231
293.423
293.666
293.822
293.908
294.149
294.357
294.35
294.347
294.543
294.857
294.961
294.917
291.964
292.165
292.43
292.74
292.972
293.032
293.104
293.284
293.447
293.51
293.566
293.747
294.036
294.154
294.116
294.22
294.49
294.651
294.732
294.943
291.92
292.097
292.329
292.61
292.842
292.943
293.06
293.236
293.366
293.428
293.506
293.728
294.022
294.116
294.153
294.389
294.619
294.695
294.841
294.931
291.904
292.072
292.293
292.561
292.782
292.881
293.002
293.184
293.304
293.357
293.44
293.662
293.933
294.029
294.116
294.375
294.562
294.624
294.814
294.871
291.896
292.062
292.279
292.536
292.749
292.832
292.928
293.109
293.288
293.363
293.413
293.625
293.886
293.98
294.079
294.345
294.525
294.583
294.775
294.828
291.895
292.064
292.282
292.531
292.724
292.789
292.881
293.051
293.256
293.379
293.424
293.611
293.863
293.955
294.057
294.325
294.505
294.562
294.754
294.808
291.895
292.066
292.283
292.526
292.71
292.774
292.869
293.035
293.24
293.377
293.429
293.606
293.853
293.943
294.045
294.315
294.497
294.555
294.746
294.801
291.895
292.066
292.282
292.524
292.706
292.77
292.865
293.03
293.235
293.376
293.429
293.604
293.85
293.94
294.042
294.312
294.494
294.551
294.742
294.798
291.895
292.066
292.282
292.523
292.705
292.769
292.863
293.029
293.234
293.376
293.429
293.604
293.849
293.938
294.041
294.311
294.493
294.55
294.741
294.797
291.895
292.066
292.282
292.523
292.705
292.768
292.863
293.029
293.233
293.376
293.429
293.604
293.848
293.938
294.04
294.31
294.493
294.55
294.74
294.796
291.895
292.066
292.282
292.522
292.704
292.768
292.863
293.029
293.233
293.375
293.429
293.603
293.848
293.938
294.04
294.31
294.493
294.55
294.74
294.796
291.895
292.066
292.282
292.522
292.704
292.768
292.863
293.029
293.233
293.375
293.429
293.603
293.848
293.938
294.04
294.31
294.493
294.55
294.74
294.796
291.895
292.066
292.282
292.522
292.704
292.768
292.863
293.029
293.233
293.375
293.429
293.603
293.848
293.938
294.04
294.31
294.493
294.55
294.74
294.796
291.895
292.066
292.282
292.522
292.704
292.768
292.863
293.029
293.233
293.375
293.429
293.603
293.848
293.938
294.04
294.31
294.493
294.55
294.74
294.796
291.895
292.066
292.282
292.522
292.704
292.768
292.863
293.029
293.233
293.375
293.429
293.603
293.848
293.938
294.04
294.31
294.493
294.55
294.74
294.796
291.895
292.066
292.282
292.522
292.704
292.768
292.863
293.029
293.233
293.375
293.429
293.603
293.848
293.938
294.04
294.31
294.493
294.55
294.74
294.796
291.895
292.066
292.282
292.522
292.704
292.768
292.863
293.029
293.233
293.375
293.429
293.603
293.848
293.938
294.04
294.31
294.493
294.55
294.74
294.796
291.895
292.066
292.282
292.522
292.704
292.768
292.863
293.029
293.233
293.375
293.429
293.603
293.848
293.938
294.04
294.31
294.493
294.55
294.74
294.796
291.895
292.066
292.282
292.522
292.704
292.768
292.863
293.029
293.233
293.375
293.429
293.603
293.848
293.938
294.04
294.31
294.493
294.55
294.74
294.796
291.895
292.066
292.282
292.522
292.704
292.768
292.863
293.029
293.233
293.375
293.429
293.603
293.848
293.938
294.04
294.31
294.493
294.55
294.74
294.796
291.895
292.066
292.282
292.522
292.704
292.768
292.863
293.029
293.233
293.375
293.429
293.603
293.848
293.938
294.04
294.31
294.493
294.55
294.74
294.796
291.895
292.066
292.282
292.522
292.704
292.768
292.863
293.029
293.233
293.375
293.429
293.603
293.848
293.938
294.04
294.31
294.493
294.55
294.74
294.796
22.0767
32.5612
38.7601
45.8244
55.7744
68.7351
85.0976
105.009
126.508
148.731
172.782
191.928
163.502
57.8495
6.32828
0.624148
0.0541909
0.00423692
0.000297318
1.87683e-005
1.08622e-006
6.13928e-008
3.77376e-009
2.8152e-010
2.92646e-011
5.06011e-012
1.00355e-011
9.98841e-012
8.69796e-012
7.09095e-012
22.435
32.5897
38.8888
45.9713
55.8021
68.7238
85.3675
105.286
126.019
145.304
163.994
180.008
156.662
58.7711
7.21108
0.771568
0.0721022
0.00595517
0.000436698
2.84376e-005
1.67198e-006
9.25407e-008
5.2396e-009
3.43144e-010
3.07627e-011
3.03967e-012
1.16914e-011
1.02799e-011
2.89977e-012
7.32534e-012
24.5891
33.8252
39.6053
46.3068
56.2031
69.4036
86.3858
106.784
128.212
147.836
164.426
175.106
155.733
63.6211
9.14088
1.06452
0.106693
0.00925189
0.000705865
4.73215e-005
2.83671e-006
1.56033e-007
8.34102e-009
4.84278e-010
3.78746e-011
3.24892e-012
1.19124e-011
1.11326e-011
8.73002e-012
8.32002e-012
25.5094
34.0069
39.4148
45.7187
55.3275
68.5026
85.7091
106.829
129.162
148.643
164.99
174.001
162.261
73.4312
12.2435
1.52086
0.159112
0.0143214
0.00112586
7.74044e-005
4.73602e-006
2.61925e-007
1.36318e-008
7.2364e-010
4.54626e-011
3.29019e-012
1.28103e-011
1.02782e-011
3.03741e-012
8.13618e-012
27.3694
35.0909
40.2833
46.1861
55.3748
68.4219
86.4073
108.784
131.937
151.264
165.527
172.751
172.419
88.8443
16.5715
2.15705
0.231547
0.0215247
0.00173287
0.000122021
7.62022e-006
4.26343e-007
2.20178e-008
1.11613e-009
6.26443e-011
3.38044e-012
1.10773e-011
8.83115e-012
3.74963e-012
8.35459e-012
30.4622
36.9663
42.0839
47.5726
56.215
69.6282
89.4285
112.771
135.105
153.506
165.551
175.246
180.354
108.619
22.2397
2.98893
0.326991
0.0312584
0.00256731
0.000185092
1.1788e-005
6.6936e-007
3.46452e-008
1.70524e-009
8.64495e-011
2.99935e-012
1.2576e-011
1.03506e-011
5.10357e-012
9.46182e-012
38.7302
43.6117
47.6545
52.1223
61.2501
76.1722
96.5635
118.015
138.738
155.891
167.255
184.49
185.239
127.451
29.3839
4.02675
0.450112
0.0438951
0.00367327
0.000270755
1.757e-005
1.01396e-006
5.28974e-008
2.5767e-009
1.23773e-010
4.32813e-012
1.29255e-011
9.54622e-012
4.71666e-012
7.7318e-012
53.7023
57.0572
59.9356
63.6555
72.3493
86.7438
104.292
123.459
143.344
159.405
177.455
194.026
189.675
140.837
37.6487
5.25292
0.604746
0.0597615
0.00509713
0.000383223
2.53168e-005
1.48515e-006
7.82989e-008
3.79914e-009
1.77974e-010
5.39919e-012
1.29727e-011
1.1514e-011
2.38041e-012
7.86294e-012
77.498
79.6449
81.3857
83.1644
89.0646
100.689
115.933
134.894
153.291
173.273
193.887
200.951
193.906
150.54
46.2706
6.64685
0.789875
0.0790866
0.00687882
0.000526565
3.53826e-005
2.10898e-006
1.12512e-007
5.47387e-009
2.51325e-010
9.14114e-012
1.36322e-011
1.16027e-011
1.6937e-012
6.83508e-012
103.764
105.225
106.636
107.354
110.926
122.579
138.969
153.485
174.734
198.958
207.411
206.185
197.493
158.237
56.1667
8.27972
1.00668
0.102096
0.00905371
0.000704558
4.811e-005
2.9115e-006
1.57222e-007
7.68796e-009
3.51643e-010
1.25522e-011
1.46925e-011
1.35942e-011
2.08437e-012
7.68736e-012
131.651
132.852
135.146
138.544
145.561
158.504
167.674
181.835
207.523
220.007
217.31
210.49
200.366
164.151
67.0731
10.2799
1.25681
0.129019
0.0116526
0.000920576
6.38185e-005
3.91775e-006
2.14115e-007
1.05442e-008
4.806e-010
1.9275e-011
1.63835e-011
1.14362e-011
1.14051e-012
8.01904e-012
167.197
168.554
172.062
179.283
188.96
193.994
199.28
217.935
232.374
234.767
225.373
214.499
202.84
169.539
77.1927
12.6061
1.54099
0.160088
0.0147011
0.00117749
8.27944e-005
5.15083e-006
2.84774e-007
1.41342e-008
6.44437e-010
2.60667e-011
1.63789e-011
1.46977e-011
1.41509e-012
8.71865e-012
211.347
212.542
215.547
221.43
225.242
224.002
235.434
246.026
249.666
245.866
232.584
218.513
205.192
174.266
86.4721
15.1775
1.85846
0.195462
0.0182183
0.00147763
0.000105282
6.63109e-006
3.70659e-007
1.85482e-008
8.47071e-010
3.50239e-011
1.69303e-011
1.13325e-011
3.24642e-013
9.39983e-012
249.165
249.768
250.785
251.904
249.803
254.409
263.182
265.494
262.603
254.89
239.281
222.555
207.497
178.348
95.0591
17.9515
2.20808
0.235215
0.0222166
0.0018227
0.000131479
8.37563e-006
4.73029e-007
2.38652e-008
1.09344e-009
4.49703e-011
1.28071e-011
1.43148e-011
3.2766e-013
8.72807e-012
280.562
280.516
279.882
278.008
275.722
279.371
282.584
279.851
272.906
262.679
245.501
226.588
209.872
182.057
103.021
20.8968
2.58869
0.279368
0.0267013
0.00221382
0.000161529
1.03978e-005
5.92931e-007
3.01553e-008
1.38752e-009
5.70396e-011
1.69765e-011
1.33668e-011
3.59743e-012
9.21685e-012
311.376
311.041
309.637
305.813
298.959
297.293
296.783
290.979
281.438
269.563
251.27
230.577
212.366
185.469
110.402
23.9855
2.99897
0.327903
0.0316709
0.00265151
0.000195523
1.27071e-005
7.31154e-007
3.74711e-008
1.73208e-009
7.25037e-011
1.41852e-011
1.15099e-011
2.05362e-012
6.76811e-012
334.458
333.968
332.046
326.929
316.259
310.069
307.372
299.885
288.7
275.608
256.598
234.477
214.918
188.648
117.239
27.1896
3.43734
0.380752
0.0371177
0.00313571
0.000233496
1.53089e-005
8.8824e-007
4.58535e-008
2.12966e-009
8.90249e-011
1.38471e-011
1.0295e-011
3.0015e-012
7.62425e-012
349.935
349.387
347.24
341.535
328.996
319.572
315.502
307.122
294.907
280.93
261.333
238.155
217.48
191.676
123.574
30.4849
3.90204
0.437803
0.0430285
0.00366581
0.000275432
1.82047e-005
1.06446e-006
5.53266e-008
2.583e-009
1.10036e-010
1.24646e-011
8.5608e-012
8.37873e-013
6.89444e-012
360.615
360.047
357.813
351.842
338.37
326.836
321.922
313.056
300.201
285.53
265.449
241.54
220.027
194.572
129.427
33.8457
4.39125
0.498897
0.049386
0.00424075
0.000321266
2.13925e-005
1.25982e-006
6.59018e-008
3.09127e-009
1.30342e-010
1.38515e-011
6.90517e-012
3.50985e-012
6.52534e-012
368.385
367.81
365.533
359.417
345.423
332.558
327.09
317.981
304.712
289.464
269.063
244.649
222.487
197.297
134.811
37.2447
4.903
0.563836
0.056169
0.00485906
0.000370892
2.48665e-005
1.47412e-006
7.75721e-008
3.65588e-009
1.5719e-010
1.09769e-011
7.2246e-012
1.28034e-012
5.76738e-012
374.352
373.77
371.461
365.233
350.876
337.077
331.167
322.029
308.413
292.86
272.227
247.478
224.815
199.835
139.752
40.6549
5.43505
0.632382
0.0633537
0.00551891
0.000424168
2.8618e-005
1.70691e-006
9.03233e-008
4.27443e-009
1.82288e-010
1.41858e-011
6.93382e-012
1.40376e-012
7.56082e-012
379.122
378.526
376.171
369.831
355.188
340.743
334.361
325.328
311.461
295.756
274.992
250.032
226.993
202.185
144.282
44.063
5.98506
0.704264
0.0709136
0.00621817
0.000480919
3.26358e-005
1.95754e-006
1.04122e-007
4.94818e-009
2.14006e-010
1.01533e-011
6.40588e-012
2.75739e-012
6.17705e-012
383.151
382.538
380.118
373.622
358.695
343.816
336.988
328.08
314.064
298.227
277.398
252.323
229.012
204.36
148.437
47.4807
6.55181
0.779181
0.0788204
0.00695447
0.000540949
3.69062e-005
2.22524e-006
1.18928e-007
5.67261e-009
2.43662e-010
1.56374e-011
7.46956e-012
2.84336e-012
8.67961e-012
386.631
386.005
383.536
376.894
361.665
346.426
339.226
330.416
316.282
300.327
279.481
254.365
230.869
206.371
152.253
50.9099
7.13498
0.856819
0.087044
0.00772523
0.000604038
4.14139e-005
2.50904e-006
1.34689e-007
6.44795e-009
2.79162e-010
9.35995e-012
5.60611e-012
1.88124e-012
5.94036e-012
389.627
388.988
386.467
379.709
364.241
348.7
341.185
332.417
318.196
302.112
281.281
256.181
232.573
208.23
155.752
54.3724
7.73505
0.936865
0.095554
0.00852769
0.000669954
4.61421e-005
2.80791e-006
1.5135e-007
7.26904e-009
3.13339e-010
1.38361e-011
6.30071e-012
1.79814e-012
7.16771e-012
392.306
391.65
389.068
382.174
366.517
350.798
342.97
334.156
319.854
303.621
282.834
257.794
234.131
209.951
158.955
57.9099
8.35436
1.01902
0.104319
0.00935898
0.000738454
5.10731e-005
3.1207e-006
1.68844e-007
8.13593e-009
3.52981e-010
8.89634e-012
4.72557e-012
2.19821e-012
5.34639e-012
394.723
394.047
391.394
384.341
368.533
352.722
344.673
335.703
321.291
304.889
284.17
259.231
235.559
211.551
161.907
61.4638
8.99545
1.103
0.11331
0.0102162
0.000809287
5.61884e-005
3.44623e-006
1.87106e-007
9.04148e-009
3.91756e-010
1.21413e-011
5.09543e-012
1.82681e-012
5.77101e-012
396.893
396.193
393.468
386.262
370.37
354.569
346.334
337.096
322.536
305.955
285.321
260.517
236.874
213.041
164.66
64.9465
9.65786
1.18855
0.122496
0.0110963
0.0008822
6.1469e-005
3.78324e-006
2.06059e-007
9.9861e-009
4.34859e-010
9.62018e-012
4.92597e-012
3.97544e-012
5.10095e-012
398.835
398.113
395.319
387.994
372.118
356.437
347.954
338.359
323.613
306.852
286.311
261.677
238.094
214.436
167.241
68.3298
10.3394
1.27542
0.13185
0.0119964
0.00095694
6.6896e-005
4.13049e-006
2.25637e-007
1.09613e-008
4.7662e-010
1.2536e-011
5.22292e-012
1.88537e-012
5.20284e-012
400.543
399.807
396.964
389.555
373.795
358.277
349.505
339.506
324.541
307.607
287.172
262.732
239.236
215.748
169.664
71.6063
11.0376
1.36337
0.141345
0.0129136
0.00103325
7.24505e-005
4.48671e-006
2.45758e-007
1.19684e-008
5.23003e-010
1.16464e-011
4.94372e-012
4.32351e-012
5.08604e-012
402.058
401.302
398.414
390.936
375.4
360.021
350.944
340.535
325.328
308.242
287.926
263.701
240.315
216.989
171.942
74.7708
11.7499
1.4522
0.150958
0.013845
0.0011109
7.81137e-005
4.85066e-006
2.66354e-007
1.29985e-008
5.67114e-010
1.3891e-011
4.90856e-012
2.05801e-012
5.2424e-012
403.435
402.653
399.707
392.172
376.955
361.674
352.249
341.438
325.984
308.773
288.591
264.598
241.341
218.169
174.088
77.8203
12.4735
1.54169
0.160663
0.014788
0.00118964
8.38677e-005
5.22112e-006
2.87351e-007
1.40526e-008
6.15467e-010
1.54747e-011
3.93144e-012
4.74683e-012
5.00185e-012
404.643
403.835
400.828
393.267
378.484
363.261
353.418
342.198
326.509
309.211
289.179
265.431
242.323
219.298
176.114
80.7548
13.2058
1.63163
0.17044
0.01574
0.00126924
8.96948e-005
5.5969e-006
3.08679e-007
1.51227e-008
6.61609e-010
1.76076e-011
5.74153e-012
2.43551e-012
5.30004e-012
405.681
404.851
401.802
394.25
380.01
364.785
354.459
342.8
326.909
309.566
289.7
266.204
243.266
220.382
178.028
83.5748
13.9442
1.72184
0.180267
0.0166984
0.00134948
9.55782e-005
5.97686e-006
3.30268e-007
1.62098e-008
7.11266e-010
1.94892e-011
3.99979e-012
5.14109e-012
5.05155e-012
406.589
405.736
402.659
395.152
381.51
366.264
355.381
343.242
327.192
309.847
290.167
266.923
244.17
221.427
179.841
86.2809
14.6864
1.81214
0.190124
0.0176611
0.00143016
0.000101502
6.3599e-006
3.52056e-007
1.73055e-008
7.58874e-010
2.1601e-011
5.96254e-012
2.26111e-012
5.55083e-012
407.407
406.53
403.432
396.009
382.957
367.707
356.19
343.539
327.373
310.066
290.589
267.591
245.035
222.439
181.562
88.8756
15.4299
1.90236
0.199992
0.0186257
0.00151108
0.000107451
6.745e-006
3.73979e-007
1.84119e-008
8.09527e-010
2.37288e-011
4.41325e-012
2.89099e-012
5.1742e-012
408.157
407.255
404.143
396.852
384.355
369.1
356.879
343.712
327.469
310.234
290.97
268.213
245.857
223.419
183.201
91.3624
16.1726
1.99234
0.209853
0.0195903
0.00159205
0.000113411
7.13118e-006
3.9598e-007
1.95204e-008
8.57948e-010
2.58902e-011
4.53393e-012
2.53902e-012
5.555e-012
408.854
407.932
404.824
397.714
385.698
370.438
357.462
343.779
327.497
310.36
291.319
268.793
246.635
224.37
184.765
93.7451
16.9126
2.08193
0.219689
0.0205529
0.00167291
0.000119369
7.51751e-006
4.18004e-007
2.06333e-008
9.08793e-010
2.80815e-011
4.33526e-012
2.46509e-012
5.48516e-012
409.511
408.577
405.501
398.63
386.982
371.701
357.954
343.755
327.471
310.454
291.64
269.334
247.365
225.294
186.263
96.0288
17.648
2.171
0.229485
0.0215118
0.0017535
0.000125312
7.90316e-006
4.40002e-007
2.17427e-008
9.57664e-010
3.03939e-011
5.54985e-012
2.97866e-012
5.85476e-012
410.151
409.213
406.195
399.613
388.196
372.862
358.349
343.655
327.399
310.524
291.938
269.844
248.043
226.189
187.704
98.2195
18.3775
2.25941
0.239225
0.0224654
0.00183366
0.000131229
8.28734e-006
4.61925e-007
2.28516e-008
1.00801e-009
3.22077e-011
4.75868e-012
3.05321e-012
5.49029e-012
410.778
409.856
406.924
400.663
389.337
373.888
358.644
343.493
327.294
310.58
292.217
270.327
248.67
227.053
189.097
100.323
19.0998
2.34705
0.248897
0.0234122
0.00191326
0.00013711
8.66933e-006
4.83732e-007
2.39521e-008
1.05648e-009
3.46864e-011
6.89148e-012
4.21926e-012
5.74306e-012
411.374
410.491
407.684
401.757
390.422
374.763
358.842
343.28
327.164
310.628
292.479
270.791
249.251
227.876
190.451
102.344
19.8138
2.43383
0.258486
0.0243508
0.00199218
0.000142945
9.04846e-006
5.05382e-007
2.50482e-008
1.10607e-009
3.64134e-011
6.05273e-012
4.42742e-012
5.31659e-012
411.914
411.102
408.462
402.848
391.467
375.496
358.95
343.019
327.014
310.673
292.727
271.235
249.791
228.646
191.774
104.288
20.5184
2.51965
0.267982
0.0252801
0.00207032
0.000148725
9.42414e-006
5.26841e-007
2.61324e-008
1.1541e-009
3.88355e-011
8.48835e-012
4.57254e-012
5.42054e-012
412.346
411.677
409.263
403.922
392.455
376.104
358.983
342.724
326.849
310.716
292.961
271.659
250.3
229.35
193.073
106.16
21.2127
2.60439
0.277375
0.0261988
0.00214757
0.000154443
9.79583e-006
5.48076e-007
2.72073e-008
1.20267e-009
4.06757e-011
7.90198e-012
4.18225e-012
5.56132e-012
412.666
412.215
410.079
404.947
393.356
376.587
358.961
342.424
326.679
310.759
293.183
272.065
250.785
229.978
194.351
107.975
21.896
2.68797
0.286654
0.027106
0.00222384
0.000160092
1.01631e-005
5.69058e-007
2.82675e-008
1.24952e-009
4.31579e-011
9.8953e-012
3.59135e-012
5.38638e-012
413.119
412.881
410.958
405.85
394.139
376.931
358.898
342.151
326.523
310.81
293.396
272.456
251.257
230.535
195.597
109.744
22.5684
2.7703
0.295811
0.0280008
0.00229906
0.000165665
1.05254e-005
5.89763e-007
2.93158e-008
1.29678e-009
4.48896e-011
9.01594e-012
3.11287e-012
5.26062e-012
413.887
413.931
412.055
406.612
394.771
377.136
358.783
341.895
326.4
310.88
293.607
272.838
251.723
231.041
196.786
111.482
23.2301
2.8513
0.304837
0.0288824
0.00237317
0.000171158
1.08824e-005
6.10167e-007
3.03468e-008
1.34231e-009
4.70013e-011
1.0215e-011
3.56212e-012
5.32416e-012
414.825
415.351
413.371
407.298
395.239
377.27
358.559
341.502
326.291
310.966
293.814
273.211
252.186
231.518
197.877
113.224
23.8827
2.93089
0.313725
0.0297501
0.00244609
0.000176565
1.12339e-005
6.30252e-007
3.13631e-008
1.38812e-009
4.85252e-011
9.40228e-012
3.07333e-012
5.11571e-012
415.563
416.788
414.541
407.867
395.552
377.415
358.17
340.714
326.077
311.017
293.977
273.537
252.609
231.957
198.818
115.08
24.5335
3.00896
0.322468
0.0306033
0.00251779
0.000181882
1.15795e-005
6.49999e-007
3.23608e-008
1.43251e-009
5.05225e-011
1.02297e-011
3.21137e-012
5.28505e-012
413.944
417.019
414.872
408.028
395.733
377.628
357.843
339.729
325.563
310.931
294.027
273.751
252.932
232.316
199.56
117.182
25.2608
3.08671
0.331069
0.0314416
0.00258822
0.000187107
1.19189e-005
6.69396e-007
3.33419e-008
1.47674e-009
5.21812e-011
9.76522e-012
2.88236e-012
5.08294e-012
408.637
415.833
413.948
407.643
395.825
377.871
357.782
339.138
324.88
310.754
294.009
273.895
253.186
232.619
200.142
119.228
26.7125
3.2896
0.354293
0.0337128
0.00277902
0.000201262
1.28385e-005
7.21929e-007
3.59959e-008
1.59482e-009
5.73917e-011
1.17869e-011
3.93373e-012
5.57238e-012
391.801
404.412
405.644
401.493
393.735
378.864
358.659
338.77
323.052
310.14
294.323
274.924
254.674
234.417
203.33
125.2
29.6538
3.65764
0.39596
0.0377524
0.00311752
0.000226369
1.44665e-005
8.14856e-007
4.06884e-008
1.80563e-009
6.47408e-011
1.40624e-011
3.58773e-012
6.51354e-012
378.449
391.548
396.304
394.251
389.054
378.228
359.959
339.377
322.211
309.688
294.977
276.301
256.52
236.548
206.617
131.018
32.8068
4.06499
0.442553
0.0422426
0.0034926
0.000254145
1.62625e-005
9.17177e-007
4.5838e-008
2.03383e-009
7.52283e-011
1.44491e-011
5.15749e-012
7.08998e-012
368.444
380.319
387.01
386.752
382.678
374.831
360.548
340.519
322.118
309.083
295.416
277.548
258.306
238.679
209.843
136.794
36.2025
4.51502
0.494478
0.0472154
0.00390639
0.000284699
1.82298e-005
1.02893e-006
5.14506e-008
2.28408e-009
8.33571e-011
1.30939e-011
5.74604e-012
6.83739e-012
360.641
370.57
377.643
379.194
376.1
369.921
359.197
341.854
322.744
308.694
295.753
278.723
260.064
240.865
213.056
142.442
39.8034
5.00875
0.552001
0.0526953
0.00436046
0.000318083
2.03677e-005
1.14984e-006
5.74892e-008
2.55054e-009
9.5761e-011
1.33671e-011
4.66714e-012
6.19494e-012
353.182
361.772
368.738
371.777
369.902
364.424
355.912
342.33
323.906
308.648
296.028
279.849
261.767
243.044
216.273
148.039
43.6004
5.54729
0.615285
0.0586956
0.00485547
0.000354274
2.26697e-005
1.27928e-006
6.39262e-008
2.83474e-009
1.04654e-010
1.19492e-011
9.183e-012
5.23148e-012
346.383
353.748
360.472
364.412
363.797
358.896
351.809
341.297
325.334
309.086
296.321
280.96
263.437
245.227
219.497
153.592
47.5962
6.13129
0.684383
0.065212
0.00539067
0.000393141
2.51222e-005
1.41616e-006
7.06758e-008
3.12928e-009
1.19006e-010
1.33533e-011
5.08658e-012
5.32028e-012
339.753
347.037
353.043
357.435
357.811
353.544
347.37
338.888
326.111
310.091
296.71
282.062
265.053
247.365
222.687
159.106
51.8165
6.76234
0.759326
0.0722205
0.00596364
0.000434404
2.77026e-005
1.5589e-006
7.76658e-008
3.433e-009
1.28002e-010
1.63153e-011
1.34921e-011
4.54222e-012
333.652
340.151
346.143
350.557
351.728
348.454
342.885
335.741
325.631
311.362
297.347
283.206
266.678
249.475
225.793
164.538
56.3059
7.44219
0.840029
0.079675
0.00656997
0.000477614
3.03777e-005
1.70537e-006
8.47548e-008
3.73615e-009
1.43346e-010
1.01521e-011
1.12951e-011
5.31639e-012
328.551
334.128
339.696
344.165
345.785
343.503
338.598
332.372
324.053
312.217
298.355
284.419
268.4
251.59
228.78
169.822
61.0827
8.17455
0.926216
0.0875058
0.007203
0.000522134
3.31032e-005
1.85292e-006
9.18256e-008
4.03632e-009
1.52033e-010
1.26068e-011
1.73634e-011
3.66827e-012
323.107
328.172
333.306
337.958
340.216
338.776
334.627
329.028
321.88
312.162
299.496
285.727
270.234
253.777
231.697
174.924
66.1883
8.96296
1.01717
0.0956154
0.00785333
0.000567154
3.58237e-005
1.99836e-006
9.86893e-008
4.32323e-009
1.66105e-010
8.01368e-012
9.04858e-012
3.2798e-012
318.661
322.32
326.61
331.639
334.792
334.176
330.928
325.869
319.542
311.374
300.329
287.067
272.121
256.034
234.59
179.853
71.5565
9.81404
1.11157
0.103872
0.00850834
0.000611711
3.84754e-005
2.13827e-006
1.0521e-007
4.5946e-009
1.73181e-010
1.52005e-011
1.79945e-011
3.91036e-012
314.367
317.356
321.23
325.697
329.105
329.372
327.234
323.026
317.275
310.141
300.655
288.388
274.02
258.332
237.483
184.613
76.8916
10.7213
1.20758
0.112114
0.00915261
0.000654731
4.09909e-005
2.2691e-006
1.11199e-007
4.83893e-009
1.8553e-010
4.79755e-012
8.20461e-012
6.61395e-012
311.162
312.94
315.933
320.01
323.588
324.693
323.474
320.258
315.131
308.779
300.514
289.537
275.944
260.687
240.386
189.169
82.0288
11.6618
1.30273
0.120137
0.00976837
0.000695058
4.33036e-005
2.38758e-006
1.1656e-007
5.0571e-009
1.914e-010
8.11184e-012
8.83819e-012
8.86873e-012
308.734
309.767
311.529
314.481
317.665
319.861
319.84
317.514
313.159
307.352
300.075
290.489
277.924
263.175
243.441
193.66
86.8888
12.5989
1.39424
0.127704
0.0103367
0.000731518
4.53535e-005
2.49103e-006
1.21174e-007
5.24126e-009
2.01768e-010
1.21346e-011
1.07387e-011
8.5577e-012
306.263
306.991
307.802
309.55
312.355
314.905
315.857
314.599
311.188
305.942
299.436
291.191
279.832
265.624
246.401
197.982
91.4581
13.5059
1.47901
0.134515
0.0108374
0.000762918
4.70916e-005
2.57779e-006
1.25045e-007
5.3964e-009
2.07474e-010
5.04017e-012
8.32819e-012
5.1678e-012
303.933
304.093
304.749
305.773
307.55
309.851
311.581
311.514
309.116
304.567
298.722
291.713
281.689
268.088
249.234
202.129
95.846
14.376
1.55437
0.14028
0.0112523
0.00078835
4.84966e-005
2.64808e-006
1.28182e-007
5.52146e-009
2.14406e-010
1.72677e-011
7.20955e-012
9.0974e-012
302.303
302.089
302.377
302.915
303.832
305.476
307.217
307.849
306.603
303.103
297.995
292.08
283.479
270.614
251.832
205.813
99.9764
15.1953
1.61699
0.144764
0.0115688
0.000807528
4.95842e-005
2.70366e-006
1.3073e-007
5.62642e-009
2.20299e-010
6.64356e-012
1.71943e-012
9.28352e-012
300.384
300.529
300.403
300.48
301.324
302.495
302.997
303.456
303.723
301.619
297.228
292.217
285.144
273.32
254.529
208.99
103.427
15.883
1.6636
0.147967
0.0117964
0.000821507
5.0432e-005
2.74805e-006
1.32824e-007
5.71449e-009
2.22798e-010
1.11764e-011
6.18024e-012
4.70252e-012
298.746
298.776
298.782
298.687
298.968
299.743
299.931
299.957
300.464
299.678
296.359
292.138
286.545
276.239
257.915
212.018
105.674
16.3025
1.6917
0.150238
0.0119591
0.00083285
5.11297e-005
2.78622e-006
1.34647e-007
5.79198e-009
2.30791e-010
1.18949e-011
6.04754e-012
8.55482e-012
297.568
297.543
297.52
297.379
297.325
297.38
297.101
296.919
297.012
296.849
295.128
292.085
287.889
279.093
261.413
214.776
106.977
16.4793
1.71018
0.152077
0.0121041
0.000843304
5.17676e-005
2.82116e-006
1.36289e-007
5.86492e-009
2.30785e-010
9.36692e-012
4.84368e-012
6.68188e-012
296.905
296.661
296.284
296.086
295.908
295.721
295.361
294.876
294.994
294.959
293.363
291.168
288.198
281.115
264.815
217.79
107.965
16.5733
1.72673
0.153782
0.0122402
0.000852944
5.23597e-005
2.85336e-006
1.37841e-007
5.92919e-009
2.37334e-010
1.02267e-011
2.29282e-012
3.75346e-012
295.967
295.77
295.656
295.509
295.304
294.869
294.231
293.462
292.933
292.712
291.951
290.68
288.534
282.658
267.426
220.143
108.549
16.6293
1.74117
0.155313
0.0123632
0.000861962
5.29329e-005
2.88442e-006
1.39334e-007
5.9947e-009
2.35452e-010
7.61755e-012
7.99476e-012
1.2209e-011
295.424
295.306
295.267
295.063
294.788
294.318
293.662
292.842
292.001
291.49
290.977
290.082
288.285
283.217
269.057
222.181
109.283
16.6532
1.7532
0.156721
0.0124836
0.000870971
5.35037e-005
2.91424e-006
1.40739e-007
6.04556e-009
2.42709e-010
1.62884e-011
9.40296e-012
7.41128e-012
295.312
295.162
294.903
294.658
294.469
294.044
293.379
292.573
291.645
290.851
290.259
289.575
288.054
283.546
270.146
223.568
109.866
16.7222
1.76897
0.158438
0.0126246
0.000880881
5.4082e-005
2.94297e-006
1.41975e-007
6.09792e-009
2.36174e-010
6.33072e-012
1.56782e-011
9.61645e-012
294.848
294.833
294.915
294.648
294.321
293.889
293.244
292.467
291.533
290.632
289.915
289.221
287.78
283.479
270.569
224.44
110.556
16.8719
1.78783
0.160231
0.0127609
0.000889764
5.45532e-005
2.96488e-006
1.42839e-007
6.12384e-009
2.48134e-010
2.00514e-011
1.60725e-011
2.73181e-012
294.879
294.78
294.608
294.406
294.228
293.883
293.27
292.445
291.473
290.523
289.71
288.952
287.561
283.382
270.628
224.923
111.499
17.1158
1.80981
0.161976
0.0128879
0.000897188
5.49344e-005
2.98122e-006
1.43455e-007
6.14683e-009
2.32535e-010
2.08589e-011
2.36599e-011
5.48424e-012
294.882
294.848
294.611
294.345
294.142
293.807
293.26
292.467
291.488
290.522
289.637
288.755
287.265
283.097
270.519
225.394
112.571
17.3636
1.83147
0.163361
0.012978
0.000901465
5.51249e-005
2.98814e-006
1.43685e-007
6.14929e-009
2.44292e-010
1.64234e-011
3.58761e-012
6.63922e-012
294.866
294.759
294.576
294.363
294.15
293.811
293.295
292.507
291.511
290.516
289.575
288.622
287.061
282.897
270.48
225.814
113.457
17.5772
1.84668
0.164289
0.0130343
0.000903976
5.52307e-005
2.99162e-006
1.43773e-007
6.15228e-009
2.26607e-010
2.48205e-011
1.25259e-011
1.33238e-011
294.869
294.618
294.535
294.43
294.203
293.816
293.269
292.505
291.536
290.536
289.587
288.618
287.027
282.834
270.48
226.105
114.031
17.6992
1.8528
0.164578
0.0130469
0.000904281
5.52338e-005
2.99119e-006
1.43755e-007
6.15454e-009
2.37739e-010
5.62362e-012
7.01371e-012
3.2908e-011
294.678
294.491
294.432
294.303
294.117
293.787
293.265
292.51
291.548
290.552
289.608
288.643
287.052
282.858
270.551
226.315
114.318
17.7505
1.85484
0.164653
0.0130482
0.000904195
5.5224e-005
2.99053e-006
1.43714e-007
6.151e-009
2.19133e-010
1.69872e-011
5.40122e-012
1.44803e-011
294.586
294.436
294.391
294.273
294.095
293.771
293.25
292.504
291.553
290.563
289.631
288.685
287.119
282.95
270.66
226.414
114.352
17.7464
1.85398
0.16458
0.0130423
0.000903859
5.5207e-005
2.98978e-006
1.43699e-007
6.15788e-009
2.33008e-010
1.13841e-011
1.15879e-011
1.90735e-011
294.547
294.407
294.368
294.255
294.084
293.763
293.241
292.499
291.555
290.57
289.645
288.712
287.166
283.019
270.739
226.462
114.33
17.7348
1.8531
0.164521
0.0130382
0.000903656
5.51975e-005
2.98938e-006
1.43679e-007
6.15205e-009
2.18401e-010
2.01801e-011
4.53359e-012
3.38918e-011
294.53
294.393
294.357
294.245
294.077
293.758
293.236
292.495
291.556
290.573
289.652
288.727
287.194
283.061
270.786
226.48
114.295
17.7235
1.85243
0.164483
0.0130358
0.000903547
5.51927e-005
2.98921e-006
1.43677e-007
6.16689e-009
2.33641e-010
7.77023e-013
7.75071e-012
5.20056e-012
294.524
294.387
294.352
294.241
294.074
293.756
293.233
292.493
291.556
290.574
289.655
288.733
287.206
283.08
270.808
226.488
114.275
17.7176
1.85212
0.164466
0.0130348
0.000903505
5.51909e-005
2.98914e-006
1.4367e-007
6.14571e-009
2.19553e-010
1.51015e-011
5.09739e-012
1.73725e-011
294.521
294.385
294.35
294.239
294.073
293.755
293.232
292.493
291.556
290.575
289.656
288.735
287.211
283.088
270.817
226.49
114.266
17.7151
1.85199
0.164459
0.0130344
0.00090349
5.51903e-005
2.98912e-006
1.43673e-007
6.16527e-009
2.37895e-010
3.77261e-012
7.39894e-012
1.60036e-011
294.52
294.384
294.349
294.239
294.073
293.755
293.232
292.492
291.556
290.575
289.656
288.736
287.212
283.09
270.819
226.491
114.263
17.7142
1.85195
0.164457
0.0130343
0.000903485
5.51901e-005
2.98912e-006
1.43661e-007
6.14178e-009
2.25651e-010
1.95277e-011
3.44402e-011
1.61852e-011
294.52
294.384
294.349
294.238
294.073
293.755
293.232
292.492
291.556
290.575
289.657
288.736
287.213
283.091
270.82
226.491
114.262
17.7139
1.85194
0.164456
0.0130343
0.000903484
5.51901e-005
2.98911e-006
1.43669e-007
6.1628e-009
2.40563e-010
4.82451e-012
9.84153e-012
9.4023e-012
294.52
294.384
294.349
294.238
294.073
293.755
293.232
292.492
291.556
290.575
289.657
288.737
287.213
283.091
270.821
226.491
114.262
17.7138
1.85194
0.164456
0.0130343
0.000903484
5.51901e-005
2.98912e-006
1.43659e-007
6.13585e-009
2.27528e-010
3.01154e-011
1.15891e-012
2.07607e-011
294.52
294.384
294.349
294.238
294.073
293.755
293.232
292.492
291.556
290.575
289.657
288.737
287.213
283.091
270.821
226.491
114.261
17.7138
1.85194
0.164456
0.0130343
0.000903484
5.51901e-005
2.98911e-006
1.43674e-007
6.1617e-009
2.39696e-010
2.67132e-012
9.59341e-012
7.21991e-012
294.52
294.384
294.349
294.238
294.073
293.755
293.232
292.492
291.556
290.575
289.657
288.737
287.213
283.091
270.821
226.491
114.261
17.7138
1.85193
0.164456
0.0130343
0.000903484
5.51901e-005
2.98911e-006
1.43658e-007
6.13632e-009
2.31178e-010
3.08105e-011
2.08338e-011
2.26938e-011
294.52
294.384
294.349
294.238
294.073
293.755
293.232
292.492
291.556
290.575
289.657
288.737
287.213
283.091
270.821
226.491
114.261
17.7138
1.85193
0.164456
0.0130343
0.000903484
5.51901e-005
2.98911e-006
1.43676e-007
6.15494e-009
2.4187e-010
1.84355e-011
2.02902e-011
1.58483e-011
294.52
294.384
294.349
294.238
294.073
293.755
293.232
292.492
291.556
290.575
289.657
288.737
287.213
283.091
270.821
226.491
114.261
17.7138
1.85193
0.164456
0.0130343
0.000903484
5.51901e-005
2.98911e-006
1.43648e-007
6.13543e-009
2.37637e-010
2.59497e-011
1.06563e-011
2.42842e-011
294.52
294.384
294.349
294.238
294.073
293.755
293.232
292.492
291.556
290.575
289.657
288.737
287.213
283.091
270.821
226.491
114.261
17.7138
1.85193
0.164456
0.0130343
0.000903484
5.51901e-005
2.98911e-006
1.4368e-007
6.16499e-009
2.36318e-010
1.85536e-011
9.70619e-012
2.04747e-011
294.52
294.384
294.349
294.238
294.073
293.755
293.232
292.492
291.556
290.575
289.657
288.737
287.213
283.091
270.821
226.491
114.261
17.7138
1.85193
0.164456
0.0130343
0.000903484
5.51901e-005
2.98911e-006
1.43648e-007
6.14309e-009
2.34499e-010
2.5139e-011
7.02043e-012
1.85479e-011
294.52
294.384
294.349
294.238
294.073
293.755
293.232
292.492
291.556
290.575
289.657
288.737
287.213
283.091
270.821
226.491
114.261
17.7138
1.85193
0.164456
0.0130343
0.000903484
5.51901e-005
2.9891e-006
1.43668e-007
6.15463e-009
2.33277e-010
1.3215e-011
2.21093e-011
5.1518e-011
294.52
294.384
294.349
294.238
294.073
293.755
293.232
292.492
291.556
290.575
289.657
288.737
287.213
283.091
270.821
226.491
114.261
17.7138
1.85193
0.164456
0.0130343
0.000903484
5.51901e-005
2.98911e-006
1.43656e-007
6.14893e-009
2.31495e-010
1.67985e-011
2.64697e-011
2.01081e-011
294.52
294.384
294.349
294.238
294.073
293.755
293.232
292.492
291.556
290.575
289.657
288.737
287.213
283.091
270.821
226.491
114.261
17.7138
1.85193
0.164456
0.0130343
0.000903484
5.51901e-005
2.9891e-006
1.43669e-007
6.15316e-009
2.30695e-010
1.49004e-011
7.32543e-012
1.06936e-011
294.52
294.384
294.349
294.238
294.073
293.755
293.232
292.492
291.556
290.575
289.657
288.737
287.213
283.091
270.821
226.491
114.261
17.7138
1.85193
0.164456
0.0130343
0.000903484
5.51901e-005
2.9891e-006
1.43663e-007
6.15591e-009
2.32643e-010
1.307e-011
3.05284e-011
4.28498e-011
294.52
294.384
294.349
294.238
294.073
293.755
293.232
292.492
291.556
290.575
289.657
288.737
287.213
283.091
270.821
226.491
114.261
17.7138
1.85193
0.164456
0.0130343
0.000903484
5.51901e-005
2.9891e-006
1.43664e-007
6.16051e-009
2.35549e-010
7.23878e-012
1.97487e-011
4.45375e-011
)
;

boundaryField
{
    inlet
    {
        type            calculated;
        value           nonuniform List<scalar> 
100
(
7.88758e-006
7.88759e-006
7.88758e-006
7.88759e-006
7.88758e-006
7.88759e-006
7.88758e-006
7.88759e-006
7.88758e-006
7.88759e-006
7.88758e-006
7.88759e-006
7.88758e-006
7.88759e-006
7.88758e-006
7.88759e-006
7.88758e-006
7.88759e-006
7.88758e-006
7.88759e-006
7.88758e-006
7.88759e-006
7.88758e-006
7.88759e-006
7.88758e-006
7.8876e-006
7.88758e-006
7.8876e-006
7.88758e-006
7.8876e-006
7.88758e-006
7.8876e-006
7.88759e-006
7.8876e-006
7.88759e-006
7.8876e-006
7.88759e-006
7.8876e-006
7.88759e-006
7.88759e-006
7.88759e-006
7.88759e-006
7.88759e-006
7.8876e-006
7.88759e-006
7.88759e-006
7.88758e-006
7.88758e-006
7.88758e-006
7.88758e-006
7.88759e-006
7.88759e-006
7.88759e-006
7.88759e-006
7.88759e-006
7.88759e-006
7.88759e-006
7.88759e-006
7.88759e-006
7.88759e-006
7.88759e-006
7.88759e-006
7.88759e-006
7.88758e-006
7.88759e-006
7.88758e-006
7.88758e-006
7.88758e-006
7.88758e-006
7.88758e-006
7.88758e-006
7.88758e-006
7.88758e-006
7.88758e-006
7.88758e-006
7.88758e-006
7.88758e-006
7.88758e-006
7.88758e-006
7.88758e-006
7.88758e-006
7.88758e-006
7.88758e-006
7.88758e-006
7.88758e-006
7.88758e-006
7.88758e-006
7.88758e-006
7.88758e-006
7.88758e-006
7.88758e-006
7.88758e-006
7.88758e-006
7.88758e-006
7.88758e-006
7.88758e-006
7.88758e-006
7.88758e-006
7.88758e-006
7.88758e-006
)
;
    }
    outlet
    {
        type            calculated;
        value           nonuniform List<scalar> 
100
(
5.57238e-012
6.51354e-012
7.08998e-012
6.83739e-012
6.19494e-012
5.23148e-012
5.32028e-012
4.54222e-012
5.31639e-012
3.66827e-012
3.2798e-012
3.91036e-012
6.61395e-012
8.86873e-012
8.5577e-012
5.1678e-012
9.0974e-012
9.28352e-012
4.70252e-012
8.55482e-012
6.68188e-012
3.75346e-012
1.2209e-011
7.41128e-012
9.61645e-012
2.73181e-012
5.48424e-012
6.63922e-012
1.33238e-011
3.2908e-011
1.44803e-011
1.90735e-011
3.38918e-011
5.20056e-012
1.73725e-011
1.60036e-011
1.61852e-011
9.4023e-012
2.07607e-011
7.21991e-012
2.26938e-011
1.58483e-011
2.42842e-011
2.04747e-011
1.85479e-011
5.1518e-011
2.01081e-011
1.06936e-011
4.28498e-011
4.45375e-011
7.09095e-012
7.32534e-012
8.32002e-012
8.13618e-012
8.35459e-012
9.46182e-012
7.7318e-012
7.86294e-012
6.83508e-012
7.68736e-012
8.01904e-012
8.71865e-012
9.39983e-012
8.72807e-012
9.21685e-012
6.76811e-012
7.62425e-012
6.89444e-012
6.52534e-012
5.76738e-012
7.56082e-012
6.17705e-012
8.67961e-012
5.94036e-012
7.16771e-012
5.34639e-012
5.77101e-012
5.10095e-012
5.20284e-012
5.08604e-012
5.2424e-012
5.00185e-012
5.30004e-012
5.05155e-012
5.55083e-012
5.1742e-012
5.555e-012
5.48516e-012
5.85476e-012
5.49029e-012
5.74306e-012
5.31659e-012
5.42054e-012
5.56132e-012
5.38638e-012
5.26062e-012
5.32416e-012
5.11571e-012
5.28505e-012
5.08294e-012
)
;
    }
    bottom
    {
        type            symmetryPlane;
    }
    top
    {
        type            symmetryPlane;
    }
    obstacle
    {
        type            calculated;
        value           nonuniform List<scalar> 
120
(
291.611
291.605
291.602
291.603
291.606
291.605
291.607
291.603
291.601
291.601
291.597
291.592
291.59
291.589
291.59
291.588
291.591
291.594
291.59
291.59
291.591
291.593
291.594
291.592
291.591
291.59
291.588
291.588
291.592
291.595
291.599
291.602
291.607
291.612
291.618
291.624
291.631
291.639
291.646
291.654
291.662
291.671
291.681
291.692
291.706
291.721
291.738
291.756
291.775
291.795
22.0767
22.435
24.5891
25.5094
27.3694
30.4622
38.7302
53.7023
77.498
103.764
131.651
167.197
211.347
249.165
280.562
311.376
334.458
349.935
360.615
368.385
374.352
379.122
383.151
386.631
389.627
392.306
394.723
396.893
398.835
400.543
402.058
403.435
404.643
405.681
406.589
407.407
408.157
408.854
409.511
410.151
410.778
411.374
411.914
412.346
412.666
413.119
413.887
414.825
415.563
413.944
292.338
293.032
294.292
296.038
297.78
299.458
300.829
301.822
303.076
304.65
306.572
308.984
312.035
316.049
321.203
326.965
333.959
344.259
357.588
379.529
)
;
    }
    defaultFaces
    {
        type            empty;
    }
}


// ************************************************************************* //
