/*--------------------------------*- C++ -*----------------------------------*\
| =========                 |                                                 |
| \\      /  F ield         | OpenFOAM: The Open Source CFD Toolbox           |
|  \\    /   O peration     | Version:  5.x                                   |
|   \\  /    A nd           | Web:      www.OpenFOAM.org                      |
|    \\/     M anipulation  |                                                 |
\*---------------------------------------------------------------------------*/
/*   Windows 32 and 64 bit porting by blueCAPE: http://www.bluecape.com.pt   *\
|  Based on Windows porting (2.0.x v4) by Symscape: http://www.symscape.com   |
\*---------------------------------------------------------------------------*/
FoamFile
{
    version     2.0;
    format      ascii;
    class       volScalarField;
    location    "0.006";
    object      p;
}
// * * * * * * * * * * * * * * * * * * * * * * * * * * * * * * * * * * * * * //

dimensions      [1 -1 -2 0 0 0 0];

internalField   nonuniform List<scalar> 
10000
(
100000
100000
99999.9
99999.5
99997.7
99990.3
99962.5
99869.8
99604.1
98950
97567.7
95045.3
91193.3
86211.4
80693.8
75108.8
69852.1
64949.7
60524.5
56409.7
52784.6
49426.6
46450.5
43787.2
41403.2
39308.2
37485.3
35885.2
34578.9
33489.4
32589.2
31903.7
31376.1
31014.2
30736.7
30562.8
30508.1
30452.2
30424.7
30420.8
30421.3
30423.5
30429
30428.5
30423
30423.4
30426.5
30423.9
30425.4
30428.1
30426.4
30427
30430.4
30428.5
30423
30414.1
30416.8
30439.5
30433.7
30406.9
100000
100000
99999.9
99999.5
99997.7
99990.3
99962.5
99869.8
99604.1
98950
97567.7
95045.3
91193.3
86211.4
80693.8
75108.8
69852.1
64949.7
60524.5
56409.7
52784.6
49426.6
46450.5
43787.2
41403.2
39308.2
37485.3
35885.2
34578.9
33489.4
32589.2
31903.7
31376.1
31014.2
30736.7
30562.8
30508.1
30452.2
30424.7
30420.9
30421.4
30423.5
30429
30428.4
30423.1
30423.3
30426
30423.5
30425.2
30428.3
30427.8
30426.6
30426.3
30429.4
30430.2
30410.9
30413.2
30440.4
30431.3
30409.6
100000
100000
99999.9
99999.5
99997.7
99990.3
99962.5
99869.8
99604.1
98950
97567.7
95045.3
91193.3
86211.4
80693.8
75108.8
69852.1
64949.7
60524.5
56409.7
52784.6
49426.6
46450.5
43787.2
41403.2
39308.2
37485.3
35885.2
34578.9
33489.4
32589.2
31903.7
31376.1
31014.2
30736.7
30562.8
30508.1
30452.1
30424.8
30421
30421.5
30423.6
30429
30428.4
30423
30423.1
30425.7
30423.5
30425
30429.1
30428.6
30426.1
30425
30425.5
30430.7
30416.4
30413.4
30437
30429.6
30410.9
100000
100000
99999.9
99999.5
99997.7
99990.3
99962.5
99869.8
99604.1
98950
97567.7
95045.3
91193.3
86211.4
80693.8
75108.8
69852.1
64949.7
60524.5
56409.7
52784.6
49426.6
46450.5
43787.2
41403.2
39308.2
37485.3
35885.2
34578.9
33489.4
32589.2
31903.7
31376.1
31014.2
30736.7
30562.8
30508.1
30452
30425
30421.3
30421.7
30423.7
30429.1
30428.5
30422.8
30422.9
30425.8
30423.8
30425
30428.8
30428
30426.8
30425.1
30423.3
30427.6
30421.8
30416
30432.5
30431.1
30409.6
100000
100000
99999.9
99999.5
99997.7
99990.3
99962.5
99869.8
99604.1
98950
97567.7
95045.3
91193.3
86211.4
80693.8
75108.8
69852.1
64949.7
60524.5
56409.7
52784.6
49426.6
46450.5
43787.2
41403.2
39308.2
37485.3
35885.2
34578.9
33489.4
32589.2
31903.7
31376.1
31014.2
30736.7
30562.8
30508.1
30452
30425.1
30421.5
30422
30423.9
30429.2
30428.7
30422.7
30422.9
30426.1
30423.8
30425.1
30428.7
30428.1
30427.5
30425.1
30421.7
30426
30425.4
30417.6
30429.4
30432.9
30408
100000
100000
99999.9
99999.5
99997.7
99990.3
99962.5
99869.8
99604.1
98950
97567.7
95045.3
91193.3
86211.4
80693.8
75108.8
69852.1
64949.7
60524.5
56409.7
52784.6
49426.6
46450.5
43787.2
41403.2
39308.2
37485.3
35885.2
34578.9
33489.4
32589.2
31903.7
31376.1
31014.2
30736.7
30562.7
30508.1
30451.9
30425.3
30421.8
30422.2
30424.1
30429.3
30428.9
30422.6
30422.8
30426.4
30424
30425.3
30428.8
30428.5
30428.1
30423.7
30422.1
30428.2
30425.3
30415
30428.9
30435.5
30405.6
100000
100000
99999.9
99999.5
99997.7
99990.3
99962.5
99869.8
99604.1
98950
97567.7
95045.3
91193.3
86211.4
80693.8
75108.8
69852.1
64949.7
60524.5
56409.7
52784.6
49426.6
46450.5
43787.2
41403.2
39308.2
37485.3
35885.2
34578.9
33489.4
32589.2
31903.7
31376.1
31014.2
30736.7
30562.7
30508.1
30451.8
30425.4
30421.9
30422.3
30424.3
30429.5
30429
30422.8
30423
30426.7
30424.6
30425.7
30428.8
30428.7
30427.3
30422.9
30424.5
30430.9
30420.4
30411.1
30431
30436.7
30405.6
100000
100000
99999.9
99999.5
99997.7
99990.3
99962.5
99869.8
99604.1
98950
97567.7
95045.3
91193.3
86211.4
80693.8
75108.8
69852.1
64949.7
60524.5
56409.7
52784.6
49426.6
46450.5
43787.2
41403.2
39308.2
37485.3
35885.2
34578.9
33489.4
32589.2
31903.7
31376.1
31014.2
30736.7
30562.7
30508.1
30451.8
30425.5
30422
30422.4
30424.4
30429.6
30429.2
30423.2
30423.4
30427.3
30425
30426
30428.3
30428.7
30425.5
30423.4
30427
30432
30414.7
30410.2
30433.4
30434.2
30407.8
100000
100000
99999.9
99999.5
99997.7
99990.3
99962.5
99869.8
99604.1
98950
97567.7
95045.3
91193.3
86211.4
80693.8
75108.8
69852.1
64949.7
60524.5
56409.7
52784.6
49426.6
46450.5
43787.2
41403.2
39308.2
37485.3
35885.2
34578.9
33489.4
32589.2
31903.7
31376.1
31014.2
30736.7
30562.7
30508.1
30451.8
30425.5
30422.1
30422.5
30424.5
30429.8
30429.5
30423.7
30424
30427.9
30425
30426
30428.6
30429
30426.1
30422.7
30425.4
30432
30415.2
30409.4
30435.9
30435.8
30403.2
100000
100000
99999.9
99999.5
99997.7
99990.3
99962.5
99869.8
99604.1
98950
97567.7
95045.3
91193.3
86211.4
80693.8
75108.8
69852.1
64949.7
60524.5
56409.7
52784.6
49426.6
46450.5
43787.2
41403.2
39308.2
37485.3
35885.2
34578.9
33489.4
32589.2
31903.7
31376.1
31014.2
30736.7
30562.6
30508.1
30451.9
30425.5
30422.2
30422.6
30424.6
30430
30429.7
30424.1
30424.4
30428.2
30424.8
30425.6
30428.9
30430.4
30426.7
30423.6
30423.4
30428.9
30419.6
30410.6
30434
30438
30396.8
100000
100000
99999.9
99999.5
99997.7
99990.3
99962.5
99869.8
99604.1
98950
97567.7
95045.3
91193.3
86211.4
80693.8
75108.8
69852.1
64949.7
60524.5
56409.7
52784.6
49426.6
46450.5
43787.2
41403.2
39308.2
37485.3
35885.2
34578.9
33489.4
32589.2
31903.7
31376.1
31014.2
30736.7
30562.6
30508
30451.9
30425.4
30422.2
30422.7
30424.7
30430.1
30429.9
30424.4
30424.6
30428
30424.4
30425.4
30428.9
30430.8
30427.6
30424.6
30423.4
30427.4
30420.3
30409.7
30429.8
30439.9
30394
100000
100000
99999.9
99999.5
99997.7
99990.3
99962.5
99869.8
99604.1
98950
97567.7
95045.3
91193.3
86211.4
80693.8
75108.8
69852.1
64949.7
60524.5
56409.7
52784.6
49426.6
46450.5
43787.2
41403.2
39308.2
37485.3
35885.2
34578.9
33489.4
32589.2
31903.7
31376.1
31014.2
30736.7
30562.6
30507.9
30451.9
30425.4
30422.3
30422.7
30424.7
30430.2
30430
30424.5
30424.6
30427.7
30424.3
30425.7
30428.4
30430.1
30427.9
30424.2
30422.6
30429.4
30420.7
30405.4
30429.3
30442.2
30393.5
100000
100000
99999.9
99999.5
99997.7
99990.3
99962.5
99869.8
99604.1
98950
97567.7
95045.3
91193.3
86211.4
80693.8
75108.8
69852.1
64949.7
60524.5
56409.7
52784.6
49426.6
46450.5
43787.2
41403.2
39308.2
37485.3
35885.2
34578.9
33489.4
32589.2
31903.7
31376.1
31014.2
30736.7
30562.6
30507.9
30451.9
30425.4
30422.3
30422.8
30424.8
30430.2
30430
30424.5
30424.6
30427.6
30424.4
30426
30428.2
30428.5
30428
30423.9
30421.5
30431.2
30424.1
30403.2
30427.4
30445.4
30394.5
100000
100000
99999.9
99999.5
99997.7
99990.3
99962.5
99869.8
99604.1
98950
97567.7
95045.3
91193.3
86211.4
80693.8
75108.8
69852.1
64949.7
60524.5
56409.7
52784.6
49426.6
46450.5
43787.2
41403.2
39308.2
37485.3
35885.2
34578.9
33489.4
32589.2
31903.7
31376.1
31014.2
30736.7
30562.6
30507.8
30451.9
30425.4
30422.4
30422.9
30424.8
30430.2
30430
30424.4
30424.6
30427.6
30424.4
30425.9
30428.5
30428
30427.7
30423
30423
30432.4
30425.1
30405
30424.3
30444.4
30398.1
100000
100000
99999.9
99999.5
99997.7
99990.3
99962.5
99869.8
99604.1
98950
97567.7
95045.3
91193.3
86211.4
80693.8
75108.8
69852.1
64949.7
60524.5
56409.7
52784.6
49426.6
46450.5
43787.2
41403.2
39308.2
37485.3
35885.2
34578.9
33489.4
32589.2
31903.7
31376.1
31014.2
30736.7
30562.5
30507.7
30451.9
30425.5
30422.4
30422.9
30424.9
30430.2
30430.1
30424.3
30424.5
30427.5
30424.4
30425.5
30429.9
30428.8
30426.8
30422.9
30423.2
30433
30422.5
30406.9
30424.7
30438.4
30401.8
100000
100000
99999.9
99999.5
99997.7
99990.3
99962.5
99869.8
99604.1
98950
97567.7
95045.3
91193.3
86211.4
80693.8
75108.8
69852.1
64949.7
60524.5
56409.7
52784.6
49426.6
46450.5
43787.2
41403.2
39308.2
37485.3
35885.2
34578.9
33489.4
32589.2
31903.7
31376.1
31014.2
30736.7
30562.5
30507.6
30451.9
30425.5
30422.5
30423
30424.9
30430.2
30430
30424.3
30424.4
30427.6
30424.8
30425.5
30430.9
30428.2
30424.6
30424.5
30424.5
30430.6
30420.9
30408.3
30425.9
30434.2
30404.8
100000
100000
99999.9
99999.5
99997.7
99990.3
99962.5
99869.8
99604.1
98950
97567.7
95045.3
91193.3
86211.4
80693.8
75108.8
69852.1
64949.7
60524.5
56409.7
52784.6
49426.6
46450.5
43787.2
41403.2
39308.2
37485.3
35885.2
34578.9
33489.4
32589.2
31903.7
31376.1
31014.2
30736.7
30562.5
30507.6
30451.9
30425.6
30422.6
30423
30425
30430.2
30429.9
30424.2
30424.4
30427.6
30425.2
30425.4
30430.8
30427.9
30424.5
30425.6
30425.9
30426.5
30423.4
30406.6
30426.1
30434.9
30406.7
100000
100000
99999.9
99999.5
99997.7
99990.3
99962.5
99869.8
99604.1
98950
97567.7
95045.3
91193.3
86211.4
80693.8
75108.8
69852.1
64949.7
60524.5
56409.7
52784.6
49426.6
46450.5
43787.2
41403.2
39308.2
37485.3
35885.2
34578.9
33489.4
32589.2
31903.7
31376.1
31014.2
30736.7
30562.5
30507.5
30451.9
30425.7
30422.6
30423.1
30425.1
30430.3
30429.9
30424.1
30424.3
30427.6
30425.6
30425.2
30430.2
30427.7
30425.8
30426.9
30423.5
30425.7
30425.2
30407.9
30425.6
30438
30404.2
100000
100000
99999.9
99999.5
99997.7
99990.3
99962.5
99869.8
99604.1
98950
97567.7
95045.3
91193.3
86211.4
80693.8
75108.8
69852.1
64949.7
60524.5
56409.7
52784.6
49426.6
46450.5
43787.2
41403.2
39308.2
37485.3
35885.2
34578.9
33489.4
32589.2
31903.7
31376.1
31014.2
30736.7
30562.5
30507.4
30451.8
30425.8
30422.6
30423.1
30425.1
30430.3
30429.9
30423.9
30424.1
30427.7
30425.8
30425.1
30429.5
30427.7
30427.9
30426.3
30420.5
30425.7
30426
30411
30424.2
30441.2
30400.5
100000
100000
99999.9
99999.5
99997.7
99990.3
99962.5
99869.8
99604.1
98950
97567.7
95045.3
91193.3
86211.4
80693.8
75108.8
69852.1
64949.7
60524.5
56409.7
52784.6
49426.6
46450.5
43787.2
41403.2
39308.2
37485.3
35885.2
34578.9
33489.4
32589.2
31903.7
31376.1
31014.2
30736.7
30562.5
30507.4
30451.7
30425.9
30422.6
30423.1
30425.1
30430.4
30429.9
30423.9
30424.1
30427.7
30425.9
30425.5
30429.5
30427.4
30427.9
30425.2
30419.9
30426.4
30426.1
30411.5
30422.2
30444.8
30400.3
100000
100000
99999.9
99999.5
99997.7
99990.3
99962.5
99869.8
99604.1
98950
97567.7
95045.3
91193.3
86211.4
80693.8
75108.8
69852.1
64949.7
60524.5
56409.7
52784.6
49426.6
46450.5
43787.2
41403.2
39308.2
37485.3
35885.2
34578.9
33489.4
32589.2
31903.7
31376.1
31014.2
30736.7
30562.5
30507.3
30451.6
30426
30422.6
30423.1
30425.1
30430.5
30430
30424
30424.1
30427.6
30425.8
30426.1
30429.7
30427.4
30426.8
30424.1
30420.5
30427.8
30426.9
30410.2
30422
30445.5
30402.9
100000
100000
99999.9
99999.5
99997.7
99990.3
99962.5
99869.8
99604.1
98950
97567.7
95045.3
91193.3
86211.4
80693.8
75108.8
69852.1
64949.7
60524.5
56409.7
52784.6
49426.6
46450.5
43787.2
41403.2
39308.2
37485.3
35885.2
34578.9
33489.4
32589.2
31903.7
31376.1
31014.2
30736.7
30562.5
30507.2
30451.5
30426.2
30422.6
30423.1
30425.1
30430.5
30430.1
30424.1
30424
30427.4
30425.5
30426.3
30429.8
30428.9
30426.1
30421.6
30420.9
30429.1
30427.4
30409.7
30422
30444.5
30404.5
100000
100000
99999.9
99999.5
99997.7
99990.3
99962.5
99869.8
99604.1
98950
97567.7
95045.3
91193.3
86211.4
80693.8
75108.8
69852.1
64949.7
60524.5
56409.7
52784.6
49426.6
46450.5
43787.2
41403.2
39308.2
37485.3
35885.2
34578.9
33489.4
32589.2
31903.7
31376.1
31014.2
30736.7
30562.5
30507.2
30451.4
30426.3
30422.6
30423.1
30425.1
30430.6
30430.1
30424.2
30423.9
30427.2
30425
30426.1
30429.8
30429.5
30426.4
30420.2
30420.8
30429.8
30428.4
30409.7
30422
30442.4
30405.3
100000
100000
99999.9
99999.5
99997.7
99990.3
99962.5
99869.8
99604.1
98950
97567.7
95045.3
91193.3
86211.4
80693.8
75108.8
69852.1
64949.7
60524.5
56409.7
52784.6
49426.6
46450.5
43787.2
41403.2
39308.2
37485.3
35885.2
34578.9
33489.4
32589.2
31903.7
31376.1
31014.2
30736.7
30562.4
30507.1
30451.3
30426.3
30422.6
30423.1
30425.2
30430.6
30430.1
30424.2
30423.9
30427.2
30425
30425.6
30429.1
30430.7
30427
30418.9
30421.5
30430.4
30429.1
30408.2
30421.4
30438.8
30406
100000
100000
99999.9
99999.5
99997.7
99990.3
99962.5
99869.8
99604.1
98950
97567.7
95045.3
91193.3
86211.4
80693.8
75108.8
69852.1
64949.7
60524.5
56409.7
52784.6
49426.6
46450.5
43787.2
41403.2
39308.2
37485.3
35885.2
34578.9
33489.4
32589.2
31903.7
31376.1
31014.2
30736.7
30562.4
30507.1
30451.2
30426.4
30422.7
30423.2
30425.2
30430.7
30430.1
30424.1
30423.9
30427.4
30424.8
30425.2
30427.9
30432.1
30427.9
30418.7
30422.7
30429.5
30428.1
30406.6
30419.8
30434.4
30406.6
100000
100000
99999.9
99999.5
99997.7
99990.3
99962.5
99869.8
99604.1
98950
97567.7
95045.3
91193.3
86211.4
80693.8
75108.8
69852.1
64949.7
60524.5
56409.7
52784.6
49426.6
46450.5
43787.2
41403.2
39308.2
37485.3
35885.2
34578.9
33489.4
32589.2
31903.7
31376.1
31014.2
30736.7
30562.4
30507
30451
30426.4
30422.9
30423.3
30425.3
30430.7
30430.1
30424
30423.8
30427.3
30424.8
30424.6
30428.1
30432
30429.1
30419.5
30423
30425.8
30425.6
30407.5
30419.6
30430.4
30408.3
100000
100000
99999.9
99999.5
99997.7
99990.3
99962.5
99869.8
99604.1
98950
97567.7
95045.3
91193.3
86211.4
80693.8
75108.8
69852.1
64949.7
60524.5
56409.7
52784.6
49426.6
46450.5
43787.2
41403.2
39308.2
37485.3
35885.2
34578.9
33489.4
32589.2
31903.7
31376.1
31014.2
30736.7
30562.4
30507
30450.9
30426.5
30423.1
30423.5
30425.5
30430.8
30430.2
30424
30423.8
30427.1
30424.7
30424
30429
30431.1
30428.7
30422.7
30421.3
30421.2
30423.8
30410.4
30421
30430.4
30407.2
100000
100000
99999.9
99999.5
99997.7
99990.3
99962.5
99869.8
99604.1
98950
97567.7
95045.3
91193.3
86211.4
80693.8
75108.8
69852.1
64949.7
60524.5
56409.7
52784.6
49426.6
46450.5
43787.2
41403.2
39308.2
37485.3
35885.2
34578.9
33489.4
32589.2
31903.7
31376.1
31014.2
30736.7
30562.4
30507
30450.8
30426.4
30423.3
30423.7
30425.7
30430.8
30430.2
30424
30423.8
30426.9
30424.6
30423.9
30429.5
30430.1
30427.9
30425.5
30418.6
30419.3
30423.5
30412.3
30420.8
30433.6
30402.9
100000
100000
99999.9
99999.5
99997.7
99990.3
99962.5
99869.8
99604.1
98950
97567.7
95045.3
91193.3
86211.4
80693.8
75108.8
69852.1
64949.7
60524.5
56409.7
52784.6
49426.6
46450.5
43787.2
41403.2
39308.2
37485.3
35885.2
34578.9
33489.4
32589.2
31903.7
31376.1
31014.2
30736.7
30562.4
30506.9
30450.6
30426.4
30423.5
30423.9
30425.8
30430.9
30430.3
30423.9
30423.7
30426.9
30424.5
30424.2
30429
30430.1
30428.4
30423.8
30417.3
30421.1
30423.1
30410.5
30417.8
30435.4
30399.8
100000
100000
99999.9
99999.5
99997.7
99990.3
99962.5
99869.8
99604.1
98950
97567.7
95045.3
91193.3
86211.4
80693.8
75108.8
69852.1
64949.7
60524.5
56409.7
52784.6
49426.6
46450.5
43787.2
41403.2
39308.2
37485.3
35885.2
34578.9
33489.4
32589.2
31903.7
31376.1
31014.2
30736.7
30562.4
30506.9
30450.5
30426.3
30423.7
30424.1
30426
30431
30430.3
30423.9
30423.7
30427.1
30424.4
30424.4
30428.5
30431.1
30428.7
30419.8
30417.3
30423.1
30423.2
30406.7
30413.8
30434.4
30398.6
100000
100000
99999.9
99999.5
99997.7
99990.3
99962.5
99869.8
99604.1
98950
97567.7
95045.3
91193.3
86211.4
80693.8
75108.8
69852.1
64949.7
60524.5
56409.7
52784.6
49426.6
46450.5
43787.2
41403.2
39308.2
37485.3
35885.2
34578.9
33489.4
32589.2
31903.7
31376.1
31014.2
30736.7
30562.4
30506.9
30450.4
30426.3
30423.8
30424.2
30426.1
30431
30430.3
30423.7
30423.7
30427.3
30424.6
30424.8
30428.1
30431.5
30428.5
30417.2
30417.4
30423.6
30423.8
30402.9
30410.3
30434.5
30397.5
100000
100000
99999.9
99999.5
99997.7
99990.3
99962.5
99869.8
99604.1
98950
97567.7
95045.3
91193.3
86211.4
80693.8
75108.8
69852.1
64949.7
60524.5
56409.7
52784.6
49426.6
46450.5
43787.2
41403.2
39308.2
37485.3
35885.2
34578.9
33489.4
32589.2
31903.7
31376.1
31014.2
30736.7
30562.4
30506.9
30450.3
30426.2
30424
30424.3
30426.2
30431
30430.3
30423.6
30423.6
30427.4
30424.8
30425
30428.2
30431.2
30428.2
30416.1
30416.4
30423.5
30424.3
30400.6
30410.1
30433.1
30398
100000
100000
99999.9
99999.5
99997.7
99990.3
99962.5
99869.8
99604.1
98950
97567.7
95045.3
91193.3
86211.4
80693.8
75108.8
69852.1
64949.7
60524.5
56409.7
52784.6
49426.6
46450.5
43787.2
41403.2
39308.2
37485.3
35885.2
34578.9
33489.4
32589.2
31903.7
31376.1
31014.2
30736.7
30562.4
30506.9
30450.2
30426.1
30424
30424.4
30426.2
30430.9
30430.2
30423.6
30423.6
30427.3
30424.8
30425.3
30428
30431
30428.3
30416.4
30414.4
30423.1
30424.2
30399.7
30412.7
30430.5
30399
100000
100000
99999.9
99999.5
99997.7
99990.3
99962.5
99869.8
99604.1
98950
97567.7
95045.3
91193.3
86211.4
80693.8
75108.8
69852.1
64949.7
60524.5
56409.7
52784.6
49426.6
46450.5
43787.2
41403.2
39308.2
37485.3
35885.2
34578.9
33489.4
32589.2
31903.7
31376.1
31014.2
30736.7
30562.4
30506.8
30450
30426
30424.1
30424.4
30426.2
30430.8
30430.1
30423.7
30423.7
30427.2
30424.9
30425.2
30427.6
30431.1
30428.4
30417
30413.3
30423.1
30424
30399.6
30414.7
30426.4
30400.7
100000
100000
99999.9
99999.5
99997.7
99990.3
99962.5
99869.8
99604.1
98950
97567.7
95045.3
91193.3
86211.4
80693.8
75108.8
69852.1
64949.7
60524.5
56409.7
52784.6
49426.6
46450.5
43787.2
41403.2
39308.2
37485.3
35885.2
34578.9
33489.4
32589.2
31903.7
31376.1
31014.2
30736.7
30562.4
30506.8
30449.9
30425.9
30424
30424.4
30426.2
30430.8
30430
30423.9
30423.8
30427
30424.8
30425.1
30427.7
30430.8
30428.6
30416.6
30414.2
30423.4
30424.9
30400.2
30411.7
30422.6
30400.7
100000
100000
99999.9
99999.5
99997.7
99990.3
99962.5
99869.8
99604.1
98950
97567.7
95045.3
91193.3
86211.4
80693.8
75108.8
69852.1
64949.7
60524.5
56409.7
52784.6
49426.6
46450.5
43787.2
41403.2
39308.2
37485.3
35885.2
34578.9
33489.4
32589.2
31903.7
31376.1
31014.2
30736.7
30562.4
30506.8
30449.8
30425.8
30424
30424.4
30426.1
30430.7
30429.9
30424
30423.9
30426.8
30424.7
30424.9
30428.3
30430.1
30429
30415.9
30415.6
30424
30426.5
30400.6
30405.5
30418.9
30398.8
100000
100000
99999.9
99999.5
99997.7
99990.3
99962.5
99869.8
99604.1
98950
97567.7
95045.3
91193.3
86211.4
80693.8
75108.8
69852.1
64949.7
60524.5
56409.7
52784.6
49426.6
46450.5
43787.2
41403.2
39308.2
37485.3
35885.2
34578.9
33489.4
32589.2
31903.7
31376.1
31014.2
30736.7
30562.4
30506.8
30449.7
30425.7
30423.9
30424.3
30426.1
30430.6
30429.8
30424.1
30424.2
30426.8
30424.5
30424.9
30428.7
30429.7
30429.1
30416
30416.4
30424
30427.4
30401.8
30400.9
30415.1
30396.7
100000
100000
99999.9
99999.5
99997.7
99990.3
99962.5
99869.8
99604.1
98950
97567.7
95045.3
91193.3
86211.4
80693.8
75108.8
69852.1
64949.7
60524.5
56409.7
52784.6
49426.6
46450.5
43787.2
41403.2
39308.2
37485.3
35885.2
34578.9
33489.4
32589.2
31903.7
31376.1
31014.2
30736.7
30562.4
30506.8
30449.6
30425.6
30423.8
30424.2
30426
30430.6
30429.8
30424.2
30424.3
30426.9
30424.3
30424.9
30428.8
30429.6
30429
30416.7
30416.8
30422.4
30426.9
30406.5
30398.6
30411.6
30394.8
100000
100000
99999.9
99999.5
99997.7
99990.3
99962.5
99869.8
99604.1
98950
97567.7
95045.3
91193.3
86211.4
80693.8
75108.8
69852.1
64949.7
60524.5
56409.7
52784.6
49426.6
46450.5
43787.2
41403.2
39308.2
37485.3
35885.2
34578.9
33489.4
32589.2
31903.7
31376.1
31014.2
30736.7
30562.4
30506.8
30449.5
30425.5
30423.7
30424.1
30425.9
30430.6
30429.8
30424.2
30424.5
30427
30424.2
30424.9
30428.8
30429.7
30428.6
30418
30416.9
30419.4
30425.3
30413.1
30397.4
30408.9
30393
100000
100000
99999.9
99999.5
99997.7
99990.3
99962.5
99869.8
99604.1
98950
97567.7
95045.3
91193.3
86211.4
80693.8
75108.8
69852.1
64949.7
60524.5
56409.7
52784.6
49426.6
46450.5
43787.2
41403.2
39308.2
37485.3
35885.2
34578.9
33489.4
32589.2
31903.7
31376.1
31014.2
30736.7
30562.4
30506.8
30449.4
30425.4
30423.6
30424
30425.9
30430.6
30429.8
30424.3
30424.7
30427.1
30424.1
30425
30429.1
30429.9
30428
30419.4
30416.4
30417.3
30423.3
30417.4
30397
30407.7
30391.9
100000
100000
99999.9
99999.5
99997.7
99990.3
99962.5
99869.8
99604.1
98950
97567.7
95045.3
91193.3
86211.4
80693.8
75108.8
69852.1
64949.7
60524.5
56409.7
52784.6
49426.6
46450.5
43787.2
41403.2
39308.2
37485.3
35885.2
34578.9
33489.4
32589.2
31903.7
31376.1
31014.2
30736.7
30562.4
30506.8
30449.3
30425.3
30423.6
30424
30425.9
30430.5
30429.8
30424.4
30424.9
30427.3
30424.1
30425
30429.5
30430.2
30427.1
30420.7
30415
30416.5
30421.9
30417.6
30398.9
30407.8
30391.7
100000
100000
99999.9
99999.5
99997.7
99990.3
99962.5
99869.8
99604.1
98950
97567.7
95045.3
91193.3
86211.4
80693.8
75108.8
69852.1
64949.7
60524.5
56409.7
52784.6
49426.6
46450.5
43787.2
41403.2
39308.2
37485.3
35885.2
34578.9
33489.4
32589.2
31903.7
31376.1
31014.2
30736.7
30562.4
30506.8
30449.2
30425.2
30423.5
30423.9
30425.9
30430.5
30429.8
30424.5
30425
30427.4
30424.1
30425.1
30429.8
30430.7
30426.3
30421.6
30413.9
30416.1
30420.7
30417.4
30401.8
30406.3
30392.9
100000
100000
99999.9
99999.5
99997.7
99990.3
99962.5
99869.8
99604.1
98950
97567.7
95045.3
91193.3
86211.4
80693.8
75108.8
69852.1
64949.7
60524.5
56409.7
52784.6
49426.6
46450.5
43787.2
41403.2
39308.2
37485.3
35885.2
34578.9
33489.4
32589.2
31903.7
31376.1
31014.2
30736.7
30562.4
30506.8
30449.1
30425.1
30423.5
30423.9
30425.9
30430.5
30429.8
30424.5
30425.1
30427.5
30424.2
30425.2
30430.1
30431
30426
30422
30413.2
30415.6
30420.1
30417
30405.3
30404.9
30394.2
100000
100000
99999.9
99999.5
99997.7
99990.3
99962.5
99869.8
99604.1
98950
97567.7
95045.3
91193.3
86211.4
80693.8
75108.8
69852.1
64949.7
60524.5
56409.7
52784.6
49426.6
46450.5
43787.2
41403.2
39308.2
37485.3
35885.2
34578.9
33489.4
32589.2
31903.7
31376.1
31014.2
30736.7
30562.4
30506.8
30449
30425
30423.4
30423.8
30425.8
30430.5
30429.9
30424.5
30425.1
30427.6
30424.4
30425.3
30430.3
30430.9
30426
30422.2
30413.1
30415
30419.9
30417.3
30407.6
30406.2
30393.7
100000
100000
99999.9
99999.5
99997.7
99990.3
99962.5
99869.8
99604.1
98950
97567.7
95045.3
91193.3
86211.4
80693.8
75108.8
69852.1
64949.7
60524.5
56409.7
52784.6
49426.6
46450.5
43787.2
41403.2
39308.2
37485.3
35885.2
34578.9
33489.4
32589.2
31903.7
31376.1
31014.2
30736.7
30562.4
30506.8
30448.9
30424.9
30423.3
30423.8
30425.8
30430.5
30430
30424.6
30425.1
30427.7
30424.6
30425.3
30430.5
30430.8
30426.2
30422.2
30413.6
30414.9
30419.5
30417.2
30409.1
30408.3
30391.4
100000
100000
99999.9
99999.5
99997.7
99990.3
99962.5
99869.8
99604.1
98950
97567.7
95045.3
91193.3
86211.4
80693.8
75108.8
69852.1
64949.7
60524.5
56409.7
52784.6
49426.6
46450.5
43787.2
41403.2
39308.2
37485.3
35885.2
34578.9
33489.4
32589.2
31903.7
31376.1
31014.2
30736.7
30562.4
30506.8
30448.9
30424.8
30423.2
30423.7
30425.7
30430.4
30430.1
30424.6
30425.1
30427.8
30424.8
30425.2
30430.7
30430.7
30426.6
30422.1
30414.3
30415.3
30419.1
30416.8
30410.3
30409.2
30387.2
100000
100000
99999.9
99999.5
99997.7
99990.3
99962.5
99869.8
99604.1
98950
97567.7
95045.3
91193.3
86211.4
80693.8
75108.8
69852.1
64949.7
60524.5
56409.7
52784.6
49426.6
46450.5
43787.2
41403.2
39308.2
37485.3
35885.2
34578.9
33489.4
32589.2
31903.7
31376.1
31014.2
30736.7
30562.4
30506.8
30448.8
30424.7
30423.2
30423.7
30425.6
30430.5
30430.2
30424.5
30425.2
30427.9
30425
30425.1
30430.8
30430.6
30427
30421.7
30415
30416.1
30418.3
30416
30412.2
30408.8
30382.4
100000
100000
99999.9
99999.5
99997.7
99990.3
99962.5
99869.8
99604.1
98950
97567.7
95045.3
91193.3
86211.4
80693.8
75108.8
69852.1
64949.7
60524.5
56409.7
52784.6
49426.6
46450.5
43787.2
41403.2
39308.2
37485.3
35885.2
34578.9
33489.4
32589.2
31903.7
31376.1
31014.2
30736.7
30562.4
30506.8
30448.7
30424.6
30423.1
30423.6
30425.5
30430.5
30430.3
30424.4
30425.3
30428
30425.2
30425.1
30430.7
30430.7
30427.7
30421.1
30415.8
30417.1
30417.5
30415.2
30414.5
30407.5
30377.6
100000
100000
99999.9
99999.5
99997.7
99990.3
99962.5
99869.8
99604.1
98950
97567.7
95045.3
91193.3
86211.4
80693.8
75108.8
69852.1
64949.7
60524.5
56409.7
52784.6
49426.6
46450.5
43787.2
41403.2
39308.2
37485.3
35885.2
34578.9
33489.4
32589.2
31903.7
31376.1
31014.2
30736.7
30562.4
30506.8
30448.7
30424.5
30423
30423.5
30425.4
30430.5
30430.3
30424.3
30425.4
30428.1
30425.4
30425
30430.4
30430.8
30428.5
30420.4
30416.6
30418.1
30417
30414.4
30416.3
30406.2
30373.4
100000
100000
99999.9
99999.5
99997.7
99990.3
99962.5
99869.8
99604.1
98950
97567.7
95045.3
91193.3
86211.4
80693.8
75108.8
69852.1
64949.7
60524.5
56409.7
52784.6
49426.6
46450.5
43787.2
41403.2
39308.2
37485.3
35885.2
34578.9
33489.4
32589.2
31903.7
31376.1
31014.2
30736.7
30562.4
30506.8
30448.6
30424.3
30422.9
30423.4
30425.4
30430.5
30430.4
30424.3
30425.5
30428.3
30425.5
30425
30430
30430.9
30429
30419.9
30417.3
30419.2
30416.8
30413.7
30417.3
30404.4
30370.7
100000
100000
99999.9
99999.5
99997.7
99990.3
99962.5
99869.8
99604.1
98950
97567.7
95045.3
91193.3
86211.4
80693.8
75108.8
69852.1
64949.7
60524.5
56409.7
52784.6
49426.6
46450.5
43787.2
41403.2
39308.2
37485.3
35885.2
34578.9
33489.4
32589.2
31903.7
31376.1
31014.2
30736.7
30562.4
30506.8
30448.5
30424
30422.7
30423.1
30425.2
30430.3
30430.4
30424.2
30426
30428.6
30425.6
30425.2
30429.1
30431.1
30429.6
30419.6
30418.6
30421.7
30416.8
30412.3
30418.4
30393.3
30370.9
100000
100000
99999.9
99999.5
99997.7
99990.3
99962.5
99869.8
99604.1
98950
97567.7
95045.3
91193.3
86211.4
80693.8
75108.8
69852.1
64949.7
60524.5
56409.7
52784.6
49426.6
46450.5
43787.2
41403.2
39308.2
37485.3
35885.2
34578.9
33489.4
32589.2
31903.7
31376.1
31014.2
30736.7
30562.4
30506.9
30448.3
30423.4
30422
30422.5
30424.7
30429.9
30430
30424.6
30426.4
30428.7
30425.3
30425
30429.3
30431.1
30427.9
30423
30421.1
30418.8
30409.1
30419.5
30414.3
30382.5
30376.1
100000
100000
99999.9
99999.5
99997.7
99990.3
99962.5
99869.8
99604.1
98950
97567.7
95045.3
91193.3
86211.4
80693.8
75108.8
69852.1
64949.7
60524.5
56409.7
52784.6
49426.6
46450.5
43787.2
41403.2
39308.2
37485.3
35885.2
34578.9
33489.4
32589.2
31903.7
31376.1
31014.2
30736.7
30562.4
30506.9
30448.1
30422.7
30421.3
30421.7
30423.9
30429.2
30429.2
30424.5
30426.2
30428.9
30425.2
30424.8
30429.5
30430.4
30427.7
30421
30419.9
30418.3
30410.2
30411.2
30413.7
30390
30369.9
100000
100000
99999.9
99999.5
99997.7
99990.3
99962.5
99869.8
99604.1
98950
97567.7
95045.3
91193.3
86211.4
80693.8
75108.8
69852.1
64949.7
60524.5
56409.7
52784.6
49426.6
46450.5
43787.2
41403.2
39308.2
37485.3
35885.2
34578.9
33489.4
32589.2
31903.7
31376.1
31014.2
30736.7
30562.3
30506.9
30448
30422.1
30420.2
30420.6
30422.8
30428.2
30428.2
30424.1
30425.7
30428.5
30424.5
30424.1
30429.5
30431.5
30425.7
30420.4
30419.7
30420.6
30409
30403.1
30407.9
30399.8
30371.6
100000
100000
99999.9
99999.5
99997.7
99990.3
99962.5
99869.8
99604.1
98950
97567.7
95045.3
91193.3
86211.4
80693.8
75108.8
69852.1
64949.7
60524.5
56409.7
52784.6
49426.6
46450.5
43787.2
41403.2
39308.2
37485.3
35885.2
34578.9
33489.4
32589.2
31903.7
31376.1
31014.2
30736.7
30562.3
30506.9
30448
30421.4
30418.9
30419.3
30421.5
30427
30427.4
30423.3
30424.9
30428.3
30424
30424.7
30429.2
30430.6
30426.1
30419.7
30420.9
30421.1
30406.1
30399.4
30400.2
30405.4
30372
100000
100000
99999.9
99999.5
99997.7
99990.3
99962.5
99869.8
99604.1
98950
97567.7
95045.3
91193.3
86211.4
80693.8
75108.8
69852.1
64949.7
60524.5
56409.7
52784.6
49426.6
46450.5
43787.2
41403.2
39308.2
37485.3
35885.2
34578.9
33489.4
32589.2
31903.7
31376.1
31014.2
30736.7
30562.3
30506.9
30447.9
30420.9
30417.4
30417.9
30420.1
30425.8
30426.2
30421.8
30423.6
30427.8
30424
30425.1
30429.8
30429.8
30425.2
30420.3
30417.4
30417.1
30412
30396
30394.6
30404.8
30367.9
100000
100000
99999.9
99999.5
99997.7
99990.3
99962.5
99869.8
99604.1
98950
97567.7
95045.3
91193.3
86211.4
80693.8
75108.8
69852.1
64949.7
60524.5
56409.7
52784.6
49426.6
46450.5
43787.2
41403.2
39308.2
37485.3
35885.2
34578.9
33489.4
32589.2
31903.7
31376.1
31014.2
30736.7
30562.3
30506.9
30447.8
30420.4
30415.7
30416.2
30418.4
30424.1
30424.8
30419.7
30421.4
30426.3
30423.2
30425
30429.5
30428.8
30425.1
30418.2
30414.6
30413.3
30414.2
30397.6
30395.2
30402.4
30365.6
100000
100000
99999.9
99999.5
99997.7
99990.3
99962.5
99869.8
99604.1
98950
97567.7
95045.3
91193.3
86211.4
80693.8
75108.8
69852.1
64949.7
60524.5
56409.7
52784.6
49426.6
46450.5
43787.2
41403.2
39308.2
37485.3
35885.2
34578.9
33489.4
32589.2
31903.7
31376.1
31014.2
30736.7
30562.3
30506.9
30447.7
30420.1
30414
30414.5
30416.6
30422.3
30422.7
30417.5
30418.6
30424
30421.3
30423.4
30427.3
30427.1
30422.8
30416.9
30412.7
30412.5
30413.8
30397.3
30395.3
30398.2
30365.2
100000
100000
99999.9
99999.5
99997.7
99990.3
99962.5
99869.8
99604.1
98950
97567.7
95045.3
91193.3
86211.4
80693.8
75108.8
69852.1
64949.7
60524.5
56409.7
52784.6
49426.6
46450.5
43787.2
41403.2
39308.2
37485.3
35885.2
34578.9
33489.4
32589.2
31903.7
31376.1
31014.2
30736.7
30562.3
30506.9
30447.7
30419.9
30412.3
30412.9
30415
30420.5
30420.3
30415.3
30415.7
30420.9
30418.5
30420.2
30423.3
30422.8
30421.4
30414.7
30411.4
30411.9
30411.2
30396.1
30395.4
30394.8
30362.5
100000
100000
99999.9
99999.5
99997.7
99990.3
99962.5
99869.8
99604.1
98950
97567.7
95045.3
91193.3
86211.4
80693.8
75108.8
69852.1
64949.7
60524.5
56409.7
52784.6
49426.6
46450.5
43787.2
41403.2
39308.2
37485.3
35885.2
34578.9
33489.4
32589.2
31903.7
31376.1
31014.2
30736.7
30562.3
30506.9
30447.6
30419.7
30411
30411.5
30413.4
30419
30418.6
30412.7
30412.7
30417.5
30415
30416.4
30419
30420
30417.7
30410.5
30407.7
30410.5
30406.2
30392.3
30394.6
30388.7
30356.7
100000
100000
99999.9
99999.5
99997.7
99990.3
99962.5
99869.8
99604.1
98950
97567.7
95045.3
91193.3
86211.4
80693.8
75108.8
69852.1
64949.7
60524.5
56409.7
52784.6
49426.6
46450.5
43787.2
41403.2
39308.2
37485.3
35885.2
34578.9
33489.4
32589.2
31903.7
31376.1
31014.2
30736.7
30562.3
30506.9
30447.6
30419.5
30410.1
30410.5
30412.3
30417.9
30417
30410.6
30410.6
30414.5
30412.3
30413.2
30415.6
30416.2
30412.1
30405.4
30402.7
30407.9
30399.9
30387.4
30392.9
30380.3
30349.5
100000
100000
99999.9
99999.5
99997.7
99990.3
99962.5
99869.8
99604.1
98950
97567.7
95045.3
91193.3
86211.4
80693.8
75108.8
69852.1
64949.7
60524.5
56409.7
52784.6
49426.6
46450.5
43787.2
41403.2
39308.2
37485.3
35885.2
34578.9
33489.4
32589.2
31903.7
31376.1
31014.2
30736.7
30562.3
30506.9
30447.5
30419.2
30409.5
30409.9
30411.8
30416.7
30415.5
30409.6
30409.2
30412.2
30409.6
30410.6
30411.7
30413.4
30407.6
30400.6
30397.7
30402.5
30395.4
30382.4
30387.9
30373.8
30344.3
100000
100000
99999.9
99999.5
99997.7
99990.3
99962.5
99869.8
99604.1
98950
97567.7
95045.3
91193.3
86211.4
80693.8
75108.8
69852.1
64949.7
60524.5
56409.7
52784.6
49426.6
46450.5
43787.2
41403.2
39308.2
37485.3
35885.2
34578.9
33489.4
32589.2
31903.7
31376.1
31014.2
30736.7
30562.3
30506.9
30447.5
30418.9
30409.2
30409.6
30411.3
30416
30414.8
30408.7
30408.6
30410.8
30408
30408.9
30409.7
30411.7
30404.5
30396.9
30393.8
30395.2
30393.4
30377.4
30379.1
30371.2
30342.4
100000
100000
99999.9
99999.5
99997.7
99990.3
99962.5
99869.8
99604.1
98950
97567.7
95045.3
91193.3
86211.4
80693.8
75108.8
69852.1
64949.7
60524.5
56409.7
52784.6
49426.6
46450.5
43787.2
41403.2
39308.2
37485.3
35885.2
34578.9
33489.4
32589.2
31903.7
31376.1
31014.2
30736.7
30562.3
30506.9
30447.5
30418.5
30408.9
30409.4
30411.2
30415.7
30414.4
30408.6
30407.9
30410.2
30407.5
30407.8
30408.3
30410.2
30403.3
30394.6
30390.9
30391.7
30391
30373.5
30373.2
30367.8
30340.4
100000
100000
99999.9
99999.5
99997.7
99990.3
99962.5
99869.8
99604.1
98950
97567.7
95045.3
91193.3
86211.4
80693.8
75108.8
69852.1
64949.7
60524.5
56409.7
52784.6
49426.6
46450.5
43787.2
41403.2
39308.2
37485.3
35885.2
34578.9
33489.4
32589.2
31903.7
31376.1
31014.2
30736.7
30562.3
30506.9
30447.5
30418.4
30408.5
30409
30410.6
30415.6
30414.4
30407.8
30407.3
30409.7
30407
30406.9
30406.9
30408.7
30402.3
30393.8
30390.3
30392.5
30385.8
30373.2
30377.3
30358.7
30334.4
100000
100000
99999.9
99999.5
99997.7
99990.3
99962.5
99869.8
99604.1
98950
97567.7
95045.3
91193.3
86211.4
80693.8
75108.8
69852.1
64949.7
60524.5
56409.7
52784.6
49426.6
46450.5
43787.2
41403.2
39308.2
37485.3
35885.2
34578.9
33489.4
32589.2
31903.7
31376.1
31014.2
30736.7
30562.3
30506.9
30447.4
30418.4
30408.5
30408.9
30410.6
30415.4
30414
30407
30406.8
30408.8
30406.1
30406
30407.3
30409.8
30404.7
30398.1
30394.3
30384.5
30377.9
30382.5
30384.2
30346.6
30331.5
100000
100000
99999.9
99999.5
99997.7
99990.3
99962.5
99869.8
99604.1
98950
97567.7
95045.3
91193.3
86211.4
80693.8
75108.8
69852.1
64949.7
60524.5
56409.7
52784.6
49426.6
46450.5
43787.2
41403.2
39308.2
37485.3
35885.2
34578.9
33489.4
32589.2
31903.7
31376.1
31014.2
30736.7
30562.3
30506.9
30447.4
30418.4
30408.6
30409
30410.6
30415.2
30414
30406.5
30406.3
30407.9
30405.3
30405.2
30405.6
30407.5
30401.3
30394.1
30390.2
30388.9
30389.7
30375.2
30374.4
30370
30339.7
100000
100000
99999.9
99999.5
99997.7
99990.3
99962.5
99869.8
99604.1
98950
97567.7
95045.3
91193.3
86211.4
80693.8
75108.8
69852.1
64949.7
60524.5
56409.7
52784.6
49426.6
46450.5
43787.2
41403.2
39308.2
37485.3
35885.2
34578.9
33489.4
32589.2
31903.7
31376.1
31014.2
30736.7
30562.3
30506.9
30447.2
30418.3
30408.7
30409
30410.9
30414.9
30413.5
30406.6
30405.6
30406.7
30404.4
30404
30405.4
30408.3
30398.9
30391.5
30387.7
30391.4
30384.6
30369.7
30372.4
30364.8
30337.6
100000
100000
99999.9
99999.5
99997.7
99990.3
99962.5
99869.8
99604.1
98950
97567.7
95045.3
91193.3
86211.4
80693.8
75108.8
69852.1
64949.7
60524.5
56409.7
52784.6
49426.6
46450.5
43787.2
41403.2
39308.2
37485.3
35885.2
34578.9
33489.4
32589.2
31903.7
31376.1
31014.2
30736.7
30562.3
30506.9
30447.1
30418.1
30408.6
30409
30410.3
30415.2
30413.5
30405.5
30405
30406.2
30403.3
30403.1
30405.2
30407.9
30397.9
30390.2
30386.9
30393.1
30382.2
30369.3
30374.9
30362.6
30342.2
100000
100000
99999.9
99999.5
99997.7
99990.3
99962.5
99869.8
99604.1
98950
97567.7
95045.3
91193.3
86211.4
80693.8
75108.8
69852.1
64949.7
60524.5
56409.7
52784.6
49426.6
46450.5
43787.2
41403.2
39308.2
37485.3
35885.2
34578.9
33489.4
32589.2
31903.7
31376.1
31014.2
30736.7
30562.3
30506.9
30447
30418.1
30408.6
30409
30411.2
30414.6
30412.7
30406.4
30405.9
30407.7
30405
30405.5
30406.1
30406.7
30404.2
30393.4
30390.3
30394.4
30389.4
30377.2
30382.2
30370.5
30347.1
100000
100000
99999.9
99999.5
99997.7
99990.3
99962.5
99869.8
99604.1
98950
97567.7
95045.3
91193.3
86211.4
80693.8
75108.8
69852.1
64949.7
60524.5
56409.7
52784.6
49426.6
46450.5
43787.2
41403.2
39308.2
37485.3
35885.2
34578.9
33489.4
32589.2
31903.7
31376.1
31014.2
30736.7
30562.3
30506.9
30446.7
30418.1
30409.3
30409.6
30411.3
30415.7
30413.9
30407
30406.2
30407.8
30405.5
30405.1
30406.2
30408.3
30402.7
30393.2
30389.9
30392
30393.3
30377.7
30377.1
30377.4
30349.5
100000
100000
99999.9
99999.5
99997.7
99990.3
99962.5
99869.8
99604.1
98950
97567.7
95045.3
91193.3
86211.4
80693.8
75108.8
69852.1
64949.7
60524.5
56409.7
52784.6
49426.6
46450.5
43787.2
41403.2
39308.2
37485.3
35885.2
34578.9
33489.4
32589.2
31903.7
31376.1
31014.2
30736.7
30562.3
30507
30446.6
30417.5
30410.3
30410.8
30412.6
30416.5
30415.6
30408.9
30408.3
30409.4
30407.8
30407.6
30408.6
30407.7
30399.7
30400.3
30401.3
30388
30378.2
30371.5
30374.5
30381.9
30353.2
100000
100000
99999.9
99999.5
99997.7
99990.3
99962.5
99869.8
99604.1
98950
97567.7
95045.3
91193.3
86211.4
80693.8
75108.8
69852.1
64949.7
60524.5
56409.7
52784.6
49426.6
46450.5
43787.2
41403.2
39308.2
37485.3
35885.2
34578.9
33489.4
32589.2
31903.7
31376.1
31014.2
30736.7
30562.3
30506.9
30446.6
30416.8
30410.6
30411.1
30413.1
30417.3
30416.4
30410.9
30410.8
30412.7
30410.1
30410.4
30413.3
30412.8
30407.4
30406.3
30397.9
30388.5
30381.5
30374
30374.5
30381.6
30348
100000
100000
99999.9
99999.5
99997.7
99990.3
99962.5
99869.8
99604.1
98950
97567.7
95045.3
91193.3
86211.4
80693.8
75108.8
69852.1
64949.7
60524.5
56409.7
52784.6
49426.6
46450.5
43787.2
41403.2
39308.2
37485.3
35885.2
34578.9
33489.4
32589.2
31903.7
31376.1
31014.2
30736.7
30562.3
30506.9
30446.6
30416.6
30409.3
30409.8
30411.9
30416.9
30416
30410.7
30410.8
30413.2
30410.5
30412
30413.3
30412.1
30411.7
30402.9
30398.5
30400
30400.1
30383.5
30382.5
30391.2
30357.3
100000
100000
99999.9
99999.5
99997.7
99990.3
99962.5
99869.8
99604.1
98950
97567.7
95045.3
91193.3
86211.4
80693.8
75108.8
69852.1
64949.7
60524.5
56409.7
52784.6
49426.6
46450.5
43787.2
41403.2
39308.2
37485.3
35885.2
34578.9
33489.4
32589.2
31903.7
31376.1
31014.2
30736.7
30562.3
30506.9
30446.7
30416.6
30407.5
30407.9
30409.9
30414.7
30414.2
30408.3
30408.2
30411.1
30410.4
30410.7
30414.8
30412.9
30410.3
30412.5
30403.7
30398.6
30402.4
30393.4
30383.1
30397
30376.7
100000
100000
99999.9
99999.5
99997.7
99990.3
99962.5
99869.8
99604.1
98950
97567.7
95045.3
91193.3
86211.4
80693.8
75108.8
69852.1
64949.7
60524.5
56409.7
52784.6
49426.6
46450.5
43787.2
41403.2
39308.2
37485.3
35885.2
34578.9
33489.4
32589.2
31903.7
31376.1
31014.2
30736.7
30562.3
30506.9
30447
30416.9
30404.7
30405
30406.5
30411.1
30409.2
30402.6
30402.8
30404.5
30403.4
30403.9
30409.3
30406.4
30401.4
30406.9
30402.1
30392.7
30397.3
30396.9
30379.5
30384.2
30383.3
100000
100000
99999.9
99999.5
99997.7
99990.3
99962.5
99869.8
99604.1
98950
97567.7
95045.3
91193.3
86211.4
80693.8
75108.8
69852.1
64949.7
60524.5
56409.7
52784.6
49426.6
46450.5
43787.2
41403.2
39308.2
37485.3
35885.2
34578.9
33489.4
32589.2
31903.7
31376.1
31014.2
30736.7
30562.3
30506.9
30447.3
30417.5
30404.1
30404.4
30405.8
30410
30408.4
30401.8
30401.3
30401.8
30399.7
30399.4
30403.3
30399.3
30399.4
30399.9
30391.7
30387.1
30379.2
30385
30387.3
30344.1
30334.9
100000
100000
99999.9
99999.5
99997.7
99990.3
99962.5
99869.8
99604.1
98950
97567.7
95045.3
91193.3
86211.4
80693.8
75108.8
69852.1
64949.7
60524.5
56409.7
52784.6
49426.6
46450.5
43787.2
41403.2
39308.2
37485.3
35885.2
34578.9
33489.4
32589.2
31903.7
31376.1
31014.2
30736.7
30562.3
30506.8
30447.6
30418.5
30404.2
30404.4
30406
30410.3
30408.1
30400.7
30400.5
30400.1
30397.3
30397.3
30397.9
30394.5
30398.8
30382.1
30373.3
30366.3
30358.6
30356.6
30369.2
30343.9
30324.4
100000
100000
99999.9
99999.5
99997.7
99990.3
99962.5
99869.8
99604.1
98950
97567.7
95045.3
91193.3
86211.4
80693.8
75108.8
69852.1
64949.7
60524.5
56409.7
52784.6
49426.6
46450.5
43787.2
41403.2
39308.2
37485.3
35885.2
34578.9
33489.4
32589.2
31903.7
31376.1
31014.2
30736.7
30562.3
30506.8
30447.7
30419.4
30405.5
30405.7
30407.5
30410.6
30408.3
30400.7
30399.9
30399.1
30396.5
30396.7
30394
30397.5
30384.2
30375
30373.9
30379.4
30359.3
30353.3
30363.9
30338.6
30320.3
100000
100000
99999.9
99999.5
99997.7
99990.3
99962.5
99869.8
99604.1
98950
97567.7
95045.3
91193.3
86211.4
80693.8
75108.8
69852.1
64949.7
60524.5
56409.7
52784.6
49426.6
46450.5
43787.2
41403.2
39308.2
37485.3
35885.2
34578.9
33489.4
32589.2
31903.7
31376.1
31014.2
30736.7
30562.3
30506.8
30447.8
30420.1
30407.5
30407.7
30409
30413
30411.1
30402.7
30401.9
30401.6
30398.5
30397.5
30396.7
30399
30383.9
30378.6
30377.3
30381.6
30362.5
30359.5
30368.2
30342.9
30327.5
100000
100000
99999.9
99999.5
99997.7
99990.3
99962.5
99869.8
99604.1
98950
97567.7
95045.3
91193.3
86211.4
80693.8
75108.8
69852.1
64949.7
60524.5
56409.7
52784.6
49426.6
46450.5
43787.2
41403.2
39308.2
37485.3
35885.2
34578.9
33489.4
32589.2
31903.7
31376.1
31014.2
30736.7
30562.3
30506.8
30447.8
30420.5
30409.3
30409.5
30410.9
30415.3
30413.6
30405.7
30404.9
30405.2
30401.4
30401.6
30400.4
30402.2
30391
30386.3
30385.2
30388.6
30371.2
30369.1
30376.7
30352.4
30339.4
100000
100000
99999.9
99999.5
99997.7
99990.3
99962.5
99869.8
99604.1
98950
97567.7
95045.3
91193.3
86211.4
80693.8
75108.8
69852.1
64949.7
60524.5
56409.7
52784.6
49426.6
46450.5
43787.2
41403.2
39308.2
37485.3
35885.2
34578.9
33489.4
32589.2
31903.7
31376.1
31014.2
30736.7
30562.3
30506.8
30447.8
30420.6
30410.2
30410.6
30412.2
30416.9
30415.4
30407.8
30407
30407.6
30404.3
30404.6
30403.7
30406.5
30398.8
30392.6
30392
30395.5
30379.7
30376.8
30385
30363.2
30350.1
100000
100000
99999.9
99999.5
99997.7
99990.3
99962.5
99869.8
99604.1
98950
97567.7
95045.3
91193.3
86211.4
80693.8
75108.8
69852.1
64949.7
60524.5
56409.7
52784.6
49426.6
46450.5
43787.2
41403.2
39308.2
37485.3
35885.2
34578.9
33489.4
32589.2
31903.7
31376.1
31014.2
30736.7
30562.3
30506.8
30447.8
30420.7
30410.7
30411.1
30412.9
30417.7
30416.2
30409
30408.4
30409.4
30406
30406
30407.4
30410.2
30401.9
30396.8
30396.4
30400
30385.2
30382.1
30390.8
30370.9
30357.5
100000
100000
99999.9
99999.5
99997.7
99990.3
99962.5
99869.8
99604.1
98950
97567.7
95045.3
91193.3
86211.4
80693.8
75108.8
69852.1
64949.7
60524.5
56409.7
52784.6
49426.6
46450.5
43787.2
41403.2
39308.2
37485.3
35885.2
34578.9
33489.4
32589.2
31903.7
31376.1
31014.2
30736.7
30562.3
30506.8
30447.8
30420.7
30410.9
30411.3
30413.2
30418
30416.6
30409.6
30409.1
30410.3
30407
30406.9
30409.2
30411.6
30403.5
30399
30398.7
30402.3
30387.9
30384.9
30393.7
30374.6
30361
100000
100000
99999.9
99999.5
99997.7
99990.3
99962.5
99869.8
99604.1
98950
97567.7
95045.3
91193.3
86211.4
80693.8
75108.8
69852.1
64949.7
60524.5
56409.7
52784.6
49426.6
46450.5
43787.2
41403.2
39308.2
37485.3
35885.2
34578.9
33489.4
32589.2
31903.7
31376.1
31014.2
30736.7
30562.3
30506.8
30447.8
30420.7
30411
30411.4
30413.3
30418.1
30416.8
30409.9
30409.4
30410.7
30407.4
30407.3
30409.9
30412.2
30404.2
30399.9
30399.7
30403.3
30389.2
30386.1
30395
30376.3
30362.5
100000
100000
99999.9
99999.5
99997.7
99990.3
99962.5
99869.8
99604.1
98950
97567.7
95045.3
91193.3
86211.4
80693.8
75108.8
69852.1
64949.7
60524.5
56409.7
52784.6
49426.6
46450.5
43787.2
41403.2
39308.2
37485.3
35885.2
34578.9
33489.4
32589.2
31903.7
31376.1
31014.2
30736.7
30562.3
30506.8
30447.8
30420.7
30411
30411.4
30413.3
30418.1
30416.8
30410
30409.5
30410.9
30407.5
30407.4
30410.1
30412.4
30404.5
30400.2
30400.1
30403.7
30389.6
30386.5
30395.5
30376.9
30363
100000
100000
99999.9
99999.5
99997.7
99990.3
99962.5
99869.8
99604.1
98950
97567.7
95045.3
91193.3
86211.4
80693.8
75108.8
69852.1
64949.7
60524.5
56409.7
52784.6
49426.6
46450.5
43787.2
41403.2
39308.2
37485.3
35885.2
34578.9
33489.4
32589.2
31903.7
31376.1
31014.2
30736.7
30562.3
30506.8
30447.8
30420.7
30411
30411.4
30413.4
30418.2
30416.8
30410
30409.6
30410.9
30407.6
30407.5
30410.2
30412.5
30404.6
30400.4
30400.2
30403.8
30389.8
30386.7
30395.7
30377.1
30363.2
100000
100000
99999.9
99999.5
99997.7
99990.3
99962.5
99869.8
99604.1
98950
97567.7
95045.3
91193.3
86211.4
80693.8
75108.8
69852.1
64949.7
60524.5
56409.7
52784.6
49426.6
46450.5
43787.2
41403.2
39308.2
37485.3
35885.2
34578.9
33489.4
32589.2
31903.7
31376.1
31014.2
30736.7
30562.3
30506.8
30447.8
30420.7
30411
30411.4
30413.4
30418.2
30416.8
30410
30409.6
30410.9
30407.6
30407.5
30410.3
30412.5
30404.6
30400.4
30400.2
30403.9
30389.8
30386.7
30395.7
30377.2
30363.3
100000
100000
99999.9
99999.5
99997.7
99990.3
99962.5
99869.8
99604.1
98950
97567.7
95045.3
91193.3
86211.4
80693.8
75108.8
69852.1
64949.7
60524.5
56409.7
52784.6
49426.6
46450.5
43787.2
41403.2
39308.2
37485.3
35885.2
34578.9
33489.4
32589.2
31903.7
31376.1
31014.2
30736.7
30562.3
30506.8
30447.8
30420.7
30411
30411.4
30413.4
30418.2
30416.8
30410
30409.6
30410.9
30407.6
30407.5
30410.3
30412.5
30404.6
30400.4
30400.2
30403.9
30389.8
30386.7
30395.8
30377.2
30363.3
100000
100000
99999.9
99999.5
99997.7
99990.3
99962.5
99869.8
99604.1
98950
97567.7
95045.3
91193.3
86211.4
80693.8
75108.8
69852.1
64949.7
60524.5
56409.7
52784.6
49426.6
46450.5
43787.2
41403.2
39308.2
37485.3
35885.2
34578.9
33489.4
32589.2
31903.7
31376.1
31014.2
30736.7
30562.3
30506.8
30447.8
30420.7
30411
30411.4
30413.4
30418.2
30416.8
30410
30409.6
30410.9
30407.6
30407.5
30410.3
30412.5
30404.6
30400.4
30400.2
30403.9
30389.8
30386.7
30395.8
30377.2
30363.3
100000
100000
99999.9
99999.5
99997.7
99990.3
99962.5
99869.8
99604.1
98950
97567.7
95045.3
91193.3
86211.4
80693.8
75108.8
69852.1
64949.7
60524.5
56409.7
52784.6
49426.6
46450.5
43787.2
41403.2
39308.2
37485.3
35885.2
34578.9
33489.4
32589.2
31903.7
31376.1
31014.2
30736.7
30562.3
30506.8
30447.8
30420.7
30411
30411.4
30413.4
30418.2
30416.8
30410
30409.6
30410.9
30407.6
30407.5
30410.3
30412.5
30404.6
30400.4
30400.2
30403.9
30389.8
30386.8
30395.8
30377.2
30363.3
100000
100000
99999.9
99999.5
99997.7
99990.3
99962.5
99869.8
99604.1
98950
97567.7
95045.3
91193.3
86211.4
80693.8
75108.8
69852.1
64949.7
60524.5
56409.7
52784.6
49426.6
46450.5
43787.2
41403.2
39308.2
37485.3
35885.2
34578.9
33489.4
32589.2
31903.7
31376.1
31014.2
30736.7
30562.3
30506.8
30447.8
30420.7
30411
30411.4
30413.4
30418.2
30416.8
30410
30409.6
30410.9
30407.6
30407.5
30410.3
30412.5
30404.6
30400.4
30400.2
30403.9
30389.8
30386.8
30395.8
30377.2
30363.3
100000
100000
99999.9
99999.5
99997.7
99990.3
99962.5
99869.8
99604.1
98950
97567.7
95045.3
91193.3
86211.4
80693.8
75108.8
69852.1
64949.7
60524.5
56409.7
52784.6
49426.6
46450.5
43787.2
41403.2
39308.2
37485.3
35885.2
34578.9
33489.4
32589.2
31903.7
31376.1
31014.2
30736.7
30562.3
30506.8
30447.8
30420.7
30411
30411.4
30413.4
30418.2
30416.8
30410
30409.6
30410.9
30407.6
30407.5
30410.3
30412.5
30404.6
30400.4
30400.2
30403.9
30389.8
30386.8
30395.8
30377.2
30363.3
100000
100000
99999.9
99999.5
99997.7
99990.3
99962.5
99869.8
99604.1
98950
97567.7
95045.3
91193.3
86211.4
80693.8
75108.8
69852.1
64949.7
60524.5
56409.7
52784.6
49426.6
46450.5
43787.2
41403.2
39308.2
37485.3
35885.2
34578.9
33489.4
32589.2
31903.7
31376.1
31014.2
30736.7
30562.3
30506.8
30447.8
30420.7
30411
30411.4
30413.4
30418.2
30416.8
30410
30409.6
30410.9
30407.6
30407.5
30410.3
30412.5
30404.6
30400.4
30400.2
30403.9
30389.8
30386.8
30395.8
30377.2
30363.3
100000
100000
99999.9
99999.5
99997.7
99990.3
99962.5
99869.8
99604.1
98950
97567.7
95045.3
91193.3
86211.4
80693.8
75108.8
69852.1
64949.7
60524.5
56409.7
52784.6
49426.6
46450.5
43787.2
41403.2
39308.2
37485.3
35885.2
34578.9
33489.4
32589.2
31903.7
31376.1
31014.2
30736.7
30562.3
30506.8
30447.8
30420.7
30411
30411.4
30413.4
30418.2
30416.8
30410
30409.6
30410.9
30407.6
30407.5
30410.3
30412.5
30404.6
30400.4
30400.2
30403.9
30389.8
30386.8
30395.8
30377.2
30363.3
100000
100000
99999.9
99999.5
99997.7
99990.3
99962.5
99869.8
99604.1
98950
97567.7
95045.3
91193.3
86211.4
80693.8
75108.8
69852.1
64949.7
60524.5
56409.7
52784.6
49426.6
46450.5
43787.2
41403.2
39308.2
37485.3
35885.2
34578.9
33489.4
32589.2
31903.7
31376.1
31014.2
30736.7
30562.3
30506.8
30447.8
30420.7
30411
30411.4
30413.4
30418.2
30416.8
30410
30409.6
30410.9
30407.6
30407.5
30410.3
30412.5
30404.6
30400.4
30400.2
30403.9
30389.8
30386.8
30395.8
30377.2
30363.3
100000
100000
99999.9
99999.5
99997.7
99990.3
99962.5
99869.8
99604.1
98950
97567.7
95045.3
91193.3
86211.4
80693.8
75108.8
69852.1
64949.7
60524.5
56409.7
52784.6
49426.6
46450.5
43787.2
41403.2
39308.2
37485.3
35885.2
34578.9
33489.4
32589.2
31903.7
31376.1
31014.2
30736.7
30562.3
30506.8
30447.8
30420.7
30411
30411.4
30413.4
30418.2
30416.8
30410
30409.6
30410.9
30407.6
30407.5
30410.3
30412.5
30404.6
30400.4
30400.2
30403.9
30389.8
30386.8
30395.8
30377.2
30363.3
100000
100000
99999.9
99999.5
99997.7
99990.3
99962.5
99869.8
99604.1
98950
97567.7
95045.3
91193.3
86211.4
80693.8
75108.8
69852.1
64949.7
60524.5
56409.7
52784.6
49426.6
46450.5
43787.2
41403.2
39308.2
37485.3
35885.2
34578.9
33489.4
32589.2
31903.7
31376.1
31014.2
30736.7
30562.3
30506.8
30447.8
30420.7
30411
30411.4
30413.4
30418.2
30416.8
30410
30409.6
30410.9
30407.6
30407.5
30410.3
30412.5
30404.6
30400.4
30400.2
30403.9
30389.8
30386.8
30395.8
30377.2
30363.3
100000
100000
99999.9
99999.5
99997.7
99990.3
99962.5
99869.8
99604.1
98950
97567.7
95045.3
91193.3
86211.4
80693.8
75108.8
69852.1
64949.7
60524.5
56409.7
52784.6
49426.6
46450.5
43787.2
41403.2
39308.2
37485.3
35885.2
34578.9
33489.4
32589.2
31903.7
31376.1
31014.2
30736.7
30562.3
30506.8
30447.8
30420.7
30411
30411.4
30413.4
30418.2
30416.8
30410
30409.6
30410.9
30407.6
30407.5
30410.3
30412.5
30404.6
30400.4
30400.2
30403.9
30389.8
30386.8
30395.8
30377.2
30363.3
100000
100000
99999.9
99999.5
99997.7
99990.3
99962.5
99869.8
99604.1
98950
97567.7
95045.3
91193.3
86211.4
80693.8
75108.8
69852.1
64949.7
60524.5
56409.7
52784.6
49426.6
46450.5
43787.2
41403.2
39308.2
37485.3
35885.2
34578.9
33489.4
32589.2
31903.7
31376.1
31014.2
30736.7
30562.3
30506.8
30447.8
30420.7
30411
30411.4
30413.4
30418.2
30416.8
30410
30409.6
30410.9
30407.6
30407.5
30410.3
30412.5
30404.6
30400.4
30400.2
30403.9
30389.8
30386.8
30395.8
30377.2
30363.3
30358.4
30333.8
30273.6
30171.1
29943
29798.6
29604.2
29388.8
29230.8
29070.7
28905.4
28725
28524.6
28336.5
28207
27387
26373.5
25469.9
24246.9
22905.8
30364.3
30342.4
30291.9
30173.4
29992.6
29799.5
29614.9
29443.2
29286.8
29123.9
28941.8
28754.3
28577.4
28433.1
28322.2
27404.3
26559.1
25696.9
24604
23300.7
30341.4
30316.9
30263.7
30138.2
30043.7
29834.8
29649.1
29545.7
29431.3
29268.1
29055.1
28808.4
28532.6
28265.9
27981.6
27389.4
26754.5
25947.8
24941.1
23784.7
30341.5
30319.3
30280.2
30179.9
30052.7
29820.8
29644.7
29524.9
29454.9
29340.4
29114.9
28892.6
28624.5
28297.4
27870.6
27399
26918.6
26286
25500.8
24514.6
30329.3
30309.6
30263.7
30166.8
30066.7
29897
29694.6
29550.1
29419.8
29323.6
29270.2
28969.6
28651.2
28331.1
27942.4
27508.4
26992.6
26387
25753.5
25167.8
30324.5
30293.9
30250.2
30145.6
30058.4
29955.7
29710.4
29579.1
29482.6
29430
29179.3
28886
28636
28354.8
28037.2
27673.6
27248
26752.6
26237.8
25748.1
30330
30298.7
30260
30145.6
30081.5
29886.3
29730.7
29648.1
29445.9
29264.4
29072.6
28869.3
28648.4
28403
28127.2
27810.5
27448.2
27021.3
26588.6
26247.6
30332.7
30301.7
30262.4
30153.3
30075.7
29840.3
29737.3
29680.4
29497.5
29291.4
29115
28921.2
28702
28464.4
28215.9
27959.8
27718.5
27539.3
27110.1
26115.7
30333
30301.6
30260.8
30157.2
30067.1
29840.6
29738.5
29677.8
29540.9
29317.4
29146.8
28961.2
28756
28541.9
28320.1
28096.2
27900.5
27788.6
27117
26416.1
30331.3
30302
30255.6
30161.2
30064.2
29838.7
29739.7
29683.8
29550.8
29328
29157.7
28976.4
28783.3
28585.4
28384.7
28201.1
28070.5
28004.2
27301.4
26761.4
30326.3
30299.3
30246.1
30161
30055.5
29839
29746.9
29698.1
29602.3
29381.2
29224.4
29060.1
28885.9
28708.4
28530.4
28372.7
28294.3
28174.3
27452.3
26999
30320.6
30294.6
30238.1
30159.7
30046.2
29842
29754.8
29707.9
29673.4
29444.6
29283.3
29133.4
28975.6
28811.1
28651
28512.9
28474.5
28309
27622.4
27237.4
30314.8
30286.8
30232.3
30157.1
30047.5
29847.6
29754.2
29692.2
29692
29611.9
29339.3
29197.4
29058.2
28909.9
28758.1
28619.2
28533
28547.4
28009.4
27539.2
30313.7
30287.3
30238.8
30168.1
30068.6
29868.9
29773
29712.4
29700.9
29695.7
29416.5
29263.9
29134.4
29001.6
28865.5
28737.1
28634.7
28641.8
28419
27847.6
30314.4
30297.2
30244.3
30196.5
30111.8
29934.4
29865.4
29832.9
29781.2
29596.2
29473.2
29347.3
29210.6
29066.8
28924
28800.4
28714.6
28736.9
28452
28063.7
30319.7
30298.2
30252
30187.7
30142.5
29952
29857.7
29796.8
29782.1
29680
29490.1
29404.4
29353.6
29381.1
29177.7
28925.4
28812.5
28772.2
28766.2
28312.6
30314
30286.4
30255.2
30167.4
30141.8
29976.8
29867.5
29805.4
29756
29768.3
29742.9
29543.9
29518.9
29536
29271
29100
29010.7
28934
28954
28787.7
30317.3
30295.4
30257.3
30211.1
30184.9
30014.4
29915.9
29860.3
29810.2
29782.6
29816.8
29666.6
29517.2
29465.7
29488.1
29396.3
29135.3
29019.7
28956.5
29010.3
30322.9
30314.8
30269.8
30242.3
30169.6
30027.8
29968.8
29915.6
29871.8
29868.7
29888.3
29672.8
29571.5
29525.6
29551.1
29477.7
29249.3
29226.2
29245
28935.7
30326.3
30318.7
30277.1
30251.9
30209.8
30064.8
30027.2
29994.6
29970.9
30005.1
29936.8
29773.3
29710
29636
29588.4
29569.8
29623.9
29385.5
29169.4
29104.2
30324.6
30306.3
30274.3
30240
30225
30098.7
30069.1
30076.2
30070.6
29975.2
29971.5
30003.2
29836.3
29733.2
29691.6
29678.5
29738.5
29531.2
29323.8
29289.7
30321.6
30306.1
30296.1
30242.9
30263.8
30201.4
30099.2
30074.1
30092.3
30060.1
29946.3
29922.5
29976.7
29894.7
29742.1
29699.6
29694.8
29728.6
29591
29532.9
30322.7
30301.6
30297.9
30258.9
30267.7
30242.3
30136.4
30109.6
30120.4
30124
30040
30061
30058.5
29901.1
29850.4
29850.3
29892.5
29773.3
29712.1
29793.3
30329.7
30315.6
30320.8
30288.2
30297.6
30278.5
30180.2
30156.2
30169.5
30174.5
30106.2
30133.1
30126.6
29982.4
29946
29983.9
29996
29881.7
29874.5
29932.8
30344.6
30326
30318.2
30293.5
30287.3
30277.5
30214.7
30190.5
30187.7
30216.8
30168.1
30148.8
30199.4
30097.6
30020.6
30040.6
30099
30033.1
29994.4
30076.1
30357.9
30322.8
30301.3
30296.1
30270.7
30250.6
30267.9
30250.8
30190.2
30170.5
30202.7
30201.8
30141.1
30188.2
30199.4
30061.6
30019.1
29969.7
30079
30170.1
30324.9
30314.5
30299.6
30264.2
30244.4
30253.5
30243
30183.2
30163
30178.3
30206
30144.6
30148
30198.6
30075
30002.4
30005.6
30107
30099.8
29975.8
30311.7
30315.5
30293
30295
30296.5
30200.8
30172.4
30154.9
30137.9
30162.8
30178.1
30103
30120.1
30164.4
30038.3
29977.6
29960.2
30051.6
30081.5
29958.8
30303.5
30302.8
30286.1
30272.6
30292.2
30196.2
30158.8
30140.2
30125.8
30158.9
30143.8
30066.6
30106.2
30131
29997.9
29947.9
29946.5
30030.7
30017.6
29906.4
30312.6
30313.6
30289.1
30284.3
30286.3
30190.3
30170.6
30175.4
30178.1
30100.8
30059.3
30052.3
30131.5
30079.7
29967.9
29958.7
30027.3
30001.7
29939.5
29986.8
30327.2
30329.2
30305.9
30305.3
30303.7
30214.3
30194
30196.9
30171
30119.7
30085.7
30101.4
30167.9
30069.8
30001.1
30037.7
30075.1
29982.1
29983.5
30057.4
30338.8
30340.9
30318.1
30317.7
30315.4
30228.2
30214.6
30217.6
30178.9
30136.2
30105.6
30130.7
30186.5
30082.9
30033.4
30081.4
30089.8
30002.3
30036.3
30072.6
30346.1
30347.5
30325.6
30322.5
30323.9
30233.8
30216.4
30216.2
30227.6
30166
30122.9
30146.2
30202.5
30099.9
30052.7
30099.7
30105.2
30021.2
30058.4
30087.3
30348.8
30349.3
30327.5
30321.1
30326.6
30239.8
30220.5
30210.8
30229.3
30211.4
30137.9
30155.6
30211.5
30110.2
30063.4
30110.8
30116.5
30033.6
30070.9
30100.5
30350.2
30350.2
30328.7
30322.1
30328.7
30243.3
30223.3
30211.9
30228.6
30223.6
30147.2
30159.9
30215.4
30115.2
30068.5
30116.3
30121.9
30039.7
30076.8
30107.4
30350.8
30350.6
30329.3
30322.8
30329.6
30244.4
30224.7
30212.7
30229.1
30226.7
30150.1
30161.6
30217
30117.2
30070.5
30118.4
30124.2
30042.1
30079.3
30110
30351
30350.8
30329.5
30323
30329.9
30244.8
30225.1
30213.1
30229.3
30227.6
30151
30162.2
30217.6
30117.9
30071.2
30119.2
30125
30043
30080.1
30111
30351
30350.8
30329.6
30323.1
30330
30244.9
30225.2
30213.2
30229.3
30227.9
30151.3
30162.4
30217.7
30118.1
30071.4
30119.4
30125.3
30043.2
30080.4
30111.2
30351
30350.9
30329.6
30323.1
30330
30244.9
30225.2
30213.2
30229.4
30228
30151.4
30162.4
30217.8
30118.1
30071.5
30119.5
30125.3
30043.3
30080.5
30111.3
30351
30350.9
30329.6
30323.1
30330
30245
30225.2
30213.2
30229.4
30228
30151.4
30162.4
30217.8
30118.2
30071.5
30119.5
30125.3
30043.3
30080.5
30111.3
30351
30350.9
30329.6
30323.1
30330
30245
30225.2
30213.2
30229.4
30228
30151.4
30162.4
30217.8
30118.2
30071.5
30119.5
30125.3
30043.3
30080.5
30111.3
30351
30350.9
30329.6
30323.1
30330
30245
30225.2
30213.2
30229.4
30228
30151.4
30162.4
30217.8
30118.2
30071.5
30119.5
30125.3
30043.3
30080.5
30111.3
30351
30350.9
30329.6
30323.1
30330
30245
30225.2
30213.2
30229.4
30228
30151.4
30162.4
30217.8
30118.2
30071.5
30119.5
30125.3
30043.3
30080.5
30111.3
30351
30350.9
30329.6
30323.1
30330
30245
30225.2
30213.2
30229.4
30228
30151.4
30162.4
30217.8
30118.2
30071.5
30119.5
30125.3
30043.3
30080.5
30111.3
30351
30350.9
30329.6
30323.1
30330
30245
30225.2
30213.2
30229.4
30228
30151.4
30162.4
30217.8
30118.2
30071.5
30119.5
30125.3
30043.3
30080.5
30111.3
30351
30350.9
30329.6
30323.1
30330
30245
30225.2
30213.2
30229.4
30228
30151.4
30162.4
30217.8
30118.2
30071.5
30119.5
30125.3
30043.3
30080.5
30111.3
30351
30350.9
30329.6
30323.1
30330
30245
30225.2
30213.2
30229.4
30228
30151.4
30162.4
30217.8
30118.2
30071.5
30119.5
30125.3
30043.3
30080.5
30111.3
30351
30350.9
30329.6
30323.1
30330
30245
30225.2
30213.2
30229.4
30228
30151.4
30162.4
30217.8
30118.2
30071.5
30119.5
30125.3
30043.3
30080.5
30111.3
30351
30350.9
30329.6
30323.1
30330
30245
30225.2
30213.2
30229.4
30228
30151.4
30162.4
30217.8
30118.2
30071.5
30119.5
30125.3
30043.3
30080.5
30111.3
30351
30350.9
30329.6
30323.1
30330
30245
30225.2
30213.2
30229.4
30228
30151.4
30162.4
30217.8
30118.2
30071.5
30119.5
30125.3
30043.3
30080.5
30111.3
30830.1
30828.3
30934.2
31186.8
31574
32062.3
32547
32953.5
33162.5
33253.8
33466.3
33195.6
26206.3
12307.9
10300
10029.1
10002.6
10000.2
10000
10000
10000
10000
10000
10000
10000
10000
10000
10000
10000
10000
30907.8
30885.7
30943.1
31071.4
31263.6
31609.3
32132.3
32673.4
33123.1
33309.8
33277.2
32625.2
25877.1
12411.8
10331.6
10034.4
10003.2
10000.3
10000
10000
10000
10000
10000
10000
10000
10000
10000
10000
10000
10000
30293.9
30277.6
30352.9
30528.1
30852.2
31386.1
32137.2
32780.6
33191.6
33216.5
33001.1
31837
25771.9
12671.5
10400.4
10044.9
10004.4
10000.4
10000
10000
10000
10000
10000
10000
10000
10000
10000
10000
10000
10000
29636.2
29647.1
29789.9
30125.7
30624.3
31383.6
32230.4
32863
33047.6
32925.4
32605.6
31233.8
24366.6
13108.1
10511.8
10061.4
10006.5
10000.6
10000
10000
10000
10000
10000
10000
10000
10000
10000
10000
10000
10000
29787.3
29830
30028.2
30481.2
31071.2
31692.1
32155.6
32375.8
32679.3
32740.1
32440.1
30347.1
22335.2
13822.1
10667.1
10084.7
10009.3
10000.9
10000.1
10000
10000
10000
10000
10000
10000
10000
10000
10000
10000
10000
30456.2
30452.6
30541.4
30733.5
30922.5
31018.3
31145.3
31789.5
32448.9
32893.1
32494
27500.7
21227.3
14873.4
10863.2
10116.6
10013.2
10001.2
10000.1
10000
10000
10000
10000
10000
10000
10000
10000
10000
10000
10000
30207.4
30164.6
30062.4
29784.6
29577.9
29636.4
30445
31500.3
33220.4
33416.1
31313
24366
20803.3
16026
11092.4
10158.6
10018.1
10001.7
10000.1
10000
10000
10000
10000
10000
10000
10000
10000
10000
10000
10000
28506.6
28464.7
28335.3
28133.8
28188.9
28909.7
30124.8
32671.4
34218.5
33448.5
27004.7
22846
20651
16936
11344
10210
10024
10002.4
10000.2
10000
10000
10000
10000
10000
10000
10000
10000
10000
10000
10000
26919.1
26900.2
26928.2
27122.7
27614.6
28677
31627.4
34230.6
34082.4
28597.9
24127.2
22067.6
20588.7
17779.3
11634.6
10268.8
10031
10003.1
10000.3
10000
10000
10000
10000
10000
10000
10000
10000
10000
10000
10000
26097.3
26099
26211.2
26660.2
27727.4
30652.3
33614.7
33598.9
28588.9
24673.7
22836.6
21762.7
20629
18469.7
12062
10335.4
10039.3
10004.1
10000.4
10000
10000
10000
10000
10000
10000
10000
10000
10000
10000
10000
26679.3
26714
26942
27791.2
30016.9
32929.2
32945.1
28098
24372.3
22956.8
22217.3
21617.3
20726.6
18861.1
12692.7
10410.1
10048.8
10005.2
10000.5
10000
10000
10000
10000
10000
10000
10000
10000
10000
10000
10000
29915
29947.4
30129.9
30748.2
32165.9
32314
27665.1
23815.6
22463.4
22197.8
21894
21540.2
20820.7
19232.7
13312.2
10491.9
10059.8
10006.4
10000.6
10000
10000
10000
10000
10000
10000
10000
10000
10000
10000
10000
32749.6
32752.7
32706.5
32511.6
31644.7
27261.1
23422.8
21968.6
21645
21832.8
21754.4
21511.6
20924.7
19589.1
13917.7
10579.4
10072.3
10007.8
10000.7
10000.1
10000
10000
10000
10000
10000
10000
10000
10000
10000
10000
31628.4
31554.5
31161.5
29934.9
26915.3
22903.3
21486.4
21127
21254.9
21662.9
21658.9
21497.3
21039.6
19888.1
14508.4
10671.8
10086.3
10009.4
10000.9
10000.1
10000
10000
10000
10000
10000
10000
10000
10000
10000
10000
25287.2
25233.3
24994.7
24305.7
22683.1
21039.2
20641.8
20725
21075.3
21602.9
21629.8
21512.8
21148
20141.9
15085.6
10768.5
10101.6
10011.2
10001.1
10000.1
10000
10000
10000
10000
10000
10000
10000
10000
10000
10000
21010.9
21001
20958.8
20825.6
20475.7
20246.4
20280.3
20519.7
20999.4
21571.7
21619.8
21535.7
21239.8
20363.4
15645.2
10868.8
10118.3
10013.1
10001.2
10000.1
10000
10000
10000
10000
10000
10000
10000
10000
10000
10000
19166.2
19171.8
19198.9
19267
19412.1
19816.6
20109.3
20433.8
20973.8
21548.8
21616
21564.1
21343.3
20566.2
16176.9
10972.2
10136.2
10015.2
10001.5
10000.1
10000
10000
10000
10000
10000
10000
10000
10000
10000
10000
18365.2
18375.5
18426.1
18565.3
18887.1
19610.1
20033.8
20403.2
20964.7
21541.3
21665.3
21629.7
21446.1
20733.3
16678.5
11078
10155.4
10017.5
10001.7
10000.1
10000
10000
10000
10000
10000
10000
10000
10000
10000
10000
17980.2
17992.8
18054.2
18227.1
18626.2
19509.3
20010.3
20390.8
20960.9
21566.6
21737.1
21707.7
21541.6
20876.1
17148.5
11186.6
10175.7
10019.9
10001.9
10000.2
10000
10000
10000
10000
10000
10000
10000
10000
10000
10000
17783.9
17797.3
17863.5
18052.8
18492.8
19472.1
20004.2
20387.3
20963.1
21613.1
21812.5
21785.6
21629.4
21001.6
17585.9
11297.3
10196.9
10022.4
10002.2
10000.2
10000
10000
10000
10000
10000
10000
10000
10000
10000
10000
17659
17673.1
17742.4
17942.4
18409.8
19449.1
20017.2
20394.5
21001.4
21670.8
21883.2
21858.6
21709.5
21115.1
17991.4
11409.5
10219.1
10025
10002.5
10000.2
10000
10000
10000
10000
10000
10000
10000
10000
10000
10000
17559.3
17575.2
17650.3
17863.2
18350.2
19440.5
20065.8
20438.2
21052.6
21728.9
21950.4
21927.5
21783.8
21219.6
18364.8
11524.3
10241.9
10027.8
10002.8
10000.2
10000
10000
10000
10000
10000
10000
10000
10000
10000
10000
17486.2
17501.6
17576.5
17796.1
18309.2
19459.8
20124.3
20496.6
21109.3
21788.7
22012.1
21990.8
21853.4
21318.2
18703.4
11646.8
10265.4
10030.7
10003.1
10000.3
10000
10000
10000
10000
10000
10000
10000
10000
10000
10000
17443.7
17459.6
17537
17762.6
18299.6
19494.6
20186.8
20567.6
21171.7
21847.4
22069.4
22049.8
21918.3
21411
19007.9
11779
10289.4
10033.7
10003.4
10000.3
10000
10000
10000
10000
10000
10000
10000
10000
10000
10000
17400.9
17417.1
17497.8
17734.5
18292.8
19524.7
20242.4
20645.4
21233.1
21904
22122.1
22104.1
21979
21498.8
19274.7
11926.4
10313.9
10036.7
10003.8
10000.3
10000
10000
10000
10000
10000
10000
10000
10000
10000
10000
17387.1
17403.5
17485.1
17727.3
18291.1
19556
20293
20720.5
21293.9
21959
22170.8
22154.5
22036
21581.6
19495.6
12098.6
10338.7
10039.8
10004.1
10000.4
10000
10000
10000
10000
10000
10000
10000
10000
10000
10000
17370.5
17387.9
17473.1
17723.9
18301.3
19592.9
20335.3
20798.1
21353.5
22008.5
22215.4
22200.8
22089.2
21659.2
19681.2
12288.8
10363.9
10043
10004.5
10000.4
10000
10000
10000
10000
10000
10000
10000
10000
10000
10000
17360.5
17378.5
17466.4
17722.3
18314.8
19629.7
20383.2
20871.3
21411.7
22055.5
22257
22244.1
22139.1
21731.7
19848
12483.6
10389.4
10046.3
10004.9
10000.4
10000
10000
10000
10000
10000
10000
10000
10000
10000
10000
17340.1
17358.6
17449.2
17713
18328
19679.9
20428
20939.2
21468.5
22099
22295.8
22285.1
22186.7
21799.7
20001.4
12679.1
10415
10049.6
10005.2
10000.5
10000
10000
10000
10000
10000
10000
10000
10000
10000
10000
17324.4
17343.2
17434.3
17709
18336.2
19735.9
20473.4
21003.6
21524.6
22141.2
22333.2
22324.3
22232.6
21864
20142.9
12874.2
10440.8
10052.9
10005.6
10000.5
10000
10000
10000
10000
10000
10000
10000
10000
10000
10000
17308.2
17328.5
17426.7
17708.1
18353.4
19789.4
20518.7
21064.9
21580.7
22182.6
22369.9
22362.4
22276.9
21925.3
20273.6
13067.7
10466.6
10056.4
10006
10000.5
10000
10000
10000
10000
10000
10000
10000
10000
10000
10000
17299.2
17320.4
17422.8
17710.5
18373.4
19833.9
20561.9
21124.4
21636
22223.3
22406.5
22400.5
22320.1
21983.9
20395
13258.5
10492.5
10059.8
10006.4
10000.6
10000
10000
10000
10000
10000
10000
10000
10000
10000
10000
17296.4
17318.1
17422.1
17717.3
18394.6
19878.1
20604.3
21182.8
21689.8
22263.1
22443.1
22438.3
22362.6
22039.9
20508
13446.2
10518.3
10063.3
10006.8
10000.6
10000
10000
10000
10000
10000
10000
10000
10000
10000
10000
17295.5
17317.7
17424.3
17727.6
18417.6
19922.3
20647.9
21239.7
21741.1
22301.3
22479.8
22475.8
22404.3
22093.6
20613.2
13630.1
10544
10066.8
10007.2
10000.7
10000.1
10000
10000
10000
10000
10000
10000
10000
10000
10000
17296.6
17320.3
17432
17745.8
18454.7
19952.1
20690.7
21294.3
21789.9
22337.7
22516.7
22512.9
22445.3
22145
20710.9
13809.6
10569.5
10070.3
10007.6
10000.7
10000.1
10000
10000
10000
10000
10000
10000
10000
10000
10000
17304.4
17329.4
17446
17770
18500.2
19972.4
20734.4
21346.2
21836.1
22372.5
22553.6
22549.8
22485.1
22194.5
20802.1
13984.4
10594.8
10073.8
10008
10000.7
10000.1
10000
10000
10000
10000
10000
10000
10000
10000
10000
17314.2
17340.6
17463.8
17800.5
18553.1
19985.4
20772.8
21396
21880.4
22406.1
22589.9
22586.4
22523.9
22241.7
20887.4
14154.2
10619.9
10077.3
10008.4
10000.8
10000.1
10000
10000
10000
10000
10000
10000
10000
10000
10000
17328.1
17355.9
17485
17834.2
18612.5
19992.7
20807.9
21444
21922.8
22438.5
22625.3
22622.2
22561.7
22286.6
20967.1
14318.9
10644.7
10080.9
10008.8
10000.8
10000.1
10000
10000
10000
10000
10000
10000
10000
10000
10000
17342.6
17372.2
17508.6
17871
18674.8
19997.3
20839.7
21490.3
21963
22470.1
22659.8
22657
22598.5
22329.5
21042
14478.6
10669.2
10084.4
10009.2
10000.8
10000.1
10000
10000
10000
10000
10000
10000
10000
10000
10000
17362.6
17394.2
17538.1
17912
18736.4
20001.6
20869.5
21535.3
22001.8
22501
22693.1
22690.6
22634
22370.6
21112.6
14633.4
10693.4
10087.9
10009.6
10000.9
10000.1
10000
10000
10000
10000
10000
10000
10000
10000
10000
17390.1
17423.5
17573.2
17955
18794
20005.8
20896.2
21578.8
22039.7
22531
22725.3
22722.9
22668.2
22410
21179.7
14783.5
10717.2
10091.4
10010
10000.9
10000.1
10000
10000
10000
10000
10000
10000
10000
10000
10000
17420.6
17456.7
17614
18004.6
18848.6
20007.4
20920.3
21621
22077.3
22559.9
22756.2
22753.9
22700.9
22447.9
21243.9
14928.8
10740.6
10094.8
10010.3
10001
10000.1
10000
10000
10000
10000
10000
10000
10000
10000
10000
17454.9
17493.6
17659.1
18063.2
18894.8
20008.4
20942.6
21659.9
22114.1
22587.8
22785.9
22783.9
22732.3
22484.2
21305.1
15069.2
10763.6
10098.3
10010.7
10001
10000.1
10000
10000
10000
10000
10000
10000
10000
10000
10000
17494.9
17533.6
17706.2
18126.1
18935.9
20010.5
20963.5
21695.5
22150.3
22614.9
22814.6
22812.8
22762.7
22519.1
21363.2
15204.6
10786.2
10101.7
10011.1
10001
10000.1
10000
10000
10000
10000
10000
10000
10000
10000
10000
17526.8
17574.7
17760.6
18198.1
18972.8
20015
20982.7
21726.8
22185.7
22641.2
22842.3
22840.7
22791.9
22552.6
21418.2
15336
10808.3
10105
10011.5
10001.1
10000.1
10000
10000
10000
10000
10000
10000
10000
10000
10000
17539.7
17602.1
17808.8
18277.2
19007.9
20021.9
20999.3
21753.1
22219.2
22666.1
22868.7
22867.3
22819.9
22584.4
21470.8
15463.5
10830
10108.4
10011.8
10001.1
10000.1
10000
10000
10000
10000
10000
10000
10000
10000
10000
17540.6
17612
17845.9
18355.7
19043.2
20031.4
21017.2
21777.2
22249.2
22689
22893.3
22892.3
22846.3
22614.6
21520.5
15586.6
10851.1
10111.6
10012.2
10001.1
10000.1
10000
10000
10000
10000
10000
10000
10000
10000
10000
17524
17612.2
17879
18419.3
19078.6
20039.2
21044.3
21817.8
22280
22711
22917
22916.4
22871.7
22643.3
21567.6
15705.9
10871.8
10114.9
10012.6
10001.2
10000.1
10000
10000
10000
10000
10000
10000
10000
10000
10000
17521.5
17639.9
17935.5
18477.8
19111.9
20042
21085
21894.5
22325.6
22738.1
22943.9
22943.3
22899.1
22673.2
21613.6
15820.7
10891.8
10118
10012.9
10001.2
10000.1
10000
10000
10000
10000
10000
10000
10000
10000
10000
17807.4
17843.5
18068.2
18557.4
19140
20040.7
21107.4
21958.5
22396.7
22777.9
22979.2
22977.5
22932.2
22707.5
21661.1
15929.4
10911.2
10121.1
10013.2
10001.2
10000.1
10000
10000
10000
10000
10000
10000
10000
10000
10000
19532.9
18636.2
18662.5
18812.7
19195.2
20030.1
21118.1
22005.8
22574.7
22886.7
23070.4
23066.8
23020.7
22800.6
21789.8
16218
10963.1
10129.6
10014.2
10001.3
10000.1
10000
10000
10000
10000
10000
10000
10000
10000
10000
21174.1
19814.2
19279.6
19326.7
19527.8
20024.9
21044.4
22017.3
22720.9
23019.4
23170.3
23168.5
23128
22920.9
21971.6
16714.9
11054.9
10144.7
10015.8
10001.5
10000.1
10000
10000
10000
10000
10000
10000
10000
10000
10000
22194.1
20918.1
20083.3
20011.5
20071.1
20336.9
21007.6
22007.4
22796.9
23187.7
23287.2
23286.2
23248.8
23050.5
22156.9
17208.7
11153.6
10161.6
10017.7
10001.7
10000.1
10000
10000
10000
10000
10000
10000
10000
10000
10000
23074.3
21866.4
20934.1
20579.2
20603.3
20736.1
21115.5
21965.4
22826.3
23301.2
23409.8
23409.2
23379.7
23187.6
22334.5
17703
11260
10180.3
10019.7
10001.9
10000.2
10000
10000
10000
10000
10000
10000
10000
10000
10000
23966.3
22674.2
21730.3
21191.4
21179.5
21225.3
21428.5
21950.6
22831.1
23416
23547.8
23546.5
23512.5
23335.5
22522.1
18193.6
11374.1
10201
10021.9
10002.1
10000.2
10000
10000
10000
10000
10000
10000
10000
10000
10000
24518.1
23416.7
22500.4
21883
21682
21704.8
21814.3
22124.3
22823.8
23478.2
23696.8
23693.7
23658.1
23477.3
22708.4
18692.2
11495.9
10223.4
10024.4
10002.3
10000.2
10000
10000
10000
10000
10000
10000
10000
10000
10000
25103
24042.6
23203.6
22531.9
22183.2
22192.4
22247
22420.4
22841
23506
23850.5
23845.4
23806.5
23630.6
22906.1
19203.4
11625.7
10247.8
10027.1
10002.6
10000.2
10000
10000
10000
10000
10000
10000
10000
10000
10000
25679.4
24651.8
23854.8
23145.2
22699.6
22669.3
22688.5
22772.3
23005.1
23521.4
24013.4
24003.1
23957.1
23787.7
23109.4
19723.4
11765.5
10274.1
10030
10002.8
10000.2
10000
10000
10000
10000
10000
10000
10000
10000
10000
25979.9
25566.5
24513.1
23743
23237.8
23096.4
23106.6
23151.8
23290
23611.7
24100.7
24132.5
24107.8
23958.1
23328.5
20243.9
11925.5
10302.5
10033.1
10003.1
10000.3
10000
10000
10000
10000
10000
10000
10000
10000
10000
26393
26060.5
25157
24378.4
23771.8
23512.2
23516.8
23534.4
23624.4
23825.5
24152.7
24301.3
24279.8
24138.9
23551.6
20737.4
12114.2
10332.8
10036.3
10003.5
10000.3
10000
10000
10000
10000
10000
10000
10000
10000
10000
26737.2
26460.7
25676.7
25001.5
24331.5
23938.4
23925.6
23932.1
23962.6
24051.5
24252.3
24477.3
24459.4
24332.4
23789.3
21176.4
12353.3
10365
10039.8
10003.8
10000.3
10000
10000
10000
10000
10000
10000
10000
10000
10000
27004.7
26828.1
26186.8
25667.9
24900
24422.1
24308.9
24294.7
24302.3
24337.8
24432.8
24646.7
24639.2
24532.9
24033.7
21559.8
12648.2
10398.7
10043.3
10004.1
10000.3
10000
10000
10000
10000
10000
10000
10000
10000
10000
27300.8
27120.9
26895
26108
25410
24892.4
24717.4
24628.5
24632.4
24651.4
24703.3
24822.5
24818.6
24735.5
24286.7
21928.1
12959.7
10433.4
10046.9
10004.5
10000.4
10000
10000
10000
10000
10000
10000
10000
10000
10000
27577.8
27401.2
27201.9
26633.6
25929.5
25379.3
25128.7
24963.1
24960.5
24965.9
24987.1
25033.3
25034.7
24965.8
24543
22280.9
13274.1
10468.2
10050.5
10004.8
10000.4
10000
10000
10000
10000
10000
10000
10000
10000
10000
28043
27800.2
27351.1
27140.2
26440.5
26070
25608.7
25352
25267.9
25271.9
25271.9
25276.1
25274.8
25211.1
24822.7
22640
13578.5
10502.2
10054
10005.1
10000.4
10000
10000
10000
10000
10000
10000
10000
10000
10000
28184.8
28146.8
27706
27460.9
27016.8
26533.9
26071.6
25775.3
25630.3
25557
25527.3
25528.8
25528.4
25477.1
25124.4
23010.1
13875.1
10534.5
10057.3
10005.4
10000.4
10000
10000
10000
10000
10000
10000
10000
10000
10000
28307
28164.5
28056.4
27944.5
27396.4
27083.5
26588.7
26258.5
26035.6
25852
25782.7
25783.3
25788.5
25754.2
25449.4
23400.2
14172.2
10564.7
10060.2
10005.6
10000.4
10000
10000
10000
10000
10000
10000
10000
10000
10000
28605.8
28407.3
28345.3
28236.1
27790.4
27603
27139.6
26768.3
26467.8
26179.2
26053.2
26055.9
26063.6
26046.4
25794.3
23810.1
14473.8
10592.2
10062.7
10005.8
10000.5
10000
10000
10000
10000
10000
10000
10000
10000
10000
28790.9
28837.7
28604.5
28389
28341.9
28142.6
27546.2
27234.1
27001.6
26592.2
26369.4
26370.1
26373.1
26364.2
26157.9
24225
14745.1
10614.5
10064.7
10006
10000.5
10000
10000
10000
10000
10000
10000
10000
10000
10000
28984.2
28942
28973.7
28759
28653.6
28531.9
28061.1
27732.1
27471.1
27070.9
26743.9
26724.7
26730.4
26724.4
26532.1
24604.8
14917.5
10628.5
10065.9
10006
10000.5
10000
10000
10000
10000
10000
10000
10000
10000
10000
29187.1
29141.1
29184.2
29061.4
28950.1
28857.2
28475.4
28189.3
28020.6
27692.4
27284.6
27191.5
27174.3
27131.2
26898.1
24928.8
14989.5
10635.9
10066.7
10006.1
10000.5
10000
10000
10000
10000
10000
10000
10000
10000
10000
29566.8
29354.4
29260.7
29238.2
29248.8
29142.3
28912.2
28686.9
28526.9
28339.5
27829.7
27747.9
27699.5
27588.5
27227.4
25121.6
14991
10641.2
10067.4
10006.2
10000.5
10000
10000
10000
10000
10000
10000
10000
10000
10000
29590.2
29526.9
29441.7
29403.8
29423.2
29360.3
29306.8
29117.1
28985.6
28863.2
28565.3
28390.6
28313.2
28136.4
27644.5
25261.2
14930.9
10645.6
10068
10006.2
10000.5
10000
10000
10000
10000
10000
10000
10000
10000
10000
29699.2
29662
29681.2
29576.3
29611.8
29593
29543.2
29505.3
29312.7
29254.2
29190.4
28942.3
28828.8
28596
28004.1
25514.6
14907.2
10649.3
10068.5
10006.3
10000.5
10000
10000
10000
10000
10000
10000
10000
10000
10000
29958.9
29858.1
29752.5
29695.6
29804.1
29819.2
29758.4
29787.7
29600.6
29585.6
29562.5
29453.3
29252.3
28954.8
28259.8
25663.9
14893.3
10653.4
10069.1
10006.4
10000.5
10000
10000
10000
10000
10000
10000
10000
10000
10000
29889.3
29946.2
30065.2
29891.6
29908.4
29956.2
29897.9
29946.1
29798.9
29767.3
29763.7
29701.7
29542
29174.6
28392
25740.5
14916
10659.2
10069.8
10006.4
10000.5
10000
10000
10000
10000
10000
10000
10000
10000
10000
30074.5
30029.2
29966
29909.3
29951.3
29979.3
29957.7
29973.2
29862.4
29846.1
29838.7
29772.2
29673.5
29331.1
28425.3
25739.6
14986.5
10667.3
10070.6
10006.5
10000.5
10000
10000
10000
10000
10000
10000
10000
10000
10000
30039.4
30025.8
29889.9
29860.4
29928.8
29956.8
29952.7
29936.6
29862.2
29848.3
29824.7
29754.9
29671.6
29360.7
28448.1
25773.9
15061.9
10676
10071.4
10006.6
10000.5
10000
10000
10000
10000
10000
10000
10000
10000
10000
29993.5
29950.5
29879.7
29844
29893.5
29921.5
29914.1
29901.8
29829.5
29819.7
29803.9
29736.4
29656.8
29362.7
28465.1
25816.1
15138.9
10682.8
10072
10006.6
10000.5
10000
10000
10000
10000
10000
10000
10000
10000
10000
29940.9
29826.2
29884.7
29898
29915.5
29899.1
29890.8
29884.5
29821.2
29806.2
29784.3
29725.1
29654.8
29378.3
28508.9
25890.1
15198.5
10686.5
10072.3
10006.6
10000.5
10000
10000
10000
10000
10000
10000
10000
10000
10000
29889.5
29852.5
29893.6
29839.8
29883.4
29907.9
29909.2
29899
29834.2
29819.1
29793.8
29739.5
29674.5
29407.3
28554.3
25947.6
15227.5
10688
10072.4
10006.6
10000.5
10000
10000
10000
10000
10000
10000
10000
10000
10000
29897.9
29875.7
29917.7
29862.9
29907.5
29934.9
29938.5
29927
29865.2
29847.7
29819.1
29766.5
29702.1
29437.5
28585.5
25974
15230
10687.9
10072.3
10006.6
10000.5
10000
10000
10000
10000
10000
10000
10000
10000
10000
29918.2
29898.3
29940.5
29885.1
29931.5
29958.9
29963.2
29951.2
29894.1
29873.5
29842.9
29790.6
29725.1
29460
28603.7
25983.5
15226.2
10687.6
10072.3
10006.6
10000.5
10000
10000
10000
10000
10000
10000
10000
10000
10000
29932.8
29913.6
29955.4
29899.5
29946.9
29974.3
29978.5
29966.6
29913.3
29890.3
29858.1
29805.8
29739.2
29472.5
28611.4
25984.1
15221.1
10687.3
10072.3
10006.6
10000.5
10000
10000
10000
10000
10000
10000
10000
10000
10000
29940
29920.7
29962.7
29906.7
29954.4
29981.8
29986
29974.1
29922.8
29898.5
29865.6
29813.3
29746.1
29478.4
28614.5
25983.5
15218.2
10687.1
10072.3
10006.6
10000.5
10000
10000
10000
10000
10000
10000
10000
10000
10000
29943
29923.8
29965.7
29909.6
29957.5
29984.9
29989.1
29977.3
29926.6
29902
29868.8
29816.4
29748.9
29480.7
28615.5
25982.7
15216.8
10687.1
10072.3
10006.6
10000.5
10000
10000
10000
10000
10000
10000
10000
10000
10000
29944
29924.8
29966.7
29910.7
29958.6
29986
29990.2
29978.4
29928
29903.2
29869.9
29817.5
29749.9
29481.5
28615.8
25982.4
15216.3
10687
10072.3
10006.6
10000.5
10000
10000
10000
10000
10000
10000
10000
10000
10000
29944.3
29925.1
29967
29911
29959
29986.3
29990.5
29978.7
29928.4
29903.5
29870.2
29817.8
29750.2
29481.8
28615.9
25982.3
15216.1
10687
10072.3
10006.6
10000.5
10000
10000
10000
10000
10000
10000
10000
10000
10000
29944.4
29925.2
29967.1
29911.1
29959
29986.4
29990.6
29978.8
29928.5
29903.6
29870.3
29817.9
29750.2
29481.8
28615.9
25982.3
15216.1
10687
10072.3
10006.6
10000.5
10000
10000
10000
10000
10000
10000
10000
10000
10000
29944.4
29925.2
29967.1
29911.1
29959.1
29986.5
29990.6
29978.8
29928.5
29903.7
29870.3
29818
29750.3
29481.8
28615.9
25982.2
15216.1
10687
10072.3
10006.6
10000.5
10000
10000
10000
10000
10000
10000
10000
10000
10000
29944.4
29925.2
29967.1
29911.1
29959.1
29986.5
29990.6
29978.9
29928.5
29903.7
29870.4
29818
29750.3
29481.9
28615.9
25982.2
15216.1
10687
10072.3
10006.6
10000.5
10000
10000
10000
10000
10000
10000
10000
10000
10000
29944.4
29925.2
29967.1
29911.1
29959.1
29986.5
29990.6
29978.9
29928.5
29903.7
29870.4
29818
29750.3
29481.9
28615.9
25982.2
15216.1
10687
10072.3
10006.6
10000.5
10000
10000
10000
10000
10000
10000
10000
10000
10000
29944.4
29925.2
29967.1
29911.1
29959.1
29986.5
29990.6
29978.9
29928.5
29903.7
29870.4
29818
29750.3
29481.9
28615.9
25982.2
15216.1
10687
10072.3
10006.6
10000.5
10000
10000
10000
10000
10000
10000
10000
10000
10000
29944.4
29925.2
29967.1
29911.1
29959.1
29986.5
29990.6
29978.9
29928.5
29903.7
29870.4
29818
29750.3
29481.9
28615.9
25982.2
15216.1
10687
10072.3
10006.6
10000.5
10000
10000
10000
10000
10000
10000
10000
10000
10000
29944.4
29925.2
29967.1
29911.1
29959.1
29986.5
29990.6
29978.9
29928.5
29903.7
29870.4
29818
29750.3
29481.9
28615.9
25982.2
15216.1
10687
10072.3
10006.6
10000.5
10000
10000
10000
10000
10000
10000
10000
10000
10000
29944.4
29925.2
29967.1
29911.1
29959.1
29986.5
29990.6
29978.9
29928.5
29903.7
29870.4
29818
29750.3
29481.9
28615.9
25982.2
15216.1
10687
10072.3
10006.6
10000.5
10000
10000
10000
10000
10000
10000
10000
10000
10000
29944.4
29925.2
29967.1
29911.1
29959.1
29986.5
29990.6
29978.9
29928.5
29903.7
29870.4
29818
29750.3
29481.9
28615.9
25982.2
15216.1
10687
10072.3
10006.6
10000.5
10000
10000
10000
10000
10000
10000
10000
10000
10000
29944.4
29925.2
29967.1
29911.1
29959.1
29986.5
29990.6
29978.9
29928.5
29903.7
29870.4
29818
29750.3
29481.9
28615.9
25982.2
15216.1
10687
10072.3
10006.6
10000.5
10000
10000
10000
10000
10000
10000
10000
10000
10000
29944.4
29925.2
29967.1
29911.1
29959.1
29986.5
29990.6
29978.9
29928.5
29903.7
29870.4
29818
29750.3
29481.9
28615.9
25982.2
15216.1
10687
10072.3
10006.6
10000.5
10000
10000
10000
10000
10000
10000
10000
10000
10000
29944.4
29925.2
29967.1
29911.1
29959.1
29986.5
29990.6
29978.9
29928.5
29903.7
29870.4
29818
29750.3
29481.9
28615.9
25982.2
15216.1
10687
10072.3
10006.6
10000.5
10000
10000
10000
10000
10000
10000
10000
10000
10000
)
;

boundaryField
{
    inlet
    {
        type            zeroGradient;
    }
    outlet
    {
        type            zeroGradient;
    }
    bottom
    {
        type            symmetryPlane;
    }
    top
    {
        type            symmetryPlane;
    }
    obstacle
    {
        type            zeroGradient;
    }
    defaultFaces
    {
        type            empty;
    }
}


// ************************************************************************* //
