/*--------------------------------*- C++ -*----------------------------------*\
| =========                 |                                                 |
| \\      /  F ield         | OpenFOAM: The Open Source CFD Toolbox           |
|  \\    /   O peration     | Version:  5.x                                   |
|   \\  /    A nd           | Web:      www.OpenFOAM.org                      |
|    \\/     M anipulation  |                                                 |
\*---------------------------------------------------------------------------*/
/*   Windows 32 and 64 bit porting by blueCAPE: http://www.bluecape.com.pt   *\
|  Based on Windows porting (2.0.x v4) by Symscape: http://www.symscape.com   |
\*---------------------------------------------------------------------------*/
FoamFile
{
    version     2.0;
    format      ascii;
    class       volScalarField;
    location    "0.006";
    object      p_0;
}
// * * * * * * * * * * * * * * * * * * * * * * * * * * * * * * * * * * * * * //

dimensions      [1 -1 -2 0 0 0 0];

internalField   nonuniform List<scalar> 
10000
(
100000
100000
99999.9
99999.5
99997.7
99990.3
99962.6
99870.1
99604.9
98952
97571.6
95051.7
91202.1
86221.6
80704.1
75118.3
69860.4
64956.9
60530.5
56414.8
52788.8
49430
46453.3
43789.3
41404.8
39309.4
37486.1
35885.7
34579.3
33489.5
32589.1
31903.6
31375.9
31014.1
30736.4
30562.8
30508.1
30452.1
30424.8
30420.8
30421.4
30423.5
30429.1
30428.5
30422.9
30423.5
30426.5
30423.8
30425.6
30428.2
30426.3
30426.8
30430.7
30428.6
30422.3
30413.7
30418.3
30439.2
30432
30408.3
100000
100000
99999.9
99999.5
99997.7
99990.3
99962.6
99870.1
99604.9
98952
97571.6
95051.7
91202.1
86221.6
80704.1
75118.3
69860.4
64956.9
60530.5
56414.8
52788.8
49430
46453.3
43789.3
41404.8
39309.4
37486.1
35885.7
34579.3
33489.5
32589.1
31903.6
31375.9
31014.1
30736.4
30562.8
30508.1
30452.1
30424.8
30420.8
30421.4
30423.6
30429
30428.4
30423.1
30423.4
30426
30423.4
30425.5
30428.3
30427.7
30426.5
30426.4
30429.8
30429.5
30410.2
30414.9
30440.1
30429
30411.4
100000
100000
99999.9
99999.5
99997.7
99990.3
99962.6
99870.1
99604.9
98952
97571.6
95051.7
91202.1
86221.6
80704.1
75118.3
69860.4
64956.9
60530.5
56414.8
52788.8
49430
46453.3
43789.3
41404.8
39309.4
37486.1
35885.7
34579.3
33489.5
32589.1
31903.6
31375.9
31014.1
30736.4
30562.8
30508.1
30452.1
30424.8
30421
30421.6
30423.6
30429.1
30428.5
30423
30423.2
30425.7
30423.4
30425.3
30429.1
30428.5
30426
30424.8
30426
30430.8
30415.3
30414.6
30437.4
30427
30412.7
100000
100000
99999.9
99999.5
99997.7
99990.3
99962.6
99870.1
99604.9
98952
97571.6
95051.7
91202.1
86221.6
80704.1
75118.3
69860.4
64956.9
60530.5
56414.8
52788.8
49430
46453.3
43789.3
41404.8
39309.4
37486.1
35885.7
34579.3
33489.5
32589.1
31903.6
31375.9
31014.1
30736.4
30562.8
30508.1
30452
30425
30421.3
30421.8
30423.8
30429.1
30428.6
30422.8
30423
30425.8
30423.6
30425.4
30428.8
30427.9
30426.9
30424.8
30423.5
30428
30420.9
30416.8
30433.1
30429
30411
100000
100000
99999.9
99999.5
99997.7
99990.3
99962.6
99870.1
99604.9
98952
97571.6
95051.7
91202.1
86221.6
80704.1
75118.3
69860.4
64956.9
60530.5
56414.8
52788.8
49430
46453.3
43789.3
41404.8
39309.4
37486.1
35885.7
34579.3
33489.5
32589.1
31903.6
31375.9
31014.1
30736.4
30562.8
30508.1
30451.9
30425.2
30421.5
30422
30424
30429.2
30428.7
30422.6
30423
30426.1
30423.7
30425.5
30428.7
30428.1
30427.6
30424.8
30421.9
30426.3
30424.5
30418.3
30430
30431.3
30409
100000
100000
99999.9
99999.5
99997.7
99990.3
99962.6
99870.1
99604.9
98952
97571.6
95051.7
91202.1
86221.6
80704.1
75118.3
69860.4
64956.9
60530.5
56414.8
52788.8
49430
46453.3
43789.3
41404.8
39309.4
37486.1
35885.7
34579.3
33489.5
32589.1
31903.6
31375.9
31014.1
30736.4
30562.7
30508.1
30451.8
30425.3
30421.8
30422.2
30424.2
30429.4
30428.9
30422.6
30422.9
30426.3
30423.8
30425.7
30428.8
30428.5
30428.2
30423.5
30422.3
30428.4
30424.4
30415.7
30429.6
30434
30406.4
100000
100000
99999.9
99999.5
99997.7
99990.3
99962.6
99870.1
99604.9
98952
97571.6
95051.7
91202.1
86221.6
80704.1
75118.3
69860.4
64956.9
60530.5
56414.8
52788.8
49430
46453.3
43789.3
41404.8
39309.4
37486.1
35885.7
34579.3
33489.5
32589.1
31903.6
31375.9
31014.1
30736.4
30562.7
30508.1
30451.8
30425.5
30421.9
30422.3
30424.3
30429.5
30429
30422.7
30423.1
30426.7
30424.4
30426.1
30428.8
30428.8
30427.2
30422.8
30424.8
30431.1
30419.6
30411.4
30431.7
30435.7
30406.1
100000
100000
99999.9
99999.5
99997.7
99990.3
99962.6
99870.1
99604.9
98952
97571.6
95051.7
91202.1
86221.6
80704.1
75118.3
69860.4
64956.9
60530.5
56414.8
52788.8
49430
46453.3
43789.3
41404.8
39309.4
37486.1
35885.7
34579.3
33489.5
32589.1
31903.6
31375.9
31014.1
30736.4
30562.7
30508.1
30451.8
30425.5
30422
30422.4
30424.4
30429.6
30429.3
30423.1
30423.5
30427.3
30424.8
30426.4
30428.4
30428.8
30425.2
30423.2
30427.5
30432.5
30414
30410
30433.7
30433.9
30408
100000
100000
99999.9
99999.5
99997.7
99990.3
99962.6
99870.1
99604.9
98952
97571.6
95051.7
91202.1
86221.6
80704.1
75118.3
69860.4
64956.9
60530.5
56414.8
52788.8
49430
46453.3
43789.3
41404.8
39309.4
37486.1
35885.7
34579.3
33489.5
32589.1
31903.6
31375.9
31014.1
30736.4
30562.7
30508.1
30451.8
30425.5
30422.1
30422.5
30424.5
30429.8
30429.5
30423.6
30424
30427.9
30424.9
30426.3
30428.7
30429.1
30425.8
30422.4
30426
30432.5
30414.4
30409.1
30436.3
30435.6
30403.2
100000
100000
99999.9
99999.5
99997.7
99990.3
99962.6
99870.1
99604.9
98952
97571.6
95051.7
91202.1
86221.6
80704.1
75118.3
69860.4
64956.9
60530.5
56414.8
52788.8
49430
46453.3
43789.3
41404.8
39309.4
37486.1
35885.7
34579.3
33489.5
32589.1
31903.6
31375.9
31014.1
30736.4
30562.6
30508
30451.8
30425.5
30422.2
30422.6
30424.6
30430
30429.7
30424.1
30424.5
30428.2
30424.7
30426
30429
30430.3
30426.5
30423.5
30423.6
30429.2
30419
30410.4
30434.7
30438
30396.4
100000
100000
99999.9
99999.5
99997.7
99990.3
99962.6
99870.1
99604.9
98952
97571.6
95051.7
91202.1
86221.6
80704.1
75118.3
69860.4
64956.9
60530.5
56414.8
52788.8
49430
46453.3
43789.3
41404.8
39309.4
37486.1
35885.7
34579.3
33489.5
32589.1
31903.6
31375.9
31014.1
30736.4
30562.6
30508
30451.8
30425.5
30422.2
30422.7
30424.7
30430.1
30429.9
30424.4
30424.7
30428
30424.3
30425.7
30429.1
30430.8
30427.4
30424.7
30423.6
30427.5
30419.8
30410
30430.7
30439.3
30393.9
100000
100000
99999.9
99999.5
99997.7
99990.3
99962.6
99870.1
99604.9
98952
97571.6
95051.7
91202.1
86221.6
80704.1
75118.3
69860.4
64956.9
60530.5
56414.8
52788.8
49430
46453.3
43789.3
41404.8
39309.4
37486.1
35885.7
34579.3
33489.5
32589.1
31903.6
31375.9
31014.1
30736.4
30562.6
30507.9
30451.9
30425.4
30422.3
30422.8
30424.7
30430.2
30430
30424.5
30424.7
30427.8
30424.2
30426.1
30428.6
30430.2
30427.7
30424.2
30422.9
30429.7
30419.6
30405.8
30430.5
30440.7
30393.9
100000
100000
99999.9
99999.5
99997.7
99990.3
99962.6
99870.1
99604.9
98952
97571.6
95051.7
91202.1
86221.6
80704.1
75118.3
69860.4
64956.9
60530.5
56414.8
52788.8
49430
46453.3
43789.3
41404.8
39309.4
37486.1
35885.7
34579.3
33489.5
32589.1
31903.6
31375.9
31014.1
30736.4
30562.6
30507.8
30451.9
30425.4
30422.3
30422.8
30424.8
30430.2
30430
30424.4
30424.6
30427.6
30424.2
30426.4
30428.3
30428.7
30427.7
30423.8
30421.9
30431.7
30422.6
30403.4
30429
30443.7
30394.9
100000
100000
99999.9
99999.5
99997.7
99990.3
99962.6
99870.1
99604.9
98952
97571.6
95051.7
91202.1
86221.6
80704.1
75118.3
69860.4
64956.9
60530.5
56414.8
52788.8
49430
46453.3
43789.3
41404.8
39309.4
37486.1
35885.7
34579.3
33489.5
32589.1
31903.6
31375.9
31014.1
30736.4
30562.6
30507.8
30451.9
30425.4
30422.4
30422.9
30424.8
30430.2
30430
30424.4
30424.7
30427.6
30424.3
30426.3
30428.6
30428.2
30427.4
30423
30423.2
30432.6
30424
30405.4
30425.7
30443.2
30398.2
100000
100000
99999.9
99999.5
99997.7
99990.3
99962.6
99870.1
99604.9
98952
97571.6
95051.7
91202.1
86221.6
80704.1
75118.3
69860.4
64956.9
60530.5
56414.8
52788.8
49430
46453.3
43789.3
41404.8
39309.4
37486.1
35885.7
34579.3
33489.5
32589.1
31903.6
31375.9
31014.1
30736.4
30562.5
30507.7
30451.9
30425.5
30422.4
30422.9
30424.9
30430.2
30430.1
30424.3
30424.6
30427.6
30424.3
30425.9
30430
30428.9
30426.9
30422.7
30423.4
30433.3
30421.6
30407.5
30425.7
30437.4
30402.1
100000
100000
99999.9
99999.5
99997.7
99990.3
99962.6
99870.1
99604.9
98952
97571.6
95051.7
91202.1
86221.6
80704.1
75118.3
69860.4
64956.9
60530.5
56414.8
52788.8
49430
46453.3
43789.3
41404.8
39309.4
37486.1
35885.7
34579.3
33489.5
32589.1
31903.6
31375.9
31014.1
30736.4
30562.5
30507.6
30451.9
30425.5
30422.5
30423
30425
30430.3
30430
30424.2
30424.5
30427.6
30424.6
30425.9
30431.1
30428.2
30424.9
30424.2
30424.2
30431.5
30420.1
30408.6
30426.4
30433.1
30405.3
100000
100000
99999.9
99999.5
99997.7
99990.3
99962.6
99870.1
99604.9
98952
97571.6
95051.7
91202.1
86221.6
80704.1
75118.3
69860.4
64956.9
60530.5
56414.8
52788.8
49430
46453.3
43789.3
41404.8
39309.4
37486.1
35885.7
34579.3
33489.5
32589.1
31903.6
31375.9
31014.1
30736.4
30562.5
30507.5
30451.9
30425.6
30422.5
30423
30425.1
30430.3
30430
30424.2
30424.5
30427.6
30425.1
30425.8
30431
30427.9
30424.7
30425.2
30425.5
30427.4
30423.1
30406.4
30426.6
30434.1
30407.2
100000
100000
99999.9
99999.5
99997.7
99990.3
99962.6
99870.1
99604.9
98952
97571.6
95051.7
91202.1
86221.6
80704.1
75118.3
69860.4
64956.9
60530.5
56414.8
52788.8
49430
46453.3
43789.3
41404.8
39309.4
37486.1
35885.7
34579.3
33489.5
32589.1
31903.6
31375.9
31014.1
30736.4
30562.5
30507.5
30451.8
30425.7
30422.6
30423.1
30425.1
30430.3
30429.9
30424
30424.3
30427.6
30425.4
30425.6
30430.4
30427.6
30426
30426.6
30423
30426.4
30425.3
30407.3
30426.4
30437.4
30404.6
100000
100000
99999.9
99999.5
99997.7
99990.3
99962.6
99870.1
99604.9
98952
97571.6
95051.7
91202.1
86221.6
80704.1
75118.3
69860.4
64956.9
60530.5
56414.8
52788.8
49430
46453.3
43789.3
41404.8
39309.4
37486.1
35885.7
34579.3
33489.5
32589.1
31903.6
31375.9
31014.1
30736.4
30562.5
30507.4
30451.8
30425.8
30422.6
30423.1
30425.2
30430.3
30429.9
30423.9
30424.2
30427.8
30425.6
30425.5
30429.6
30427.6
30428.1
30426.1
30420.3
30426.1
30426.2
30410.4
30425.4
30440.3
30400.7
100000
100000
99999.9
99999.5
99997.7
99990.3
99962.6
99870.1
99604.9
98952
97571.6
95051.7
91202.1
86221.6
80704.1
75118.3
69860.4
64956.9
60530.5
56414.8
52788.8
49430
46453.3
43789.3
41404.8
39309.4
37486.1
35885.7
34579.3
33489.5
32589.1
31903.6
31375.9
31014.1
30736.4
30562.5
30507.3
30451.7
30425.9
30422.6
30423.1
30425.2
30430.4
30430
30423.9
30424.1
30427.8
30425.6
30425.9
30429.6
30427.4
30428
30425.1
30419.8
30426.5
30426.1
30411.2
30423.3
30444.3
30399.8
100000
100000
99999.9
99999.5
99997.7
99990.3
99962.6
99870.1
99604.9
98952
97571.6
95051.7
91202.1
86221.6
80704.1
75118.3
69860.4
64956.9
60530.5
56414.8
52788.8
49430
46453.3
43789.3
41404.8
39309.4
37486.1
35885.7
34579.3
33489.5
32589.1
31903.6
31375.9
31014.1
30736.4
30562.5
30507.3
30451.6
30426.1
30422.6
30423.1
30425.2
30430.5
30430.1
30424
30424.1
30427.6
30425.6
30426.5
30429.8
30427.4
30426.9
30424
30420.5
30427.8
30426.6
30410.3
30423
30445.4
30402
100000
100000
99999.9
99999.5
99997.7
99990.3
99962.6
99870.1
99604.9
98952
97571.6
95051.7
91202.1
86221.6
80704.1
75118.3
69860.4
64956.9
60530.5
56414.8
52788.8
49430
46453.3
43789.3
41404.8
39309.4
37486.1
35885.7
34579.3
33489.5
32589.1
31903.6
31375.9
31014.1
30736.4
30562.5
30507.2
30451.5
30426.2
30422.6
30423.1
30425.2
30430.6
30430.1
30424.1
30424.1
30427.4
30425.3
30426.7
30429.9
30428.9
30426.1
30421.7
30420.9
30429.4
30426.6
30409.8
30423.3
30444.5
30403.6
100000
100000
99999.9
99999.5
99997.7
99990.3
99962.6
99870.1
99604.9
98952
97571.6
95051.7
91202.1
86221.6
80704.1
75118.3
69860.4
64956.9
60530.5
56414.8
52788.8
49430
46453.3
43789.3
41404.8
39309.4
37486.1
35885.7
34579.3
33489.5
32589.1
31903.6
31375.9
31014.1
30736.4
30562.5
30507.1
30451.4
30426.3
30422.6
30423.1
30425.2
30430.6
30430.2
30424.1
30424
30427.3
30424.9
30426.4
30429.9
30429.6
30426.1
30420.4
30420.8
30430.3
30427.4
30409.6
30423.4
30442.3
30404.7
100000
100000
99999.9
99999.5
99997.7
99990.3
99962.6
99870.1
99604.9
98952
97571.6
95051.7
91202.1
86221.6
80704.1
75118.3
69860.4
64956.9
60530.5
56414.8
52788.8
49430
46453.3
43789.3
41404.8
39309.4
37486.1
35885.7
34579.3
33489.5
32589.1
31903.6
31375.9
31014.1
30736.4
30562.4
30507.1
30451.2
30426.4
30422.7
30423.1
30425.2
30430.6
30430.2
30424.1
30423.9
30427.3
30424.8
30426
30429.3
30430.8
30426.6
30418.9
30421.6
30430.9
30428.4
30408
30422.9
30438.6
30405.6
100000
100000
99999.9
99999.5
99997.7
99990.3
99962.6
99870.1
99604.9
98952
97571.6
95051.7
91202.1
86221.6
80704.1
75118.3
69860.4
64956.9
60530.5
56414.8
52788.8
49430
46453.3
43789.3
41404.8
39309.4
37486.1
35885.7
34579.3
33489.5
32589.1
31903.6
31375.9
31014.1
30736.4
30562.4
30507.1
30451.1
30426.4
30422.8
30423.2
30425.3
30430.7
30430.2
30424
30423.9
30427.4
30424.7
30425.5
30428.1
30432.1
30427.4
30418.8
30422.8
30430.1
30427.6
30406.4
30421.2
30434.1
30406.4
100000
100000
99999.9
99999.5
99997.7
99990.3
99962.6
99870.1
99604.9
98952
97571.6
95051.7
91202.1
86221.6
80704.1
75118.3
69860.4
64956.9
60530.5
56414.8
52788.8
49430
46453.3
43789.3
41404.8
39309.4
37486.1
35885.7
34579.3
33489.5
32589.1
31903.6
31375.9
31014.1
30736.4
30562.4
30507
30451
30426.5
30422.9
30423.3
30425.4
30430.7
30430.2
30424
30423.9
30427.4
30424.6
30425
30428.1
30432
30428.8
30419.6
30422.9
30426.5
30425.2
30407.5
30420.7
30429.7
30408.2
100000
100000
99999.9
99999.5
99997.7
99990.3
99962.6
99870.1
99604.9
98952
97571.6
95051.7
91202.1
86221.6
80704.1
75118.3
69860.4
64956.9
60530.5
56414.8
52788.8
49430
46453.3
43789.3
41404.8
39309.4
37486.1
35885.7
34579.3
33489.5
32589.1
31903.6
31375.9
31014.1
30736.4
30562.4
30507
30450.8
30426.5
30423.1
30423.5
30425.5
30430.8
30430.2
30423.9
30423.8
30427.2
30424.5
30424.3
30429.2
30431
30428.6
30422.6
30420.9
30421.8
30423.5
30410.6
30422
30429.2
30407.6
100000
100000
99999.9
99999.5
99997.7
99990.3
99962.6
99870.1
99604.9
98952
97571.6
95051.7
91202.1
86221.6
80704.1
75118.3
69860.4
64956.9
60530.5
56414.8
52788.8
49430
46453.3
43789.3
41404.8
39309.4
37486.1
35885.7
34579.3
33489.5
32589.1
31903.6
31375.9
31014.1
30736.4
30562.4
30506.9
30450.7
30426.5
30423.3
30423.7
30425.7
30430.9
30430.3
30423.9
30423.8
30427
30424.4
30424.3
30429.6
30430
30428.1
30425.4
30418.1
30419.7
30423.2
30412.6
30421.9
30432.2
30403.4
100000
100000
99999.9
99999.5
99997.7
99990.3
99962.6
99870.1
99604.9
98952
97571.6
95051.7
91202.1
86221.6
80704.1
75118.3
69860.4
64956.9
60530.5
56414.8
52788.8
49430
46453.3
43789.3
41404.8
39309.4
37486.1
35885.7
34579.3
33489.5
32589.1
31903.6
31375.9
31014.1
30736.3
30562.4
30506.9
30450.6
30426.4
30423.5
30423.9
30425.9
30430.9
30430.3
30423.9
30423.8
30427
30424.3
30424.6
30429.1
30430
30428.5
30423.7
30416.9
30421.4
30423
30410.8
30418.9
30434.4
30400.1
100000
100000
99999.9
99999.5
99997.7
99990.3
99962.6
99870.1
99604.9
98952
97571.6
95051.7
91202.1
86221.6
80704.1
75118.3
69860.4
64956.9
60530.5
56414.8
52788.8
49430
46453.3
43789.3
41404.8
39309.4
37486.1
35885.7
34579.3
33489.5
32589.1
31903.6
31375.9
31014.1
30736.3
30562.4
30506.9
30450.5
30426.4
30423.7
30424.1
30426.1
30431
30430.3
30423.8
30423.8
30427.2
30424.2
30424.8
30428.6
30431.1
30428.6
30419.9
30417.1
30423.5
30423.2
30407.1
30414.9
30433.7
30398.6
100000
100000
99999.9
99999.5
99997.7
99990.3
99962.6
99870.1
99604.9
98952
97571.6
95051.7
91202.1
86221.6
80704.1
75118.3
69860.4
64956.9
60530.5
56414.8
52788.8
49430
46453.3
43789.3
41404.8
39309.4
37486.1
35885.7
34579.3
33489.5
32589.1
31903.6
31375.9
31014.1
30736.3
30562.4
30506.9
30450.3
30426.3
30423.8
30424.2
30426.2
30431
30430.3
30423.7
30423.7
30427.4
30424.5
30425.1
30428.2
30431.5
30428.2
30417.4
30417.3
30424.1
30423.6
30403.1
30411.5
30433.7
30397.3
100000
100000
99999.9
99999.5
99997.7
99990.3
99962.6
99870.1
99604.9
98952
97571.6
95051.7
91202.1
86221.6
80704.1
75118.3
69860.4
64956.9
60530.5
56414.8
52788.8
49430
46453.3
43789.3
41404.8
39309.4
37486.1
35885.7
34579.3
33489.5
32589.1
31903.6
31375.9
31014.1
30736.3
30562.4
30506.8
30450.2
30426.2
30424
30424.4
30426.2
30431
30430.3
30423.6
30423.7
30427.5
30424.6
30425.3
30428.3
30431.1
30427.8
30416.2
30416.4
30424.2
30423.7
30400.7
30411.4
30431.8
30398.1
100000
100000
99999.9
99999.5
99997.7
99990.3
99962.6
99870.1
99604.9
98952
97571.6
95051.7
91202.1
86221.6
80704.1
75118.3
69860.4
64956.9
60530.5
56414.8
52788.8
49430
46453.3
43789.3
41404.8
39309.4
37486.1
35885.7
34579.3
33489.5
32589.1
31903.6
31375.9
31014.1
30736.3
30562.4
30506.8
30450.1
30426.1
30424
30424.4
30426.3
30431
30430.2
30423.6
30423.7
30427.4
30424.7
30425.6
30428.1
30430.9
30427.9
30416.5
30414.4
30424.2
30423.2
30399.6
30413.9
30429.1
30399.5
100000
100000
99999.9
99999.5
99997.7
99990.3
99962.6
99870.1
99604.9
98952
97571.6
95051.7
91202.1
86221.6
80704.1
75118.3
69860.4
64956.9
60530.5
56414.8
52788.8
49430
46453.3
43789.3
41404.8
39309.4
37486.1
35885.7
34579.3
33489.5
32589.1
31903.6
31375.9
31014.1
30736.3
30562.4
30506.8
30450
30426
30424.1
30424.5
30426.3
30430.9
30430.1
30423.7
30423.7
30427.2
30424.7
30425.6
30427.7
30431.1
30427.9
30417.1
30413.1
30424.5
30422.8
30399.2
30415.7
30425.6
30401.2
100000
100000
99999.9
99999.5
99997.7
99990.3
99962.6
99870.1
99604.9
98952
97571.6
95051.7
91202.1
86221.6
80704.1
75118.3
69860.4
64956.9
60530.5
56414.8
52788.8
49430
46453.3
43789.3
41404.8
39309.4
37486.1
35885.7
34579.3
33489.5
32589.1
31903.6
31375.9
31014.1
30736.3
30562.4
30506.8
30449.9
30425.9
30424
30424.4
30426.2
30430.8
30430
30423.9
30423.8
30427
30424.6
30425.5
30427.8
30430.9
30428.2
30416.7
30413.9
30424.7
30423.8
30399.9
30412.9
30422
30401.2
100000
100000
99999.9
99999.5
99997.7
99990.3
99962.6
99870.1
99604.9
98952
97571.6
95051.7
91202.1
86221.6
80704.1
75118.3
69860.4
64956.9
60530.5
56414.8
52788.8
49430
46453.3
43789.3
41404.8
39309.4
37486.1
35885.7
34579.3
33489.5
32589.1
31903.6
31375.9
31014.1
30736.3
30562.4
30506.8
30449.8
30425.8
30424
30424.4
30426.2
30430.7
30429.9
30424
30424
30426.9
30424.6
30425.2
30428.4
30430.2
30428.7
30415.8
30415.2
30425.2
30425.7
30400.6
30406.8
30418.2
30399.4
100000
100000
99999.9
99999.5
99997.7
99990.3
99962.6
99870.1
99604.9
98952
97571.6
95051.7
91202.1
86221.6
80704.1
75118.3
69860.4
64956.9
60530.5
56414.8
52788.8
49430
46453.3
43789.3
41404.8
39309.4
37486.1
35885.7
34579.3
33489.5
32589.1
31903.6
31375.9
31014.1
30736.3
30562.4
30506.8
30449.6
30425.7
30423.9
30424.3
30426.1
30430.6
30429.9
30424.1
30424.2
30426.9
30424.4
30425.1
30428.9
30429.8
30428.9
30415.6
30416
30425
30427
30401.7
30401.6
30414.5
30397.3
100000
100000
99999.9
99999.5
99997.7
99990.3
99962.6
99870.1
99604.9
98952
97571.6
95051.7
91202.1
86221.6
80704.1
75118.3
69860.4
64956.9
60530.5
56414.8
52788.8
49430
46453.3
43789.3
41404.8
39309.4
37486.1
35885.7
34579.3
33489.5
32589.1
31903.6
31375.9
31014.1
30736.3
30562.4
30506.8
30449.5
30425.6
30423.8
30424.2
30426
30430.6
30429.8
30424.1
30424.4
30427
30424.2
30425.2
30429
30429.7
30429
30416.4
30416.5
30423.2
30426.9
30406
30399
30411.1
30395.3
100000
100000
99999.9
99999.5
99997.7
99990.3
99962.6
99870.1
99604.9
98952
97571.6
95051.7
91202.1
86221.6
80704.1
75118.3
69860.4
64956.9
60530.5
56414.8
52788.8
49430
46453.3
43789.3
41404.8
39309.4
37486.1
35885.7
34579.3
33489.5
32589.1
31903.6
31375.9
31014.1
30736.3
30562.4
30506.8
30449.4
30425.5
30423.7
30424.2
30426
30430.6
30429.8
30424.2
30424.5
30427.1
30424.1
30425.3
30428.9
30429.9
30428.7
30417.8
30416.5
30420
30425.6
30412.5
30397.7
30408.2
30393.6
100000
100000
99999.9
99999.5
99997.7
99990.3
99962.6
99870.1
99604.9
98952
97571.6
95051.7
91202.1
86221.6
80704.1
75118.3
69860.4
64956.9
60530.5
56414.8
52788.8
49430
46453.3
43789.3
41404.8
39309.4
37486.1
35885.7
34579.3
33489.5
32589.1
31903.6
31375.9
31014.1
30736.3
30562.4
30506.8
30449.3
30425.4
30423.7
30424.1
30425.9
30430.6
30429.8
30424.3
30424.7
30427.2
30424
30425.3
30429.2
30430
30427.9
30419.3
30416.1
30417.6
30423.6
30417.2
30397
30406.8
30392.5
100000
100000
99999.9
99999.5
99997.7
99990.3
99962.6
99870.1
99604.9
98952
97571.6
95051.7
91202.1
86221.6
80704.1
75118.3
69860.4
64956.9
60530.5
56414.8
52788.8
49430
46453.3
43789.3
41404.8
39309.4
37486.1
35885.7
34579.3
33489.5
32589.1
31903.6
31375.9
31014.1
30736.3
30562.4
30506.8
30449.2
30425.3
30423.6
30424
30425.9
30430.5
30429.8
30424.4
30424.9
30427.3
30424
30425.4
30429.6
30430.3
30427
30420.8
30414.8
30416.7
30422.2
30417.8
30398.3
30407
30392.4
100000
100000
99999.9
99999.5
99997.7
99990.3
99962.6
99870.1
99604.9
98952
97571.6
95051.7
91202.1
86221.6
80704.1
75118.3
69860.4
64956.9
60530.5
56414.8
52788.8
49430
46453.3
43789.3
41404.8
39309.4
37486.1
35885.7
34579.3
33489.5
32589.1
31903.6
31375.9
31014.1
30736.3
30562.4
30506.8
30449.1
30425.2
30423.5
30423.9
30425.9
30430.5
30429.8
30424.4
30425
30427.4
30424.1
30425.5
30430
30430.7
30426.2
30421.7
30413.7
30416.4
30421
30417.6
30400.7
30405.6
30393.6
100000
100000
99999.9
99999.5
99997.7
99990.3
99962.6
99870.1
99604.9
98952
97571.6
95051.7
91202.1
86221.6
80704.1
75118.3
69860.4
64956.9
60530.5
56414.8
52788.8
49430
46453.3
43789.3
41404.8
39309.4
37486.1
35885.7
34579.3
33489.5
32589.1
31903.6
31375.9
31014.1
30736.3
30562.4
30506.8
30449
30425.1
30423.5
30423.9
30425.9
30430.4
30429.8
30424.5
30425.1
30427.6
30424.2
30425.6
30430.2
30430.9
30425.9
30422.1
30413
30416
30420.5
30417.2
30404.1
30404.1
30395.1
100000
100000
99999.9
99999.5
99997.7
99990.3
99962.6
99870.1
99604.9
98952
97571.6
95051.7
91202.1
86221.6
80704.1
75118.3
69860.4
64956.9
60530.5
56414.8
52788.8
49430
46453.3
43789.3
41404.8
39309.4
37486.1
35885.7
34579.3
33489.5
32589.1
31903.6
31375.9
31014.1
30736.3
30562.4
30506.8
30449
30425
30423.4
30423.8
30425.9
30430.4
30429.9
30424.5
30425.2
30427.7
30424.3
30425.7
30430.5
30430.9
30426
30422.2
30412.8
30415.5
30420.4
30417.3
30406.1
30405.5
30394.9
100000
100000
99999.9
99999.5
99997.7
99990.3
99962.6
99870.1
99604.9
98952
97571.6
95051.7
91202.1
86221.6
80704.1
75118.3
69860.4
64956.9
60530.5
56414.8
52788.8
49430
46453.3
43789.3
41404.8
39309.4
37486.1
35885.7
34579.3
33489.5
32589.1
31903.6
31375.9
31014.1
30736.3
30562.4
30506.8
30448.9
30424.9
30423.3
30423.8
30425.8
30430.4
30430
30424.5
30425.2
30427.7
30424.5
30425.7
30430.7
30430.8
30426.2
30422.1
30413.4
30415.4
30420.2
30417.1
30407.5
30408
30392.7
100000
100000
99999.9
99999.5
99997.7
99990.3
99962.6
99870.1
99604.9
98952
97571.6
95051.7
91202.1
86221.6
80704.1
75118.3
69860.4
64956.9
60530.5
56414.8
52788.8
49430
46453.3
43789.3
41404.8
39309.4
37486.1
35885.7
34579.3
33489.5
32589.1
31903.6
31375.9
31014.1
30736.3
30562.4
30506.8
30448.8
30424.8
30423.2
30423.7
30425.7
30430.4
30430.1
30424.5
30425.2
30427.8
30424.8
30425.6
30430.9
30430.6
30426.6
30421.9
30414.2
30415.8
30419.8
30416.7
30408.8
30409.3
30388.4
100000
100000
99999.9
99999.5
99997.7
99990.3
99962.6
99870.1
99604.9
98952
97571.6
95051.7
91202.1
86221.6
80704.1
75118.3
69860.4
64956.9
60530.5
56414.8
52788.8
49430
46453.3
43789.3
41404.8
39309.4
37486.1
35885.7
34579.3
33489.5
32589.1
31903.6
31375.9
31014.1
30736.3
30562.4
30506.8
30448.7
30424.7
30423.2
30423.7
30425.6
30430.5
30430.2
30424.4
30425.3
30428
30425
30425.5
30431
30430.6
30427.2
30421.4
30414.9
30416.5
30419.1
30416
30410.9
30409.1
30383.4
100000
100000
99999.9
99999.5
99997.7
99990.3
99962.6
99870.1
99604.9
98952
97571.6
95051.7
91202.1
86221.6
80704.1
75118.3
69860.4
64956.9
60530.5
56414.8
52788.8
49430
46453.3
43789.3
41404.8
39309.4
37486.1
35885.7
34579.3
33489.5
32589.1
31903.6
31375.9
31014.1
30736.3
30562.4
30506.8
30448.7
30424.6
30423.1
30423.6
30425.5
30430.5
30430.3
30424.4
30425.4
30428.1
30425.2
30425.5
30430.9
30430.7
30427.9
30420.8
30415.7
30417.5
30418.3
30415.1
30413.4
30407.8
30378.6
100000
100000
99999.9
99999.5
99997.7
99990.3
99962.6
99870.1
99604.9
98952
97571.6
95051.7
91202.1
86221.6
80704.1
75118.3
69860.4
64956.9
60530.5
56414.8
52788.8
49430
46453.3
43789.3
41404.8
39309.4
37486.1
35885.7
34579.3
33489.5
32589.1
31903.6
31375.9
31014.1
30736.3
30562.4
30506.8
30448.6
30424.5
30423
30423.5
30425.4
30430.5
30430.4
30424.3
30425.5
30428.2
30425.3
30425.4
30430.6
30430.9
30428.6
30420.1
30416.5
30418.4
30417.7
30414.4
30415.6
30406.1
30374.4
100000
100000
99999.9
99999.5
99997.7
99990.3
99962.6
99870.1
99604.9
98952
97571.6
95051.7
91202.1
86221.6
80704.1
75118.3
69860.4
64956.9
60530.5
56414.8
52788.8
49430
46453.3
43789.3
41404.8
39309.4
37486.1
35885.7
34579.3
33489.5
32589.1
31903.6
31375.9
31014.1
30736.3
30562.4
30506.8
30448.5
30424.3
30422.9
30423.4
30425.4
30430.4
30430.4
30424.2
30425.6
30428.3
30425.4
30425.4
30430.3
30430.9
30429.1
30419.7
30417.3
30419.4
30417.4
30414
30416.9
30403.5
30372
100000
100000
99999.9
99999.5
99997.7
99990.3
99962.6
99870.1
99604.9
98952
97571.6
95051.7
91202.1
86221.6
80704.1
75118.3
69860.4
64956.9
60530.5
56414.8
52788.8
49430
46453.3
43789.3
41404.8
39309.4
37486.1
35885.7
34579.3
33489.5
32589.1
31903.6
31375.9
31014.1
30736.3
30562.4
30506.8
30448.4
30424
30422.6
30423.1
30425.2
30430.2
30430.3
30424.3
30426.1
30428.7
30425.4
30425.5
30429.3
30431.4
30429.2
30419.6
30418.7
30421.9
30417.1
30413.3
30418.2
30390.9
30372.3
100000
100000
99999.9
99999.5
99997.7
99990.3
99962.6
99870.1
99604.9
98952
97571.6
95051.7
91202.1
86221.6
80704.1
75118.3
69860.4
64956.9
60530.5
56414.8
52788.8
49430
46453.3
43789.3
41404.8
39309.4
37486.1
35885.7
34579.3
33489.5
32589.1
31903.6
31375.9
31014.1
30736.3
30562.4
30506.8
30448.2
30423.4
30422
30422.5
30424.6
30429.9
30429.9
30424.6
30426.5
30428.8
30425.2
30425.5
30429.6
30431.3
30427.5
30423
30421.2
30418.2
30409.7
30421
30412.4
30382.5
30377.1
100000
100000
99999.9
99999.5
99997.7
99990.3
99962.6
99870.1
99604.9
98952
97571.6
95051.7
91202.1
86221.6
80704.1
75118.3
69860.4
64956.9
60530.5
56414.8
52788.8
49430
46453.3
43789.3
41404.8
39309.4
37486.1
35885.7
34579.3
33489.5
32589.1
31903.6
31375.9
31014.1
30736.3
30562.4
30506.8
30448.1
30422.7
30421.2
30421.7
30423.9
30429.1
30429.2
30424.5
30426.3
30428.9
30425.1
30425.3
30429.7
30430.6
30427.3
30421
30420.2
30418
30410.3
30412
30413.5
30389
30370.2
100000
100000
99999.9
99999.5
99997.7
99990.3
99962.6
99870.1
99604.9
98952
97571.6
95051.7
91202.1
86221.6
80704.1
75118.3
69860.4
64956.9
60530.5
56414.8
52788.8
49430
46453.3
43789.3
41404.8
39309.4
37486.1
35885.7
34579.3
33489.5
32589.1
31903.6
31375.9
31014.1
30736.3
30562.4
30506.8
30448
30422.1
30420.1
30420.6
30422.8
30428.1
30428.2
30424.2
30425.8
30428.6
30424.4
30424.5
30429.8
30431.7
30425.3
30420.6
30420.3
30420
30408.7
30403.7
30409
30398
30371.6
100000
100000
99999.9
99999.5
99997.7
99990.3
99962.6
99870.1
99604.9
98952
97571.6
95051.7
91202.1
86221.6
80704.1
75118.3
69860.4
64956.9
60530.5
56414.8
52788.8
49430
46453.3
43789.3
41404.8
39309.4
37486.1
35885.7
34579.3
33489.5
32589.1
31903.6
31375.9
31014.1
30736.3
30562.4
30506.8
30447.9
30421.4
30418.8
30419.3
30421.5
30427
30427.3
30423.3
30424.9
30428.3
30423.9
30425.1
30429.3
30430.8
30425.7
30420
30421.6
30420.4
30405.9
30399.7
30401.3
30404.8
30370.8
100000
100000
99999.9
99999.5
99997.7
99990.3
99962.6
99870.1
99604.9
98952
97571.6
95051.7
91202.1
86221.6
80704.1
75118.3
69860.4
64956.9
60530.5
56414.8
52788.8
49430
46453.3
43789.3
41404.8
39309.4
37486.1
35885.7
34579.3
33489.5
32589.1
31903.6
31375.9
31014.1
30736.3
30562.3
30506.8
30447.9
30420.9
30417.3
30417.8
30420
30425.7
30426.1
30421.8
30423.7
30427.7
30423.9
30425.6
30430
30430
30424.9
30420.4
30417.6
30417.6
30411.2
30396.3
30395.7
30404.7
30366.3
100000
100000
99999.9
99999.5
99997.7
99990.3
99962.6
99870.1
99604.9
98952
97571.6
95051.7
91202.1
86221.6
80704.1
75118.3
69860.4
64956.9
60530.5
56414.8
52788.8
49430
46453.3
43789.3
41404.8
39309.4
37486.1
35885.7
34579.3
33489.5
32589.1
31903.6
31375.9
31014.1
30736.3
30562.3
30506.8
30447.8
30420.4
30415.7
30416.2
30418.4
30424
30424.7
30419.7
30421.5
30426.3
30423
30425.5
30429.6
30428.8
30424.9
30418.2
30414.7
30413.8
30413.9
30397.6
30396.3
30401.8
30364.6
100000
100000
99999.9
99999.5
99997.7
99990.3
99962.6
99870.1
99604.9
98952
97571.6
95051.7
91202.1
86221.6
80704.1
75118.3
69860.4
64956.9
60530.5
56414.8
52788.8
49430
46453.3
43789.3
41404.8
39309.4
37486.1
35885.7
34579.3
33489.5
32589.1
31903.6
31375.9
31014.1
30736.3
30562.3
30506.8
30447.7
30420.1
30414
30414.5
30416.6
30422.3
30422.7
30417.4
30418.7
30423.9
30421
30423.8
30427.4
30427.1
30422.4
30416.9
30412.9
30413
30413.3
30397.3
30396.4
30397.2
30364.7
100000
100000
99999.9
99999.5
99997.7
99990.3
99962.6
99870.1
99604.9
98952
97571.6
95051.7
91202.1
86221.6
80704.1
75118.3
69860.4
64956.9
60530.5
56414.8
52788.8
49430
46453.3
43789.3
41404.8
39309.4
37486.1
35885.7
34579.3
33489.5
32589.1
31903.6
31375.9
31014.1
30736.3
30562.3
30506.8
30447.6
30419.9
30412.3
30412.9
30415
30420.5
30420.3
30415.2
30415.7
30420.9
30418.2
30420.5
30423.2
30422.8
30421.1
30414.6
30411.5
30412.4
30410.5
30396.2
30396.5
30393.4
30362.3
100000
100000
99999.9
99999.5
99997.7
99990.3
99962.6
99870.1
99604.9
98952
97571.6
95051.7
91202.1
86221.6
80704.1
75118.3
69860.4
64956.9
60530.5
56414.8
52788.8
49430
46453.3
43789.3
41404.8
39309.4
37486.1
35885.7
34579.3
33489.5
32589.1
31903.6
31375.9
31014.1
30736.3
30562.3
30506.9
30447.6
30419.7
30411
30411.4
30413.4
30419
30418.6
30412.5
30412.7
30417.4
30414.8
30416.6
30419
30420.1
30417.3
30410.4
30407.8
30411
30405.2
30392.6
30395.8
30386.8
30356.8
100000
100000
99999.9
99999.5
99997.7
99990.3
99962.6
99870.1
99604.9
98952
97571.6
95051.7
91202.1
86221.6
80704.1
75118.3
69860.4
64956.9
60530.5
56414.8
52788.8
49430
46453.3
43789.3
41404.8
39309.4
37486.1
35885.7
34579.3
33489.5
32589.1
31903.6
31375.9
31014.1
30736.3
30562.3
30506.9
30447.5
30419.5
30410.1
30410.5
30412.3
30417.9
30417
30410.4
30410.6
30414.4
30412
30413.4
30415.6
30416.2
30411.6
30405.3
30402.9
30408.4
30398.8
30387.8
30394
30378
30349.9
100000
100000
99999.9
99999.5
99997.7
99990.3
99962.6
99870.1
99604.9
98952
97571.6
95051.7
91202.1
86221.6
80704.1
75118.3
69860.4
64956.9
60530.5
56414.8
52788.8
49430
46453.3
43789.3
41404.8
39309.4
37486.1
35885.7
34579.3
33489.5
32589.1
31903.6
31375.9
31014.1
30736.3
30562.3
30506.9
30447.5
30419.2
30409.5
30409.9
30411.8
30416.7
30415.5
30409.5
30409.2
30412.2
30409.5
30410.8
30411.7
30413.4
30407
30400.5
30397.9
30403
30394.3
30382.7
30389
30371.4
30344.6
100000
100000
99999.9
99999.5
99997.7
99990.3
99962.6
99870.1
99604.9
98952
97571.6
95051.7
91202.1
86221.6
80704.1
75118.3
69860.4
64956.9
60530.5
56414.8
52788.8
49430
46453.3
43789.3
41404.8
39309.4
37486.1
35885.7
34579.3
33489.5
32589.1
31903.6
31375.9
31014.1
30736.3
30562.3
30506.9
30447.5
30418.9
30409.2
30409.6
30411.3
30416
30414.8
30408.7
30408.7
30410.9
30407.8
30409.1
30409.8
30411.8
30403.8
30396.8
30393.8
30395.8
30392.5
30377.5
30380.1
30369.1
30342.5
100000
100000
99999.9
99999.5
99997.7
99990.3
99962.6
99870.1
99604.9
98952
97571.6
95051.7
91202.1
86221.6
80704.1
75118.3
69860.4
64956.9
60530.5
56414.8
52788.8
49430
46453.3
43789.3
41404.8
39309.4
37486.1
35885.7
34579.3
33489.5
32589.1
31903.6
31375.9
31014.1
30736.3
30562.3
30506.9
30447.5
30418.5
30408.9
30409.4
30411.2
30415.7
30414.5
30408.6
30407.9
30410.3
30407.4
30408
30408.4
30410.4
30402.6
30394.5
30391
30392.4
30390.3
30373.5
30374.3
30366
30340.5
100000
100000
99999.9
99999.5
99997.7
99990.3
99962.6
99870.1
99604.9
98952
97571.6
95051.7
91202.1
86221.6
80704.1
75118.3
69860.4
64956.9
60530.5
56414.8
52788.8
49430
46453.3
43789.3
41404.8
39309.4
37486.1
35885.7
34579.3
33489.5
32589.1
31903.6
31375.9
31014.1
30736.3
30562.3
30506.9
30447.5
30418.4
30408.5
30409
30410.7
30415.7
30414.4
30407.7
30407.3
30409.7
30406.9
30407.1
30407
30408.9
30401.7
30393.8
30390.5
30393.2
30384.9
30373.7
30378.3
30356.7
30335
100000
100000
99999.9
99999.5
99997.7
99990.3
99962.6
99870.1
99604.9
98952
97571.6
95051.7
91202.1
86221.6
80704.1
75118.3
69860.4
64956.9
60530.5
56414.8
52788.8
49430
46453.3
43789.3
41404.8
39309.4
37486.1
35885.7
34579.3
33489.5
32589.1
31903.6
31375.9
31014.1
30736.3
30562.3
30506.9
30447.4
30418.4
30408.5
30408.9
30410.7
30415.4
30414
30407
30406.9
30408.8
30406.1
30406.2
30407.5
30409.9
30404.3
30398.2
30394.4
30384.5
30378
30383.7
30383.5
30345.5
30332.3
100000
100000
99999.9
99999.5
99997.7
99990.3
99962.6
99870.1
99604.9
98952
97571.6
95051.7
91202.1
86221.6
80704.1
75118.3
69860.4
64956.9
60530.5
56414.8
52788.8
49430
46453.3
43789.3
41404.8
39309.4
37486.1
35885.7
34579.3
33489.5
32589.1
31903.6
31375.9
31014.1
30736.3
30562.3
30506.9
30447.3
30418.4
30408.6
30409
30410.6
30415.3
30414
30406.5
30406.4
30408
30405.3
30405.4
30405.8
30407.7
30400.8
30394.1
30390.4
30389.5
30389.3
30375.3
30375.5
30368.3
30339.7
100000
100000
99999.9
99999.5
99997.7
99990.3
99962.6
99870.1
99604.9
98952
97571.6
95051.7
91202.1
86221.6
80704.1
75118.3
69860.4
64956.9
60530.5
56414.8
52788.8
49430
46453.3
43789.3
41404.8
39309.4
37486.1
35885.7
34579.3
33489.5
32589.1
31903.6
31375.9
31014.1
30736.3
30562.3
30506.9
30447.2
30418.3
30408.7
30409.1
30410.9
30415
30413.5
30406.5
30405.6
30406.7
30404.4
30404.1
30405.7
30408.3
30398.4
30391.5
30388.1
30392.2
30383.6
30370.1
30373.5
30363
30337.9
100000
100000
99999.9
99999.5
99997.7
99990.3
99962.6
99870.1
99604.9
98952
97571.6
95051.7
91202.1
86221.6
80704.1
75118.3
69860.4
64956.9
60530.5
56414.8
52788.8
49430
46453.3
43789.3
41404.8
39309.4
37486.1
35885.7
34579.3
33489.5
32589.1
31903.6
31375.9
31014.1
30736.3
30562.3
30506.9
30447.1
30418.1
30408.6
30409
30410.3
30415.2
30413.5
30405.4
30405.1
30406.2
30403.2
30403.2
30405.5
30408
30397.3
30390.3
30387.4
30393.8
30381.1
30369.8
30376
30360.9
30342.7
100000
100000
99999.9
99999.5
99997.7
99990.3
99962.6
99870.1
99604.9
98952
97571.6
95051.7
91202.1
86221.6
80704.1
75118.3
69860.4
64956.9
60530.5
56414.8
52788.8
49430
46453.3
43789.3
41404.8
39309.4
37486.1
35885.7
34579.3
33489.5
32589.1
31903.6
31375.9
31014.1
30736.3
30562.3
30506.9
30446.9
30418.1
30408.6
30409
30411.3
30414.6
30412.7
30406.4
30406
30407.7
30404.9
30405.7
30406.1
30407
30403.6
30393.4
30390.5
30395.1
30388.6
30377.7
30383.4
30368.6
30347.6
100000
100000
99999.9
99999.5
99997.7
99990.3
99962.6
99870.1
99604.9
98952
97571.6
95051.7
91202.1
86221.6
80704.1
75118.3
69860.4
64956.9
60530.5
56414.8
52788.8
49430
46453.3
43789.3
41404.8
39309.4
37486.1
35885.7
34579.3
33489.5
32589.1
31903.6
31375.9
31014.1
30736.3
30562.3
30506.9
30446.7
30418.1
30409.3
30409.6
30411.4
30415.7
30413.9
30407
30406.3
30407.8
30405.5
30405.3
30406.4
30408.6
30402.1
30393.2
30390
30392.7
30392.7
30377.8
30378.3
30376
30349.5
100000
100000
99999.9
99999.5
99997.7
99990.3
99962.6
99870.1
99604.9
98952
97571.6
95051.7
91202.1
86221.6
80704.1
75118.3
69860.4
64956.9
60530.5
56414.8
52788.8
49430
46453.3
43789.3
41404.8
39309.4
37486.1
35885.7
34579.3
33489.5
32589.1
31903.6
31375.9
31014.1
30736.3
30562.3
30506.9
30446.6
30417.5
30410.3
30410.8
30412.6
30416.6
30415.6
30408.9
30408.3
30409.4
30407.8
30407.8
30408.8
30407.7
30399.6
30400.8
30400.8
30387.7
30378.3
30371.8
30375.7
30381.1
30352.6
100000
100000
99999.9
99999.5
99997.7
99990.3
99962.6
99870.1
99604.9
98952
97571.6
95051.7
91202.1
86221.6
80704.1
75118.3
69860.4
64956.9
60530.5
56414.8
52788.8
49430
46453.3
43789.3
41404.8
39309.4
37486.1
35885.7
34579.3
33489.5
32589.1
31903.6
31375.9
31014.1
30736.3
30562.3
30506.9
30446.5
30416.7
30410.6
30411.1
30413.1
30417.3
30416.4
30410.9
30410.8
30412.8
30410
30410.6
30413.4
30412.8
30407.4
30406.4
30397.6
30388.5
30381.6
30374.6
30375.9
30380.8
30347.4
100000
100000
99999.9
99999.5
99997.7
99990.3
99962.6
99870.1
99604.9
98952
97571.6
95051.7
91202.1
86221.6
80704.1
75118.3
69860.4
64956.9
60530.5
56414.8
52788.8
49430
46453.3
43789.3
41404.8
39309.4
37486.1
35885.7
34579.3
33489.5
32589.1
31903.6
31375.9
31014.1
30736.3
30562.3
30506.9
30446.6
30416.6
30409.3
30409.8
30411.9
30416.8
30416
30410.6
30410.8
30413.2
30410.4
30412.3
30413.4
30412.3
30411.5
30402.8
30398.7
30400.7
30399.5
30383.7
30383.7
30390.5
30356.5
100000
100000
99999.9
99999.5
99997.7
99990.3
99962.6
99870.1
99604.9
98952
97571.6
95051.7
91202.1
86221.6
80704.1
75118.3
69860.4
64956.9
60530.5
56414.8
52788.8
49430
46453.3
43789.3
41404.8
39309.4
37486.1
35885.7
34579.3
33489.5
32589.1
31903.6
31375.9
31014.1
30736.3
30562.3
30506.9
30446.7
30416.6
30407.5
30407.9
30409.9
30414.7
30414.2
30408.2
30408.3
30411
30410.2
30411
30414.8
30412.7
30410.5
30412.7
30403.3
30398.9
30402.8
30392.9
30383.7
30397.4
30374.7
100000
100000
99999.9
99999.5
99997.7
99990.3
99962.6
99870.1
99604.9
98952
97571.6
95051.7
91202.1
86221.6
80704.1
75118.3
69860.4
64956.9
60530.5
56414.8
52788.8
49430
46453.3
43789.3
41404.8
39309.4
37486.1
35885.7
34579.3
33489.5
32589.1
31903.6
31375.9
31014.1
30736.3
30562.3
30506.9
30447
30416.9
30404.7
30405
30406.6
30411.1
30409.2
30402.5
30402.8
30404.4
30403.3
30404.1
30409.4
30406
30401.5
30407.1
30401.2
30392.6
30398.2
30396.3
30379.1
30385.3
30382.1
100000
100000
99999.9
99999.5
99997.7
99990.3
99962.6
99870.1
99604.9
98952
97571.6
95051.7
91202.1
86221.6
80704.1
75118.3
69860.4
64956.9
60530.5
56414.8
52788.8
49430
46453.3
43789.3
41404.8
39309.4
37486.1
35885.7
34579.3
33489.5
32589.1
31903.6
31375.9
31014.1
30736.3
30562.3
30506.8
30447.3
30417.5
30404.1
30404.4
30405.8
30410
30408.4
30401.8
30401.3
30401.8
30399.6
30399.6
30403.3
30399
30399.8
30399.4
30391.6
30387
30379.1
30386.2
30385.9
30342.7
30334.7
100000
100000
99999.9
99999.5
99997.7
99990.3
99962.6
99870.1
99604.9
98952
97571.6
95051.7
91202.1
86221.6
80704.1
75118.3
69860.4
64956.9
60530.5
56414.8
52788.8
49430
46453.3
43789.3
41404.8
39309.4
37486.1
35885.7
34579.3
33489.5
32589.1
31903.6
31375.9
31014.1
30736.3
30562.3
30506.8
30447.6
30418.5
30404.2
30404.4
30406.1
30410.4
30408.1
30400.8
30400.5
30400.1
30397.3
30397.5
30397.9
30394.8
30398.8
30381.1
30373.1
30366.2
30358.6
30357.6
30369.4
30341.7
30324.9
100000
100000
99999.9
99999.5
99997.7
99990.3
99962.6
99870.1
99604.9
98952
97571.6
95051.7
91202.1
86221.6
80704.1
75118.3
69860.4
64956.9
60530.5
56414.8
52788.8
49430
46453.3
43789.3
41404.8
39309.4
37486.1
35885.7
34579.3
33489.5
32589.1
31903.6
31375.9
31014.1
30736.3
30562.3
30506.8
30447.7
30419.4
30405.5
30405.7
30407.6
30410.6
30408.3
30400.8
30400
30399.1
30396.6
30396.8
30394.2
30397.7
30383.4
30375.1
30374.6
30379.4
30358.6
30354.2
30364.1
30336.7
30320.8
100000
100000
99999.9
99999.5
99997.7
99990.3
99962.6
99870.1
99604.9
98952
97571.6
95051.7
91202.1
86221.6
80704.1
75118.3
69860.4
64956.9
60530.5
56414.8
52788.8
49430
46453.3
43789.3
41404.8
39309.4
37486.1
35885.7
34579.3
33489.5
32589.1
31903.6
31375.9
31014.1
30736.3
30562.3
30506.8
30447.7
30420.1
30407.5
30407.7
30409
30413.1
30411.1
30402.7
30402
30401.6
30398.7
30397.6
30397.1
30398.9
30383.5
30378.7
30378
30381.7
30361.8
30360.6
30368.2
30341.3
30328.1
100000
100000
99999.9
99999.5
99997.7
99990.3
99962.6
99870.1
99604.9
98952
97571.6
95051.7
91202.1
86221.6
80704.1
75118.3
69860.4
64956.9
60530.5
56414.8
52788.8
49430
46453.3
43789.3
41404.8
39309.4
37486.1
35885.7
34579.3
33489.5
32589.1
31903.6
31375.9
31014.1
30736.3
30562.3
30506.8
30447.8
30420.5
30409.3
30409.5
30410.9
30415.4
30413.7
30405.7
30405
30405.2
30401.5
30401.8
30400.7
30402.2
30390.6
30386.4
30385.9
30388.7
30370.5
30370.2
30376.7
30351
30340
100000
100000
99999.9
99999.5
99997.7
99990.3
99962.6
99870.1
99604.9
98952
97571.6
95051.7
91202.1
86221.6
80704.1
75118.3
69860.4
64956.9
60530.5
56414.8
52788.8
49430
46453.3
43789.3
41404.8
39309.4
37486.1
35885.7
34579.3
33489.5
32589.1
31903.6
31375.9
31014.1
30736.3
30562.3
30506.8
30447.8
30420.6
30410.2
30410.6
30412.3
30417
30415.4
30407.8
30407.1
30407.6
30404.4
30404.8
30403.9
30406.8
30398.3
30392.7
30392.6
30395.6
30379.1
30377.9
30385
30361.8
30350.6
100000
100000
99999.9
99999.5
99997.7
99990.3
99962.6
99870.1
99604.9
98952
97571.6
95051.7
91202.1
86221.6
80704.1
75118.3
69860.4
64956.9
60530.5
56414.8
52788.8
49430
46453.3
43789.3
41404.8
39309.4
37486.1
35885.7
34579.3
33489.5
32589.1
31903.6
31375.9
31014.1
30736.3
30562.3
30506.8
30447.8
30420.7
30410.7
30411.1
30412.9
30417.7
30416.3
30409
30408.5
30409.4
30406
30406.1
30407.7
30410.2
30401.4
30396.8
30397
30400.1
30384.6
30383.1
30390.8
30369.5
30358
100000
100000
99999.9
99999.5
99997.7
99990.3
99962.6
99870.1
99604.9
98952
97571.6
95051.7
91202.1
86221.6
80704.1
75118.3
69860.4
64956.9
60530.5
56414.8
52788.8
49430
46453.3
43789.3
41404.8
39309.4
37486.1
35885.7
34579.3
33489.5
32589.1
31903.6
31375.9
31014.1
30736.3
30562.3
30506.8
30447.8
30420.7
30410.9
30411.3
30413.2
30418.1
30416.7
30409.5
30409.2
30410.4
30407
30407
30409.4
30411.6
30403.1
30399
30399.3
30402.4
30387.4
30385.8
30393.8
30373.2
30361.5
100000
100000
99999.9
99999.5
99997.7
99990.3
99962.6
99870.1
99604.9
98952
97571.6
95051.7
91202.1
86221.6
80704.1
75118.3
69860.4
64956.9
60530.5
56414.8
52788.8
49430
46453.3
43789.3
41404.8
39309.4
37486.1
35885.7
34579.3
33489.5
32589.1
31903.6
31375.9
31014.1
30736.3
30562.3
30506.8
30447.8
30420.7
30411
30411.4
30413.3
30418.2
30416.9
30409.8
30409.5
30410.8
30407.4
30407.4
30410.1
30412.2
30403.8
30399.9
30400.3
30403.4
30388.6
30387
30395.1
30374.8
30363
100000
100000
99999.9
99999.5
99997.7
99990.3
99962.6
99870.1
99604.9
98952
97571.6
95051.7
91202.1
86221.6
80704.1
75118.3
69860.4
64956.9
60530.5
56414.8
52788.8
49430
46453.3
43789.3
41404.8
39309.4
37486.1
35885.7
34579.3
33489.5
32589.1
31903.6
31375.9
31014.1
30736.3
30562.3
30506.8
30447.8
30420.7
30411
30411.4
30413.4
30418.2
30416.9
30409.9
30409.6
30410.9
30407.5
30407.5
30410.4
30412.4
30404.1
30400.2
30400.6
30403.7
30389
30387.4
30395.6
30375.5
30363.6
100000
100000
99999.9
99999.5
99997.7
99990.3
99962.6
99870.1
99604.9
98952
97571.6
95051.7
91202.1
86221.6
80704.1
75118.3
69860.4
64956.9
60530.5
56414.8
52788.8
49430
46453.3
43789.3
41404.8
39309.4
37486.1
35885.7
34579.3
33489.5
32589.1
31903.6
31375.9
31014.1
30736.3
30562.3
30506.8
30447.8
30420.7
30411
30411.4
30413.4
30418.2
30416.9
30409.9
30409.6
30410.9
30407.6
30407.6
30410.5
30412.5
30404.2
30400.3
30400.8
30403.9
30389.2
30387.6
30395.8
30375.7
30363.8
100000
100000
99999.9
99999.5
99997.7
99990.3
99962.6
99870.1
99604.9
98952
97571.6
95051.7
91202.1
86221.6
80704.1
75118.3
69860.4
64956.9
60530.5
56414.8
52788.8
49430
46453.3
43789.3
41404.8
39309.4
37486.1
35885.7
34579.3
33489.5
32589.1
31903.6
31375.9
31014.1
30736.3
30562.3
30506.8
30447.8
30420.7
30411
30411.4
30413.4
30418.2
30416.9
30409.9
30409.6
30411
30407.6
30407.6
30410.5
30412.5
30404.2
30400.4
30400.8
30403.9
30389.2
30387.6
30395.8
30375.7
30363.8
100000
100000
99999.9
99999.5
99997.7
99990.3
99962.6
99870.1
99604.9
98952
97571.6
95051.7
91202.1
86221.6
80704.1
75118.3
69860.4
64956.9
60530.5
56414.8
52788.8
49430
46453.3
43789.3
41404.8
39309.4
37486.1
35885.7
34579.3
33489.5
32589.1
31903.6
31375.9
31014.1
30736.3
30562.3
30506.8
30447.8
30420.7
30411
30411.4
30413.4
30418.2
30416.9
30409.9
30409.6
30411
30407.6
30407.6
30410.5
30412.5
30404.2
30400.4
30400.8
30403.9
30389.2
30387.6
30395.8
30375.7
30363.8
100000
100000
99999.9
99999.5
99997.7
99990.3
99962.6
99870.1
99604.9
98952
97571.6
95051.7
91202.1
86221.6
80704.1
75118.3
69860.4
64956.9
60530.5
56414.8
52788.8
49430
46453.3
43789.3
41404.8
39309.4
37486.1
35885.7
34579.3
33489.5
32589.1
31903.6
31375.9
31014.1
30736.3
30562.3
30506.8
30447.8
30420.7
30411
30411.4
30413.4
30418.2
30416.9
30409.9
30409.6
30411
30407.6
30407.6
30410.5
30412.5
30404.2
30400.4
30400.8
30403.9
30389.2
30387.6
30395.8
30375.7
30363.8
100000
100000
99999.9
99999.5
99997.7
99990.3
99962.6
99870.1
99604.9
98952
97571.6
95051.7
91202.1
86221.6
80704.1
75118.3
69860.4
64956.9
60530.5
56414.8
52788.8
49430
46453.3
43789.3
41404.8
39309.4
37486.1
35885.7
34579.3
33489.5
32589.1
31903.6
31375.9
31014.1
30736.3
30562.3
30506.8
30447.8
30420.7
30411
30411.4
30413.4
30418.2
30416.9
30409.9
30409.6
30411
30407.6
30407.6
30410.5
30412.5
30404.2
30400.4
30400.8
30403.9
30389.2
30387.6
30395.8
30375.7
30363.8
100000
100000
99999.9
99999.5
99997.7
99990.3
99962.6
99870.1
99604.9
98952
97571.6
95051.7
91202.1
86221.6
80704.1
75118.3
69860.4
64956.9
60530.5
56414.8
52788.8
49430
46453.3
43789.3
41404.8
39309.4
37486.1
35885.7
34579.3
33489.5
32589.1
31903.6
31375.9
31014.1
30736.3
30562.3
30506.8
30447.8
30420.7
30411
30411.4
30413.4
30418.2
30416.9
30409.9
30409.6
30411
30407.6
30407.6
30410.5
30412.5
30404.2
30400.4
30400.8
30403.9
30389.2
30387.6
30395.8
30375.7
30363.8
100000
100000
99999.9
99999.5
99997.7
99990.3
99962.6
99870.1
99604.9
98952
97571.6
95051.7
91202.1
86221.6
80704.1
75118.3
69860.4
64956.9
60530.5
56414.8
52788.8
49430
46453.3
43789.3
41404.8
39309.4
37486.1
35885.7
34579.3
33489.5
32589.1
31903.6
31375.9
31014.1
30736.3
30562.3
30506.8
30447.8
30420.7
30411
30411.4
30413.4
30418.2
30416.9
30409.9
30409.6
30411
30407.6
30407.6
30410.5
30412.5
30404.2
30400.4
30400.8
30403.9
30389.2
30387.6
30395.8
30375.7
30363.8
100000
100000
99999.9
99999.5
99997.7
99990.3
99962.6
99870.1
99604.9
98952
97571.6
95051.7
91202.1
86221.6
80704.1
75118.3
69860.4
64956.9
60530.5
56414.8
52788.8
49430
46453.3
43789.3
41404.8
39309.4
37486.1
35885.7
34579.3
33489.5
32589.1
31903.6
31375.9
31014.1
30736.3
30562.3
30506.8
30447.8
30420.7
30411
30411.4
30413.4
30418.2
30416.9
30409.9
30409.6
30411
30407.6
30407.6
30410.5
30412.5
30404.2
30400.4
30400.8
30403.9
30389.2
30387.6
30395.8
30375.7
30363.8
100000
100000
99999.9
99999.5
99997.7
99990.3
99962.6
99870.1
99604.9
98952
97571.6
95051.7
91202.1
86221.6
80704.1
75118.3
69860.4
64956.9
60530.5
56414.8
52788.8
49430
46453.3
43789.3
41404.8
39309.4
37486.1
35885.7
34579.3
33489.5
32589.1
31903.6
31375.9
31014.1
30736.3
30562.3
30506.8
30447.8
30420.7
30411
30411.4
30413.4
30418.2
30416.9
30409.9
30409.6
30411
30407.6
30407.6
30410.5
30412.5
30404.2
30400.4
30400.8
30403.9
30389.2
30387.6
30395.8
30375.7
30363.8
100000
100000
99999.9
99999.5
99997.7
99990.3
99962.6
99870.1
99604.9
98952
97571.6
95051.7
91202.1
86221.6
80704.1
75118.3
69860.4
64956.9
60530.5
56414.8
52788.8
49430
46453.3
43789.3
41404.8
39309.4
37486.1
35885.7
34579.3
33489.5
32589.1
31903.6
31375.9
31014.1
30736.3
30562.3
30506.8
30447.8
30420.7
30411
30411.4
30413.4
30418.2
30416.9
30409.9
30409.6
30411
30407.6
30407.6
30410.5
30412.5
30404.2
30400.4
30400.8
30403.9
30389.2
30387.6
30395.8
30375.7
30363.8
100000
100000
99999.9
99999.5
99997.7
99990.3
99962.6
99870.1
99604.9
98952
97571.6
95051.7
91202.1
86221.6
80704.1
75118.3
69860.4
64956.9
60530.5
56414.8
52788.8
49430
46453.3
43789.3
41404.8
39309.4
37486.1
35885.7
34579.3
33489.5
32589.1
31903.6
31375.9
31014.1
30736.3
30562.3
30506.8
30447.8
30420.7
30411
30411.4
30413.4
30418.2
30416.9
30409.9
30409.6
30411
30407.6
30407.6
30410.5
30412.5
30404.2
30400.4
30400.8
30403.9
30389.2
30387.6
30395.8
30375.7
30363.8
100000
100000
99999.9
99999.5
99997.7
99990.3
99962.6
99870.1
99604.9
98952
97571.6
95051.7
91202.1
86221.6
80704.1
75118.3
69860.4
64956.9
60530.5
56414.8
52788.8
49430
46453.3
43789.3
41404.8
39309.4
37486.1
35885.7
34579.3
33489.5
32589.1
31903.6
31375.9
31014.1
30736.3
30562.3
30506.8
30447.8
30420.7
30411
30411.4
30413.4
30418.2
30416.9
30409.9
30409.6
30411
30407.6
30407.6
30410.5
30412.5
30404.2
30400.4
30400.8
30403.9
30389.2
30387.6
30395.8
30375.7
30363.8
100000
100000
99999.9
99999.5
99997.7
99990.3
99962.6
99870.1
99604.9
98952
97571.6
95051.7
91202.1
86221.6
80704.1
75118.3
69860.4
64956.9
60530.5
56414.8
52788.8
49430
46453.3
43789.3
41404.8
39309.4
37486.1
35885.7
34579.3
33489.5
32589.1
31903.6
31375.9
31014.1
30736.3
30562.3
30506.8
30447.8
30420.7
30411
30411.4
30413.4
30418.2
30416.9
30409.9
30409.6
30411
30407.6
30407.6
30410.5
30412.5
30404.2
30400.4
30400.8
30403.9
30389.2
30387.6
30395.8
30375.7
30363.8
100000
100000
99999.9
99999.5
99997.7
99990.3
99962.6
99870.1
99604.9
98952
97571.6
95051.7
91202.1
86221.6
80704.1
75118.3
69860.4
64956.9
60530.5
56414.8
52788.8
49430
46453.3
43789.3
41404.8
39309.4
37486.1
35885.7
34579.3
33489.5
32589.1
31903.6
31375.9
31014.1
30736.3
30562.3
30506.8
30447.8
30420.7
30411
30411.4
30413.4
30418.2
30416.9
30409.9
30409.6
30411
30407.6
30407.6
30410.5
30412.5
30404.2
30400.4
30400.8
30403.9
30389.2
30387.6
30395.8
30375.7
30363.8
30361.6
30335.6
30273.1
30174.4
29935.7
29800.8
29597.7
29387.5
29232.4
29074.6
28911.9
28734.9
28540.7
28368.2
28237.6
27306.3
26371.1
25472.9
24251.1
22911.4
30365.3
30343.1
30293.6
30173.1
29990.3
29799.3
29613.4
29441.7
29286.4
29124.9
28945.4
28763.1
28594.8
28470.9
28320.8
27343.4
26555.5
25696.5
24603.6
23303.3
30342
30318
30266.7
30139.1
30050.2
29825.9
29652.4
29549.4
29433.2
29267.8
29053.6
28806.8
28533
28269.9
27980.6
27388.4
26752.4
25942.6
24939.3
23786.8
30342.8
30321.3
30282.7
30181.1
30050
29820.6
29647.8
29532
29464.7
29334.1
29114.4
28891.7
28622.7
28295.1
27866.9
27404.3
26927
26293
25503.6
24508
30330.8
30311.3
30266.6
30167.1
30071.3
29891.2
29695.6
29552.6
29424.9
29334.6
29274.4
28946
28647.1
28326.8
27939.4
27507.8
26993.6
26392.9
25768.2
25198.8
30326.4
30295.7
30254.8
30145.8
30067.9
29943.6
29710
29583.3
29491.9
29436.3
29157
28883.3
28635.1
28355.2
28039.6
27677.5
27254
26762.2
26251
25767.9
30332.1
30301.1
30263.3
30147.8
30088.5
29873.2
29734.8
29647
29441.8
29262.7
29072.6
28871.2
28651.8
28407.6
28133
27817.6
27457
27033.6
26615.2
26293.3
30334.9
30304.3
30263.6
30157.5
30071.1
29837.9
29742.3
29683.8
29484.5
29289.6
29115.1
28922.1
28704
28468.3
28223.1
27972.6
27742.3
27583.5
27051.5
26111.3
30335.1
30304.6
30260.9
30162.3
30059.6
29840
29742.4
29684.3
29526.7
29315.4
29146.4
28961.3
28757.2
28545
28326
28107.6
27925.6
27809.3
27061.6
26423.1
30333.1
30305.6
30255
30167.4
30054.6
29838.8
29743.9
29690.4
29535.8
29325.6
29156.7
28976.3
28784.7
28589
28392.1
28216.2
28103.8
28004.2
27261.8
26770.5
30328
30303.3
30245.2
30167.7
30044.3
29839.6
29751.2
29705.4
29587.5
29378.4
29223.7
29060.5
28887.8
28712.5
28538.5
28389.7
28332.9
28136.3
27432.6
27007.9
30322.3
30298.8
30237.2
30166.6
30033.9
29842.6
29758.9
29716.5
29665
29434.1
29282.5
29133.5
28976.9
28814.4
28658.2
28529.9
28514
28251.8
27609.1
27244.1
30316.5
30291.2
30231.7
30163.8
30034.5
29847.7
29757.7
29700.2
29707.4
29584
29335.5
29197.9
29059.6
28912.6
28763.3
28630.1
28561.3
28552.3
27957.4
27541.1
30315.3
30291.6
30238.2
30174.6
30055.8
29869
29776.5
29718.9
29717.9
29680.4
29402.7
29264.3
29136
29004.6
28870.4
28745.6
28653.6
28676.3
28362.6
27841.4
30315.7
30300.9
30244.2
30204.3
30098
29935.4
29869.9
29840.6
29769.4
29591.6
29472.1
29346.2
29209.8
29067
28927.3
28808.5
28734.2
28759.3
28410.1
28078.2
30320.9
30300.7
30251.4
30194.4
30134.7
29947.9
29860
29802.8
29791.7
29659.3
29490.3
29409.3
29367
29394.5
29146
28928.2
28822.3
28798
28759.2
28292.1
30315.9
30289.1
30255.4
30171.9
30143.5
29964.2
29868.3
29808
29762.5
29785.7
29726.5
29545.2
29536.6
29527.7
29253.2
29103.3
29016.7
28950.9
28985.6
28733.2
30318.5
30299.2
30256.5
30217.3
30180
30007.1
29916.2
29861.8
29813.6
29793.2
29824.9
29645.8
29520.1
29476.5
29509.3
29366.9
29134.9
29028.4
28975.4
29018.2
30324.6
30317.1
30270.7
30248.5
30156.4
30026.8
29969.4
29917.3
29875.8
29883.9
29880.1
29659.5
29575
29535
29570.6
29454.3
29252.5
29248.1
29247.7
28911.7
30328.3
30321.6
30277.8
30259.6
30197.4
30064.1
30029.2
29997.4
29978.3
30016.6
29915.9
29772.3
29711.4
29639
29592.6
29588.3
29631.6
29352.9
29171.1
29105.9
30326
30310.2
30274
30247
30215.6
30096.8
30072.8
30085.1
30064.2
29975.9
29985.2
29998.8
29823.1
29735.2
29694.9
29696.4
29747
29499.8
29324.8
29292.1
30323.1
30310
30295
30246.5
30271.5
30186
30099.9
30078.4
30101.2
30047
29946.1
29932.3
29988.2
29874.4
29743.1
29703.7
29707.6
29728.7
29579.6
29550.9
30323.7
30304.5
30299.5
30259.6
30275.6
30229.5
30135.9
30112.5
30129.6
30118.6
30040.4
30074.1
30045.1
29896.2
29853.9
29864.1
29894.8
29763
29723.9
29800
30330.9
30318.5
30322.7
30287.8
30305.3
30266.9
30179.4
30159.1
30177.8
30170.1
30107.5
30145.5
30112.9
29978.6
29951.6
29998.7
29990.8
29880.4
29892
29924
30344.5
30327.1
30319.4
30294.5
30291.2
30271.5
30213.7
30191.8
30194.2
30219
30162.6
30158.4
30200.2
30082.8
30021.5
30054.8
30101.8
30025.1
30004.1
30080.3
30353.6
30322.7
30302.9
30297.8
30269.2
30252.5
30272.4
30242.5
30189
30173.3
30210.6
30194.3
30138.2
30198.5
30198.6
30047.8
30015.1
29977.7
30101.9
30153.4
30324.9
30314.3
30300.2
30263.4
30245.6
30257.8
30235.7
30181.7
30163.8
30186.3
30203.9
30140.2
30159.8
30193.5
30059.9
29999.8
30019.4
30112.8
30086.5
29981.8
30313.5
30318
30291
30302.2
30286.8
30196.8
30172.3
30154.9
30139.5
30170.8
30172.4
30100.2
30132.8
30158
30025.1
29974.7
29968.4
30062
30072
29956.1
30305.5
30306.3
30283.3
30279.4
30286.9
30189.1
30158.9
30140.4
30129.3
30165.9
30133.3
30068.2
30119.5
30120.5
29988.3
29946.4
29957.8
30037.3
30003.2
29914.1
30314.5
30316.5
30287.7
30291.7
30277.9
30187.1
30172.2
30180.7
30171.9
30096.1
30058.4
30063.3
30139.8
30061.8
29966.2
29965.1
30036.5
29990.8
29939.7
30003
30329.1
30331.6
30304.7
30312.2
30295.3
30212.1
30196.1
30199.4
30164.9
30118.7
30086.4
30115.7
30168.9
30055
30003
30049.9
30070.9
29976.5
29996.2
30053.1
30340.7
30343.2
30317
30324.4
30307
30226.4
30216.9
30218.5
30173.8
30135.4
30106.8
30145
30185.1
30070.8
30037.5
30091.2
30080.9
30002.4
30050
30059.3
30347.8
30349.9
30324.4
30329.2
30316.2
30230.9
30217.5
30220.4
30226.1
30159.8
30123.8
30160.2
30201.3
30088
30056.9
30108.8
30095.9
30022.2
30071.5
30073.5
30350.5
30351.8
30326.1
30327.8
30319
30236.3
30221.1
30213.3
30234.5
30202.1
30137.8
30168.9
30210.4
30098.2
30067.6
30119.7
30107.2
30034.6
30083.7
30086.9
30351.9
30352.7
30327.2
30328.7
30321.2
30239.6
30223.8
30213.9
30234.6
30215.6
30145.9
30172.7
30214.5
30103.2
30072.7
30125.1
30112.7
30040.6
30089.6
30093.9
30352.5
30353.2
30327.8
30329.4
30322.2
30240.7
30225.1
30214.6
30235.3
30219
30148.5
30174.3
30216.1
30105.1
30074.7
30127.2
30115
30043
30092
30096.5
30352.7
30353.4
30328
30329.6
30322.5
30241.1
30225.5
30214.9
30235.5
30220
30149.3
30174.8
30216.7
30105.8
30075.4
30127.9
30115.8
30043.8
30092.8
30097.5
30352.7
30353.4
30328.1
30329.6
30322.6
30241.2
30225.6
30215
30235.6
30220.3
30149.6
30175
30216.8
30106
30075.6
30128.2
30116
30044.1
30093.1
30097.8
30352.7
30353.4
30328.1
30329.7
30322.6
30241.2
30225.6
30215.1
30235.6
30220.4
30149.7
30175
30216.9
30106
30075.6
30128.2
30116.1
30044.1
30093.2
30097.8
30352.7
30353.4
30328.1
30329.7
30322.6
30241.2
30225.6
30215.1
30235.6
30220.4
30149.7
30175
30216.9
30106
30075.6
30128.2
30116.1
30044.1
30093.2
30097.8
30352.7
30353.4
30328.1
30329.7
30322.6
30241.2
30225.6
30215.1
30235.6
30220.4
30149.7
30175
30216.9
30106
30075.6
30128.2
30116.1
30044.1
30093.2
30097.9
30352.7
30353.4
30328.1
30329.7
30322.6
30241.2
30225.6
30215.1
30235.6
30220.4
30149.7
30175
30216.9
30106
30075.6
30128.2
30116.1
30044.1
30093.2
30097.9
30352.7
30353.4
30328.1
30329.7
30322.6
30241.2
30225.6
30215.1
30235.6
30220.4
30149.7
30175
30216.9
30106
30075.6
30128.2
30116.1
30044.1
30093.2
30097.9
30352.7
30353.4
30328.1
30329.7
30322.6
30241.2
30225.6
30215.1
30235.6
30220.4
30149.7
30175
30216.9
30106
30075.6
30128.2
30116.1
30044.1
30093.2
30097.9
30352.7
30353.4
30328.1
30329.7
30322.6
30241.2
30225.6
30215.1
30235.6
30220.4
30149.7
30175
30216.9
30106
30075.6
30128.2
30116.1
30044.1
30093.2
30097.9
30352.7
30353.4
30328.1
30329.7
30322.6
30241.2
30225.6
30215.1
30235.6
30220.4
30149.7
30175
30216.9
30106
30075.7
30128.2
30116.1
30044.1
30093.2
30097.9
30352.7
30353.4
30328.1
30329.7
30322.6
30241.2
30225.6
30215.1
30235.6
30220.4
30149.7
30175
30216.9
30106
30075.6
30128.2
30116.1
30044.1
30093.2
30097.9
30352.7
30353.4
30328.1
30329.7
30322.6
30241.2
30225.6
30215.1
30235.6
30220.4
30149.7
30175
30216.9
30106
30075.6
30128.2
30116.1
30044.1
30093.2
30097.9
30352.7
30353.4
30328.1
30329.7
30322.6
30241.2
30225.6
30215.1
30235.6
30220.4
30149.7
30175
30216.9
30106
30075.7
30128.2
30116.1
30044.1
30093.2
30097.9
30352.7
30353.4
30328.1
30329.7
30322.6
30241.2
30225.6
30215.1
30235.6
30220.4
30149.7
30175
30216.9
30106
30075.6
30128.2
30116.1
30044.1
30093.2
30097.9
30844.5
30842.4
30947
31197.7
31580.4
32062.9
32542.9
32945.8
33151.2
33245.4
33462.9
33178.5
25981
12252.8
10291.3
10028.2
10002.5
10000.2
10000
10000
10000
10000
10000
10000
10000
10000
10000
10000
10000
10000
30902.5
30879.6
30936.6
31063.4
31254.3
31600.9
32124.8
32667.5
33117.8
33304.3
33269.6
32594.9
25652.2
12356.4
10322.4
10033.4
10003.1
10000.3
10000
10000
10000
10000
10000
10000
10000
10000
10000
10000
10000
10000
30288.7
30272.7
30349
30526.8
30855.3
31391.6
32143.1
32780.6
33187.5
33209.6
32984.9
31793.1
25553.4
12613.5
10390
10043.7
10004.3
10000.4
10000
10000
10000
10000
10000
10000
10000
10000
10000
10000
10000
10000
29640
29651.8
29796.8
30136.5
30641.1
31402.9
32245.2
32868.5
33033.2
32909.7
32594.5
31190.5
24196.9
13045
10499.9
10059.8
10006.3
10000.6
10000
10000
10000
10000
10000
10000
10000
10000
10000
10000
10000
10000
29817.8
29861.1
30058.2
30510.8
31096.1
31702.7
32145.6
32352
32677.1
32727.4
32425.2
30262.5
22202.5
13748.5
10653.2
10082.7
10009.1
10000.8
10000.1
10000
10000
10000
10000
10000
10000
10000
10000
10000
10000
10000
30487.8
30481.8
30565.5
30744.1
30911
30995.2
31116.2
31791.9
32446.1
32896.4
32473.5
27334.7
21149
14790.1
10846.6
10113.9
10012.9
10001.2
10000.1
10000
10000
10000
10000
10000
10000
10000
10000
10000
10000
10000
30178.2
30135.4
30026.8
29744.1
29543.9
29609.6
30449.5
31515.9
33250.9
33438.3
31160
24235.8
20749.6
15947.1
11073
10155
10017.6
10001.7
10000.1
10000
10000
10000
10000
10000
10000
10000
10000
10000
10000
10000
28439.4
28397.1
28274.9
28091.2
28168.8
28914
30162.5
32732.4
34266.5
33349.7
26816.8
22791
20610.7
16870.3
11321.7
10205.4
10023.4
10002.3
10000.2
10000
10000
10000
10000
10000
10000
10000
10000
10000
10000
10000
26889.5
26871.9
26905.3
27115.7
27611.8
28725.6
31726
34297.8
33978.5
28361.2
24033.9
22034.4
20553.3
17722.2
11606.7
10263.3
10030.4
10003.1
10000.3
10000
10000
10000
10000
10000
10000
10000
10000
10000
10000
10000
26079.9
26082.4
26202
26671.8
27804.2
30793.4
33690.3
33482.5
28323.6
24575.4
22791.9
21735.7
20604
18432
12019
10328.7
10038.4
10004
10000.4
10000
10000
10000
10000
10000
10000
10000
10000
10000
10000
10000
26783.5
26821
27055.3
27917.4
30202
33012.2
32831.7
27816.3
24272.7
22903.2
22195.3
21602.1
20707.4
18836.6
12636.7
10402.2
10047.7
10005
10000.5
10000
10000
10000
10000
10000
10000
10000
10000
10000
10000
10000
30106.7
30138.4
30316.2
30927.8
32232.9
32212
27325.2
23692
22413.8
22170
21880.5
21527.6
20804.6
19212.6
13251.3
10482.7
10058.5
10006.3
10000.6
10000
10000
10000
10000
10000
10000
10000
10000
10000
10000
10000
32863.9
32863.1
32798
32516.4
31507.3
26913.9
23281
21906.2
21614.3
21822.1
21742.5
21501.6
20912.1
19572.2
13852.2
10568.9
10070.8
10007.7
10000.7
10000.1
10000
10000
10000
10000
10000
10000
10000
10000
10000
10000
31349.3
31272.7
30868
29641.7
26597.7
22765.6
21432.8
21093.8
21240.8
21659.6
21651.7
21487.7
21031.2
19872.6
14439.3
10660
10084.4
10009.2
10000.9
10000.1
10000
10000
10000
10000
10000
10000
10000
10000
10000
10000
24989.9
24937.9
24710
24053
22504.5
20949.4
20605
20707.5
21071.1
21595.2
21622.3
21505.6
21141
20128.1
15013.8
10755.5
10099.5
10011
10001
10000.1
10000
10000
10000
10000
10000
10000
10000
10000
10000
10000
20884.1
20875.6
20837.4
20715.5
20398.3
20198.9
20256.2
20514.1
20999
21567.7
21613.4
21529
21233.5
20351.6
15571.3
10854.5
10115.8
10012.9
10001.2
10000.1
10000
10000
10000
10000
10000
10000
10000
10000
10000
10000
19099.6
19105.9
19135.4
19209.6
19369.5
19795.6
20100.7
20428.1
20970.9
21547.2
21610.2
21558.8
21338.8
20554.5
16101.6
10956.6
10133.5
10014.9
10001.4
10000.1
10000
10000
10000
10000
10000
10000
10000
10000
10000
10000
18334.1
18344.6
18396.3
18538.5
18866
19603.6
20025.9
20398.2
20962.8
21538.5
21661.3
21625.6
21441.7
20721.4
16602.9
11061.2
10152.3
10017.1
10001.7
10000.1
10000
10000
10000
10000
10000
10000
10000
10000
10000
10000
17966.5
17979.1
18040.9
18214.7
18615.9
19502.6
20002.5
20386.8
20959.4
21566.7
21733.8
21704.2
21537.2
20864.2
17073.4
11168.4
10172.2
10019.5
10001.9
10000.2
10000
10000
10000
10000
10000
10000
10000
10000
10000
10000
17777.6
17791
17857.2
18046.7
18487
19468
19997.1
20383.4
20962.9
21613.8
21809.7
21782.6
21625.2
20990
17512
11277.8
10193.1
10021.9
10002.2
10000.2
10000
10000
10000
10000
10000
10000
10000
10000
10000
10000
17656.5
17670.6
17739.9
17939.7
18407
19447.7
20013.3
20392.5
21003
21671.7
21880.9
21855.9
21705.5
21103.7
17919.1
11388.7
10214.9
10024.5
10002.4
10000.2
10000
10000
10000
10000
10000
10000
10000
10000
10000
10000
17560
17575.8
17650.8
17863.1
18350.9
19438.6
20063.3
20436.9
21054.3
21730.1
21948.4
21925.1
21780
21208.4
18295.2
11501.5
10237.4
10027.3
10002.7
10000.2
10000
10000
10000
10000
10000
10000
10000
10000
10000
10000
17483.9
17499.5
17574.9
17795.8
18309.5
19459.5
20123
20496.1
21111.4
21790.1
22010.5
21988.8
21849.8
21307.2
18637.6
11620.8
10260.5
10030.1
10003
10000.3
10000
10000
10000
10000
10000
10000
10000
10000
10000
10000
17444.3
17460.3
17537.4
17762.9
18298.7
19497.3
20186.5
20567.4
21173.9
21849
22068.2
22048.1
21914.9
21400.2
18946.6
11749.1
10284.2
10033
10003.4
10000.3
10000
10000
10000
10000
10000
10000
10000
10000
10000
10000
17399.2
17415.5
17496.5
17733.5
18293.2
19526.8
20242.8
20645.4
21235.5
21905.8
22121.2
22102.8
21975.9
21488.3
19220.4
11890.2
10308.3
10036
10003.7
10000.3
10000
10000
10000
10000
10000
10000
10000
10000
10000
10000
17385.7
17402.1
17483.9
17726.6
18292
19557.8
20293.7
20720.9
21296.4
21961.2
22170.3
22153.5
22033.1
21571.4
19450.6
12053.8
10332.7
10039.1
10004
10000.4
10000
10000
10000
10000
10000
10000
10000
10000
10000
10000
17369.9
17387.3
17472.6
17723.5
18300.9
19595.7
20336.4
20798.5
21356.3
22011
22215.2
22200.1
22086.5
21649.6
19641.6
12238.7
10357.5
10042.2
10004.4
10000.4
10000
10000
10000
10000
10000
10000
10000
10000
10000
10000
17360.6
17378.7
17466.6
17722.9
18315.7
19631.6
20384.3
20871.9
21414.8
22058.3
22257
22243.6
22136.6
21722.7
19811
12430.6
10382.6
10045.4
10004.8
10000.4
10000
10000
10000
10000
10000
10000
10000
10000
10000
10000
17341.3
17359.8
17450.6
17714.8
18330.4
19680.4
20429.3
20940
21471.6
22101.8
22296
22284.6
22184.2
21791.3
19966.5
12623.8
10407.8
10048.7
10005.1
10000.5
10000
10000
10000
10000
10000
10000
10000
10000
10000
10000
17326.5
17345.4
17436.5
17710.9
18338.5
19737.2
20475.1
21004.5
21527.6
22144
22333.2
22323.9
22230.2
21856.1
20109.9
12816.7
10433.2
10052
10005.5
10000.5
10000
10000
10000
10000
10000
10000
10000
10000
10000
10000
17309.5
17329.8
17427.8
17709.7
18355
19792.1
20521
21065.9
21583.5
22185.2
22369.8
22361.9
22274.7
21917.7
20242.4
13008.2
10458.7
10055.3
10005.9
10000.5
10000
10000
10000
10000
10000
10000
10000
10000
10000
10000
17300.6
17321.7
17424.1
17712
18375.3
19837.3
20564.7
21125.4
21638.7
22225.8
22406.3
22399.8
22317.8
21976.6
20365.2
13197.4
10484.2
10058.7
10006.3
10000.6
10000
10000
10000
10000
10000
10000
10000
10000
10000
10000
17297.1
17318.9
17423.3
17718.9
18396.8
19881.1
20607.4
21184
21692.5
22265.5
22442.8
22437.5
22360.2
22033
20479.7
13383.5
10509.6
10062.1
10006.7
10000.6
10000
10000
10000
10000
10000
10000
10000
10000
10000
10000
17296.2
17318.4
17425.3
17729
18419.7
19925.4
20650.9
21241.2
21744
22303.7
22479.2
22474.9
22402
22086.9
20586.1
13566
10534.9
10065.5
10007
10000.6
10000.1
10000
10000
10000
10000
10000
10000
10000
10000
10000
17297
17320.8
17432.6
17746.9
18457.4
19954.7
20693.8
21296.2
21792.7
22340.1
22515.9
22511.9
22442.9
22138.6
20685.1
13744.3
10560.1
10069
10007.4
10000.7
10000.1
10000
10000
10000
10000
10000
10000
10000
10000
10000
17304.6
17329.6
17446.4
17770.9
18502.5
19975.2
20737.2
21348.4
21838.9
22375
22552.7
22548.7
22482.8
22188.3
20777.4
13918
10585.1
10072.4
10007.8
10000.7
10000.1
10000
10000
10000
10000
10000
10000
10000
10000
10000
17314.5
17340.9
17464.4
17801.7
18555.3
19988
20775.8
21398.4
21883.1
22408.6
22588.9
22585.1
22521.6
22235.7
20863.7
14086.9
10609.9
10075.9
10008.2
10000.8
10000.1
10000
10000
10000
10000
10000
10000
10000
10000
10000
17328.2
17356.1
17485.4
17835.3
18614.8
19995.1
20810.8
21446.5
21925.4
22441
22624.3
22621
22559.4
22280.9
20944.4
14250.8
10634.3
10079.4
10008.6
10000.8
10000.1
10000
10000
10000
10000
10000
10000
10000
10000
10000
17342.3
17372
17508.8
17871.9
18677.5
19999.6
20842.5
21493
21965.4
22472.8
22658.8
22655.8
22596.2
22324.1
21020
14409.7
10658.5
10082.8
10009
10000.8
10000.1
10000
10000
10000
10000
10000
10000
10000
10000
10000
17361.6
17393.3
17537.7
17912.7
18739.2
20004.1
20872.4
21538
22004
22503.7
22692.2
22689.4
22631.8
22365.3
21091.3
14563.8
10682.4
10086.2
10009.4
10000.9
10000.1
10000
10000
10000
10000
10000
10000
10000
10000
10000
17388.1
17421.7
17572
17955.1
18797
20008.7
20899.2
21581.4
22041.8
22533.6
22724.3
22721.8
22666
22404.9
21159
14713.3
10705.9
10089.7
10009.8
10000.9
10000.1
10000
10000
10000
10000
10000
10000
10000
10000
10000
17418.6
17454.8
17612.7
18004.8
18850.9
20011.2
20923.6
21623.5
22079.1
22562.5
22755.3
22752.8
22698.8
22442.9
21223.7
14858.1
10729
10093.1
10010.1
10000.9
10000.1
10000
10000
10000
10000
10000
10000
10000
10000
10000
17453
17491.9
17658
18063.1
18896.5
20012.3
20945.8
21662.7
22115.9
22590.3
22785.1
22782.8
22730.3
22479.5
21285.4
14998
10751.7
10096.4
10010.5
10001
10000.1
10000
10000
10000
10000
10000
10000
10000
10000
10000
17494.1
17532.7
17705.6
18125.8
18937.2
20014.2
20966.6
21698.4
22152
22617.3
22813.8
22811.7
22760.8
22514.5
21344.1
15132.9
10774
10099.8
10010.9
10001
10000.1
10000
10000
10000
10000
10000
10000
10000
10000
10000
17527.6
17575.2
17760.6
18197.5
18973.8
20018.6
20985.7
21729.7
22187.2
22643.5
22841.4
22839.6
22790.1
22548.1
21399.7
15263.7
10795.9
10103.1
10011.2
10001
10000.1
10000
10000
10000
10000
10000
10000
10000
10000
10000
17541.5
17603.6
17809.6
18276.8
19008.9
20025.6
21002.4
21756.1
22220.5
22668.4
22867.8
22866.3
22818.1
22580.1
21452.6
15390.8
10817.2
10106.3
10011.6
10001.1
10000.1
10000
10000
10000
10000
10000
10000
10000
10000
10000
17542.8
17614.1
17847.5
18355.6
19044.4
20034.6
21020.2
21780.2
22250.3
22691.2
22892.4
22891.3
22844.5
22610.4
21502.9
15513.6
10838.1
10109.5
10012
10001.1
10000.1
10000
10000
10000
10000
10000
10000
10000
10000
10000
17527.3
17614.9
17880.9
18419.4
19080.1
20042.1
21047.3
21820.9
22280.9
22713.1
22916.1
22915.4
22869.9
22639.3
21550.3
15632.5
10858.5
10112.7
10012.3
10001.1
10000.1
10000
10000
10000
10000
10000
10000
10000
10000
10000
17524.9
17643
17937.7
18478.2
19113.7
20044.7
21088.3
21897.6
22326.3
22740.2
22943.1
22942.4
22897.4
22669.2
21596.7
15747
10878.4
10115.8
10012.7
10001.2
10000.1
10000
10000
10000
10000
10000
10000
10000
10000
10000
17812.1
17847.2
18070.6
18558.2
19142
20043.3
21110.9
21961.7
22397.6
22779.9
22978.4
22976.5
22930.6
22703.6
21644.5
15855.5
10897.6
10118.9
10013
10001.2
10000.1
10000
10000
10000
10000
10000
10000
10000
10000
10000
19542
18639.7
18665.6
18815.1
19197.5
20033.2
21121.7
22009.1
22576.3
22888.6
23069.5
23065.9
23019.1
22797
21774
16143.4
10948.9
10127.2
10013.9
10001.3
10000.1
10000
10000
10000
10000
10000
10000
10000
10000
10000
21185
19822.6
19282.2
19329.1
19530.4
20028.2
21048.3
22020.7
22723.2
23020.9
23169.6
23167.6
23126.6
22917.8
21957.1
16639.8
11039.6
10142
10015.5
10001.5
10000.1
10000
10000
10000
10000
10000
10000
10000
10000
10000
22202.7
20926.2
20086.4
20014.4
20074
20340.2
21011.7
22011.2
22799.2
23190.9
23286.8
23285.7
23247.5
23047.7
22143.7
17133.2
11137.3
10158.6
10017.3
10001.6
10000.1
10000
10000
10000
10000
10000
10000
10000
10000
10000
23073.8
21872
20937
20582.5
20606.7
20739.5
21119.1
21969.1
22828.7
23304.2
23410
23409.4
23379.1
23184.3
22322.3
17627.9
11242.5
10177.1
10019.3
10001.8
10000.2
10000
10000
10000
10000
10000
10000
10000
10000
10000
23951.9
22675.5
21732.2
21194.9
21182.8
21228.6
21431.9
21954.2
22833.7
23418.6
23547.9
23546.4
23512.2
23333.5
22509.9
18118.8
11355.3
10197.4
10021.5
10002
10000.2
10000
10000
10000
10000
10000
10000
10000
10000
10000
24497.9
23419
22501.2
21886.8
21685.1
21708
21817.4
22127.3
22826.5
23480.4
23697.1
23694.1
23658
23475.5
22697
18617.3
11475.8
10219.5
10023.9
10002.3
10000.2
10000
10000
10000
10000
10000
10000
10000
10000
10000
25057.5
24045.2
23204.3
22535.8
22186.3
22195.6
22250.1
22423.3
22843.3
23508.2
23851
23845.9
23806.8
23629.3
22894.9
19128.4
11604.1
10243.4
10026.6
10002.5
10000.2
10000
10000
10000
10000
10000
10000
10000
10000
10000
25686.1
24649.2
23856.7
23148.4
22703.2
22672.5
22691.7
22775.2
23007.7
23523.7
24014.4
24003.4
23957.7
23786.8
23098.2
19649.7
11741.7
10269.4
10029.4
10002.8
10000.2
10000
10000
10000
10000
10000
10000
10000
10000
10000
25999.8
25567.9
24506.6
23743.9
23241.2
23099.8
23110
23155.2
23293.2
23612.9
24103.6
24133.4
24108.5
23956.8
23317.7
20173.8
11897.4
10297.3
10032.4
10003.1
10000.3
10000
10000
10000
10000
10000
10000
10000
10000
10000
26410.2
26068.8
25148.8
24376.3
23773.2
23515.8
23520.1
23538.2
23630.2
23825.8
24155.1
24301.8
24280
24137.3
23541.2
20673.7
12079.6
10327.2
10035.7
10003.4
10000.3
10000
10000
10000
10000
10000
10000
10000
10000
10000
26756.8
26474.8
25666.2
25001.6
24332
23942.7
23929.2
23935.7
23965.9
24054.6
24254.7
24477.9
24459.8
24331.1
23779.5
21125.7
12305.7
10358.8
10039
10003.7
10000.3
10000
10000
10000
10000
10000
10000
10000
10000
10000
27021.3
26836.6
26181.7
25672.2
24901.1
24426.7
24313
24297.7
24305.3
24340.5
24434.7
24648.5
24640.3
24531.8
24024.7
21517.1
12591.8
10391.9
10042.5
10004
10000.3
10000
10000
10000
10000
10000
10000
10000
10000
10000
27312.4
27140.2
26898
26100.7
25412.2
24896.6
24721.4
24631.2
24635.1
24654.2
24705.7
24824.1
24819.8
24735.1
24278.9
21888.2
12898.9
10426.1
10046.1
10004.4
10000.4
10000
10000
10000
10000
10000
10000
10000
10000
10000
27582.5
27415.8
27224.4
26618.8
25932.1
25381.2
25132.1
24966
24963.2
24968.4
24989.6
25035.4
25036.8
24965.6
24535.8
22243.6
13209.3
10460.3
10049.6
10004.7
10000.4
10000
10000
10000
10000
10000
10000
10000
10000
10000
28074
27770
27362.7
27150
26435.9
26075.4
25610.4
25354.6
25270.7
25274.6
25274.5
25278.6
25276.9
25211.6
24816.6
22604.1
13509.7
10493.7
10053
10005
10000.4
10000
10000
10000
10000
10000
10000
10000
10000
10000
28206
28142.5
27699.9
27474.1
27016.1
26538.8
26075.2
25778.2
25632.8
25559.1
25530.5
25531.9
25531.2
25478.4
25119.1
22974.9
13802.2
10525.4
10056.2
10005.3
10000.4
10000
10000
10000
10000
10000
10000
10000
10000
10000
28305.1
28170.7
28071.8
27942.9
27396.9
27089
26595.2
26262.4
26037.9
25853.7
25786
25786.6
25791.6
25756.3
25445.5
23366.2
14095.1
10555.1
10059.1
10005.5
10000.4
10000
10000
10000
10000
10000
10000
10000
10000
10000
28584.5
28414.3
28365.2
28220.6
27795.4
27613.4
27142
26772.8
26470.4
26180.5
26056.3
26058.9
26066.8
26049.1
25792
23778.2
14392.7
10582
10061.5
10005.7
10000.4
10000
10000
10000
10000
10000
10000
10000
10000
10000
28804.4
28853.8
28585.1
28398.5
28356.5
28136.5
27546.6
27243
27005.2
26593.8
26372.5
26373.3
26376.2
26367.1
26156.9
24194.4
14660.3
10603.8
10063.4
10005.8
10000.5
10000
10000
10000
10000
10000
10000
10000
10000
10000
28988.9
28955
28980.7
28752.5
28664
28539.4
28053.4
27740.1
27475.9
27074.2
26748.1
26729.3
26734.6
26727.9
26530.5
24572.4
14829
10617.5
10064.6
10005.9
10000.5
10000
10000
10000
10000
10000
10000
10000
10000
10000
29188.6
29150.6
29194.2
29055.3
28958
28863.6
28469.4
28197.6
28026.4
27699.1
27290.8
27198.5
27180.3
27135
26895.8
24893.6
14897.3
10624.7
10065.4
10006
10000.5
10000
10000
10000
10000
10000
10000
10000
10000
10000
29566.3
29345.2
29264.4
29246.8
29254.5
29141.3
28914.1
28695
28538.5
28340.5
27835
27756.1
27706.4
27592.7
27223.7
25084.7
14897.5
10629.9
10066
10006.1
10000.5
10000
10000
10000
10000
10000
10000
10000
10000
10000
29577.8
29528.5
29442.4
29410
29430.5
29360.5
29311.5
29116.7
28993.3
28875.1
28564.9
28399.5
28320.9
28141.9
27639.4
25218.5
14838.8
10634.2
10066.6
10006.1
10000.5
10000
10000
10000
10000
10000
10000
10000
10000
10000
29690.5
29670.5
29678.1
29578.1
29623
29591.7
29552.6
29498.6
29317.8
29262.7
29194.1
28946.5
28834.4
28599.2
27999.6
25472.8
14813.1
10637.8
10067.1
10006.2
10000.5
10000
10000
10000
10000
10000
10000
10000
10000
10000
29949.1
29854.5
29750.4
29701.2
29818.1
29817.4
29765.7
29785
29599.4
29592.5
29569
29450.8
29254.6
28955
28253.9
25621.6
14798.5
10641.9
10067.7
10006.2
10000.5
10000
10000
10000
10000
10000
10000
10000
10000
10000
29874.5
29970.8
30058.9
29883.4
29918.8
29955.9
29900.4
29948
29792.8
29771.2
29766.8
29703.4
29537.8
29170.3
28385.5
25698.9
14821
10647.6
10068.4
10006.3
10000.5
10000
10000
10000
10000
10000
10000
10000
10000
10000
30075.8
30022.2
29961.3
29911.1
29957
29980
29958.7
29970.9
29858.6
29848.1
29839.2
29773
29675
29318.8
28412.9
25700.8
14892.2
10655.5
10069.2
10006.4
10000.5
10000
10000
10000
10000
10000
10000
10000
10000
10000
30043.8
30016.4
29883.9
29863.4
29932.9
29957.3
29951.8
29933
29860.9
29848.9
29823
29755.7
29673.7
29348
28433.8
25736.8
14967.2
10664.1
10070
10006.4
10000.5
10000
10000
10000
10000
10000
10000
10000
10000
10000
29993
29943.5
29874.4
29846.5
29896.7
29922
29915.3
29896.4
29828.6
29820.5
29802.2
29736.8
29659.1
29350.8
28450.4
25779.7
15043.7
10670.8
10070.6
10006.5
10000.5
10000
10000
10000
10000
10000
10000
10000
10000
10000
29922.1
29829.8
29888
29900.1
29914.3
29898.5
29890.7
29882.6
29819.4
29806.8
29783
29726.1
29657.3
29367
28494.4
25853.8
15102.3
10674.3
10070.8
10006.5
10000.5
10000
10000
10000
10000
10000
10000
10000
10000
10000
29876.7
29858.2
29888.9
29840.9
29887.1
29908.9
29909
29896.9
29832.9
29819.9
29792.8
29740.8
29677.3
29396.3
28539.9
25911.1
15130.6
10675.8
10070.9
10006.5
10000.5
10000
10000
10000
10000
10000
10000
10000
10000
10000
29888.9
29881.9
29912.9
29864.2
29911.5
29935.9
29938.1
29925.5
29863.6
29848.3
29818.4
29767.9
29704.9
29426.6
28570.9
25937.1
15132.8
10675.7
10070.9
10006.5
10000.5
10000
10000
10000
10000
10000
10000
10000
10000
10000
29909.8
29904.6
29935.5
29886.5
29935.5
29959.8
29962.5
29950.2
29892.1
29873.9
29842.2
29791.9
29727.9
29449
28588.7
25946.4
15129
10675.4
10070.8
10006.5
10000.5
10000
10000
10000
10000
10000
10000
10000
10000
10000
29924.3
29919.8
29950.2
29900.9
29950.9
29975.1
29977.7
29965.9
29910.9
29890.5
29857.4
29807
29742
29461.5
28596.1
25947
15123.9
10675.1
10070.8
10006.5
10000.5
10000
10000
10000
10000
10000
10000
10000
10000
10000
29931.4
29926.9
29957.3
29908
29958.4
29982.6
29985
29973.5
29920.2
29898.7
29864.9
29814.4
29748.7
29467.4
28599.2
25946.3
15121.1
10675
10070.8
10006.5
10000.5
10000
10000
10000
10000
10000
10000
10000
10000
10000
29934.3
29929.9
29960.3
29910.9
29961.4
29985.7
29988.1
29976.6
29924
29902
29868
29817.5
29751.5
29469.6
28600.1
25945.5
15119.7
10674.9
10070.8
10006.5
10000.5
10000
10000
10000
10000
10000
10000
10000
10000
10000
29935.3
29931
29961.3
29911.9
29962.5
29986.7
29989.1
29977.7
29925.3
29903.2
29869.1
29818.6
29752.5
29470.4
28600.4
25945.2
15119.2
10674.9
10070.8
10006.5
10000.5
10000
10000
10000
10000
10000
10000
10000
10000
10000
29935.7
29931.3
29961.7
29912.2
29962.9
29987.1
29989.5
29978.1
29925.7
29903.6
29869.5
29818.9
29752.8
29470.7
28600.5
25945.1
15119.1
10674.9
10070.8
10006.5
10000.5
10000
10000
10000
10000
10000
10000
10000
10000
10000
29935.7
29931.4
29961.7
29912.3
29962.9
29987.2
29989.6
29978.2
29925.8
29903.7
29869.6
29819
29752.9
29470.7
28600.5
25945.1
15119
10674.9
10070.8
10006.5
10000.5
10000
10000
10000
10000
10000
10000
10000
10000
10000
29935.8
29931.4
29961.8
29912.3
29963
29987.2
29989.6
29978.2
29925.8
29903.7
29869.6
29819.1
29752.9
29470.8
28600.5
25945
15119
10674.9
10070.8
10006.5
10000.5
10000
10000
10000
10000
10000
10000
10000
10000
10000
29935.8
29931.4
29961.8
29912.4
29963
29987.2
29989.6
29978.2
29925.8
29903.7
29869.6
29819.1
29752.9
29470.8
28600.5
25945
15119
10674.9
10070.8
10006.5
10000.5
10000
10000
10000
10000
10000
10000
10000
10000
10000
29935.8
29931.4
29961.8
29912.4
29963
29987.2
29989.6
29978.2
29925.8
29903.7
29869.6
29819.1
29752.9
29470.8
28600.5
25945
15119
10674.9
10070.8
10006.5
10000.5
10000
10000
10000
10000
10000
10000
10000
10000
10000
29935.8
29931.4
29961.8
29912.4
29963
29987.2
29989.6
29978.2
29925.8
29903.7
29869.6
29819.1
29752.9
29470.8
28600.5
25945
15119
10674.9
10070.8
10006.5
10000.5
10000
10000
10000
10000
10000
10000
10000
10000
10000
29935.8
29931.4
29961.8
29912.4
29963
29987.2
29989.6
29978.2
29925.8
29903.7
29869.6
29819.1
29752.9
29470.8
28600.5
25945
15119
10674.9
10070.8
10006.5
10000.5
10000
10000
10000
10000
10000
10000
10000
10000
10000
29935.8
29931.4
29961.8
29912.4
29963
29987.2
29989.6
29978.2
29925.8
29903.7
29869.6
29819.1
29752.9
29470.8
28600.5
25945
15119
10674.9
10070.8
10006.5
10000.5
10000
10000
10000
10000
10000
10000
10000
10000
10000
29935.8
29931.4
29961.8
29912.4
29963
29987.2
29989.6
29978.2
29925.8
29903.7
29869.6
29819.1
29752.9
29470.8
28600.5
25945
15119
10674.9
10070.8
10006.5
10000.5
10000
10000
10000
10000
10000
10000
10000
10000
10000
29935.8
29931.4
29961.8
29912.4
29963
29987.2
29989.6
29978.2
29925.8
29903.7
29869.6
29819.1
29752.9
29470.8
28600.5
25945
15119
10674.9
10070.8
10006.5
10000.5
10000
10000
10000
10000
10000
10000
10000
10000
10000
29935.8
29931.4
29961.8
29912.4
29963
29987.2
29989.6
29978.2
29925.8
29903.7
29869.6
29819.1
29752.9
29470.8
28600.5
25945
15119
10674.9
10070.8
10006.5
10000.5
10000
10000
10000
10000
10000
10000
10000
10000
10000
29935.8
29931.4
29961.8
29912.4
29963
29987.2
29989.6
29978.2
29925.8
29903.7
29869.6
29819.1
29752.9
29470.8
28600.5
25945
15119
10674.9
10070.8
10006.5
10000.5
10000
10000
10000
10000
10000
10000
10000
10000
10000
29935.8
29931.4
29961.8
29912.4
29963
29987.2
29989.6
29978.2
29925.8
29903.7
29869.6
29819.1
29752.9
29470.8
28600.5
25945
15119
10674.9
10070.8
10006.5
10000.5
10000
10000
10000
10000
10000
10000
10000
10000
10000
)
;

boundaryField
{
    inlet
    {
        type            zeroGradient;
    }
    outlet
    {
        type            zeroGradient;
    }
    bottom
    {
        type            symmetryPlane;
    }
    top
    {
        type            symmetryPlane;
    }
    obstacle
    {
        type            zeroGradient;
    }
    defaultFaces
    {
        type            empty;
    }
}


// ************************************************************************* //
