/*--------------------------------*- C++ -*----------------------------------*\
| =========                 |                                                 |
| \\      /  F ield         | OpenFOAM: The Open Source CFD Toolbox           |
|  \\    /   O peration     | Version:  5.x                                   |
|   \\  /    A nd           | Web:      www.OpenFOAM.org                      |
|    \\/     M anipulation  |                                                 |
\*---------------------------------------------------------------------------*/
/*   Windows 32 and 64 bit porting by blueCAPE: http://www.bluecape.com.pt   *\
|  Based on Windows porting (2.0.x v4) by Symscape: http://www.symscape.com   |
\*---------------------------------------------------------------------------*/
FoamFile
{
    version     2.0;
    format      ascii;
    class       volScalarField;
    location    "0.006";
    object      T;
}
// * * * * * * * * * * * * * * * * * * * * * * * * * * * * * * * * * * * * * //

dimensions      [0 0 0 1 0 0 0];

internalField   nonuniform List<scalar> 
10000
(
348.432
348.432
348.432
348.431
348.43
348.422
348.395
348.302
348.037
347.382
345.992
343.424
339.41
334.032
327.81
321.191
314.657
308.192
302.272
295.783
291.665
284.295
280.613
277.311
271.336
266.339
264.339
263.134
260.512
256.124
253.131
252.48
252.802
253.912
254.333
254.051
252.745
250.839
249.531
248.926
248.787
248.984
250.944
260.471
285.656
314.11
339.295
359.678
374.881
385.698
393.069
398.036
401.129
402.944
403.734
403.873
403.823
402.67
401.279
398.095
348.432
348.432
348.432
348.431
348.43
348.422
348.395
348.302
348.037
347.382
345.992
343.424
339.41
334.032
327.81
321.191
314.657
308.192
302.272
295.783
291.665
284.295
280.613
277.311
271.336
266.339
264.339
263.134
260.512
256.124
253.131
252.48
252.802
253.912
254.333
254.051
252.745
250.839
249.531
248.926
248.787
248.984
250.944
260.471
285.658
314.111
339.295
359.678
374.882
385.696
393.071
398.031
401.113
402.946
403.762
403.861
403.809
402.67
401.279
398.106
348.432
348.432
348.432
348.431
348.43
348.422
348.395
348.302
348.037
347.382
345.992
343.424
339.41
334.032
327.81
321.191
314.657
308.192
302.272
295.783
291.665
284.295
280.613
277.311
271.336
266.339
264.339
263.134
260.512
256.124
253.131
252.48
252.802
253.912
254.333
254.051
252.745
250.839
249.531
248.926
248.788
248.984
250.944
260.471
285.66
314.113
339.295
359.676
374.884
385.698
393.072
398.031
401.11
402.933
403.76
403.882
403.81
402.652
401.28
398.113
348.432
348.432
348.432
348.431
348.43
348.422
348.395
348.302
348.037
347.382
345.992
343.424
339.41
334.032
327.81
321.191
314.657
308.192
302.272
295.783
291.665
284.295
280.613
277.311
271.336
266.339
264.339
263.134
260.512
256.124
253.131
252.48
252.802
253.912
254.333
254.051
252.745
250.839
249.531
248.927
248.788
248.985
250.944
260.472
285.66
314.112
339.296
359.679
374.891
385.704
393.075
398.039
401.115
402.929
403.746
403.9
403.82
402.636
401.277
398.105
348.432
348.432
348.432
348.431
348.43
348.422
348.395
348.302
348.037
347.382
345.992
343.424
339.41
334.032
327.81
321.191
314.657
308.192
302.272
295.783
291.665
284.295
280.613
277.311
271.336
266.339
264.339
263.134
260.512
256.124
253.131
252.48
252.802
253.912
254.333
254.051
252.745
250.838
249.532
248.927
248.789
248.985
250.945
260.472
285.66
314.109
339.296
359.681
374.894
385.701
393.073
398.039
401.117
402.92
403.742
403.915
403.827
402.629
401.274
398.097
348.432
348.432
348.432
348.431
348.43
348.422
348.395
348.302
348.037
347.382
345.992
343.424
339.41
334.032
327.81
321.191
314.657
308.192
302.272
295.783
291.665
284.295
280.613
277.311
271.336
266.339
264.339
263.134
260.512
256.124
253.131
252.48
252.802
253.912
254.333
254.051
252.745
250.838
249.532
248.928
248.789
248.986
250.945
260.472
285.659
314.107
339.297
359.683
374.896
385.698
393.068
398.037
401.108
402.921
403.75
403.914
403.817
402.63
401.283
398.087
348.432
348.432
348.432
348.431
348.43
348.422
348.395
348.302
348.037
347.382
345.992
343.424
339.41
334.032
327.81
321.191
314.657
308.192
302.272
295.783
291.665
284.295
280.613
277.311
271.336
266.339
264.339
263.134
260.512
256.124
253.131
252.48
252.802
253.912
254.333
254.051
252.745
250.839
249.532
248.928
248.79
248.986
250.945
260.472
285.658
314.108
339.3
359.687
374.898
385.695
393.066
398.032
401.1
402.929
403.76
403.895
403.804
402.639
401.287
398.083
348.432
348.432
348.432
348.431
348.43
348.422
348.395
348.302
348.037
347.382
345.992
343.424
339.41
334.032
327.81
321.191
314.657
308.192
302.272
295.783
291.665
284.295
280.613
277.311
271.336
266.339
264.339
263.134
260.512
256.124
253.131
252.48
252.802
253.912
254.333
254.051
252.745
250.839
249.533
248.928
248.79
248.986
250.945
260.472
285.658
314.109
339.301
359.686
374.898
385.693
393.067
398.026
401.099
402.938
403.764
403.873
403.803
402.651
401.278
398.093
348.432
348.432
348.432
348.431
348.43
348.422
348.395
348.302
348.037
347.382
345.992
343.424
339.41
334.032
327.81
321.191
314.657
308.192
302.272
295.783
291.665
284.295
280.613
277.311
271.336
266.339
264.339
263.134
260.512
256.124
253.131
252.48
252.802
253.912
254.333
254.051
252.745
250.839
249.533
248.928
248.79
248.987
250.946
260.472
285.659
314.11
339.3
359.681
374.891
385.689
393.065
398.024
401.094
402.929
403.763
403.875
403.802
402.663
401.287
398.082
348.432
348.432
348.432
348.431
348.43
348.422
348.395
348.302
348.037
347.382
345.992
343.424
339.41
334.032
327.81
321.191
314.657
308.192
302.272
295.783
291.665
284.295
280.613
277.311
271.336
266.339
264.339
263.134
260.512
256.124
253.131
252.48
252.802
253.912
254.333
254.051
252.745
250.839
249.533
248.929
248.79
248.987
250.946
260.472
285.66
314.112
339.3
359.678
374.887
385.69
393.07
398.024
401.095
402.92
403.751
403.892
403.808
402.653
401.3
398.064
348.432
348.432
348.432
348.431
348.43
348.422
348.395
348.302
348.037
347.382
345.992
343.424
339.41
334.032
327.81
321.191
314.657
308.192
302.272
295.783
291.665
284.295
280.613
277.311
271.336
266.339
264.339
263.134
260.512
256.124
253.131
252.48
252.802
253.912
254.333
254.051
252.745
250.839
249.533
248.929
248.79
248.987
250.946
260.472
285.66
314.112
339.3
359.678
374.888
385.692
393.072
398.028
401.099
402.919
403.745
403.895
403.804
402.637
401.31
398.056
348.432
348.432
348.432
348.431
348.43
348.422
348.395
348.302
348.037
347.382
345.992
343.424
339.41
334.032
327.81
321.191
314.657
308.192
302.272
295.783
291.665
284.295
280.613
277.311
271.336
266.339
264.339
263.134
260.512
256.124
253.131
252.48
252.802
253.912
254.333
254.051
252.744
250.839
249.533
248.929
248.79
248.987
250.946
260.471
285.658
314.108
339.298
359.678
374.892
385.692
393.07
398.031
401.097
402.915
403.752
403.898
403.787
402.638
401.319
398.05
348.432
348.432
348.432
348.431
348.43
348.422
348.395
348.302
348.037
347.382
345.992
343.424
339.41
334.032
327.81
321.191
314.657
308.192
302.272
295.783
291.665
284.295
280.613
277.311
271.336
266.339
264.339
263.134
260.512
256.124
253.131
252.48
252.802
253.912
254.333
254.05
252.744
250.839
249.533
248.929
248.79
248.987
250.946
260.47
285.656
314.103
339.294
359.677
374.894
385.691
393.064
398.033
401.095
402.909
403.758
403.912
403.779
402.634
401.334
398.055
348.432
348.432
348.432
348.431
348.43
348.422
348.395
348.302
348.037
347.382
345.992
343.424
339.41
334.032
327.81
321.191
314.657
308.192
302.272
295.783
291.665
284.295
280.613
277.311
271.336
266.339
264.339
263.134
260.512
256.124
253.131
252.48
252.802
253.912
254.333
254.05
252.744
250.84
249.533
248.929
248.791
248.987
250.946
260.469
285.653
314.097
339.29
359.678
374.897
385.693
393.063
398.032
401.09
402.913
403.762
403.915
403.787
402.627
401.335
398.071
348.432
348.432
348.432
348.431
348.43
348.422
348.395
348.302
348.037
347.382
345.992
343.424
339.41
334.032
327.81
321.191
314.657
308.192
302.272
295.783
291.665
284.295
280.613
277.311
271.336
266.339
264.339
263.134
260.512
256.124
253.131
252.48
252.802
253.912
254.333
254.05
252.744
250.84
249.533
248.929
248.791
248.987
250.946
260.468
285.649
314.091
339.285
359.672
374.891
385.694
393.063
398.027
401.088
402.913
403.763
403.906
403.795
402.631
401.319
398.083
348.432
348.432
348.432
348.431
348.43
348.422
348.395
348.302
348.037
347.382
345.992
343.424
339.41
334.032
327.81
321.191
314.657
308.192
302.272
295.783
291.665
284.295
280.613
277.311
271.336
266.339
264.339
263.134
260.512
256.124
253.131
252.48
252.802
253.912
254.333
254.05
252.744
250.84
249.533
248.929
248.791
248.987
250.945
260.466
285.647
314.088
339.28
359.666
374.883
385.692
393.058
398.018
401.095
402.917
403.754
403.899
403.802
402.637
401.307
398.095
348.432
348.432
348.432
348.431
348.43
348.422
348.395
348.302
348.037
347.382
345.992
343.424
339.41
334.032
327.81
321.191
314.657
308.192
302.272
295.783
291.665
284.295
280.613
277.311
271.336
266.339
264.339
263.134
260.512
256.124
253.131
252.48
252.802
253.912
254.333
254.05
252.743
250.84
249.533
248.93
248.791
248.987
250.945
260.465
285.645
314.085
339.277
359.663
374.876
385.687
393.053
398.016
401.098
402.922
403.738
403.908
403.799
402.634
401.311
398.106
348.432
348.432
348.432
348.431
348.43
348.422
348.395
348.302
348.037
347.382
345.992
343.424
339.41
334.032
327.81
321.191
314.657
308.192
302.272
295.783
291.665
284.295
280.613
277.311
271.336
266.339
264.339
263.134
260.512
256.124
253.131
252.48
252.802
253.912
254.333
254.05
252.743
250.84
249.534
248.93
248.791
248.987
250.945
260.463
285.641
314.081
339.274
359.66
374.871
385.68
393.049
398.02
401.104
402.912
403.736
403.915
403.807
402.628
401.325
398.101
348.432
348.432
348.432
348.431
348.43
348.422
348.395
348.302
348.037
347.382
345.992
343.424
339.41
334.032
327.81
321.191
314.657
308.192
302.272
295.783
291.665
284.295
280.613
277.311
271.336
266.339
264.339
263.134
260.512
256.124
253.131
252.48
252.802
253.912
254.333
254.05
252.743
250.839
249.534
248.93
248.791
248.987
250.944
260.462
285.639
314.078
339.271
359.654
374.868
385.677
393.049
398.03
401.1
402.9
403.736
403.918
403.818
402.624
401.337
398.091
348.432
348.432
348.432
348.431
348.43
348.422
348.395
348.302
348.037
347.382
345.992
343.424
339.41
334.032
327.81
321.191
314.657
308.192
302.272
295.783
291.665
284.295
280.613
277.311
271.336
266.339
264.339
263.134
260.512
256.124
253.131
252.48
252.802
253.912
254.333
254.05
252.743
250.839
249.535
248.93
248.791
248.987
250.944
260.461
285.638
314.075
339.268
359.653
374.873
385.679
393.046
398.029
401.097
402.899
403.741
403.919
403.818
402.617
401.347
398.098
348.432
348.432
348.432
348.431
348.43
348.422
348.395
348.302
348.037
347.382
345.992
343.424
339.41
334.032
327.81
321.191
314.657
308.192
302.272
295.783
291.665
284.295
280.613
277.311
271.336
266.339
264.339
263.134
260.512
256.124
253.131
252.48
252.802
253.912
254.333
254.05
252.742
250.839
249.535
248.93
248.791
248.987
250.944
260.46
285.638
314.073
339.264
359.652
374.876
385.681
393.046
398.025
401.093
402.902
403.746
403.924
403.813
402.617
401.347
398.111
348.432
348.432
348.432
348.431
348.43
348.422
348.395
348.302
348.037
347.382
345.992
343.424
339.41
334.032
327.81
321.191
314.657
308.192
302.272
295.783
291.665
284.295
280.613
277.311
271.336
266.339
264.339
263.134
260.512
256.124
253.131
252.48
252.802
253.912
254.333
254.05
252.742
250.839
249.535
248.93
248.791
248.987
250.944
260.46
285.638
314.073
339.264
359.649
374.873
385.678
393.05
398.022
401.083
402.903
403.75
403.928
403.81
402.618
401.347
398.117
348.432
348.432
348.432
348.431
348.43
348.422
348.395
348.302
348.037
347.382
345.992
343.424
339.41
334.032
327.81
321.191
314.657
308.192
302.272
295.783
291.665
284.295
280.613
277.311
271.336
266.339
264.339
263.134
260.512
256.124
253.131
252.48
252.802
253.912
254.333
254.05
252.742
250.839
249.536
248.93
248.791
248.987
250.944
260.459
285.637
314.073
339.263
359.643
374.869
385.676
393.05
398.021
401.076
402.902
403.75
403.932
403.81
402.619
401.346
398.118
348.432
348.432
348.432
348.431
348.43
348.422
348.395
348.302
348.037
347.382
345.992
343.424
339.41
334.032
327.81
321.191
314.657
308.192
302.272
295.783
291.665
284.295
280.613
277.311
271.336
266.339
264.339
263.134
260.512
256.124
253.131
252.48
252.802
253.912
254.333
254.05
252.742
250.838
249.536
248.93
248.791
248.987
250.944
260.459
285.635
314.073
339.264
359.641
374.866
385.672
393.053
398.023
401.071
402.904
403.752
403.935
403.805
402.617
401.334
398.119
348.432
348.432
348.432
348.431
348.43
348.422
348.395
348.302
348.037
347.382
345.992
343.424
339.41
334.032
327.81
321.191
314.657
308.192
302.272
295.783
291.665
284.295
280.613
277.311
271.336
266.339
264.339
263.134
260.512
256.124
253.131
252.48
252.802
253.912
254.333
254.05
252.742
250.838
249.536
248.93
248.791
248.987
250.944
260.458
285.633
314.072
339.266
359.641
374.863
385.663
393.056
398.026
401.07
402.908
403.749
403.931
403.798
402.615
401.32
398.123
348.432
348.432
348.432
348.431
348.43
348.422
348.395
348.302
348.037
347.382
345.992
343.424
339.41
334.032
327.81
321.191
314.657
308.192
302.272
295.783
291.665
284.295
280.613
277.311
271.336
266.339
264.339
263.134
260.512
256.124
253.131
252.48
252.802
253.912
254.333
254.05
252.741
250.838
249.537
248.93
248.791
248.988
250.944
260.458
285.631
314.07
339.265
359.641
374.861
385.661
393.053
398.03
401.073
402.907
403.735
403.922
403.801
402.617
401.309
398.13
348.432
348.432
348.432
348.431
348.43
348.422
348.395
348.302
348.037
347.382
345.992
343.424
339.41
334.032
327.81
321.191
314.657
308.192
302.272
295.783
291.665
284.295
280.613
277.311
271.336
266.339
264.339
263.134
260.512
256.124
253.131
252.48
252.802
253.912
254.333
254.05
252.741
250.838
249.537
248.931
248.792
248.988
250.944
260.458
285.63
314.069
339.261
359.639
374.856
385.663
393.048
398.026
401.084
402.899
403.717
403.915
403.812
402.623
401.314
398.129
348.432
348.432
348.432
348.431
348.43
348.422
348.395
348.302
348.037
347.382
345.992
343.424
339.41
334.032
327.81
321.191
314.657
308.192
302.272
295.783
291.665
284.295
280.613
277.311
271.336
266.339
264.339
263.134
260.512
256.124
253.131
252.48
252.802
253.912
254.333
254.05
252.741
250.837
249.537
248.931
248.792
248.988
250.944
260.457
285.63
314.068
339.257
359.635
374.853
385.662
393.042
398.023
401.095
402.888
403.71
403.914
403.819
402.622
401.33
398.118
348.432
348.432
348.432
348.431
348.43
348.422
348.395
348.302
348.037
347.382
345.992
343.424
339.41
334.032
327.81
321.191
314.657
308.192
302.272
295.783
291.665
284.295
280.613
277.311
271.336
266.339
264.339
263.134
260.512
256.124
253.131
252.48
252.802
253.912
254.333
254.05
252.741
250.837
249.537
248.932
248.792
248.989
250.944
260.457
285.629
314.067
339.255
359.634
374.853
385.662
393.042
398.025
401.089
402.882
403.717
403.912
403.813
402.611
401.339
398.111
348.432
348.432
348.432
348.431
348.43
348.422
348.395
348.302
348.037
347.382
345.992
343.424
339.41
334.032
327.81
321.191
314.657
308.192
302.272
295.783
291.665
284.295
280.613
277.311
271.336
266.339
264.339
263.134
260.512
256.124
253.131
252.48
252.802
253.912
254.333
254.05
252.741
250.837
249.537
248.932
248.793
248.989
250.944
260.456
285.629
314.067
339.253
359.631
374.851
385.659
393.046
398.028
401.075
402.881
403.725
403.913
403.8
402.596
401.336
398.111
348.432
348.432
348.432
348.431
348.43
348.422
348.395
348.302
348.037
347.382
345.992
343.424
339.41
334.032
327.81
321.191
314.657
308.192
302.272
295.783
291.665
284.295
280.613
277.311
271.336
266.339
264.339
263.134
260.512
256.124
253.131
252.48
252.802
253.912
254.333
254.05
252.741
250.837
249.537
248.932
248.793
248.989
250.944
260.456
285.627
314.066
339.254
359.633
374.85
385.656
393.047
398.026
401.064
402.88
403.727
403.915
403.786
402.582
401.339
398.11
348.432
348.432
348.432
348.431
348.43
348.422
348.395
348.302
348.037
347.382
345.992
343.424
339.41
334.032
327.81
321.191
314.657
308.192
302.272
295.783
291.665
284.295
280.613
277.311
271.336
266.339
264.339
263.134
260.512
256.124
253.131
252.48
252.802
253.912
254.333
254.05
252.741
250.836
249.537
248.933
248.793
248.989
250.944
260.455
285.625
314.065
339.256
359.637
374.852
385.653
393.043
398.023
401.058
402.876
403.726
403.917
403.778
402.582
401.338
398.113
348.432
348.432
348.432
348.431
348.43
348.422
348.395
348.302
348.037
347.382
345.992
343.424
339.41
334.032
327.81
321.191
314.657
308.192
302.272
295.783
291.665
284.295
280.613
277.311
271.336
266.339
264.339
263.134
260.512
256.124
253.131
252.48
252.802
253.912
254.333
254.05
252.74
250.836
249.537
248.933
248.794
248.989
250.943
260.455
285.624
314.063
339.256
359.641
374.855
385.654
393.044
398.023
401.059
402.869
403.724
403.917
403.774
402.592
401.333
398.119
348.432
348.432
348.432
348.431
348.43
348.422
348.395
348.302
348.037
347.382
345.992
343.424
339.41
334.032
327.81
321.191
314.657
308.192
302.272
295.783
291.665
284.295
280.613
277.311
271.336
266.339
264.339
263.134
260.512
256.124
253.131
252.48
252.802
253.912
254.333
254.05
252.74
250.836
249.536
248.933
248.794
248.989
250.943
260.454
285.623
314.063
339.254
359.64
374.857
385.655
393.046
398.023
401.06
402.864
403.723
403.916
403.773
402.6
401.321
398.13
348.432
348.432
348.432
348.431
348.43
348.422
348.395
348.302
348.037
347.382
345.992
343.424
339.41
334.032
327.81
321.191
314.657
308.192
302.272
295.783
291.665
284.295
280.613
277.311
271.336
266.339
264.339
263.134
260.512
256.124
253.131
252.48
252.802
253.912
254.333
254.05
252.74
250.835
249.536
248.933
248.793
248.989
250.943
260.454
285.623
314.062
339.251
359.637
374.854
385.655
393.045
398.025
401.059
402.867
403.724
403.918
403.775
402.589
401.309
398.135
348.432
348.432
348.432
348.431
348.43
348.422
348.395
348.302
348.037
347.382
345.992
343.424
339.41
334.032
327.81
321.191
314.657
308.192
302.272
295.783
291.665
284.295
280.613
277.311
271.336
266.339
264.339
263.134
260.512
256.124
253.131
252.48
252.802
253.912
254.333
254.05
252.74
250.835
249.536
248.933
248.793
248.989
250.943
260.453
285.623
314.062
339.248
359.633
374.851
385.656
393.042
398.025
401.055
402.872
403.726
403.923
403.776
402.567
401.299
398.132
348.432
348.432
348.432
348.431
348.43
348.422
348.395
348.302
348.037
347.382
345.992
343.424
339.41
334.032
327.81
321.191
314.657
308.192
302.272
295.783
291.665
284.295
280.613
277.311
271.336
266.339
264.339
263.134
260.512
256.124
253.131
252.48
252.802
253.912
254.333
254.05
252.74
250.835
249.536
248.933
248.793
248.989
250.943
260.453
285.622
314.061
339.244
359.63
374.85
385.659
393.04
398.024
401.055
402.874
403.727
403.925
403.781
402.551
401.285
398.127
348.432
348.432
348.432
348.431
348.43
348.422
348.395
348.302
348.037
347.382
345.992
343.424
339.41
334.032
327.81
321.191
314.657
308.192
302.272
295.783
291.665
284.295
280.613
277.311
271.336
266.339
264.339
263.134
260.512
256.124
253.131
252.48
252.802
253.912
254.333
254.05
252.74
250.835
249.536
248.932
248.793
248.989
250.943
260.453
285.622
314.06
339.241
359.625
374.847
385.658
393.039
398.023
401.058
402.875
403.721
403.922
403.799
402.543
401.271
398.12
348.432
348.432
348.432
348.431
348.43
348.422
348.395
348.302
348.037
347.382
345.992
343.424
339.41
334.032
327.81
321.191
314.657
308.192
302.272
295.783
291.665
284.295
280.613
277.311
271.336
266.339
264.339
263.134
260.512
256.124
253.131
252.48
252.802
253.912
254.333
254.05
252.74
250.835
249.536
248.932
248.793
248.989
250.943
260.453
285.621
314.059
339.238
359.62
374.843
385.656
393.039
398.021
401.062
402.875
403.71
403.915
403.824
402.539
401.261
398.114
348.432
348.432
348.432
348.431
348.43
348.422
348.395
348.302
348.037
347.382
345.992
343.424
339.41
334.032
327.81
321.191
314.657
308.192
302.272
295.783
291.665
284.295
280.613
277.311
271.336
266.339
264.339
263.134
260.512
256.124
253.131
252.48
252.802
253.912
254.333
254.05
252.74
250.834
249.536
248.932
248.792
248.988
250.943
260.453
285.621
314.057
339.236
359.617
374.841
385.655
393.039
398.019
401.068
402.873
403.701
403.908
403.839
402.54
401.258
398.112
348.432
348.432
348.432
348.431
348.43
348.422
348.395
348.302
348.037
347.382
345.992
343.424
339.41
334.032
327.81
321.191
314.657
308.192
302.272
295.783
291.665
284.295
280.613
277.311
271.336
266.339
264.339
263.134
260.512
256.124
253.131
252.48
252.802
253.912
254.333
254.05
252.74
250.834
249.535
248.932
248.792
248.988
250.943
260.453
285.62
314.056
339.234
359.616
374.839
385.656
393.04
398.015
401.072
402.867
403.698
403.902
403.838
402.549
401.261
398.115
348.432
348.432
348.432
348.431
348.43
348.422
348.395
348.302
348.037
347.382
345.992
343.424
339.41
334.032
327.81
321.191
314.657
308.192
302.272
295.783
291.665
284.295
280.613
277.311
271.336
266.339
264.339
263.134
260.512
256.124
253.131
252.48
252.802
253.912
254.333
254.05
252.74
250.834
249.535
248.932
248.792
248.988
250.943
260.453
285.619
314.055
339.233
359.614
374.839
385.657
393.041
398.011
401.076
402.863
403.696
403.897
403.836
402.56
401.257
398.123
348.432
348.432
348.432
348.431
348.43
348.422
348.395
348.302
348.037
347.382
345.992
343.424
339.41
334.032
327.81
321.191
314.657
308.192
302.272
295.783
291.665
284.295
280.613
277.311
271.336
266.339
264.339
263.134
260.512
256.124
253.131
252.48
252.802
253.912
254.333
254.05
252.74
250.834
249.535
248.931
248.792
248.988
250.943
260.452
285.618
314.054
339.232
359.613
374.839
385.657
393.041
398.009
401.078
402.86
403.694
403.895
403.834
402.575
401.253
398.131
348.432
348.432
348.432
348.431
348.43
348.422
348.395
348.302
348.037
347.382
345.992
343.424
339.41
334.032
327.81
321.191
314.657
308.192
302.272
295.783
291.665
284.295
280.613
277.311
271.336
266.339
264.339
263.134
260.512
256.124
253.131
252.48
252.802
253.912
254.333
254.05
252.74
250.833
249.535
248.931
248.792
248.988
250.942
260.452
285.618
314.055
339.231
359.613
374.838
385.657
393.04
398.008
401.079
402.859
403.692
403.894
403.835
402.583
401.258
398.134
348.432
348.432
348.432
348.431
348.43
348.422
348.395
348.302
348.037
347.382
345.992
343.424
339.41
334.032
327.81
321.191
314.657
308.192
302.272
295.783
291.665
284.295
280.613
277.311
271.336
266.339
264.339
263.134
260.512
256.124
253.131
252.48
252.802
253.912
254.333
254.05
252.74
250.833
249.535
248.931
248.792
248.988
250.942
260.452
285.618
314.056
339.231
359.614
374.837
385.655
393.039
398.008
401.08
402.861
403.69
403.892
403.836
402.588
401.266
398.129
348.432
348.432
348.432
348.431
348.43
348.422
348.395
348.302
348.037
347.382
345.992
343.424
339.41
334.032
327.81
321.191
314.657
308.192
302.272
295.783
291.665
284.295
280.613
277.311
271.336
266.339
264.339
263.134
260.512
256.124
253.131
252.48
252.802
253.912
254.333
254.05
252.74
250.833
249.534
248.931
248.791
248.988
250.942
260.452
285.618
314.057
339.233
359.615
374.836
385.654
393.039
398.01
401.081
402.862
403.691
403.891
403.836
402.592
401.269
398.116
348.432
348.432
348.432
348.431
348.43
348.422
348.395
348.302
348.037
347.382
345.992
343.424
339.41
334.032
327.81
321.191
314.657
308.192
302.272
295.783
291.665
284.295
280.613
277.311
271.336
266.339
264.339
263.134
260.512
256.124
253.131
252.48
252.802
253.912
254.333
254.05
252.74
250.833
249.534
248.931
248.791
248.988
250.942
260.452
285.617
314.057
339.234
359.616
374.835
385.653
393.039
398.011
401.08
402.864
403.694
403.888
403.833
402.6
401.268
398.1
348.432
348.432
348.432
348.431
348.43
348.422
348.395
348.302
348.037
347.382
345.992
343.424
339.41
334.032
327.81
321.191
314.657
308.192
302.272
295.783
291.665
284.295
280.613
277.311
271.336
266.339
264.339
263.134
260.512
256.124
253.131
252.48
252.802
253.912
254.333
254.05
252.74
250.833
249.534
248.93
248.791
248.987
250.942
260.452
285.616
314.057
339.235
359.617
374.834
385.652
393.039
398.012
401.078
402.865
403.698
403.885
403.83
402.612
401.267
398.081
348.432
348.432
348.432
348.431
348.43
348.422
348.395
348.302
348.037
347.382
345.992
343.424
339.41
334.032
327.81
321.191
314.657
308.192
302.272
295.783
291.665
284.295
280.613
277.311
271.336
266.339
264.339
263.134
260.512
256.124
253.131
252.48
252.802
253.912
254.333
254.05
252.74
250.833
249.534
248.93
248.791
248.987
250.942
260.452
285.615
314.057
339.235
359.617
374.834
385.651
393.04
398.012
401.075
402.867
403.702
403.882
403.826
402.625
401.267
398.062
348.432
348.432
348.432
348.431
348.43
348.422
348.395
348.302
348.037
347.382
345.992
343.424
339.41
334.032
327.81
321.191
314.657
308.192
302.272
295.783
291.665
284.295
280.613
277.311
271.336
266.339
264.339
263.134
260.512
256.124
253.131
252.48
252.802
253.912
254.333
254.05
252.74
250.833
249.534
248.93
248.791
248.987
250.942
260.451
285.614
314.057
339.236
359.617
374.834
385.649
393.04
398.012
401.073
402.869
403.706
403.881
403.824
402.629
401.263
398.048
348.432
348.432
348.432
348.431
348.43
348.422
348.395
348.302
348.037
347.382
345.992
343.424
339.41
334.032
327.81
321.191
314.657
308.192
302.272
295.783
291.665
284.295
280.613
277.311
271.336
266.339
264.339
263.134
260.512
256.124
253.131
252.48
252.802
253.912
254.333
254.05
252.74
250.832
249.533
248.929
248.79
248.986
250.941
260.451
285.612
314.057
339.238
359.617
374.835
385.641
393.045
398.009
401.076
402.871
403.712
403.89
403.779
402.972
400.795
398.371
348.432
348.432
348.432
348.431
348.43
348.422
348.395
348.302
348.037
347.382
345.992
343.424
339.41
334.032
327.81
321.191
314.657
308.192
302.272
295.783
291.665
284.295
280.613
277.311
271.336
266.339
264.339
263.134
260.512
256.124
253.131
252.48
252.802
253.912
254.333
254.05
252.739
250.832
249.532
248.928
248.788
248.985
250.94
260.448
285.609
314.055
339.235
359.613
374.833
385.638
393.047
397.998
401.092
402.881
403.698
403.858
403.802
402.98
400.742
398.398
348.432
348.432
348.432
348.431
348.43
348.422
348.395
348.302
348.037
347.382
345.992
343.424
339.41
334.032
327.81
321.191
314.657
308.192
302.272
295.783
291.665
284.295
280.613
277.311
271.336
266.339
264.339
263.134
260.512
256.124
253.131
252.48
252.802
253.912
254.333
254.05
252.739
250.831
249.53
248.926
248.786
248.983
250.938
260.444
285.602
314.047
339.227
359.608
374.83
385.635
393.046
397.989
401.085
402.878
403.691
403.861
403.775
402.967
400.771
398.383
348.432
348.432
348.432
348.431
348.43
348.422
348.395
348.302
348.037
347.382
345.992
343.424
339.41
334.032
327.81
321.191
314.657
308.192
302.272
295.783
291.665
284.295
280.613
277.311
271.336
266.339
264.339
263.134
260.512
256.124
253.131
252.48
252.802
253.912
254.333
254.05
252.739
250.831
249.529
248.924
248.784
248.981
250.935
260.439
285.595
314.039
339.221
359.601
374.827
385.635
393.053
397.978
401.084
402.876
403.696
403.859
403.749
402.928
400.803
398.408
348.432
348.432
348.432
348.431
348.43
348.422
348.395
348.302
348.037
347.382
345.992
343.424
339.41
334.032
327.81
321.191
314.657
308.192
302.272
295.783
291.665
284.295
280.613
277.311
271.336
266.339
264.339
263.134
260.512
256.124
253.131
252.48
252.802
253.912
254.333
254.05
252.739
250.831
249.528
248.92
248.781
248.977
250.932
260.435
285.59
314.037
339.221
359.597
374.83
385.633
393.053
397.974
401.083
402.876
403.695
403.851
403.735
402.877
400.836
398.442
348.432
348.432
348.432
348.431
348.43
348.422
348.395
348.302
348.037
347.382
345.992
343.424
339.41
334.032
327.81
321.191
314.657
308.192
302.272
295.783
291.665
284.295
280.613
277.311
271.336
266.339
264.339
263.134
260.512
256.124
253.131
252.48
252.802
253.912
254.333
254.05
252.739
250.831
249.527
248.917
248.777
248.974
250.929
260.431
285.582
314.03
339.212
359.592
374.822
385.634
393.052
397.966
401.085
402.861
403.678
403.878
403.721
402.839
400.848
398.465
348.432
348.432
348.432
348.431
348.43
348.422
348.395
348.302
348.037
347.382
345.992
343.424
339.41
334.032
327.81
321.191
314.657
308.192
302.272
295.783
291.665
284.295
280.613
277.311
271.336
266.339
264.339
263.134
260.512
256.124
253.131
252.48
252.802
253.912
254.333
254.05
252.739
250.83
249.526
248.913
248.773
248.97
250.924
260.425
285.571
314.02
339.201
359.587
374.819
385.635
393.052
397.964
401.078
402.846
403.664
403.89
403.731
402.839
400.841
398.473
348.432
348.432
348.432
348.431
348.43
348.422
348.395
348.302
348.037
347.382
345.992
343.424
339.41
334.032
327.81
321.191
314.657
308.192
302.272
295.783
291.665
284.295
280.613
277.311
271.336
266.339
264.339
263.134
260.512
256.124
253.131
252.48
252.802
253.912
254.333
254.05
252.739
250.83
249.525
248.909
248.769
248.966
250.92
260.418
285.56
314.007
339.188
359.576
374.802
385.618
393.042
397.95
401.07
402.836
403.663
403.888
403.729
402.844
400.844
398.476
348.432
348.432
348.432
348.431
348.43
348.422
348.395
348.302
348.037
347.382
345.992
343.424
339.41
334.032
327.81
321.191
314.657
308.192
302.272
295.783
291.665
284.295
280.613
277.311
271.336
266.339
264.339
263.134
260.512
256.124
253.131
252.48
252.802
253.912
254.333
254.05
252.739
250.83
249.525
248.905
248.765
248.962
250.915
260.41
285.552
313.997
339.175
359.565
374.786
385.598
393.024
397.942
401.062
402.828
403.659
403.879
403.726
402.851
400.833
398.484
348.432
348.432
348.432
348.431
348.43
348.422
348.395
348.302
348.037
347.382
345.992
343.424
339.41
334.032
327.81
321.191
314.657
308.192
302.272
295.783
291.665
284.295
280.613
277.311
271.336
266.339
264.339
263.134
260.512
256.124
253.131
252.48
252.802
253.912
254.333
254.05
252.739
250.83
249.524
248.902
248.762
248.958
250.911
260.404
285.54
313.983
339.159
359.55
374.773
385.58
393.015
397.929
401.046
402.814
403.654
403.86
403.71
402.861
400.813
398.477
348.432
348.432
348.432
348.431
348.43
348.422
348.395
348.302
348.037
347.382
345.992
343.424
339.41
334.032
327.81
321.191
314.657
308.192
302.272
295.783
291.665
284.295
280.613
277.311
271.336
266.339
264.339
263.134
260.512
256.124
253.131
252.48
252.802
253.912
254.333
254.05
252.739
250.83
249.524
248.9
248.759
248.955
250.908
260.398
285.53
313.973
339.144
359.535
374.758
385.568
393.001
397.908
401.029
402.795
403.644
403.835
403.691
402.86
400.775
398.448
348.432
348.432
348.432
348.431
348.43
348.422
348.395
348.302
348.037
347.382
345.992
343.424
339.41
334.032
327.81
321.191
314.657
308.192
302.272
295.783
291.665
284.295
280.613
277.311
271.336
266.339
264.339
263.134
260.512
256.124
253.131
252.48
252.802
253.912
254.333
254.05
252.739
250.83
249.523
248.898
248.758
248.954
250.905
260.394
285.524
313.968
339.133
359.522
374.747
385.553
392.987
397.892
401.011
402.776
403.624
403.817
403.674
402.848
400.736
398.438
348.432
348.432
348.432
348.431
348.43
348.422
348.395
348.302
348.037
347.382
345.992
343.424
339.41
334.032
327.81
321.191
314.657
308.192
302.272
295.783
291.665
284.295
280.613
277.311
271.336
266.339
264.339
263.134
260.512
256.124
253.131
252.48
252.802
253.912
254.333
254.05
252.739
250.83
249.523
248.898
248.757
248.953
250.904
260.391
285.519
313.964
339.125
359.51
374.739
385.544
392.981
397.881
400.996
402.761
403.597
403.808
403.66
402.814
400.728
398.449
348.432
348.432
348.432
348.431
348.43
348.422
348.395
348.302
348.037
347.382
345.992
343.424
339.41
334.032
327.81
321.191
314.657
308.192
302.272
295.783
291.665
284.295
280.613
277.311
271.336
266.339
264.339
263.134
260.512
256.124
253.131
252.48
252.802
253.912
254.333
254.05
252.739
250.83
249.522
248.897
248.757
248.953
250.903
260.39
285.518
313.959
339.121
359.504
374.736
385.537
392.976
397.877
400.985
402.75
403.583
403.801
403.644
402.799
400.723
398.438
348.432
348.432
348.432
348.431
348.43
348.422
348.395
348.302
348.037
347.382
345.992
343.424
339.41
334.032
327.81
321.191
314.657
308.192
302.272
295.783
291.665
284.295
280.613
277.311
271.336
266.339
264.339
263.134
260.512
256.124
253.131
252.48
252.802
253.912
254.333
254.05
252.739
250.83
249.522
248.896
248.756
248.951
250.903
260.39
285.517
313.957
339.117
359.5
374.736
385.536
392.97
397.876
400.981
402.746
403.585
403.786
403.643
402.799
400.704
398.44
348.432
348.432
348.432
348.431
348.43
348.422
348.395
348.302
348.037
347.382
345.992
343.424
339.41
334.032
327.81
321.191
314.657
308.192
302.272
295.783
291.665
284.295
280.613
277.311
271.336
266.339
264.339
263.134
260.512
256.124
253.131
252.48
252.802
253.912
254.333
254.05
252.739
250.83
249.522
248.896
248.755
248.951
250.903
260.39
285.517
313.96
339.12
359.502
374.74
385.542
392.976
397.884
401
402.764
403.555
403.751
403.679
402.824
400.647
398.458
348.432
348.432
348.432
348.431
348.43
348.422
348.395
348.302
348.037
347.382
345.992
343.424
339.41
334.032
327.81
321.191
314.657
308.192
302.272
295.783
291.665
284.295
280.613
277.311
271.336
266.339
264.339
263.134
260.512
256.124
253.131
252.48
252.802
253.912
254.333
254.05
252.739
250.829
249.522
248.896
248.756
248.951
250.902
260.39
285.516
313.96
339.12
359.498
374.735
385.533
392.966
397.87
400.984
402.745
403.57
403.798
403.657
402.77
400.756
398.506
348.432
348.432
348.432
348.431
348.43
348.422
348.395
348.302
348.037
347.382
345.992
343.424
339.41
334.032
327.81
321.191
314.657
308.192
302.272
295.783
291.665
284.295
280.613
277.311
271.336
266.339
264.339
263.134
260.512
256.124
253.131
252.48
252.802
253.912
254.333
254.05
252.739
250.829
249.522
248.896
248.756
248.952
250.901
260.388
285.517
313.956
339.118
359.497
374.728
385.531
392.966
397.859
400.971
402.738
403.582
403.779
403.635
402.751
400.757
398.503
348.432
348.432
348.432
348.431
348.43
348.422
348.395
348.302
348.037
347.382
345.992
343.424
339.41
334.032
327.81
321.191
314.657
308.192
302.272
295.783
291.665
284.295
280.613
277.311
271.336
266.339
264.339
263.134
260.512
256.124
253.131
252.48
252.802
253.912
254.333
254.05
252.739
250.829
249.521
248.896
248.755
248.95
250.902
260.389
285.516
313.954
339.121
359.498
374.729
385.534
392.965
397.862
400.968
402.732
403.594
403.774
403.637
402.752
400.726
398.56
348.432
348.432
348.432
348.431
348.43
348.422
348.395
348.302
348.037
347.382
345.992
343.424
339.41
334.032
327.81
321.191
314.657
308.192
302.272
295.783
291.665
284.295
280.613
277.311
271.336
266.339
264.339
263.134
260.512
256.124
253.131
252.48
252.802
253.912
254.333
254.05
252.738
250.828
249.522
248.896
248.755
248.953
250.901
260.386
285.517
313.955
339.126
359.505
374.739
385.539
392.955
397.882
400.976
402.745
403.6
403.803
403.668
402.781
400.751
398.577
348.432
348.432
348.432
348.431
348.43
348.422
348.395
348.302
348.037
347.382
345.992
343.424
339.41
334.032
327.81
321.191
314.657
308.192
302.272
295.783
291.665
284.295
280.613
277.311
271.336
266.339
264.339
263.134
260.512
256.124
253.131
252.48
252.802
253.912
254.333
254.05
252.738
250.828
249.522
248.897
248.757
248.953
250.903
260.388
285.517
313.952
339.123
359.508
374.738
385.54
392.96
397.875
400.979
402.744
403.591
403.818
403.671
402.762
400.761
398.572
348.432
348.432
348.432
348.431
348.43
348.422
348.395
348.302
348.037
347.382
345.992
343.424
339.41
334.032
327.81
321.191
314.657
308.192
302.272
295.783
291.665
284.295
280.613
277.311
271.336
266.339
264.339
263.134
260.512
256.124
253.131
252.48
252.802
253.912
254.333
254.05
252.738
250.828
249.52
248.9
248.759
248.956
250.905
260.391
285.518
313.95
339.119
359.504
374.734
385.541
392.953
397.861
401.003
402.793
403.576
403.76
403.643
402.759
400.771
398.609
348.432
348.432
348.432
348.431
348.43
348.422
348.395
348.302
348.037
347.382
345.992
343.424
339.41
334.032
327.81
321.191
314.657
308.192
302.272
295.783
291.665
284.295
280.613
277.311
271.336
266.339
264.339
263.134
260.512
256.124
253.131
252.48
252.802
253.912
254.333
254.05
252.738
250.828
249.519
248.9
248.76
248.957
250.906
260.391
285.519
313.953
339.121
359.503
374.734
385.547
392.967
397.886
401.028
402.779
403.576
403.773
403.654
402.762
400.771
398.578
348.432
348.432
348.432
348.431
348.43
348.422
348.395
348.302
348.037
347.382
345.992
343.424
339.41
334.032
327.81
321.191
314.657
308.192
302.272
295.783
291.665
284.295
280.613
277.311
271.336
266.339
264.339
263.134
260.512
256.124
253.131
252.48
252.802
253.912
254.333
254.05
252.738
250.828
249.518
248.898
248.757
248.954
250.904
260.385
285.507
313.94
339.109
359.492
374.728
385.537
392.958
397.898
401.014
402.78
403.618
403.844
403.691
402.794
400.8
398.607
348.432
348.432
348.432
348.431
348.43
348.422
348.395
348.302
348.037
347.382
345.992
343.424
339.41
334.032
327.81
321.191
314.657
308.192
302.272
295.783
291.665
284.295
280.613
277.311
271.336
266.339
264.339
263.134
260.512
256.124
253.131
252.48
252.802
253.912
254.333
254.05
252.738
250.828
249.518
248.893
248.753
248.949
250.898
260.379
285.499
313.933
339.104
359.494
374.728
385.545
392.964
397.894
401.051
402.803
403.614
403.846
403.734
402.805
400.813
398.662
348.432
348.432
348.432
348.431
348.43
348.422
348.395
348.302
348.037
347.382
345.992
343.424
339.41
334.032
327.81
321.191
314.657
308.192
302.272
295.783
291.665
284.295
280.613
277.311
271.336
266.339
264.339
263.134
260.512
256.124
253.131
252.48
252.802
253.912
254.333
254.05
252.738
250.829
249.519
248.887
248.746
248.942
250.889
260.366
285.482
313.916
339.085
359.473
374.707
385.528
392.941
397.862
401.029
402.798
403.595
403.828
403.74
402.806
400.757
398.67
348.432
348.432
348.432
348.431
348.43
348.422
348.395
348.302
348.037
347.382
345.992
343.424
339.41
334.032
327.81
321.191
314.657
308.192
302.272
295.783
291.665
284.295
280.613
277.311
271.336
266.339
264.339
263.134
260.512
256.124
253.131
252.48
252.802
253.912
254.333
254.05
252.739
250.829
249.52
248.885
248.745
248.94
250.887
260.366
285.484
313.917
339.08
359.465
374.695
385.511
392.922
397.857
401.006
402.761
403.574
403.756
403.695
402.845
400.578
398.511
348.432
348.432
348.432
348.431
348.43
348.422
348.395
348.302
348.037
347.382
345.992
343.424
339.41
334.032
327.81
321.191
314.657
308.192
302.272
295.783
291.665
284.295
280.613
277.311
271.336
266.339
264.339
263.134
260.512
256.124
253.131
252.48
252.802
253.912
254.333
254.05
252.739
250.83
249.522
248.886
248.745
248.94
250.889
260.368
285.486
313.919
339.08
359.46
374.69
385.492
392.902
397.854
400.938
402.69
403.492
403.686
403.583
402.771
400.584
398.465
348.432
348.432
348.432
348.431
348.43
348.422
348.395
348.302
348.037
347.382
345.992
343.424
339.41
334.032
327.81
321.191
314.657
308.192
302.272
295.783
291.665
284.295
280.613
277.311
271.336
266.339
264.339
263.134
260.512
256.124
253.131
252.48
252.802
253.912
254.333
254.05
252.739
250.83
249.524
248.889
248.748
248.944
250.89
260.371
285.492
313.924
339.083
359.463
374.692
385.48
392.916
397.802
400.91
402.692
403.544
403.689
403.571
402.75
400.56
398.448
348.432
348.432
348.432
348.431
348.43
348.422
348.395
348.302
348.037
347.382
345.992
343.424
339.41
334.032
327.81
321.191
314.657
308.192
302.272
295.783
291.665
284.295
280.613
277.311
271.336
266.339
264.339
263.134
260.512
256.124
253.131
252.48
252.802
253.912
254.333
254.05
252.739
250.83
249.525
248.894
248.753
248.947
250.897
260.382
285.505
313.938
339.1
359.479
374.703
385.497
392.926
397.803
400.926
402.705
403.555
403.7
403.593
402.767
400.575
398.472
348.432
348.432
348.432
348.431
348.43
348.422
348.395
348.302
348.037
347.382
345.992
343.424
339.41
334.032
327.81
321.191
314.657
308.192
302.272
295.783
291.665
284.295
280.613
277.311
271.336
266.339
264.339
263.134
260.512
256.124
253.131
252.48
252.802
253.912
254.333
254.05
252.739
250.83
249.526
248.898
248.757
248.952
250.902
260.391
285.52
313.954
339.119
359.496
374.724
385.515
392.941
397.832
400.956
402.736
403.582
403.733
403.629
402.798
400.613
398.502
348.432
348.432
348.432
348.431
348.43
348.422
348.395
348.302
348.037
347.382
345.992
343.424
339.41
334.032
327.81
321.191
314.657
308.192
302.272
295.783
291.665
284.295
280.613
277.311
271.336
266.339
264.339
263.134
260.512
256.124
253.131
252.48
252.802
253.912
254.333
254.05
252.739
250.83
249.526
248.9
248.759
248.955
250.907
260.397
285.53
313.964
339.131
359.509
374.737
385.529
392.959
397.863
400.981
402.762
403.609
403.766
403.658
402.828
400.653
398.546
348.432
348.432
348.432
348.431
348.43
348.422
348.395
348.302
348.037
347.382
345.992
343.424
339.41
334.032
327.81
321.191
314.657
308.192
302.272
295.783
291.665
284.295
280.613
277.311
271.336
266.339
264.339
263.134
260.512
256.124
253.131
252.48
252.802
253.912
254.333
254.05
252.739
250.83
249.526
248.901
248.761
248.957
250.909
260.4
285.535
313.97
339.138
359.517
374.743
385.544
392.973
397.875
400.997
402.779
403.626
403.787
403.677
402.85
400.683
398.573
348.432
348.432
348.432
348.431
348.43
348.422
348.395
348.302
348.037
347.382
345.992
343.424
339.41
334.032
327.81
321.191
314.657
308.192
302.272
295.783
291.665
284.295
280.613
277.311
271.336
266.339
264.339
263.134
260.512
256.124
253.131
252.48
252.802
253.912
254.333
254.05
252.739
250.83
249.526
248.902
248.761
248.958
250.909
260.401
285.537
313.973
339.142
359.521
374.747
385.551
392.979
397.881
401.006
402.788
403.635
403.798
403.688
402.861
400.697
398.586
348.432
348.432
348.432
348.431
348.43
348.422
348.395
348.302
348.037
347.382
345.992
343.424
339.41
334.032
327.81
321.191
314.657
308.192
302.272
295.783
291.665
284.295
280.613
277.311
271.336
266.339
264.339
263.134
260.512
256.124
253.131
252.48
252.802
253.912
254.333
254.05
252.739
250.83
249.526
248.902
248.762
248.958
250.91
260.401
285.538
313.974
339.144
359.523
374.748
385.553
392.981
397.884
401.009
402.792
403.639
403.803
403.692
402.866
400.703
398.592
348.432
348.432
348.432
348.431
348.43
348.422
348.395
348.302
348.037
347.382
345.992
343.424
339.41
334.032
327.81
321.191
314.657
308.192
302.272
295.783
291.665
284.295
280.613
277.311
271.336
266.339
264.339
263.134
260.512
256.124
253.131
252.48
252.802
253.912
254.333
254.05
252.739
250.83
249.526
248.902
248.762
248.958
250.91
260.402
285.538
313.975
339.144
359.523
374.749
385.554
392.982
397.885
401.011
402.793
403.64
403.804
403.694
402.867
400.705
398.594
348.432
348.432
348.432
348.431
348.43
348.422
348.395
348.302
348.037
347.382
345.992
343.424
339.41
334.032
327.81
321.191
314.657
308.192
302.272
295.783
291.665
284.295
280.613
277.311
271.336
266.339
264.339
263.134
260.512
256.124
253.131
252.48
252.802
253.912
254.333
254.05
252.739
250.83
249.526
248.902
248.762
248.958
250.91
260.402
285.538
313.975
339.145
359.524
374.749
385.555
392.982
397.885
401.011
402.794
403.641
403.805
403.694
402.868
400.706
398.595
348.432
348.432
348.432
348.431
348.43
348.422
348.395
348.302
348.037
347.382
345.992
343.424
339.41
334.032
327.81
321.191
314.657
308.192
302.272
295.783
291.665
284.295
280.613
277.311
271.336
266.339
264.339
263.134
260.512
256.124
253.131
252.48
252.802
253.912
254.333
254.05
252.739
250.83
249.526
248.902
248.762
248.958
250.91
260.402
285.538
313.975
339.145
359.524
374.749
385.555
392.982
397.886
401.011
402.794
403.641
403.805
403.695
402.868
400.706
398.595
348.432
348.432
348.432
348.431
348.43
348.422
348.395
348.302
348.037
347.382
345.992
343.424
339.41
334.032
327.81
321.191
314.657
308.192
302.272
295.783
291.665
284.295
280.613
277.311
271.336
266.339
264.339
263.134
260.512
256.124
253.131
252.48
252.802
253.912
254.333
254.05
252.739
250.83
249.526
248.902
248.762
248.958
250.91
260.402
285.538
313.975
339.145
359.524
374.749
385.555
392.982
397.886
401.011
402.794
403.641
403.805
403.695
402.868
400.706
398.595
348.432
348.432
348.432
348.431
348.43
348.422
348.395
348.302
348.037
347.382
345.992
343.424
339.41
334.032
327.81
321.191
314.657
308.192
302.272
295.783
291.665
284.295
280.613
277.311
271.336
266.339
264.339
263.134
260.512
256.124
253.131
252.48
252.802
253.912
254.333
254.05
252.739
250.83
249.526
248.902
248.762
248.958
250.91
260.402
285.538
313.975
339.145
359.524
374.749
385.555
392.982
397.886
401.011
402.794
403.641
403.805
403.695
402.868
400.706
398.595
348.432
348.432
348.432
348.431
348.43
348.422
348.395
348.302
348.037
347.382
345.992
343.424
339.41
334.032
327.81
321.191
314.657
308.192
302.272
295.783
291.665
284.295
280.613
277.311
271.336
266.339
264.339
263.134
260.512
256.124
253.131
252.48
252.802
253.912
254.333
254.05
252.739
250.83
249.526
248.902
248.762
248.958
250.91
260.402
285.538
313.975
339.145
359.524
374.749
385.555
392.982
397.886
401.011
402.794
403.641
403.805
403.695
402.868
400.706
398.595
348.432
348.432
348.432
348.431
348.43
348.422
348.395
348.302
348.037
347.382
345.992
343.424
339.41
334.032
327.81
321.191
314.657
308.192
302.272
295.783
291.665
284.295
280.613
277.311
271.336
266.339
264.339
263.134
260.512
256.124
253.131
252.48
252.802
253.912
254.333
254.05
252.739
250.83
249.526
248.902
248.762
248.958
250.91
260.402
285.538
313.975
339.145
359.524
374.749
385.555
392.982
397.886
401.011
402.794
403.641
403.805
403.695
402.868
400.706
398.595
348.432
348.432
348.432
348.431
348.43
348.422
348.395
348.302
348.037
347.382
345.992
343.424
339.41
334.032
327.81
321.191
314.657
308.192
302.272
295.783
291.665
284.295
280.613
277.311
271.336
266.339
264.339
263.134
260.512
256.124
253.131
252.48
252.802
253.912
254.333
254.05
252.739
250.83
249.526
248.902
248.762
248.958
250.91
260.402
285.538
313.975
339.145
359.524
374.749
385.555
392.982
397.886
401.011
402.794
403.641
403.805
403.695
402.868
400.706
398.595
348.432
348.432
348.432
348.431
348.43
348.422
348.395
348.302
348.037
347.382
345.992
343.424
339.41
334.032
327.81
321.191
314.657
308.192
302.272
295.783
291.665
284.295
280.613
277.311
271.336
266.339
264.339
263.134
260.512
256.124
253.131
252.48
252.802
253.912
254.333
254.05
252.739
250.83
249.526
248.902
248.762
248.958
250.91
260.402
285.538
313.975
339.145
359.524
374.749
385.555
392.982
397.886
401.011
402.794
403.641
403.805
403.695
402.868
400.706
398.595
348.432
348.432
348.432
348.431
348.43
348.422
348.395
348.302
348.037
347.382
345.992
343.424
339.41
334.032
327.81
321.191
314.657
308.192
302.272
295.783
291.665
284.295
280.613
277.311
271.336
266.339
264.339
263.134
260.512
256.124
253.131
252.48
252.802
253.912
254.333
254.05
252.739
250.83
249.526
248.902
248.762
248.958
250.91
260.402
285.538
313.975
339.145
359.524
374.749
385.555
392.982
397.886
401.011
402.794
403.641
403.805
403.695
402.868
400.706
398.595
348.432
348.432
348.432
348.431
348.43
348.422
348.395
348.302
348.037
347.382
345.992
343.424
339.41
334.032
327.81
321.191
314.657
308.192
302.272
295.783
291.665
284.295
280.613
277.311
271.336
266.339
264.339
263.134
260.512
256.124
253.131
252.48
252.802
253.912
254.333
254.05
252.739
250.83
249.526
248.902
248.762
248.958
250.91
260.402
285.538
313.975
339.145
359.524
374.749
385.555
392.982
397.886
401.011
402.794
403.641
403.805
403.695
402.868
400.706
398.595
348.432
348.432
348.432
348.431
348.43
348.422
348.395
348.302
348.037
347.382
345.992
343.424
339.41
334.032
327.81
321.191
314.657
308.192
302.272
295.783
291.665
284.295
280.613
277.311
271.336
266.339
264.339
263.134
260.512
256.124
253.131
252.48
252.802
253.912
254.333
254.05
252.739
250.83
249.526
248.902
248.762
248.958
250.91
260.402
285.538
313.975
339.145
359.524
374.749
385.555
392.982
397.886
401.011
402.794
403.641
403.805
403.695
402.868
400.706
398.595
348.432
348.432
348.432
348.431
348.43
348.422
348.395
348.302
348.037
347.382
345.992
343.424
339.41
334.032
327.81
321.191
314.657
308.192
302.272
295.783
291.665
284.295
280.613
277.311
271.336
266.339
264.339
263.134
260.512
256.124
253.131
252.48
252.802
253.912
254.333
254.05
252.739
250.83
249.526
248.902
248.762
248.958
250.91
260.402
285.538
313.975
339.145
359.524
374.749
385.555
392.982
397.886
401.011
402.794
403.641
403.805
403.695
402.868
400.706
398.595
348.432
348.432
348.432
348.431
348.43
348.422
348.395
348.302
348.037
347.382
345.992
343.424
339.41
334.032
327.81
321.191
314.657
308.192
302.272
295.783
291.665
284.295
280.613
277.311
271.336
266.339
264.339
263.134
260.512
256.124
253.131
252.48
252.802
253.912
254.333
254.05
252.739
250.83
249.526
248.902
248.762
248.958
250.91
260.402
285.538
313.975
339.145
359.524
374.749
385.555
392.982
397.886
401.011
402.794
403.641
403.805
403.695
402.868
400.706
398.595
348.432
348.432
348.432
348.431
348.43
348.422
348.395
348.302
348.037
347.382
345.992
343.424
339.41
334.032
327.81
321.191
314.657
308.192
302.272
295.783
291.665
284.295
280.613
277.311
271.336
266.339
264.339
263.134
260.512
256.124
253.131
252.48
252.802
253.912
254.333
254.05
252.739
250.83
249.526
248.902
248.762
248.958
250.91
260.402
285.538
313.975
339.145
359.524
374.749
385.555
392.982
397.886
401.011
402.794
403.641
403.805
403.695
402.868
400.706
398.595
397.677
397.08
396.481
395.792
394.657
393.829
392.903
391.936
391.217
390.414
389.601
388.683
387.595
386.632
385.827
382.428
377.755
372.578
367.73
358.168
397.72
397.138
396.566
395.78
394.873
393.904
392.931
392.102
391.417
390.638
389.726
388.818
387.779
387.144
386.27
382.716
378.285
374.142
368.953
362.165
397.647
397.081
396.519
395.569
394.992
394.179
393.246
392.586
391.896
391.064
390.101
389.121
387.677
386.524
384.81
382.437
379.234
375.486
371.036
365.289
397.666
397.119
396.583
395.789
395.067
394.079
393.266
392.531
391.962
391.382
390.37
389.406
388.038
386.572
384.394
382.325
380.367
376.75
374.085
368.537
397.645
397.087
396.507
395.761
395.154
394.408
393.464
392.616
391.839
391.269
390.928
389.684
388.118
386.622
384.786
382.739
380.643
377.447
375.143
372.065
397.655
397.048
396.448
395.679
395.117
394.642
393.514
392.731
392.048
391.641
390.561
389.232
388.065
386.738
385.22
383.439
381.745
379.228
377.387
374.815
397.697
397.08
396.502
395.74
395.205
394.313
393.599
393.057
391.946
391
390.101
389.164
388.101
386.88
385.549
384.009
382.524
380.427
378.909
377.098
397.688
397.062
396.511
395.739
395.224
394.168
393.623
393.187
392.23
391.135
390.225
389.3
388.284
387.168
385.989
384.716
383.745
382.781
381.136
376.962
397.688
397.066
396.525
395.769
395.202
394.153
393.618
393.189
392.459
391.276
390.362
389.424
388.458
387.485
386.437
385.375
384.573
383.995
381.148
378.085
397.703
397.075
396.494
395.815
395.243
394.165
393.603
393.177
392.471
391.315
390.412
389.538
388.657
387.759
386.821
385.883
385.194
384.831
381.74
379.468
397.685
397.079
396.446
395.806
395.248
394.221
393.676
393.258
392.663
391.502
390.688
389.915
389.123
388.276
387.384
386.527
386.016
385.583
382.348
380.346
397.661
397.065
396.45
395.828
395.228
394.268
393.731
393.286
392.937
391.815
390.973
390.231
389.471
388.639
387.787
387.015
386.722
386.188
383.103
381.411
397.636
397.033
396.458
395.851
395.277
394.3
393.696
393.202
392.973
392.573
391.254
390.516
389.775
388.979
388.175
387.449
386.96
387.028
384.853
382.708
397.604
397.017
396.518
395.92
395.325
394.352
393.773
393.31
393.045
392.924
391.633
390.821
390.102
389.355
388.601
387.926
387.41
387.359
386.608
384.05
397.627
397.059
396.514
396.007
395.465
394.588
394.126
393.76
393.369
392.418
391.738
391.069
390.382
389.668
388.955
388.334
387.883
387.896
386.773
384.953
397.656
397.068
396.543
396.004
395.615
394.643
394.056
393.591
393.293
392.727
391.745
391.256
390.931
390.934
390.114
388.893
388.334
388.051
387.979
386.015
397.625
397.024
396.596
395.953
395.553
394.691
394.063
393.627
393.212
393.009
392.783
391.79
391.56
391.596
390.458
389.606
389.15
388.682
388.595
388.047
397.641
397.073
396.593
396.097
395.737
394.836
394.239
393.829
393.411
393.061
393.009
392.354
391.604
391.273
391.221
390.855
389.635
389.035
388.632
388.819
397.651
397.116
396.594
396.209
395.706
394.872
394.394
393.953
393.566
393.355
393.36
392.408
391.852
391.529
391.474
391.161
390.058
389.842
389.861
388.556
397.647
397.15
396.615
396.207
395.833
395.042
394.678
394.29
393.942
393.883
393.571
392.77
392.393
391.936
391.615
391.396
391.534
390.592
389.54
389.175
397.603
397.107
396.645
396.174
395.893
395.199
394.843
394.614
394.38
393.797
393.615
393.653
392.867
392.272
391.985
391.792
391.973
391.164
390.123
389.875
397.552
397.067
396.732
396.227
396.018
395.572
394.908
394.576
394.425
394.175
393.562
393.324
393.38
392.981
392.193
391.908
391.784
391.851
391.192
390.781
397.532
397.045
396.739
396.317
396.071
395.749
395.049
394.703
394.529
394.41
393.933
393.853
393.751
392.94
392.604
392.473
392.556
392.018
391.603
391.805
397.572
397.137
396.841
396.416
396.159
395.863
395.206
394.885
394.729
394.604
394.178
394.116
394
393.258
392.984
392.989
392.983
392.411
392.207
392.344
397.638
397.182
396.84
396.447
396.141
395.854
395.356
395.038
394.825
394.764
394.422
394.155
394.215
393.717
393.265
393.199
393.34
392.998
392.674
392.856
397.73
397.169
396.764
396.467
396.106
395.768
395.579
395.307
394.853
394.576
394.509
394.38
393.987
393.991
393.942
393.303
393.023
392.695
392.974
393.263
397.568
397.15
396.8
396.35
395.974
395.747
395.503
395.053
394.765
394.603
394.53
394.126
393.969
394.072
393.489
393.047
392.918
393.231
393.134
392.455
397.52
397.16
396.772
396.458
396.212
395.572
395.221
394.934
394.662
394.546
394.443
393.969
393.862
393.945
393.338
392.947
392.755
393.007
393.048
392.415
397.494
397.107
396.748
396.381
396.193
395.567
395.171
394.872
394.606
394.529
394.323
393.821
393.808
393.829
393.169
392.826
392.691
392.933
392.82
392.188
397.537
397.134
396.743
396.438
396.203
395.547
395.215
394.996
394.815
394.318
393.966
393.752
393.914
393.641
393.023
392.858
393.003
392.863
392.482
392.479
397.613
397.222
396.799
396.492
396.262
395.652
395.313
395.085
394.784
394.385
394.062
393.926
394.071
393.595
393.153
393.143
393.225
392.768
392.619
392.8
397.645
397.262
396.852
396.54
396.297
395.697
395.393
395.171
394.816
394.446
394.135
394.035
394.142
393.631
393.271
393.317
393.293
392.828
392.815
392.879
397.672
397.289
396.882
396.557
396.325
395.718
395.402
395.162
394.996
394.568
394.2
394.092
394.201
393.693
393.342
393.388
393.351
392.896
392.9
392.935
397.681
397.297
396.89
396.551
396.334
395.742
395.416
395.142
394.989
394.751
394.258
394.127
394.234
393.731
393.382
393.43
393.393
392.942
392.946
392.983
397.686
397.301
396.895
396.554
396.34
395.755
395.427
395.146
394.986
394.796
394.295
394.145
394.248
393.75
393.401
393.451
393.414
392.965
392.969
393.008
397.688
397.303
396.898
396.556
396.344
395.759
395.432
395.149
394.987
394.807
394.306
394.151
394.254
393.757
393.408
393.459
393.423
392.974
392.978
393.018
397.689
397.303
396.899
396.557
396.345
395.761
395.434
395.151
394.988
394.81
394.31
394.153
394.256
393.76
393.411
393.462
393.425
392.977
392.981
393.021
397.689
397.303
396.899
396.557
396.345
395.761
395.434
395.151
394.988
394.811
394.311
394.154
394.256
393.761
393.411
393.463
393.426
392.978
392.982
393.022
397.689
397.304
396.899
396.557
396.345
395.761
395.434
395.151
394.988
394.812
394.311
394.154
394.256
393.761
393.412
393.463
393.426
392.979
392.983
393.023
397.689
397.304
396.899
396.557
396.345
395.761
395.434
395.151
394.988
394.812
394.311
394.154
394.256
393.761
393.412
393.463
393.427
392.979
392.983
393.023
397.689
397.304
396.899
396.557
396.345
395.761
395.434
395.151
394.988
394.812
394.311
394.154
394.256
393.761
393.412
393.463
393.427
392.979
392.983
393.023
397.689
397.304
396.899
396.557
396.345
395.761
395.434
395.151
394.988
394.812
394.311
394.154
394.256
393.761
393.412
393.463
393.427
392.979
392.983
393.023
397.689
397.304
396.899
396.557
396.345
395.761
395.434
395.151
394.988
394.812
394.311
394.154
394.256
393.761
393.412
393.463
393.427
392.979
392.983
393.023
397.689
397.304
396.899
396.557
396.345
395.761
395.434
395.151
394.988
394.812
394.311
394.154
394.256
393.761
393.412
393.463
393.427
392.979
392.983
393.023
397.689
397.304
396.899
396.557
396.345
395.761
395.434
395.151
394.988
394.812
394.311
394.154
394.256
393.761
393.412
393.463
393.427
392.979
392.983
393.023
397.689
397.304
396.899
396.557
396.345
395.761
395.434
395.151
394.988
394.812
394.311
394.154
394.256
393.761
393.412
393.463
393.427
392.979
392.983
393.023
397.689
397.304
396.899
396.557
396.345
395.761
395.434
395.151
394.988
394.812
394.311
394.154
394.256
393.761
393.412
393.463
393.427
392.979
392.983
393.023
397.689
397.304
396.899
396.557
396.345
395.761
395.434
395.151
394.988
394.812
394.311
394.154
394.256
393.761
393.412
393.463
393.427
392.979
392.983
393.023
397.689
397.304
396.899
396.557
396.345
395.761
395.434
395.151
394.988
394.812
394.311
394.154
394.256
393.761
393.412
393.463
393.427
392.979
392.983
393.023
397.689
397.304
396.899
396.557
396.345
395.761
395.434
395.151
394.988
394.812
394.311
394.154
394.256
393.761
393.412
393.463
393.427
392.979
392.983
393.023
384.911
385.858
386.016
386.681
388.133
389.807
391.261
392.462
393.363
395.081
400.613
408.227
396.41
299.164
281.19
278.979
278.766
278.748
278.746
278.746
278.746
278.746
278.746
278.746
278.746
278.746
278.746
278.746
278.746
278.746
387.047
387.936
388.049
388.015
388.532
389.664
391.617
393.646
395.224
395.051
392.873
394.722
385.672
299.318
281.439
279.021
278.771
278.748
278.746
278.746
278.746
278.746
278.746
278.746
278.746
278.746
278.746
278.746
278.746
278.746
384.26
385.035
385.23
385.512
386.311
387.745
390.136
392.698
395.39
396.91
396.721
391.34
374.33
300.16
281.984
279.105
278.781
278.749
278.746
278.746
278.746
278.746
278.746
278.746
278.746
278.746
278.746
278.746
278.746
278.746
382.287
383.153
383.666
384.662
385.963
388.265
391.043
393.4
394.51
394.857
395.656
393.269
364.554
302.614
282.873
279.237
278.798
278.751
278.746
278.746
278.746
278.746
278.746
278.746
278.746
278.746
278.746
278.746
278.746
278.746
382.642
383.58
384.214
385.183
386.745
388.724
390.612
391.618
393.267
394.123
394.616
390.976
355.263
307.32
284.121
279.425
278.821
278.753
278.747
278.746
278.746
278.746
278.746
278.746
278.746
278.746
278.746
278.746
278.746
278.746
385.081
385.727
385.961
385.7
385.775
386.062
386.9
389.925
392.596
394.768
395.258
379.426
350.567
314.024
285.704
279.681
278.851
278.756
278.747
278.746
278.746
278.746
278.746
278.746
278.746
278.746
278.746
278.746
278.746
278.746
383.342
383.589
383.315
381.17
379.998
380.487
384.065
388.972
395.474
396.629
392.53
364.652
348.774
321.684
287.569
280.02
278.89
278.76
278.747
278.746
278.746
278.746
278.746
278.746
278.746
278.746
278.746
278.746
278.746
278.746
376.289
376.33
375.91
374.337
374.615
378.02
383.781
393.827
399.329
398.863
375.362
357.36
348.177
328.321
289.628
280.436
278.938
278.765
278.748
278.746
278.746
278.746
278.746
278.746
278.746
278.746
278.746
278.746
278.746
278.746
370.171
370.251
370.649
371.173
373.802
380.791
394.45
402.898
402.637
382.355
362.874
353.698
347.801
333.94
292.01
280.914
278.994
278.771
278.748
278.746
278.746
278.746
278.746
278.746
278.746
278.746
278.746
278.746
278.746
278.746
369.914
370.06
370.933
373.393
380.337
398.952
414.905
412.43
387.955
367.256
357.186
352.357
347.783
338.134
295.659
281.457
279.06
278.778
278.749
278.746
278.746
278.746
278.746
278.746
278.746
278.746
278.746
278.746
278.746
278.746
380.526
380.756
382.374
388.017
403.502
426.12
433.354
406.655
375.181
360.899
354.612
351.666
348.12
340.467
301.035
282.074
279.137
278.787
278.75
278.746
278.746
278.746
278.746
278.746
278.746
278.746
278.746
278.746
278.746
278.746
411.095
411.08
412.499
417.376
430.796
441.907
425.576
395.395
370.736
358.866
353.488
351.348
348.505
342.462
306.21
282.754
279.225
278.797
278.751
278.746
278.746
278.746
278.746
278.746
278.746
278.746
278.746
278.746
278.746
278.746
441.563
441.134
441.368
442.151
441.888
424.158
401.321
386.988
370.537
358.784
353.241
351.298
349
344.186
311.097
283.488
279.326
278.809
278.752
278.746
278.746
278.746
278.746
278.746
278.746
278.746
278.746
278.746
278.746
278.746
439.751
438.919
437.288
432.475
419.882
398.065
387.331
380.205
370.257
359.461
353.301
351.347
349.513
345.555
315.659
284.266
279.438
278.821
278.753
278.747
278.746
278.746
278.746
278.746
278.746
278.746
278.746
278.746
278.746
278.746
406.647
406.177
405.151
403.055
394.469
383.133
378.121
375.279
369.551
360.505
353.718
351.547
349.99
346.675
319.904
285.081
279.562
278.836
278.754
278.747
278.746
278.746
278.746
278.746
278.746
278.746
278.746
278.746
278.746
278.746
377.676
377.606
377.536
378.885
375.702
372.686
373.104
371.859
368.786
361.197
354.118
351.762
350.408
347.638
323.834
285.927
279.697
278.851
278.756
278.747
278.746
278.746
278.746
278.746
278.746
278.746
278.746
278.746
278.746
278.746
363.528
363.62
364.031
366.469
366.601
367.792
371.046
370.461
367.966
361.385
354.43
351.99
350.909
348.521
327.408
286.798
279.843
278.868
278.758
278.747
278.746
278.746
278.746
278.746
278.746
278.746
278.746
278.746
278.746
278.746
357.847
358.014
358.611
361.437
363.071
365.737
369.553
369.2
366.911
361.366
354.877
352.38
351.436
349.247
330.65
287.69
279.998
278.886
278.76
278.747
278.746
278.746
278.746
278.746
278.746
278.746
278.746
278.746
278.746
278.746
354.854
355.06
355.749
358.72
361.345
364.005
367.267
366.907
365.166
361.317
355.432
352.841
351.942
349.874
333.578
288.613
280.163
278.905
278.762
278.747
278.746
278.746
278.746
278.746
278.746
278.746
278.746
278.746
278.746
278.746
351.992
352.215
352.957
355.809
359.686
361.687
364.485
364.252
363.026
361.212
356.091
353.337
352.431
350.439
336.21
289.565
280.336
278.925
278.764
278.748
278.746
278.746
278.746
278.746
278.746
278.746
278.746
278.746
278.746
278.746
348.738
348.972
349.754
352.468
357.185
359.427
362.887
362.991
362.088
361.13
356.879
353.879
352.919
350.967
338.572
290.537
280.516
278.946
278.766
278.748
278.746
278.746
278.746
278.746
278.746
278.746
278.746
278.746
278.746
278.746
346.649
346.904
347.78
350.406
355.645
358.8
362.573
362.767
361.882
361.18
357.576
354.446
353.407
351.469
340.678
291.54
280.703
278.968
278.768
278.748
278.746
278.746
278.746
278.746
278.746
278.746
278.746
278.746
278.746
278.746
346.157
346.415
347.318
349.863
355.379
358.845
362.596
362.772
361.823
361.297
358.129
354.989
353.887
351.959
342.524
292.627
280.896
278.991
278.771
278.748
278.746
278.746
278.746
278.746
278.746
278.746
278.746
278.746
278.746
278.746
346.101
346.368
347.301
349.847
355.464
359.692
363.234
363.194
361.84
361.367
358.572
355.497
354.347
352.433
344.132
293.815
281.093
279.015
278.773
278.748
278.746
278.746
278.746
278.746
278.746
278.746
278.746
278.746
278.746
278.746
346.332
346.606
347.592
350.132
356.085
361.35
364.541
364.116
361.891
361.4
358.944
355.966
354.787
352.896
345.503
295.147
281.294
279.04
278.776
278.749
278.746
278.746
278.746
278.746
278.746
278.746
278.746
278.746
278.746
278.746
347.564
347.844
348.885
351.409
357.672
363.834
366.358
365.082
361.893
361.39
359.286
356.407
355.207
353.344
346.614
296.708
281.498
279.065
278.779
278.749
278.746
278.746
278.746
278.746
278.746
278.746
278.746
278.746
278.746
278.746
349.763
350.056
351.136
353.723
360.65
366.769
367.913
365.395
361.744
361.283
359.563
356.802
355.597
353.774
347.529
298.422
281.707
279.091
278.782
278.749
278.746
278.746
278.746
278.746
278.746
278.746
278.746
278.746
278.746
278.746
352.726
353.032
354.137
356.75
364.588
368.444
368.404
365.337
361.401
361.096
359.798
357.153
355.951
354.18
348.339
300.162
281.919
279.117
278.785
278.75
278.746
278.746
278.746
278.746
278.746
278.746
278.746
278.746
278.746
278.746
354.19
354.514
355.644
358.324
366.075
368.798
368.457
364.648
361.019
360.94
359.985
357.474
356.274
354.561
349.074
301.89
282.133
279.143
278.788
278.75
278.746
278.746
278.746
278.746
278.746
278.746
278.746
278.746
278.746
278.746
354.313
354.644
355.78
358.498
366.132
368.755
368.071
363.742
360.659
360.876
360.145
357.796
356.58
354.918
349.741
303.596
282.349
279.17
278.791
278.75
278.746
278.746
278.746
278.746
278.746
278.746
278.746
278.746
278.746
278.746
354.046
354.393
355.581
358.294
365.756
368.172
367.067
362.701
360.289
360.854
360.353
358.15
356.891
355.261
350.348
305.269
282.566
279.198
278.794
278.75
278.746
278.746
278.746
278.746
278.746
278.746
278.746
278.746
278.746
278.746
353.439
353.799
355.013
357.753
364.664
366.865
365.617
361.575
359.895
360.888
360.608
358.546
357.224
355.599
350.901
306.899
282.784
279.225
278.797
278.751
278.746
278.746
278.746
278.746
278.746
278.746
278.746
278.746
278.746
278.746
352.391
352.756
353.994
356.746
362.734
365.184
364.08
360.896
359.676
360.99
360.879
358.951
357.575
355.938
351.409
308.483
283.002
279.253
278.8
278.751
278.746
278.746
278.746
278.746
278.746
278.746
278.746
278.746
278.746
278.746
350.883
351.245
352.576
355.232
359.897
363.549
362.828
360.412
359.528
361.127
361.156
359.343
357.922
356.268
351.877
310.016
283.221
279.282
278.803
278.751
278.746
278.746
278.746
278.746
278.746
278.746
278.746
278.746
278.746
278.746
348.945
349.303
350.889
353.02
356.752
362.065
361.838
360.02
359.356
361.231
361.428
359.73
358.263
356.587
352.308
311.495
283.438
279.31
278.807
278.752
278.746
278.746
278.746
278.746
278.746
278.746
278.746
278.746
278.746
278.746
346.858
347.219
348.971
350.741
354.041
360.867
361.117
359.727
359.28
361.384
361.741
360.132
358.605
356.896
352.708
312.919
283.654
279.339
278.81
278.752
278.746
278.746
278.746
278.746
278.746
278.746
278.746
278.746
278.746
278.746
345.054
345.448
347.082
348.911
352.433
360.194
360.817
359.523
359.245
361.563
362.065
360.533
358.951
357.197
353.079
314.287
283.869
279.367
278.813
278.752
278.747
278.746
278.746
278.746
278.746
278.746
278.746
278.746
278.746
278.746
343.895
344.313
345.769
347.553
351.641
359.857
360.692
359.415
359.223
361.729
362.379
360.919
359.291
357.486
353.422
315.6
284.082
279.396
278.816
278.752
278.747
278.746
278.746
278.746
278.746
278.746
278.746
278.746
278.746
278.746
343.49
343.905
345.189
346.935
350.988
359.441
360.546
359.317
359.209
361.864
362.655
361.277
359.618
357.763
353.741
316.859
284.292
279.424
278.819
278.753
278.747
278.746
278.746
278.746
278.746
278.746
278.746
278.746
278.746
278.746
343.43
343.842
344.979
346.689
350.559
358.982
360.4
359.244
359.192
361.972
362.893
361.608
359.93
358.026
354.039
318.067
284.5
279.452
278.822
278.753
278.747
278.746
278.746
278.746
278.746
278.746
278.746
278.746
278.746
278.746
343.535
343.933
344.958
346.628
350.417
358.699
360.358
359.235
359.205
362.091
363.125
361.933
360.235
358.281
354.322
319.226
284.705
279.481
278.826
278.753
278.747
278.746
278.746
278.746
278.746
278.746
278.746
278.746
278.746
278.746
343.853
344.211
345.085
346.668
350.381
358.536
360.337
359.24
359.248
362.234
363.371
362.277
360.553
358.539
354.591
320.338
284.907
279.509
278.829
278.754
278.747
278.746
278.746
278.746
278.746
278.746
278.746
278.746
278.746
278.746
344.486
344.769
345.425
346.825
350.32
358.265
360.292
359.246
359.274
362.338
363.585
362.607
360.884
358.801
354.846
321.401
285.107
279.537
278.832
278.754
278.747
278.746
278.746
278.746
278.746
278.746
278.746
278.746
278.746
278.746
345.319
345.336
345.734
346.914
350.212
357.941
360.278
359.247
359.282
362.419
363.779
362.893
361.198
359.055
355.082
322.416
285.302
279.564
278.835
278.754
278.747
278.746
278.746
278.746
278.746
278.746
278.746
278.746
278.746
278.746
345.664
345.445
345.777
346.909
350.168
357.757
360.281
359.236
359.289
362.496
363.977
363.156
361.475
359.286
355.296
323.391
285.494
279.591
278.838
278.755
278.747
278.746
278.746
278.746
278.746
278.746
278.746
278.746
278.746
278.746
345.717
345.332
345.669
346.792
350.107
357.567
360.271
359.201
359.301
362.62
364.199
363.425
361.733
359.503
355.489
324.33
285.682
279.618
278.841
278.755
278.747
278.746
278.746
278.746
278.746
278.746
278.746
278.746
278.746
278.746
345.733
345.041
345.335
346.475
350.061
357.311
360.247
359.151
359.323
362.782
364.414
363.68
361.998
359.737
355.668
325.224
285.867
279.645
278.843
278.755
278.747
278.746
278.746
278.746
278.746
278.746
278.746
278.746
278.746
278.746
345.535
344.442
344.695
345.979
350.071
357.108
360.244
359.135
359.38
362.945
364.606
363.892
362.254
359.995
355.847
326.069
286.047
279.671
278.846
278.755
278.747
278.746
278.746
278.746
278.746
278.746
278.746
278.746
278.746
278.746
345.018
343.642
343.988
345.669
350.172
356.861
360.327
359.276
359.5
363.063
364.772
364.105
362.494
360.247
356.037
326.846
286.224
279.697
278.849
278.756
278.747
278.746
278.746
278.746
278.746
278.746
278.746
278.746
278.746
278.746
345.723
343.57
343.758
345.561
350.18
356.659
360.392
359.463
359.62
363.223
364.971
364.326
362.723
360.452
356.221
327.501
286.395
279.722
278.852
278.756
278.747
278.746
278.746
278.746
278.746
278.746
278.746
278.746
278.746
278.746
346.737
343.561
343.76
345.586
350.225
356.18
360.269
359.475
359.701
363.449
365.618
365.21
363.736
361.377
357.279
329.738
286.839
279.791
278.859
278.757
278.747
278.746
278.746
278.746
278.746
278.746
278.746
278.746
278.746
278.746
352.937
349.552
346.508
347.623
350.523
355.355
359.759
359.809
359.974
364.164
366.358
365.965
364.563
362.145
358.04
333.105
287.64
279.914
278.872
278.758
278.747
278.746
278.746
278.746
278.746
278.746
278.746
278.746
278.746
278.746
358.377
354.176
350.488
350.65
352.774
355.958
359.457
359.854
360.172
364.625
367.157
367.013
365.954
363.439
359.111
336.369
288.501
280.052
278.887
278.759
278.747
278.746
278.746
278.746
278.746
278.746
278.746
278.746
278.746
278.746
362.731
357.936
353.853
352.787
355.257
357.375
359.076
359.903
360.35
364.885
367.894
367.79
366.77
364.391
360.128
339.629
289.436
280.206
278.903
278.761
278.747
278.746
278.746
278.746
278.746
278.746
278.746
278.746
278.746
278.746
367.236
361.559
357.705
355.548
357.197
358.345
359.031
360.104
360.681
365.055
369.021
369.167
368.274
365.759
361.235
342.647
290.448
280.375
278.922
278.763
278.747
278.746
278.746
278.746
278.746
278.746
278.746
278.746
278.746
278.746
369.767
364.834
360.666
358.483
359.636
360.797
360.133
360.241
360.838
365.032
369.576
369.813
368.977
366.71
362.436
345.736
291.545
280.56
278.941
278.764
278.748
278.746
278.746
278.746
278.746
278.746
278.746
278.746
278.746
278.746
372.108
367.907
363.446
361.07
361.536
362.809
361.323
360.67
361.271
365.066
370.436
370.931
370.214
368.049
363.804
348.75
292.72
280.761
278.963
278.767
278.748
278.746
278.746
278.746
278.746
278.746
278.746
278.746
278.746
278.746
374.477
370.717
366.096
363.714
363.718
364.77
363.069
361.439
361.662
365.059
371.322
371.959
371.144
369.132
365.22
351.839
294.008
280.979
278.986
278.769
278.748
278.746
278.746
278.746
278.746
278.746
278.746
278.746
278.746
278.746
375.797
374.49
368.984
366.387
365.707
366.329
364.696
362.664
362.719
365.403
371.799
373.036
372.326
370.387
366.672
354.848
295.515
281.215
279.011
278.771
278.748
278.746
278.746
278.746
278.746
278.746
278.746
278.746
278.746
278.746
377.688
376.613
371.78
368.841
368.063
368.125
365.99
363.778
363.732
366.059
372.019
374.044
373.436
371.658
368.185
357.722
297.335
281.468
279.037
278.774
278.748
278.746
278.746
278.746
278.746
278.746
278.746
278.746
278.746
278.746
379.262
378.362
374.408
371.262
370.366
369.663
367.482
365.116
364.749
366.677
372.564
375.145
374.557
372.866
369.713
360.341
299.668
281.739
279.065
278.776
278.748
278.746
278.746
278.746
278.746
278.746
278.746
278.746
278.746
278.746
380.386
379.876
376.662
373.959
372.9
371.405
368.786
366.341
365.868
367.548
373.385
376.256
375.817
374.242
371.277
362.651
302.532
282.025
279.093
278.779
278.749
278.746
278.746
278.746
278.746
278.746
278.746
278.746
278.746
278.746
381.692
380.936
379.795
375.96
374.763
373.068
370.219
367.569
367.037
368.475
374.292
377.254
376.954
375.55
372.874
364.91
305.54
282.323
279.122
278.782
278.749
278.746
278.746
278.746
278.746
278.746
278.746
278.746
278.746
278.746
382.874
382.075
380.921
378.099
376.609
375.308
371.336
368.65
368.265
369.632
375.186
378.265
378.109
376.78
374.346
367.052
308.559
282.625
279.152
278.784
278.749
278.746
278.746
278.746
278.746
278.746
278.746
278.746
278.746
278.746
384.76
383.75
381.549
380.459
377.97
377.738
373.33
370.06
369.534
370.797
375.886
379.462
379.627
378.439
376.074
369.17
311.432
282.922
279.18
278.787
278.749
278.746
278.746
278.746
278.746
278.746
278.746
278.746
278.746
278.746
385.317
385.114
382.962
381.685
380.336
379.402
375.212
371.244
370.868
371.956
376.4
380.456
380.986
379.948
377.75
371.337
314.222
283.207
279.206
278.789
278.749
278.746
278.746
278.746
278.746
278.746
278.746
278.746
278.746
278.746
385.841
385.083
384.38
383.8
381.872
381.297
377.346
372.805
372.482
373.271
377.001
381.437
382.458
381.559
379.383
373.527
317.025
283.478
279.23
278.791
278.75
278.746
278.746
278.746
278.746
278.746
278.746
278.746
278.746
278.746
387.098
385.981
385.484
385.001
383.522
383.12
379.411
374.706
374.106
374.713
377.77
382.203
383.877
383.228
380.978
375.684
319.885
283.729
279.25
278.792
278.75
278.746
278.746
278.746
278.746
278.746
278.746
278.746
278.746
278.746
387.72
387.672
386.562
385.6
385.78
385.242
380.695
376.596
375.796
376.419
379.103
383.158
385.392
385.01
382.596
377.633
322.41
283.936
279.266
278.794
278.75
278.746
278.746
278.746
278.746
278.746
278.746
278.746
278.746
278.746
388.494
388.03
387.937
387.133
386.976
386.644
382.687
378.659
377.367
378.035
380.716
384.27
386.779
386.84
384.613
379.403
323.881
284.064
279.276
278.794
278.75
278.746
278.746
278.746
278.746
278.746
278.746
278.746
278.746
278.746
389.284
388.806
388.737
388.329
388.154
387.833
384.189
380.424
379.661
380.19
382.799
386.014
388.477
388.892
386.703
380.808
324.306
284.126
279.283
278.795
278.75
278.746
278.746
278.746
278.746
278.746
278.746
278.746
278.746
278.746
390.766
389.634
388.998
388.986
389.314
388.847
385.866
382.372
381.41
382.788
384.915
388.088
390.284
390.721
388.628
381.999
324.159
284.168
279.288
278.795
278.75
278.746
278.746
278.746
278.746
278.746
278.746
278.746
278.746
278.746
390.86
390.239
389.672
389.626
390.006
389.668
387.301
384.113
383.215
384.498
387.702
390.525
392.608
393.044
390.825
382.801
323.394
284.2
279.293
278.796
278.75
278.746
278.746
278.746
278.746
278.746
278.746
278.746
278.746
278.746
391.208
390.717
390.613
390.299
390.708
390.506
388.155
385.607
384.484
385.912
390.175
392.601
394.489
394.781
392.489
384.169
323.108
284.227
279.297
278.796
278.75
278.746
278.746
278.746
278.746
278.746
278.746
278.746
278.746
278.746
392.211
391.473
390.858
390.721
391.422
391.342
388.944
386.674
385.594
387.144
391.6
394.56
395.965
396.119
393.775
385.06
322.917
284.259
279.302
278.797
278.75
278.746
278.746
278.746
278.746
278.746
278.746
278.746
278.746
278.746
391.947
391.759
392.059
391.49
391.795
391.824
389.472
387.27
386.347
387.806
392.357
395.531
397.014
396.907
394.409
385.594
323.093
284.309
279.308
278.797
278.75
278.746
278.746
278.746
278.746
278.746
278.746
278.746
278.746
278.746
392.637
392.162
391.666
391.498
391.937
391.899
389.721
387.38
386.578
388.086
392.635
395.755
397.439
397.505
394.667
385.763
323.742
284.382
279.314
278.798
278.75
278.746
278.746
278.746
278.746
278.746
278.746
278.746
278.746
278.746
392.491
392.147
391.381
391.316
391.864
391.798
389.723
387.261
386.575
388.082
392.555
395.72
397.404
397.537
394.754
386.132
324.48
284.462
279.321
278.798
278.75
278.746
278.746
278.746
278.746
278.746
278.746
278.746
278.746
278.746
392.335
391.853
391.342
391.261
391.731
391.659
389.573
387.147
386.466
387.975
392.463
395.665
397.332
397.476
394.793
386.484
325.229
284.527
279.326
278.799
278.75
278.746
278.746
278.746
278.746
278.746
278.746
278.746
278.746
278.746
392.179
391.36
391.352
391.467
391.819
391.587
389.485
387.078
386.435
387.925
392.381
395.616
397.342
397.515
394.913
386.872
325.802
284.563
279.328
278.799
278.75
278.746
278.746
278.746
278.746
278.746
278.746
278.746
278.746
278.746
391.943
391.44
391.395
391.248
391.69
391.612
389.561
387.131
386.481
387.972
392.414
395.665
397.426
397.622
395.066
387.152
326.079
284.578
279.328
278.799
278.75
278.746
278.746
278.746
278.746
278.746
278.746
278.746
278.746
278.746
391.959
391.525
391.484
391.332
391.78
391.713
389.671
387.234
386.595
388.078
392.506
395.762
397.531
397.746
395.193
387.264
326.097
284.577
279.328
278.799
278.75
278.746
278.746
278.746
278.746
278.746
278.746
278.746
278.746
278.746
392.032
391.609
391.569
391.415
391.87
391.803
389.762
387.322
386.702
388.174
392.594
395.85
397.617
397.839
395.274
387.301
326.057
284.574
279.328
278.799
278.75
278.746
278.746
278.746
278.746
278.746
278.746
278.746
278.746
278.746
392.087
391.665
391.626
391.468
391.928
391.86
389.819
387.378
386.773
388.236
392.651
395.907
397.669
397.891
395.311
387.299
326.007
284.571
279.328
278.799
278.75
278.746
278.746
278.746
278.746
278.746
278.746
278.746
278.746
278.746
392.113
391.692
391.653
391.495
391.956
391.888
389.847
387.406
386.808
388.267
392.678
395.935
397.694
397.915
395.328
387.295
325.978
284.569
279.328
278.799
278.75
278.746
278.746
278.746
278.746
278.746
278.746
278.746
278.746
278.746
392.125
391.703
391.664
391.506
391.967
391.9
389.858
387.417
386.822
388.28
392.69
395.946
397.704
397.924
395.333
387.291
325.965
284.568
279.328
278.799
278.75
278.746
278.746
278.746
278.746
278.746
278.746
278.746
278.746
278.746
392.128
391.707
391.668
391.509
391.971
391.904
389.862
387.421
386.827
388.285
392.694
395.95
397.707
397.928
395.335
387.289
325.96
284.568
279.328
278.799
278.75
278.746
278.746
278.746
278.746
278.746
278.746
278.746
278.746
278.746
392.13
391.708
391.669
391.511
391.973
391.905
389.863
387.423
386.829
388.286
392.696
395.952
397.708
397.929
395.336
387.289
325.959
284.568
279.328
278.799
278.75
278.746
278.746
278.746
278.746
278.746
278.746
278.746
278.746
278.746
392.13
391.708
391.669
391.511
391.973
391.906
389.864
387.423
386.829
388.286
392.696
395.952
397.709
397.929
395.336
387.289
325.958
284.568
279.328
278.799
278.75
278.746
278.746
278.746
278.746
278.746
278.746
278.746
278.746
278.746
392.13
391.708
391.669
391.511
391.973
391.906
389.864
387.423
386.829
388.286
392.696
395.952
397.709
397.929
395.336
387.288
325.958
284.568
279.328
278.799
278.75
278.746
278.746
278.746
278.746
278.746
278.746
278.746
278.746
278.746
392.13
391.708
391.669
391.511
391.973
391.906
389.864
387.423
386.829
388.286
392.696
395.952
397.709
397.929
395.336
387.288
325.958
284.568
279.328
278.799
278.75
278.746
278.746
278.746
278.746
278.746
278.746
278.746
278.746
278.746
392.13
391.708
391.669
391.511
391.973
391.906
389.864
387.423
386.829
388.286
392.696
395.952
397.709
397.929
395.336
387.288
325.958
284.568
279.328
278.799
278.75
278.746
278.746
278.746
278.746
278.746
278.746
278.746
278.746
278.746
392.13
391.708
391.669
391.511
391.973
391.906
389.864
387.423
386.829
388.286
392.696
395.952
397.709
397.929
395.336
387.288
325.958
284.568
279.328
278.799
278.75
278.746
278.746
278.746
278.746
278.746
278.746
278.746
278.746
278.746
392.13
391.708
391.669
391.511
391.973
391.906
389.864
387.423
386.829
388.286
392.696
395.952
397.709
397.929
395.336
387.288
325.958
284.568
279.328
278.799
278.75
278.746
278.746
278.746
278.746
278.746
278.746
278.746
278.746
278.746
392.13
391.708
391.669
391.511
391.973
391.906
389.864
387.423
386.829
388.286
392.696
395.952
397.709
397.929
395.336
387.288
325.958
284.568
279.328
278.799
278.75
278.746
278.746
278.746
278.746
278.746
278.746
278.746
278.746
278.746
392.13
391.708
391.669
391.511
391.973
391.906
389.864
387.423
386.829
388.286
392.696
395.952
397.709
397.929
395.336
387.288
325.958
284.568
279.328
278.799
278.75
278.746
278.746
278.746
278.746
278.746
278.746
278.746
278.746
278.746
392.13
391.708
391.669
391.511
391.973
391.906
389.864
387.423
386.829
388.286
392.696
395.952
397.709
397.929
395.336
387.288
325.958
284.568
279.328
278.799
278.75
278.746
278.746
278.746
278.746
278.746
278.746
278.746
278.746
278.746
392.13
391.708
391.669
391.511
391.973
391.906
389.864
387.423
386.829
388.286
392.696
395.952
397.709
397.929
395.336
387.288
325.958
284.568
279.328
278.799
278.75
278.746
278.746
278.746
278.746
278.746
278.746
278.746
278.746
278.746
392.13
391.708
391.669
391.511
391.973
391.906
389.864
387.423
386.829
388.286
392.696
395.952
397.709
397.929
395.336
387.288
325.958
284.568
279.328
278.799
278.75
278.746
278.746
278.746
278.746
278.746
278.746
278.746
278.746
278.746
392.13
391.708
391.669
391.511
391.973
391.906
389.864
387.423
386.829
388.286
392.696
395.952
397.709
397.929
395.336
387.288
325.958
284.568
279.328
278.799
278.75
278.746
278.746
278.746
278.746
278.746
278.746
278.746
278.746
278.746
)
;

boundaryField
{
    inlet
    {
        type            zeroGradient;
    }
    outlet
    {
        type            zeroGradient;
    }
    bottom
    {
        type            symmetryPlane;
    }
    top
    {
        type            symmetryPlane;
    }
    obstacle
    {
        type            zeroGradient;
    }
    defaultFaces
    {
        type            empty;
    }
}


// ************************************************************************* //
