/*--------------------------------*- C++ -*----------------------------------*\
| =========                 |                                                 |
| \\      /  F ield         | OpenFOAM: The Open Source CFD Toolbox           |
|  \\    /   O peration     | Version:  5.x                                   |
|   \\  /    A nd           | Web:      www.OpenFOAM.org                      |
|    \\/     M anipulation  |                                                 |
\*---------------------------------------------------------------------------*/
/*   Windows 32 and 64 bit porting by blueCAPE: http://www.bluecape.com.pt   *\
|  Based on Windows porting (2.0.x v4) by Symscape: http://www.symscape.com   |
\*---------------------------------------------------------------------------*/
FoamFile
{
    version     2.0;
    format      ascii;
    class       vectorField;
    location    "constant/polyMesh";
    object      points;
}
// * * * * * * * * * * * * * * * * * * * * * * * * * * * * * * * * * * * * * //


254
(
(0 0 0)
(2.414089053 0 0)
(4.163771705 0 0)
(5.431906108 0 0)
(6.351024135 0 0)
(7.017182189 0 0)
(7.5 0 0)
(0 0.09560142959 0)
(2.414089053 0.09560142959 0)
(4.163771705 0.09560142959 0)
(5.431906108 0.09560142959 0)
(6.351024135 0.09560142959 0)
(7.017182189 0.09560142959 0)
(7.5 0.09560142959 0)
(0 0.1595339588 0)
(2.414089053 0.1595339588 0)
(4.163771705 0.1595339588 0)
(5.431906108 0.1595339588 0)
(6.351024135 0.1595339588 0)
(7.017182189 0.1595339588 0)
(7.5 0.1595339588 0)
(0 0.2022882178 0)
(2.414089053 0.2022882178 0)
(4.163771705 0.2022882178 0)
(5.431906108 0.2022882178 0)
(6.351024135 0.2022882178 0)
(7.017182189 0.2022882178 0)
(7.5 0.2022882178 0)
(0 0.2308797141 0)
(2.414089053 0.2308797141 0)
(4.163771705 0.2308797141 0)
(5.431906108 0.2308797141 0)
(6.351024135 0.2308797141 0)
(7.017182189 0.2308797141 0)
(7.5 0.2308797141 0)
(0 0.25 0)
(2.414089053 0.25 0)
(4.163771705 0.25 0)
(5.431906108 0.25 0)
(6.351024135 0.25 0)
(7.017182189 0.25 0)
(7.5 0.25 0)
(0 0 2)
(2.414089053 0 2)
(4.163771705 0 2)
(5.431906108 0 2)
(6.351024135 0 2)
(7.017182189 0 2)
(7.5 0 2)
(0 0.09560142959 2)
(2.414089053 0.09560142959 2)
(4.163771705 0.09560142959 2)
(5.431906108 0.09560142959 2)
(6.351024135 0.09560142959 2)
(7.017182189 0.09560142959 2)
(7.5 0.09560142959 2)
(0 0.1595339588 2)
(2.414089053 0.1595339588 2)
(4.163771705 0.1595339588 2)
(5.431906108 0.1595339588 2)
(6.351024135 0.1595339588 2)
(7.017182189 0.1595339588 2)
(7.5 0.1595339588 2)
(0 0.2022882178 2)
(2.414089053 0.2022882178 2)
(4.163771705 0.2022882178 2)
(5.431906108 0.2022882178 2)
(6.351024135 0.2022882178 2)
(7.017182189 0.2022882178 2)
(7.5 0.2022882178 2)
(0 0.2308797141 2)
(2.414089053 0.2308797141 2)
(4.163771705 0.2308797141 2)
(5.431906108 0.2308797141 2)
(6.351024135 0.2308797141 2)
(7.017182189 0.2308797141 2)
(7.5 0.2308797141 2)
(0 0.25 2)
(2.414089053 0.25 2)
(4.163771705 0.25 2)
(5.431906108 0.25 2)
(6.351024135 0.25 2)
(7.017182189 0.25 2)
(7.5 0.25 2)
(0 0.3311538865 0)
(2.414089053 0.3311538865 0)
(4.163771705 0.3311538865 0)
(5.431906108 0.3311538865 0)
(6.351024135 0.3311538865 0)
(7.017182189 0.3311538865 0)
(7.5 0.3311538865 0)
(0 0.4754681719 0)
(2.414089053 0.4754681719 0)
(4.163771705 0.4754681719 0)
(5.431906108 0.4754681719 0)
(6.351024135 0.4754681719 0)
(7.017182189 0.4754681719 0)
(7.5 0.4754681719 0)
(0 0.7320992942 0)
(2.414089053 0.7320992942 0)
(4.163771705 0.7320992942 0)
(5.431906108 0.7320992942 0)
(6.351024135 0.7320992942 0)
(7.017182189 0.7320992942 0)
(7.5 0.7320992942 0)
(0 1.188461135 0)
(2.414089053 1.188461135 0)
(4.163771705 1.188461135 0)
(5.431906108 1.188461135 0)
(6.351024135 1.188461135 0)
(7.017182189 1.188461135 0)
(7.5 1.188461135 0)
(0 2 0)
(2.414089053 2 0)
(4.163771705 2 0)
(5.431906108 2 0)
(6.351024135 2 0)
(7.017182189 2 0)
(7.5 2 0)
(0 0.3311538865 2)
(2.414089053 0.3311538865 2)
(4.163771705 0.3311538865 2)
(5.431906108 0.3311538865 2)
(6.351024135 0.3311538865 2)
(7.017182189 0.3311538865 2)
(7.5 0.3311538865 2)
(0 0.4754681719 2)
(2.414089053 0.4754681719 2)
(4.163771705 0.4754681719 2)
(5.431906108 0.4754681719 2)
(6.351024135 0.4754681719 2)
(7.017182189 0.4754681719 2)
(7.5 0.4754681719 2)
(0 0.7320992942 2)
(2.414089053 0.7320992942 2)
(4.163771705 0.7320992942 2)
(5.431906108 0.7320992942 2)
(6.351024135 0.7320992942 2)
(7.017182189 0.7320992942 2)
(7.5 0.7320992942 2)
(0 1.188461135 2)
(2.414089053 1.188461135 2)
(4.163771705 1.188461135 2)
(5.431906108 1.188461135 2)
(6.351024135 1.188461135 2)
(7.017182189 1.188461135 2)
(7.5 1.188461135 2)
(0 2 2)
(2.414089053 2 2)
(4.163771705 2 2)
(5.431906108 2 2)
(6.351024135 2 2)
(7.017182189 2 2)
(7.5 2 2)
(7.625 0.25 0)
(7.75 0.25 0)
(7.625 0.3311538865 0)
(7.75 0.3311538865 0)
(7.625 0.4754681719 0)
(7.75 0.4754681719 0)
(7.625 0.7320992942 0)
(7.75 0.7320992942 0)
(7.625 1.188461135 0)
(7.75 1.188461135 0)
(7.625 2 0)
(7.75 2 0)
(7.625 0.25 2)
(7.75 0.25 2)
(7.625 0.3311538865 2)
(7.75 0.3311538865 2)
(7.625 0.4754681719 2)
(7.75 0.4754681719 2)
(7.625 0.7320992942 2)
(7.75 0.7320992942 2)
(7.625 1.188461135 2)
(7.75 1.188461135 2)
(7.625 2 2)
(7.75 2 2)
(7.75 0 0)
(7.90887275 0 0)
(8.411272499 0 0)
(10 0 0)
(7.75 0.09560142959 0)
(7.90887275 0.09560142959 0)
(8.411272499 0.09560142959 0)
(10 0.09560142959 0)
(7.75 0.1595339588 0)
(7.90887275 0.1595339588 0)
(8.411272499 0.1595339588 0)
(10 0.1595339588 0)
(7.75 0.2022882178 0)
(7.90887275 0.2022882178 0)
(8.411272499 0.2022882178 0)
(10 0.2022882178 0)
(7.75 0.2308797141 0)
(7.90887275 0.2308797141 0)
(8.411272499 0.2308797141 0)
(10 0.2308797141 0)
(7.90887275 0.25 0)
(8.411272499 0.25 0)
(10 0.25 0)
(7.75 0 2)
(7.90887275 0 2)
(8.411272499 0 2)
(10 0 2)
(7.75 0.09560142959 2)
(7.90887275 0.09560142959 2)
(8.411272499 0.09560142959 2)
(10 0.09560142959 2)
(7.75 0.1595339588 2)
(7.90887275 0.1595339588 2)
(8.411272499 0.1595339588 2)
(10 0.1595339588 2)
(7.75 0.2022882178 2)
(7.90887275 0.2022882178 2)
(8.411272499 0.2022882178 2)
(10 0.2022882178 2)
(7.75 0.2308797141 2)
(7.90887275 0.2308797141 2)
(8.411272499 0.2308797141 2)
(10 0.2308797141 2)
(7.90887275 0.25 2)
(8.411272499 0.25 2)
(10 0.25 2)
(7.90887275 0.3311538865 0)
(8.411272499 0.3311538865 0)
(10 0.3311538865 0)
(7.90887275 0.4754681719 0)
(8.411272499 0.4754681719 0)
(10 0.4754681719 0)
(7.90887275 0.7320992942 0)
(8.411272499 0.7320992942 0)
(10 0.7320992942 0)
(7.90887275 1.188461135 0)
(8.411272499 1.188461135 0)
(10 1.188461135 0)
(7.90887275 2 0)
(8.411272499 2 0)
(10 2 0)
(7.90887275 0.3311538865 2)
(8.411272499 0.3311538865 2)
(10 0.3311538865 2)
(7.90887275 0.4754681719 2)
(8.411272499 0.4754681719 2)
(10 0.4754681719 2)
(7.90887275 0.7320992942 2)
(8.411272499 0.7320992942 2)
(10 0.7320992942 2)
(7.90887275 1.188461135 2)
(8.411272499 1.188461135 2)
(10 1.188461135 2)
(7.90887275 2 2)
(8.411272499 2 2)
(10 2 2)
)


// ************************************************************************* //
