/*--------------------------------*- C++ -*----------------------------------*\
| =========                 |                                                 |
| \\      /  F ield         | OpenFOAM: The Open Source CFD Toolbox           |
|  \\    /   O peration     | Version:  5.x                                   |
|   \\  /    A nd           | Web:      www.OpenFOAM.org                      |
|    \\/     M anipulation  |                                                 |
\*---------------------------------------------------------------------------*/
/*   Windows 32 and 64 bit porting by blueCAPE: http://www.bluecape.com.pt   *\
|  Based on Windows porting (2.0.x v4) by Symscape: http://www.symscape.com   |
\*---------------------------------------------------------------------------*/
FoamFile
{
    version     2.0;
    format      ascii;
    class       volScalarField;
    location    "0.01";
    object      mag(U);
}
// * * * * * * * * * * * * * * * * * * * * * * * * * * * * * * * * * * * * * //

dimensions      [0 1 -1 0 0 0 0];

internalField   nonuniform List<scalar> 
10000
(
0.390131
1.34015
3.17242
6.82163
13.0124
22.0818
33.6809
46.9116
60.864
74.9039
88.756
102.315
115.543
128.403
140.891
152.974
164.667
175.903
186.743
197.127
207.005
216.417
225.378
233.804
241.62
248.843
255.524
261.656
267.169
271.992
276.111
279.604
282.556
285.011
287.013
288.601
289.787
290.574
291.085
291.42
291.632
291.788
291.885
291.964
292.053
292.151
292.29
292.498
292.818
293.253
293.817
294.56
295.487
296.564
297.729
298.837
299.804
300.74
301.726
302.724
0.388303
1.33168
3.14754
6.76323
12.899
21.8952
33.4148
46.5728
60.4665
74.4614
88.2797
101.813
115.026
127.878
140.365
152.459
164.168
175.43
186.305
196.723
206.644
216.118
225.145
233.632
241.516
248.826
255.61
261.848
267.462
272.387
276.611
280.219
283.297
285.88
287.999
289.698
290.988
291.863
292.473
292.892
293.168
293.406
293.577
293.718
293.857
294.006
294.193
294.411
294.704
295.074
295.555
296.174
296.917
297.794
298.753
299.675
300.405
301.024
301.668
302.283
0.388482
1.33223
3.14893
6.76668
12.9066
21.9094
33.4371
46.6023
60.5
74.494
88.3058
101.827
115.019
127.849
140.305
152.37
164.016
175.262
186.067
196.422
206.325
215.742
224.668
233.087
240.946
248.22
254.92
261.053
266.588
271.472
275.675
279.249
282.265
284.773
286.819
288.459
289.709
290.552
291.111
291.487
291.731
291.912
292.036
292.13
292.225
292.322
292.436
292.591
292.829
293.161
293.58
294.099
294.768
295.565
296.409
297.196
297.801
298.287
298.788
299.206
0.387018
1.3253
3.12809
6.71689
12.8085
21.746
33.2017
46.3003
60.1434
74.0952
87.8746
101.371
114.551
127.371
139.821
151.903
163.552
174.848
185.657
196.032
206.009
215.478
224.421
232.888
240.855
248.244
255.018
261.192
266.781
271.774
276.128
279.854
282.996
285.59
287.687
289.382
290.699
291.627
292.316
292.79
293.107
293.391
293.581
293.712
293.841
293.978
294.138
294.305
294.521
294.804
295.168
295.617
296.154
296.796
297.492
298.138
298.585
298.851
299.092
299.214
0.386943
1.3249
3.12724
6.71586
12.8085
21.7494
33.2106
46.3144
60.1607
74.1116
87.8855
101.372
114.531
127.331
139.759
151.805
163.409
174.662
185.436
195.762
205.687
215.11
224.003
232.406
240.304
247.635
254.363
260.49
266.023
270.949
275.237
278.907
282.004
284.564
286.632
288.29
289.579
290.462
291.067
291.492
291.764
291.977
292.129
292.228
292.311
292.391
292.49
292.607
292.78
293.044
293.384
293.802
294.336
294.986
295.694
296.356
296.855
297.199
297.47
297.616
0.385754
1.31918
3.10971
6.67333
12.7235
21.606
33.0017
46.0445
59.84
73.7514
87.4944
100.957
114.105
126.894
139.314
151.371
162.998
174.268
185.058
195.421
205.379
214.83
223.776
232.255
240.226
247.612
254.393
260.597
266.234
271.278
275.671
279.425
282.596
285.228
287.373
289.126
290.499
291.474
292.21
292.691
293.008
293.299
293.485
293.61
293.735
293.874
294.027
294.177
294.373
294.631
294.959
295.352
295.83
296.432
297.092
297.705
298.187
298.502
298.689
298.749
0.385506
1.31812
3.1072
6.66885
12.7176
21.6008
32.9999
46.0463
59.8444
73.7548
87.4932
100.947
114.075
126.848
139.249
151.271
162.854
174.085
184.847
195.165
205.076
214.493
223.391
231.805
239.71
247.048
253.794
259.957
265.539
270.516
274.845
278.553
281.693
284.305
286.429
288.145
289.499
290.427
291.069
291.514
291.786
292.014
292.179
292.282
292.359
292.438
292.537
292.643
292.801
293.047
293.375
293.786
294.3
294.944
295.682
296.395
296.998
297.457
297.766
297.964
0.384521
1.31333
3.09236
6.63236
12.6438
21.4748
32.8142
45.8044
59.5552
73.4286
87.1375
100.568
113.687
126.446
138.839
150.872
162.478
173.724
184.495
194.845
204.788
214.227
223.171
231.655
239.631
247.022
253.814
260.04
265.711
270.796
275.229
279.019
282.225
284.895
287.08
288.879
290.298
291.318
292.095
292.59
292.911
293.207
293.388
293.51
293.631
293.772
293.924
294.071
294.259
294.516
294.841
295.227
295.706
296.325
297.022
297.682
298.264
298.721
299.007
299.131
0.384163
1.31182
3.08867
6.62533
12.6333
21.4628
32.8038
45.7965
59.5494
73.4218
87.1269
100.55
113.648
126.395
138.773
150.771
162.334
173.547
184.297
194.604
204.505
213.916
222.816
231.238
239.151
246.499
253.262
259.457
265.078
270.1
274.469
278.215
281.399
284.062
286.235
288.004
289.415
290.382
291.061
291.526
291.803
292.046
292.225
292.334
292.408
292.481
292.575
292.672
292.815
293.044
293.358
293.756
294.239
294.868
295.613
296.344
297.008
297.555
297.927
298.136
0.383328
1.30775
3.07599
6.59385
12.569
21.3518
32.6384
45.5792
59.2879
73.1257
86.8025
100.203
113.294
126.026
138.394
150.404
161.99
173.215
183.967
194.305
204.234
213.662
222.603
231.089
239.071
246.468
253.271
259.515
265.213
270.336
274.808
278.636
281.875
284.58
286.803
288.639
290.099
291.163
291.978
292.493
292.819
293.116
293.295
293.414
293.533
293.668
293.814
293.949
294.117
294.352
294.651
295.012
295.454
296.038
296.719
297.377
297.984
298.49
298.819
298.947
0.382906
1.30596
3.07151
6.585
12.5551
21.3345
32.6212
45.5635
59.2741
73.1109
86.7849
100.179
113.25
125.973
138.328
150.304
161.846
173.045
183.781
194.078
203.971
213.378
222.277
230.702
238.625
245.986
252.767
258.985
264.637
269.698
274.109
277.899
281.127
283.835
286.049
287.863
289.323
290.326
291.043
291.531
291.82
292.081
292.277
292.394
292.467
292.539
292.632
292.72
292.85
293.064
293.361
293.737
294.185
294.782
295.513
296.239
296.919
297.496
297.882
298.075
0.382182
1.30245
3.06057
6.55767
12.4988
21.2365
32.4736
45.368
59.0371
72.8413
86.4882
99.8606
112.926
125.632
137.976
149.965
161.532
172.738
183.471
193.798
203.715
213.132
222.068
230.556
238.544
245.951
252.763
259.021
264.741
269.896
274.408
278.274
281.546
284.283
286.54
288.407
289.904
291.01
291.86
292.402
292.733
293.029
293.213
293.334
293.454
293.585
293.728
293.861
294.019
294.241
294.528
294.88
295.302
295.857
296.53
297.199
297.832
298.375
298.725
298.862
0.381727
1.30052
3.0556
6.54761
12.4825
21.2152
32.4511
45.3463
59.0171
72.8206
86.4654
99.8322
112.878
125.578
137.911
149.866
161.391
172.576
183.298
193.585
203.471
212.875
221.771
230.198
238.13
245.506
252.304
258.541
264.219
269.313
273.767
277.601
280.87
283.619
285.871
287.724
289.227
290.265
291.017
291.533
291.837
292.115
292.326
292.451
292.527
292.603
292.701
292.79
292.917
293.13
293.426
293.8
294.243
294.829
295.565
296.319
297.04
297.672
298.115
298.333
0.381086
1.29744
3.04605
6.52369
12.433
21.1283
32.3191
45.1699
58.8019
72.5745
86.1932
99.5393
112.58
125.262
137.585
149.554
161.103
172.29
183.005
193.323
203.228
212.635
221.566
230.054
238.049
245.464
252.286
258.555
264.295
269.479
274.029
277.932
281.235
284.001
286.29
288.187
289.717
290.863
291.745
292.315
292.654
292.949
293.138
293.263
293.387
293.519
293.664
293.803
293.963
294.186
294.477
294.843
295.278
295.833
296.527
297.246
297.943
298.567
299.009
299.211
0.38062
1.29544
3.04083
6.51289
12.415
21.1042
32.2927
45.1437
58.7772
72.5494
86.167
99.5083
112.531
125.208
137.522
149.456
160.965
172.137
182.845
193.124
203.003
212.402
221.297
229.727
237.667
245.055
251.868
258.123
263.825
268.952
273.444
277.319
280.625
283.41
285.697
287.59
289.131
290.205
290.991
291.534
291.853
292.146
292.371
292.507
292.591
292.673
292.776
292.876
293.015
293.241
293.55
293.942
294.405
295.002
295.767
296.579
297.375
298.1
298.645
298.939
0.380044
1.2927
3.0324
6.49179
12.3712
21.0269
32.1743
44.9842
58.5813
72.3243
85.9165
99.238
112.256
124.915
137.219
149.168
160.701
171.869
182.567
192.879
202.771
212.168
221.095
229.585
237.584
245.006
251.835
258.116
263.875
269.087
273.671
277.606
280.938
283.731
286.052
287.979
289.542
290.725
291.637
292.232
292.582
292.877
293.069
293.195
293.326
293.465
293.619
293.77
293.934
294.165
294.473
294.862
295.321
295.894
296.62
297.406
298.188
298.912
299.467
299.761
0.379581
1.29071
3.0271
6.48064
12.3523
21.0009
32.1451
44.9547
58.5532
72.296
85.8881
99.2056
112.206
124.863
137.157
149.072
160.568
171.726
182.421
192.694
202.566
211.959
220.853
229.286
237.234
244.632
251.457
257.728
263.455
268.613
273.142
277.052
280.39
283.207
285.529
287.459
289.035
290.146
290.967
291.534
291.868
292.173
292.409
292.556
292.649
292.736
292.847
292.959
293.111
293.352
293.677
294.089
294.575
295.189
295.983
296.853
297.723
298.538
299.183
299.561
0.379056
1.28824
3.01957
6.46186
12.3133
20.9319
32.0385
44.8101
58.3744
72.0897
85.657
98.9553
111.952
124.59
136.876
148.806
160.324
171.474
182.156
192.462
202.343
211.728
220.653
229.145
237.148
244.574
251.409
257.702
263.48
268.719
273.333
277.299
280.656
283.474
285.825
287.781
289.376
290.594
291.533
292.154
292.516
292.809
293.003
293.133
293.271
293.416
293.573
293.731
293.901
294.138
294.457
294.862
295.34
295.921
296.67
297.504
298.351
299.155
299.797
300.168
0.378605
1.28628
3.01432
6.45064
12.294
20.9048
32.0075
44.7783
58.3441
72.0592
85.6274
98.9226
111.902
124.54
136.817
148.713
160.197
171.342
182.023
192.292
202.156
211.543
220.436
228.874
236.829
244.235
251.07
257.357
263.107
268.294
272.857
276.8
280.167
283.011
285.367
287.333
288.939
290.088
290.944
291.532
291.881
292.197
292.44
292.594
292.695
292.788
292.906
293.022
293.18
293.432
293.761
294.175
294.669
295.28
296.077
296.969
297.874
298.738
299.437
299.862
0.378121
1.28404
3.00754
6.4338
12.259
20.8428
31.9113
44.6469
58.1805
71.8697
85.4137
98.6903
111.667
124.285
136.554
148.466
159.971
171.104
181.77
192.072
201.941
211.316
220.238
228.732
236.738
244.168
251.009
257.312
263.109
268.371
273.014
277.008
280.39
283.23
285.609
287.595
289.22
290.469
291.435
292.08
292.454
292.746
292.941
293.076
293.218
293.364
293.516
293.671
293.844
294.077
294.387
294.784
295.254
295.817
296.548
297.381
298.237
299.061
299.729
300.118
0.377688
1.28215
3.00241
6.42272
12.2397
20.8153
31.8793
44.6137
58.1487
71.838
85.3837
98.658
111.619
124.237
136.498
148.377
159.851
170.983
181.65
191.917
201.773
211.152
220.045
228.488
236.449
243.862
250.706
257.007
262.779
267.995
272.589
276.562
279.956
282.824
285.21
287.211
288.848
290.032
290.92
291.53
291.895
292.218
292.466
292.622
292.73
292.829
292.941
293.052
293.206
293.452
293.759
294.145
294.614
295.186
295.934
296.784
297.655
298.498
299.18
299.58
0.37724
1.28009
2.99625
6.4075
12.2081
20.7592
31.792
44.4939
57.9987
71.6634
85.1857
98.4419
111.4
123.999
136.253
148.147
159.64
170.756
181.408
191.706
201.564
210.928
219.849
228.345
236.354
243.786
250.632
256.945
262.76
268.045
272.715
276.734
280.138
282.999
285.405
287.422
289.074
290.353
291.345
292.012
292.398
292.691
292.886
293.023
293.167
293.311
293.454
293.597
293.759
293.973
294.252
294.608
295.033
295.542
296.209
296.976
297.773
298.548
299.17
299.501
0.376827
1.27828
2.99131
6.39672
12.1891
20.7319
31.7597
44.4601
57.9661
71.6312
85.1558
98.4104
111.353
123.954
136.201
148.062
159.528
170.646
181.301
191.567
201.413
210.784
219.68
228.13
236.096
243.511
250.362
256.679
262.476
267.719
272.342
276.34
279.755
282.645
285.062
287.099
288.766
289.986
290.906
291.538
291.92
292.249
292.497
292.658
292.771
292.871
292.978
293.079
293.222
293.447
293.719
294.062
294.487
294.997
295.665
296.431
297.226
298.001
298.617
298.936
0.376409
1.27638
2.98566
6.38285
12.1605
20.681
31.6802
44.3505
57.8282
71.47
84.9719
98.2091
111.149
123.731
135.972
147.845
159.336
170.418
181.081
191.369
201.195
210.57
219.508
227.989
235.975
243.416
250.295
256.633
262.452
267.735
272.417
276.468
279.91
282.803
285.241
287.289
288.96
290.26
291.275
291.961
292.364
292.665
292.864
293.007
293.16
293.309
293.447
293.586
293.74
293.938
294.19
294.507
294.888
295.356
295.965
296.663
297.403
298.122
298.685
298.939
0.376018
1.27467
2.98095
6.37249
12.142
20.6541
31.6481
44.3166
57.7956
71.4378
84.9426
98.1789
111.105
123.689
135.924
147.762
159.242
170.302
180.999
191.25
201.036
210.444
219.39
227.8
235.707
243.143
250.074
256.446
262.228
267.422
272.029
276.071
279.567
282.533
284.997
287.05
288.706
289.921
290.851
291.501
291.916
292.271
292.541
292.723
292.855
292.964
293.061
293.151
293.285
293.489
293.732
294.044
294.443
294.919
295.534
296.244
297.001
297.745
298.321
298.575
0.375628
1.2729
2.97575
6.35976
12.1158
20.6076
31.5754
44.216
57.6685
71.2887
84.7716
97.9909
110.914
123.48
135.709
147.561
159.055
170.096
180.775
191.057
200.834
210.222
219.199
227.656
235.591
243.035
249.974
256.362
262.177
267.416
272.074
276.154
279.666
282.633
285.118
287.179
288.834
290.121
291.138
291.837
292.267
292.594
292.817
292.979
293.146
293.301
293.433
293.56
293.7
293.883
294.109
294.395
294.748
295.192
295.768
296.423
297.132
297.833
298.374
298.578
0.375259
1.27129
2.97128
6.34989
12.0981
20.5816
31.544
44.1827
57.6362
71.2571
84.7432
97.9622
110.873
123.442
135.664
147.487
158.96
170.006
180.692
190.946
200.717
210.115
219.072
227.489
235.387
242.817
249.766
256.167
261.968
267.167
271.781
275.842
279.37
282.37
284.874
286.957
288.624
289.852
290.797
291.462
291.894
292.26
292.539
292.731
292.875
292.997
293.091
293.174
293.302
293.498
293.726
294.018
294.398
294.847
295.417
296.078
296.793
297.504
298.052
298.253
0.374894
1.26964
2.96646
6.33814
12.0739
20.5389
31.4772
44.0901
57.5187
71.1188
84.5839
97.7865
110.694
123.245
135.461
147.297
158.781
169.809
180.476
190.757
200.524
209.902
218.879
227.34
235.271
242.712
249.659
256.063
261.894
267.145
271.814
275.91
279.445
282.438
284.954
287.042
288.712
290.016
291.051
291.763
292.204
292.538
292.767
292.937
293.109
293.27
293.403
293.53
293.672
293.851
294.067
294.334
294.667
295.09
295.633
296.243
296.91
297.579
298.09
298.242
0.374547
1.26812
2.96226
6.32881
12.0571
20.514
31.4469
44.0576
57.4873
71.0882
84.5567
97.7595
110.656
123.21
135.421
147.23
158.696
169.731
180.404
190.658
200.423
209.813
218.77
227.192
235.094
242.527
249.484
255.896
261.713
266.93
271.564
275.648
279.197
282.216
284.746
286.858
288.543
289.793
290.76
291.444
291.89
292.261
292.541
292.736
292.889
293.022
293.12
293.199
293.323
293.515
293.735
294.014
294.377
294.801
295.334
295.954
296.628
297.307
297.83
297.983
0.374204
1.26658
2.95776
6.31789
12.0348
20.4745
31.3852
43.972
57.3784
70.9596
84.408
97.5949
110.488
123.024
135.229
147.05
158.525
169.542
180.197
190.473
200.233
209.605
218.579
227.038
234.972
242.416
249.368
255.78
261.622
266.887
271.574
275.692
279.247
282.258
284.795
286.905
288.594
289.917
290.972
291.7
292.153
292.496
292.728
292.904
293.081
293.242
293.374
293.501
293.645
293.824
294.032
294.287
294.606
295.013
295.533
296.113
296.752
297.402
297.902
298.022
0.373879
1.26516
2.95382
6.30913
12.0189
20.4509
31.3562
43.9408
57.3481
70.9302
84.3823
97.5699
110.453
122.993
135.193
146.99
158.448
169.473
180.136
190.387
200.147
209.533
218.487
226.91
234.818
242.26
249.222
255.64
261.468
266.703
271.362
275.472
279.042
282.075
284.624
286.757
288.462
289.735
290.726
291.432
291.893
292.271
292.551
292.747
292.909
293.05
293.151
293.229
293.351
293.541
293.76
294.033
294.385
294.797
295.31
295.907
296.562
297.231
297.756
297.893
0.373557
1.26372
2.94961
6.29893
11.9981
20.4142
31.2991
43.8614
57.2469
70.8103
84.2432
97.4154
110.295
122.817
135.011
146.819
158.284
169.291
179.936
190.207
199.961
209.328
218.297
226.754
234.69
242.14
249.097
255.514
261.364
266.642
271.348
275.489
279.063
282.091
284.646
286.775
288.481
289.823
290.899
291.642
292.108
292.461
292.698
292.876
293.058
293.221
293.352
293.478
293.626
293.808
294.016
294.268
294.584
294.988
295.501
296.074
296.71
297.37
297.893
298.021
0.373253
1.2624
2.94594
6.29076
11.9832
20.392
31.2715
43.8316
57.2179
70.7824
84.219
97.3924
110.263
122.79
134.979
146.765
158.215
169.232
179.885
190.132
199.889
209.27
218.221
226.645
234.56
242.009
248.977
255.399
261.236
266.488
271.171
275.307
278.896
281.942
284.508
286.66
288.382
289.677
290.693
291.421
291.895
292.28
292.56
292.756
292.927
293.074
293.176
293.256
293.379
293.57
293.792
294.067
294.419
294.833
295.347
295.945
296.606
297.295
297.859
298.023
0.37295
1.26104
2.94198
6.28118
11.9637
20.3577
31.2183
43.7577
57.1236
70.6705
84.0888
97.2473
110.114
122.624
134.807
146.602
158.058
169.057
179.692
189.956
199.707
209.069
218.032
226.487
234.426
241.883
248.844
255.264
261.119
266.411
271.137
275.302
278.894
281.935
284.504
286.651
288.374
289.733
290.829
291.589
292.069
292.433
292.672
292.853
293.038
293.202
293.333
293.461
293.613
293.801
294.014
294.271
294.596
295.009
295.533
296.12
296.776
297.47
298.051
298.225
0.372667
1.25981
2.93858
6.27361
11.9499
20.337
31.1924
43.7296
57.0963
70.6442
84.0663
97.2263
110.085
122.6
134.78
146.555
157.998
169.007
179.65
189.894
199.647
209.025
217.972
226.396
234.317
241.776
248.748
255.172
261.016
266.285
270.992
275.154
278.76
281.817
284.396
286.565
288.304
289.62
290.663
291.412
291.899
292.292
292.57
292.764
292.942
293.095
293.201
293.283
293.41
293.605
293.834
294.116
294.475
294.899
295.428
296.04
296.723
297.449
298.076
298.295
0.372381
1.25852
2.93483
6.26456
11.9316
20.3048
31.1427
43.6606
57.0082
70.5394
83.9441
97.0897
109.944
122.442
134.616
146.399
157.846
168.837
179.463
189.721
199.468
208.827
217.784
226.236
234.179
241.642
248.607
255.029
260.889
266.194
270.939
275.127
278.735
281.787
284.37
286.533
288.274
289.648
290.763
291.541
292.033
292.408
292.649
292.829
293.017
293.181
293.316
293.446
293.601
293.795
294.013
294.278
294.614
295.037
295.574
296.18
296.86
297.594
298.242
298.478
0.372118
1.25738
2.9317
6.25759
11.9188
20.2856
31.1185
43.6342
56.9825
70.5149
83.9235
97.0709
109.919
122.422
134.593
146.358
157.795
168.796
179.43
189.671
199.421
208.795
217.738
226.163
234.09
241.556
248.532
254.959
260.81
266.095
270.824
275.009
278.632
281.698
284.29
286.474
288.229
289.566
290.634
291.402
291.901
292.301
292.576
292.768
292.952
293.108
293.217
293.301
293.431
293.628
293.86
294.146
294.507
294.939
295.477
296.098
296.795
297.552
298.238
298.512
0.371847
1.25616
2.92814
6.24901
11.9014
20.2553
31.0718
43.5696
56.9
70.4167
83.8086
96.9421
109.785
122.272
134.437
146.208
157.647
168.632
179.249
189.502
199.245
208.6
217.552
226.001
233.947
241.416
248.385
254.808
260.675
265.99
270.753
274.961
278.585
281.648
284.243
286.421
288.18
289.569
290.701
291.495
291.998
292.383
292.626
292.805
292.993
293.155
293.292
293.423
293.576
293.771
293.989
294.257
294.594
295.019
295.559
296.172
296.863
297.621
298.322
298.607
0.371604
1.25512
2.92527
6.24263
11.8898
20.2376
31.0495
43.5451
56.8761
70.394
83.7898
96.9254
109.763
122.256
134.418
146.174
157.604
168.598
179.223
189.462
199.209
208.579
217.52
225.945
233.877
241.35
248.329
254.759
260.617
265.917
270.665
274.872
278.509
281.586
284.19
286.387
288.158
289.515
290.607
291.392
291.9
292.307
292.579
292.768
292.956
293.114
293.224
293.308
293.436
293.63
293.859
294.142
294.497
294.926
295.462
296.081
296.776
297.546
298.274
298.586
0.371346
1.25396
2.92187
6.23444
11.8732
20.2089
31.0055
43.4844
56.7987
70.3016
83.6816
96.8038
109.636
122.113
134.269
146.03
157.461
168.439
179.048
189.296
199.035
208.386
217.335
225.782
233.729
241.202
248.175
254.602
260.474
265.801
270.578
274.804
278.442
281.517
284.126
286.319
288.091
289.495
290.643
291.451
291.963
292.358
292.603
292.781
292.97
293.129
293.266
293.395
293.546
293.736
293.95
294.214
294.548
294.965
295.498
296.107
296.793
297.559
298.297
298.614
0.371123
1.253
2.91927
6.22865
11.8626
20.1928
30.985
43.4617
56.7766
70.2809
83.6647
96.7893
109.617
122.1
134.255
146.002
157.426
168.413
179.03
189.266
199.011
208.376
217.315
225.741
233.678
241.155
248.138
254.571
260.438
265.75
270.515
274.74
278.39
281.479
284.097
286.307
288.091
289.466
290.578
291.379
291.896
292.31
292.58
292.768
292.96
293.118
293.229
293.313
293.437
293.626
293.849
294.125
294.47
294.888
295.415
296.021
296.703
297.469
298.224
298.557
0.370875
1.25189
2.91599
6.2208
11.8468
20.1655
30.9434
43.4046
56.7038
70.1938
83.5627
96.6743
109.497
121.964
134.112
145.863
157.287
168.259
178.86
189.103
198.839
208.187
217.131
225.576
233.526
241.003
247.979
254.409
260.287
265.623
270.413
274.656
278.307
281.394
284.017
286.222
288.008
289.424
290.589
291.409
291.93
292.335
292.582
292.759
292.95
293.108
293.244
293.37
293.517
293.702
293.91
294.168
294.494
294.898
295.417
296.014
296.683
297.441
298.202
298.536
0.370674
1.25103
2.91366
6.21559
11.8373
20.1509
30.9246
43.3838
56.6835
70.175
83.5477
96.662
109.481
121.954
134.102
145.841
157.259
168.239
178.849
189.083
198.825
208.187
217.122
225.549
233.491
240.973
247.959
254.395
260.268
265.593
270.374
274.617
278.279
281.379
284.009
286.229
288.027
289.419
290.551
291.366
291.892
292.313
292.581
292.768
292.964
293.12
293.232
293.316
293.437
293.619
293.834
294.101
294.432
294.835
295.344
295.93
296.587
297.338
298.108
298.449
0.370434
1.24994
2.91049
6.20802
11.8221
20.1249
30.8852
43.3298
56.6148
70.0929
83.4512
96.5529
109.366
121.825
133.964
145.706
157.124
168.09
178.683
188.921
198.656
208
216.939
225.383
233.335
240.817
247.796
254.227
260.109
265.455
270.26
274.52
278.183
281.279
283.912
286.129
287.928
289.358
290.539
291.373
291.902
292.316
292.565
292.74
292.932
293.089
293.223
293.344
293.487
293.666
293.866
294.116
294.428
294.815
295.312
295.888
296.531
297.269
298.042
298.38
0.370255
1.24918
2.90842
6.20339
11.8136
20.1117
30.8682
43.3109
56.5964
70.076
83.4381
96.5428
109.353
121.818
133.958
145.69
157.103
168.077
178.68
188.911
198.651
208.01
216.942
225.369
233.316
240.804
247.792
254.228
260.107
265.445
270.243
274.503
278.176
281.283
283.923
286.153
287.965
289.374
290.527
291.357
291.89
292.317
292.582
292.768
292.965
293.12
293.231
293.315
293.431
293.603
293.808
294.061
294.373
294.756
295.241
295.8
296.425
297.151
297.926
298.266
0.370019
1.24812
2.90532
6.19606
11.799
20.0868
30.8307
43.2598
56.5315
69.9983
83.3468
96.4393
109.244
121.694
133.826
145.56
156.97
167.932
178.518
188.752
198.484
207.826
216.76
225.201
233.157
240.643
247.624
254.056
259.942
265.298
270.117
274.392
278.066
281.171
283.814
286.041
287.854
289.297
290.493
291.34
291.877
292.299
292.549
292.722
292.914
293.069
293.199
293.313
293.45
293.621
293.81
294.048
294.343
294.708
295.181
295.732
296.343
297.055
297.833
298.17
0.369865
1.24746
2.90352
6.19199
11.7914
20.075
30.8155
43.2427
56.515
69.9833
83.3356
96.4312
109.233
121.69
133.824
145.549
156.957
167.925
178.521
188.75
198.488
207.843
216.773
225.201
233.152
240.644
247.634
254.073
259.957
265.306
270.118
274.394
278.077
281.192
283.842
286.082
287.906
289.331
290.502
291.344
291.884
292.317
292.581
292.765
292.963
293.116
293.226
293.306
293.417
293.578
293.772
294.011
294.303
294.665
295.125
295.66
296.254
296.952
297.732
298.069
0.369628
1.24641
2.90048
6.18485
11.7773
20.0512
30.7798
43.1943
56.4535
69.9097
83.249
96.3327
109.129
121.571
133.697
145.422
156.827
167.783
178.364
188.593
198.322
207.661
216.593
225.033
232.989
240.477
247.462
253.897
259.788
265.152
269.98
274.269
277.954
281.069
283.723
285.961
287.787
289.24
290.448
291.308
291.853
292.283
292.536
292.708
292.901
293.057
293.184
293.292
293.422
293.585
293.766
293.993
294.274
294.622
295.073
295.605
296.189
296.877
297.664
298.002
0.369502
1.24586
2.89896
6.18135
11.7707
20.0408
30.7661
43.1789
56.4386
69.8965
83.2395
96.3265
109.121
121.57
133.698
145.416
156.819
167.782
178.372
188.599
198.335
207.686
216.614
225.044
232.997
240.492
247.485
253.927
259.818
265.176
270
274.289
277.984
281.11
283.772
286.023
287.859
289.298
290.485
291.342
291.89
292.331
292.598
292.782
292.983
293.138
293.248
293.327
293.433
293.587
293.771
293.999
294.277
294.623
295.065
295.583
296.152
296.829
297.621
297.959
0.369259
1.24479
2.89592
6.17426
11.7568
20.0172
30.7308
43.131
56.3777
69.8232
83.153
96.2279
109.016
121.45
133.569
145.286
156.684
167.636
178.21
188.435
198.162
207.498
216.426
224.865
232.823
240.315
247.303
253.742
259.638
265.009
269.847
274.149
277.848
280.975
283.641
285.892
287.73
289.193
290.412
291.285
291.84
292.281
292.541
292.714
292.911
293.07
293.196
293.3
293.425
293.584
293.762
293.984
294.257
294.595
295.033
295.553
296.116
296.786
297.589
297.934
0.36878
1.24289
2.89088
6.16287
11.7352
19.9824
30.6829
43.073
56.3148
69.7583
83.0917
96.1691
108.948
121.394
133.517
145.212
156.606
167.572
178.166
188.388
198.131
207.495
216.414
224.827
232.777
240.286
247.299
253.756
259.649
265.004
269.828
274.136
277.862
281.017
283.705
285.984
287.843
289.267
290.437
291.304
291.871
292.341
292.638
292.845
293.065
293.226
293.316
293.359
293.434
293.583
293.782
294.017
294.291
294.631
295.056
295.555
296.092
296.748
297.586
298.979
0.369131
1.24493
2.8977
6.17999
11.7699
20.0415
30.7685
43.181
56.4376
69.8905
83.2263
96.3055
109.108
121.539
133.659
145.394
156.804
167.756
178.325
188.553
198.274
207.603
216.546
225.004
232.967
240.454
247.435
253.876
259.78
265.16
270.004
274.304
277.992
281.11
283.772
286.014
287.843
289.315
290.552
291.427
291.971
292.4
292.633
292.775
292.953
293.103
293.229
293.344
293.477
293.621
293.759
293.939
294.182
294.487
294.896
295.407
295.945
296.606
297.43
298.748
0.368565
1.24262
2.89113
6.16395
11.7372
19.985
30.6849
43.0731
56.3127
69.7547
83.0861
96.1628
108.94
121.386
133.515
145.205
156.605
167.566
178.154
188.392
198.132
207.488
216.411
224.83
232.781
240.287
247.298
253.754
259.649
265.006
269.833
274.145
277.866
281.015
283.708
285.987
287.837
289.271
290.458
291.323
291.886
292.356
292.641
292.837
293.059
293.22
293.313
293.36
293.431
293.572
293.757
293.977
294.236
294.562
294.98
295.488
296.014
296.67
297.509
298.832
0.368646
1.24367
2.8957
6.17705
11.7663
20.038
30.7667
43.1813
56.4402
69.8946
83.2329
96.3127
109.118
121.547
133.666
145.4
156.809
167.765
178.333
188.557
198.277
207.608
216.551
225.006
232.968
240.455
247.439
253.882
259.786
265.163
270.003
274.305
277.995
281.111
283.776
286.023
287.851
289.314
290.545
291.416
291.958
292.391
292.622
292.753
292.926
293.072
293.185
293.282
293.397
293.535
293.669
293.836
294.068
294.368
294.768
295.278
295.807
296.471
297.317
298.63
0.368267
1.24214
2.8911
6.16482
11.7392
19.988
30.6877
43.0743
56.3114
69.7516
83.0807
96.1564
108.932
121.376
133.511
145.196
156.602
167.562
178.142
188.393
198.133
207.482
216.406
224.831
232.784
240.286
247.294
253.748
259.643
265.003
269.833
274.148
277.866
281.006
283.698
285.977
287.824
289.265
290.465
291.332
291.893
292.36
292.635
292.818
293.04
293.206
293.301
293.352
293.427
293.571
293.75
293.96
294.215
294.537
294.957
295.482
296.02
296.69
297.543
298.847
0.368167
1.24244
2.89374
6.1741
11.7625
20.0341
30.7641
43.1808
56.4422
69.8983
83.2395
96.3201
109.129
121.557
133.675
145.407
156.815
167.772
178.34
188.562
198.28
207.612
216.555
225.009
232.969
240.457
247.442
253.887
259.791
265.166
270.004
274.306
277.999
281.113
283.78
286.031
287.86
289.316
290.54
291.407
291.948
292.382
292.612
292.739
292.909
293.051
293.151
293.233
293.333
293.465
293.597
293.76
293.986
294.286
294.687
295.204
295.737
296.408
297.264
298.567
0.367887
1.24144
2.89073
6.16535
11.7412
19.9914
30.6915
43.0767
56.3111
69.749
83.0757
96.1499
108.923
121.366
133.506
145.187
156.6
167.559
178.132
188.393
198.133
207.476
216.402
224.831
232.786
240.287
247.291
253.743
259.638
264.999
269.832
274.149
277.865
280.998
283.687
285.967
287.81
289.257
290.469
291.338
291.897
292.362
292.629
292.801
293.016
293.188
293.287
293.344
293.426
293.573
293.748
293.948
294.198
294.52
294.942
295.479
296.028
296.707
297.561
298.847
0.367682
1.24123
2.89184
6.17118
11.7585
20.0296
30.7607
43.1793
56.4434
69.9015
83.2458
96.3277
109.14
121.568
133.685
145.416
156.822
167.778
178.345
188.568
198.283
207.616
216.56
225.012
232.971
240.457
247.445
253.892
259.796
265.17
270.005
274.307
278.004
281.116
283.784
286.041
287.869
289.32
290.54
291.403
291.942
292.375
292.605
292.727
292.895
293.036
293.126
293.192
293.278
293.406
293.536
293.691
293.912
294.214
294.619
295.142
295.683
296.361
297.218
298.508
0.367429
1.24051
2.88996
6.1654
11.7428
19.9949
30.6962
43.0804
56.3121
69.7474
83.0713
96.1435
108.915
121.355
133.5
145.176
156.596
167.559
178.124
188.393
198.133
207.471
216.398
224.832
232.788
240.286
247.288
253.738
259.634
264.996
269.83
274.148
277.863
280.989
283.675
285.957
287.799
289.25
290.469
291.34
291.899
292.361
292.623
292.785
292.994
293.168
293.271
293.335
293.426
293.578
293.748
293.938
294.186
294.512
294.941
295.486
296.047
296.74
297.599
298.876
0.367174
1.24001
2.88997
6.16835
11.7546
20.0249
30.7565
43.1767
56.4436
69.904
83.2517
96.3354
109.152
121.58
133.697
145.426
156.829
167.783
178.35
188.573
198.287
207.619
216.563
225.015
232.972
240.459
247.448
253.897
259.801
265.173
270.006
274.309
278.009
281.121
283.789
286.051
287.879
289.326
290.542
291.404
291.939
292.37
292.599
292.719
292.885
293.026
293.106
293.157
293.233
293.358
293.484
293.632
293.849
294.152
294.561
295.088
295.635
296.322
297.178
298.452
0.366904
1.23937
2.88875
6.16484
11.7439
19.9983
30.7016
43.0856
56.3146
69.7469
83.0677
96.1376
108.906
121.343
133.491
145.164
156.592
167.559
178.118
188.393
198.134
207.467
216.396
224.834
232.79
240.287
247.286
253.735
259.63
264.993
269.828
274.146
277.86
280.98
283.663
285.945
287.789
289.243
290.466
291.342
291.9
292.359
292.616
292.771
292.976
293.15
293.256
293.326
293.427
293.583
293.745
293.928
294.174
294.503
294.938
295.488
296.055
296.763
297.626
298.891
0.36662
1.23872
2.8881
6.16562
11.7507
20.0201
30.7517
43.1731
56.4426
69.9056
83.257
96.3428
109.164
121.593
133.712
145.439
156.837
167.787
178.353
188.579
198.292
207.623
216.566
225.017
232.974
240.461
247.451
253.9
259.804
265.175
270.009
274.314
278.015
281.125
283.794
286.059
287.887
289.332
290.546
291.408
291.941
292.369
292.595
292.713
292.877
293.015
293.09
293.129
293.198
293.318
293.439
293.581
293.794
294.099
294.515
295.047
295.604
296.313
297.177
298.446
0.366322
1.23802
2.8871
6.16355
11.7442
20.0013
30.7075
43.0921
56.319
69.748
83.0652
96.1322
108.898
121.331
133.481
145.152
156.587
167.562
178.114
188.392
198.134
207.465
216.394
224.834
232.792
240.289
247.286
253.732
259.627
264.99
269.825
274.146
277.859
280.972
283.651
285.932
287.776
289.234
290.462
291.344
291.902
292.359
292.611
292.761
292.964
293.138
293.246
293.321
293.43
293.588
293.745
293.922
294.168
294.503
294.948
295.503
296.08
296.811
297.685
298.951
0.366008
1.23729
2.88612
6.16295
11.7471
20.0154
30.7466
43.1685
56.4403
69.906
83.2614
96.3498
109.175
121.608
133.728
145.452
156.846
167.79
178.354
188.584
198.297
207.626
216.568
225.018
232.975
240.464
247.455
253.903
259.806
265.176
270.011
274.32
278.023
281.13
283.799
286.065
287.894
289.338
290.552
291.415
291.947
292.373
292.596
292.709
292.871
293.008
293.076
293.109
293.176
293.293
293.406
293.542
293.753
294.06
294.486
295.024
295.595
296.328
297.204
298.477
0.365679
1.23651
2.88505
6.1615
11.7436
20.0036
30.7137
43.1
56.3254
69.751
83.0644
96.1278
108.891
121.318
133.47
145.139
156.581
167.565
178.113
188.392
198.135
207.464
216.393
224.836
232.795
240.292
247.287
253.731
259.624
264.987
269.824
274.146
277.859
280.966
283.64
285.921
287.767
289.227
290.459
291.346
291.906
292.361
292.612
292.759
292.959
293.134
293.244
293.323
293.439
293.601
293.754
293.929
294.177
294.52
294.979
295.544
296.137
296.891
297.778
299.055
0.365334
1.23568
2.88391
6.1602
11.7438
20.011
30.7414
43.1632
56.4367
69.905
83.2646
96.3561
109.186
121.622
133.746
145.467
156.854
167.793
178.355
188.588
198.302
207.63
216.569
225.019
232.976
240.466
247.457
253.905
259.806
265.176
270.012
274.325
278.032
281.137
283.805
286.073
287.904
289.348
290.561
291.427
291.957
292.38
292.602
292.711
292.872
293.006
293.071
293.103
293.172
293.287
293.393
293.522
293.733
294.048
294.487
295.037
295.623
296.378
297.27
298.559
0.364971
1.2348
2.88267
6.15872
11.7418
20.0047
30.7195
43.109
56.334
69.7563
83.0655
96.1249
108.885
121.306
133.456
145.127
156.576
167.568
178.114
188.392
198.137
207.465
216.394
224.839
232.799
240.295
247.289
253.731
259.624
264.987
269.823
274.144
277.86
280.963
283.632
285.914
287.762
289.223
290.457
291.35
291.911
292.366
292.616
292.761
292.961
293.136
293.248
293.331
293.452
293.616
293.768
293.939
294.189
294.542
295.014
295.59
296.196
296.966
297.866
299.16
0.364591
1.23387
2.88135
6.15711
11.7405
20.0072
30.7367
43.1575
56.4317
69.9023
83.2662
96.3613
109.196
121.638
133.766
145.481
156.864
167.797
178.354
188.593
198.307
207.633
216.571
225.02
232.977
240.466
247.458
253.906
259.808
265.178
270.013
274.328
278.04
281.143
283.81
286.083
287.916
289.36
290.572
291.442
291.971
292.391
292.61
292.718
292.875
293.006
293.071
293.103
293.17
293.283
293.385
293.509
293.719
294.042
294.492
295.053
295.654
296.426
297.332
298.64
0.364192
1.23288
2.87993
6.15535
11.7388
20.0043
30.7243
43.1186
56.3448
69.7643
83.0692
96.1238
108.881
121.294
133.442
145.116
156.571
167.571
178.117
188.395
198.139
207.466
216.397
224.844
232.804
240.299
247.293
253.735
259.627
264.99
269.824
274.144
277.861
280.96
283.625
285.907
287.758
289.221
290.457
291.358
291.922
292.375
292.625
292.769
292.967
293.141
293.256
293.343
293.463
293.627
293.779
293.947
294.198
294.558
295.038
295.626
296.245
297.028
297.942
299.258
0.363772
1.23184
2.87841
6.15343
11.737
20.004
30.7329
43.1521
56.4257
69.8978
83.2659
96.3652
109.205
121.653
133.788
145.497
156.873
167.801
178.353
188.597
198.312
207.636
216.573
225.021
232.977
240.466
247.459
253.908
259.809
265.179
270.014
274.331
278.048
281.15
283.815
286.093
287.931
289.376
290.587
291.461
291.99
292.408
292.626
292.731
292.885
293.015
293.08
293.112
293.176
293.286
293.386
293.507
293.717
294.044
294.502
295.078
295.693
296.48
297.404
298.737
0.363333
1.23072
2.87678
6.15134
11.735
20.0024
30.7275
43.128
56.3575
69.7753
83.0761
96.1254
108.879
121.284
133.427
145.105
156.567
167.575
178.123
188.399
198.143
207.47
216.402
224.852
232.813
240.307
247.3
253.742
259.634
264.996
269.829
274.148
277.866
280.962
283.623
285.906
287.761
289.227
290.464
291.374
291.939
292.392
292.644
292.784
292.98
293.156
293.274
293.361
293.479
293.643
293.795
293.962
294.214
294.576
295.061
295.665
296.3
297.093
298.022
299.364
0.362872
1.22955
2.87504
6.14907
11.7328
20.001
30.7305
43.1479
56.4194
69.8917
83.2633
96.367
109.212
121.667
133.81
145.513
156.883
167.806
178.352
188.599
198.317
207.639
216.574
225.022
232.978
240.467
247.461
253.909
259.81
265.18
270.017
274.335
278.058
281.16
283.823
286.105
287.948
289.396
290.609
291.491
292.022
292.437
292.656
292.757
292.908
293.037
293.103
293.134
293.193
293.302
293.402
293.521
293.731
294.059
294.519
295.11
295.741
296.538
297.48
298.844
0.362388
1.2283
2.87317
6.1466
11.7304
19.9993
30.7288
43.1362
56.3715
69.7894
83.0867
96.1304
108.88
121.276
133.412
145.095
156.563
167.58
178.131
188.406
198.149
207.476
216.411
224.862
232.824
240.319
247.312
253.754
259.645
265.007
269.838
274.157
277.876
280.97
283.628
285.913
287.771
289.239
290.479
291.398
291.968
292.42
292.676
292.814
293.007
293.182
293.302
293.388
293.5
293.662
293.813
293.978
294.226
294.584
295.07
295.68
296.326
297.134
298.083
299.455
0.361881
1.22699
2.87116
6.14392
11.7277
19.9974
30.729
43.1457
56.4137
69.8844
83.2583
96.3664
109.218
121.68
133.832
145.53
156.894
167.813
178.352
188.602
198.323
207.643
216.576
225.023
232.98
240.469
247.462
253.911
259.812
265.182
270.02
274.341
278.069
281.171
283.834
286.119
287.969
289.422
290.637
291.53
292.066
292.481
292.704
292.802
292.948
293.076
293.142
293.17
293.223
293.329
293.43
293.548
293.754
294.078
294.537
295.128
295.767
296.577
297.534
298.924
0.36135
1.2256
2.86902
6.14102
11.7248
19.9952
30.7284
43.1422
56.3856
69.8063
83.1016
96.1396
108.885
121.272
133.401
145.087
156.561
167.585
178.141
188.416
198.159
207.487
216.423
224.876
232.839
240.334
247.327
253.77
259.661
265.023
269.854
274.172
277.893
280.987
283.644
285.931
287.793
289.265
290.507
291.434
292.009
292.462
292.721
292.856
293.046
293.224
293.344
293.427
293.531
293.689
293.838
293.999
294.24
294.591
295.071
295.675
296.32
297.134
298.094
299.483
0.360793
1.22414
2.86674
6.13788
11.7215
19.9927
30.7278
43.1459
56.4102
69.8768
83.2508
96.363
109.22
121.69
133.851
145.547
156.907
167.822
178.354
188.607
198.33
207.649
216.58
225.026
232.982
240.472
247.466
253.914
259.815
265.187
270.027
274.351
278.083
281.187
283.85
286.139
287.997
289.456
290.678
291.583
292.126
292.544
292.769
292.864
293.008
293.134
293.2
293.225
293.271
293.374
293.473
293.588
293.789
294.105
294.557
295.14
295.773
296.584
297.551
298.958
0.360212
1.2226
2.8643
6.13449
11.7179
19.9899
30.7269
43.1462
56.3982
69.825
83.121
96.1541
108.895
121.274
133.395
145.084
156.561
167.59
178.153
188.428
198.172
207.502
216.44
224.895
232.86
240.356
247.349
253.791
259.684
265.046
269.879
274.2
277.923
281.017
283.675
285.963
287.83
289.306
290.552
291.487
292.068
292.523
292.782
292.916
293.106
293.281
293.399
293.477
293.575
293.727
293.871
294.026
294.256
294.592
295.054
295.644
296.275
297.082
298.05
299.455
0.359605
1.22099
2.8617
6.13083
11.7139
19.9868
30.7259
43.1478
56.4105
69.8708
83.2416
96.3564
109.218
121.697
133.867
145.562
156.923
167.836
178.361
188.614
198.338
207.657
216.586
225.032
232.988
240.479
247.474
253.922
259.823
265.196
270.039
274.368
278.103
281.21
283.877
286.17
288.036
289.504
290.736
291.651
292.203
292.627
292.851
292.944
293.087
293.209
293.273
293.296
293.336
293.43
293.524
293.634
293.821
294.117
294.546
295.108
295.715
296.511
297.483
298.899
0.358974
1.21929
2.85893
6.12689
11.7096
19.9832
30.7245
43.1488
56.4086
69.8436
83.1446
96.1747
108.912
121.283
133.397
145.087
156.563
167.597
178.167
188.445
198.19
207.522
216.464
224.922
232.889
240.387
247.381
253.824
259.718
265.083
269.918
274.242
277.967
281.064
283.723
286.013
287.886
289.367
290.619
291.56
292.145
292.603
292.86
292.991
293.178
293.346
293.458
293.533
293.62
293.753
293.887
294.03
294.236
294.542
294.975
295.536
296.13
296.907
297.864
299.259
0.358318
1.21752
2.85599
6.12265
11.7048
19.9792
30.7228
43.15
56.4145
69.8692
83.2325
96.3469
109.213
121.699
133.878
145.576
156.941
167.854
178.374
188.627
198.352
207.67
216.598
225.043
233
240.493
247.489
253.937
259.839
265.214
270.06
274.395
278.133
281.245
283.917
286.216
288.091
289.569
290.811
291.736
292.297
292.725
292.946
293.037
293.176
293.29
293.347
293.365
293.398
293.478
293.557
293.647
293.804
294.069
294.463
294.989
295.55
296.3
297.246
298.635
0.35764
1.21567
2.85288
6.1181
11.6995
19.9748
30.7208
43.1508
56.417
69.8605
83.171
96.202
108.938
121.302
133.411
145.1
156.571
167.607
178.184
188.465
198.214
207.551
216.497
224.958
232.929
240.429
247.426
253.871
259.766
265.134
269.973
274.3
278.029
281.13
283.793
286.087
287.965
289.453
290.709
291.654
292.243
292.701
292.952
293.074
293.25
293.406
293.504
293.561
293.639
293.763
293.869
293.975
294.148
294.42
294.809
295.317
295.85
296.563
297.474
298.812
0.35694
1.21374
2.8496
6.11322
11.6938
19.9698
30.7182
43.1515
56.4213
69.8735
83.2268
96.3363
109.203
121.695
133.883
145.588
156.962
167.88
178.397
188.649
198.375
207.692
216.618
225.062
233.021
240.516
247.513
253.963
259.866
265.243
270.093
274.433
278.177
281.296
283.975
286.281
288.165
289.653
290.904
291.836
292.404
292.833
293.048
293.127
293.252
293.352
293.393
293.398
293.425
293.493
293.549
293.609
293.734
293.955
294.292
294.754
295.245
295.923
296.811
298.124
0.356219
1.21173
2.84614
6.108
11.6876
19.9641
30.7152
43.1519
56.4249
69.8753
83.1975
96.2355
108.973
121.336
133.441
145.125
156.587
167.622
178.206
188.493
198.248
207.591
216.541
225.006
232.98
240.484
247.483
253.931
259.83
265.202
270.045
274.378
278.112
281.218
283.887
286.185
288.069
289.562
290.821
291.765
292.353
292.804
293.038
293.138
293.288
293.42
293.498
293.546
293.612
293.712
293.801
293.888
294.021
294.224
294.524
294.944
295.39
296.022
296.862
298.088
0.355479
1.20965
2.84252
6.10244
11.6809
19.9579
30.7116
43.1521
56.429
69.8837
83.2288
96.3283
109.191
121.685
133.881
145.597
156.988
167.916
178.431
188.681
198.406
207.722
216.649
225.094
233.055
240.552
247.551
254.001
259.905
265.285
270.14
274.486
278.236
281.362
284.049
286.361
288.254
289.751
291.007
291.94
292.506
292.927
293.123
293.173
293.267
293.347
293.377
293.38
293.4
293.448
293.495
293.547
293.64
293.794
294.036
294.392
294.785
295.357
296.136
297.286
0.354723
1.20751
2.83873
6.09653
11.6736
19.9509
30.7074
43.1518
56.433
69.8899
83.2227
96.2728
109.02
121.385
133.488
145.165
156.615
167.645
178.235
188.531
198.293
207.643
216.599
225.067
233.045
240.552
247.556
254.007
259.911
265.287
270.136
274.475
278.214
281.326
284.001
286.302
288.188
289.683
290.938
291.87
292.442
292.868
293.079
293.139
293.243
293.354
293.426
293.476
293.532
293.601
293.673
293.752
293.849
293.986
294.187
294.473
294.785
295.209
295.873
296.929
0.353955
1.20531
2.83478
6.09028
11.6657
19.9431
30.7024
43.1511
56.437
69.8981
83.2409
96.3296
109.181
121.672
133.876
145.606
157.018
167.961
178.478
188.726
198.449
207.766
216.694
225.142
233.106
240.605
247.605
254.056
259.962
265.344
270.202
274.552
278.305
281.436
284.128
286.443
288.337
289.837
291.09
292.008
292.551
292.938
293.109
293.134
293.192
293.255
293.292
293.312
293.333
293.36
293.39
293.428
293.489
293.584
293.723
293.924
294.226
294.686
295.14
295.681
0.353177
1.20306
2.83069
6.08371
11.6573
19.9346
30.6966
43.1499
56.441
69.9063
83.2478
96.3115
109.077
121.454
133.556
145.226
156.661
167.681
178.275
188.582
198.355
207.713
216.673
225.143
233.123
240.634
247.642
254.097
260.004
265.384
270.238
274.581
278.321
281.438
284.115
286.415
288.294
289.782
291.022
291.925
292.452
292.794
292.952
293.025
293.117
293.205
293.272
293.329
293.388
293.449
293.498
293.543
293.591
293.64
293.712
293.832
294.026
294.314
294.681
295.195
0.352396
1.20078
2.82647
6.07684
11.6483
19.9253
30.69
43.1481
56.4451
69.9157
83.2631
96.3461
109.181
121.662
133.869
145.614
157.05
168.014
178.54
188.786
198.508
207.826
216.756
225.207
233.173
240.674
247.675
254.125
260.03
265.411
270.269
274.617
278.368
281.499
284.191
286.5
288.384
289.872
291.107
291.99
292.477
292.761
292.897
292.975
293.05
293.112
293.143
293.142
293.149
293.186
293.216
293.233
293.261
293.293
293.331
293.394
293.493
293.652
293.908
294.322
0.351617
1.19848
2.82215
6.06969
11.6387
19.9151
30.6824
43.1456
56.4491
69.9256
83.2768
96.3525
109.141
121.538
133.647
145.315
156.735
167.741
178.334
188.647
198.427
207.79
216.752
225.224
233.206
240.719
247.729
254.187
260.096
265.478
270.332
274.673
278.41
281.524
284.198
286.487
288.348
289.811
291.017
291.851
292.264
292.508
292.675
292.799
292.909
292.997
293.045
293.054
293.036
293.075
293.16
293.206
293.245
293.302
293.374
293.452
293.532
293.627
293.731
293.91
0.350846
1.19617
2.81776
6.06231
11.6286
19.9042
30.6739
43.1424
56.453
69.9365
83.2942
96.3797
109.202
121.667
133.869
145.623
157.08
168.068
178.608
188.858
198.581
207.9
216.832
225.283
233.249
240.748
247.746
254.193
260.094
265.47
270.322
274.663
278.403
281.524
284.205
286.498
288.355
289.81
290.999
291.792
292.17
292.412
292.588
292.714
292.816
292.891
292.919
292.869
292.807
292.755
292.768
292.837
292.863
292.895
292.963
293.059
293.171
293.294
293.386
293.523
0.35009
1.19389
2.81335
6.05476
11.6181
19.8925
30.6645
43.1386
56.4568
69.9483
83.3128
96.4005
109.208
121.629
133.757
145.43
156.841
167.831
178.414
188.724
198.506
207.87
216.831
225.302
233.281
240.793
247.801
254.258
260.164
265.54
270.387
274.716
278.44
281.538
284.193
286.456
288.27
289.677
290.803
291.49
291.82
292.1
292.315
292.481
292.618
292.723
292.783
292.788
292.726
292.651
292.626
292.654
292.726
292.829
292.956
293.084
293.175
293.258
293.345
293.479
0.349359
1.19165
2.80895
6.04713
11.6073
19.8801
30.6542
43.134
56.4606
69.961
83.3337
96.4293
109.25
121.702
133.89
145.639
157.108
168.115
178.674
188.933
198.659
207.977
216.908
225.356
233.316
240.808
247.798
254.239
260.132
265.496
270.332
274.652
278.367
281.46
284.111
286.367
288.169
289.557
290.666
291.343
291.658
291.928
292.156
292.336
292.473
292.565
292.586
292.538
292.495
292.492
292.513
292.538
292.563
292.607
292.695
292.845
292.991
293.087
293.156
293.264
0.34866
1.18949
2.80463
6.03951
11.5963
19.8673
30.6432
43.1288
56.4643
69.9746
83.3565
96.459
109.281
121.721
133.871
145.56
156.97
167.944
178.507
188.803
198.575
207.933
216.892
225.36
233.334
240.838
247.839
254.286
260.181
265.539
270.361
274.661
278.349
281.404
284.014
286.227
287.968
289.291
290.341
291.016
291.351
291.633
291.899
292.114
292.3
292.464
292.568
292.586
292.546
292.51
292.499
292.518
292.58
292.67
292.779
292.92
293.079
293.218
293.274
293.348
0.348005
1.18743
2.80046
6.03204
11.5853
19.8542
30.6317
43.1231
56.4679
69.9888
83.381
96.4921
109.321
121.771
133.943
145.674
157.135
168.148
178.721
188.993
198.723
208.038
216.961
225.401
233.35
240.83
247.808
254.235
260.112
265.453
270.257
274.538
278.21
281.247
283.843
286.047
287.777
289.088
290.146
290.85
291.216
291.548
291.819
292
292.196
292.383
292.497
292.529
292.513
292.49
292.481
292.509
292.567
292.662
292.799
292.962
293.073
293.129
293.17
293.247
0.347403
1.18552
2.79653
6.02489
11.5746
19.8412
30.6201
43.1171
56.4714
70.0034
83.4065
96.5267
109.362
121.812
133.975
145.679
157.098
168.065
178.608
188.878
198.627
207.97
216.919
225.38
233.342
240.83
247.811
254.236
260.104
265.429
270.211
274.465
278.108
281.106
283.667
285.848
287.561
288.864
289.952
290.725
291.154
291.531
291.803
291.982
292.207
292.396
292.485
292.503
292.511
292.539
292.565
292.598
292.659
292.76
292.928
293.135
293.259
293.364
293.511
293.711
0.346867
1.1838
2.79292
6.01825
11.5645
19.8288
30.6087
43.1111
56.4747
70.0179
83.4321
96.5616
109.403
121.857
134.023
145.734
157.171
168.166
178.734
189.011
198.746
208.06
216.975
225.403
233.337
240.8
247.76
254.167
260.018
265.325
270.086
274.321
277.946
280.921
283.464
285.647
287.383
288.719
289.858
290.694
291.168
291.574
291.848
292.033
292.274
292.461
292.54
292.529
292.515
292.54
292.56
292.598
292.687
292.837
293.06
293.27
293.39
293.534
293.663
293.778
0.346409
1.18231
2.78977
6.01236
11.5554
19.8175
30.5981
43.1054
56.4778
70.0317
83.4565
96.595
109.442
121.899
134.063
145.767
157.188
168.156
178.69
188.942
198.662
207.975
216.902
225.345
233.291
240.76
247.721
254.126
259.972
265.271
270.02
274.249
277.874
280.844
283.387
285.584
287.343
288.703
289.863
290.724
291.223
291.639
291.903
292.068
292.285
292.462
292.558
292.58
292.601
292.652
292.685
292.724
292.816
292.94
293.094
293.286
293.45
293.608
293.777
293.951
0.346041
1.1811
2.78718
6.00748
11.5478
19.8079
30.5891
43.1005
56.4804
70.0437
83.4779
96.6243
109.476
121.935
134.098
145.799
157.217
168.186
178.727
188.988
198.715
208.026
216.942
225.367
233.292
240.742
247.686
254.074
259.907
265.195
269.931
274.149
277.768
280.737
283.288
285.506
287.295
288.692
289.887
290.778
291.312
291.743
291.991
292.134
292.335
292.498
292.59
292.619
292.637
292.674
292.704
292.745
292.829
292.965
293.139
293.306
293.406
293.524
293.73
294.018
0.345779
1.18023
2.7853
6.00391
11.5422
19.8008
30.5823
43.0968
56.4824
70.0529
83.4944
96.6468
109.503
121.963
134.124
145.822
157.234
168.194
178.721
188.967
198.677
207.974
216.884
225.309
233.24
240.698
247.65
254.046
259.883
265.174
269.915
274.144
277.768
280.738
283.291
285.509
287.301
288.708
289.904
290.784
291.317
291.75
291.998
292.129
292.316
292.472
292.546
292.568
292.591
292.638
292.696
292.752
292.84
292.994
293.175
293.314
293.416
293.561
293.754
294.01
0.345639
1.17977
2.78429
6.00197
11.5391
19.7969
30.5786
43.0947
56.4835
70.058
83.5036
96.6595
109.517
121.978
134.139
145.834
157.243
168.199
178.724
188.969
198.68
207.981
216.891
225.317
233.247
240.703
247.652
254.045
259.882
265.173
269.911
274.139
277.764
280.739
283.298
285.512
287.298
288.701
289.886
290.743
291.263
291.692
291.944
292.06
292.229
292.406
292.498
292.517
292.538
292.583
292.623
292.66
292.728
292.846
293.001
293.158
293.316
293.523
293.749
294.049
299.771
301.226
302.928
304.279
305.226
305.864
306.27
306.502
306.602
306.599
306.547
306.491
306.424
306.33
306.188
305.964
305.661
305.24
304.568
303.404
299.476
300.75
302.253
303.582
304.633
305.381
305.867
306.15
306.285
306.306
306.264
306.209
306.145
306.06
305.937
305.737
305.419
304.982
304.469
303.88
299.558
300.763
302.187
303.505
304.566
305.338
305.858
306.17
306.324
306.353
306.31
306.249
306.179
306.091
305.968
305.779
305.468
305.022
304.493
303.942
299.345
300.478
301.773
302.989
304.03
304.854
305.442
305.815
306.015
306.081
306.06
306.008
305.946
305.869
305.763
305.605
305.343
304.936
304.413
303.874
299.554
300.639
301.853
303.02
304.052
304.89
305.511
305.927
306.166
306.265
306.258
306.206
306.144
306.068
305.969
305.828
305.604
305.246
304.755
304.216
299.27
300.321
301.47
302.572
303.558
304.385
305.027
305.481
305.764
305.905
305.926
305.885
305.832
305.765
305.677
305.554
305.365
305.06
304.626
304.142
299.541
300.555
301.642
302.686
303.632
304.444
305.097
305.58
305.9
306.076
306.128
306.1
306.044
305.976
305.891
305.778
305.613
305.343
304.949
304.49
299.2
300.195
301.243
302.245
303.158
303.953
304.607
305.107
305.455
305.664
305.752
305.746
305.699
305.641
305.568
305.472
305.331
305.103
304.757
304.336
299.561
300.529
301.53
302.484
303.355
304.122
304.764
305.27
305.638
305.876
305.995
306.006
305.962
305.908
305.84
305.749
305.618
305.415
305.1
304.706
299.135
300.088
301.058
301.978
302.819
303.563
304.194
304.702
305.083
305.339
305.48
305.51
305.477
305.43
305.368
305.287
305.171
304.99
304.708
304.35
299.565
300.495
301.431
302.311
303.114
303.825
304.432
304.927
305.304
305.566
305.721
305.773
305.751
305.702
305.643
305.569
305.469
305.316
305.063
304.73
299.119
300.04
300.957
301.814
302.593
303.283
303.873
304.359
304.736
305.007
305.177
305.254
305.249
305.206
305.159
305.102
305.022
304.898
304.689
304.392
299.614
300.516
301.409
302.238
302.986
303.643
304.205
304.666
305.028
305.29
305.46
305.545
305.55
305.51
305.465
305.412
305.341
305.233
305.058
304.799
299.141
300.039
300.923
301.737
302.466
303.104
303.649
304.097
304.45
304.712
304.889
304.988
305.013
304.99
304.956
304.914
304.857
304.774
304.642
304.434
299.714
300.601
301.47
302.264
302.968
303.58
304.097
304.522
304.858
305.108
305.279
305.379
305.413
305.396
305.357
305.311
305.254
305.18
305.074
304.906
299.222
300.111
300.973
301.755
302.445
303.041
303.542
303.951
304.273
304.514
304.682
304.785
304.832
304.826
304.789
304.746
304.699
304.644
304.566
304.435
299.821
300.703
301.557
302.326
302.998
303.571
304.048
304.434
304.734
304.954
305.103
305.192
305.229
305.22
305.178
305.128
305.078
305.024
304.945
304.809
299.308
300.196
301.051
301.818
302.484
303.046
303.506
303.873
304.154
304.358
304.495
304.576
304.61
304.605
304.575
304.544
304.515
304.475
304.397
304.242
299.926
300.812
301.666
302.431
303.088
303.637
304.079
304.422
304.676
304.853
304.964
305.02
305.034
305.018
304.997
304.978
304.944
304.873
304.732
304.522
299.414
300.31
301.171
301.938
302.595
303.139
303.571
303.902
304.142
304.303
304.397
304.439
304.451
304.458
304.461
304.445
304.391
304.269
304.079
303.875
300.043
300.944
301.811
302.581
303.237
303.775
304.197
304.511
304.73
304.865
304.929
304.955
304.972
304.981
304.969
304.918
304.795
304.594
304.371
304.17
299.536
300.454
301.334
302.115
302.779
303.32
303.74
304.046
304.249
304.36
304.415
304.454
304.481
304.486
304.452
304.348
304.162
303.926
303.691
303.487
300.152
301.077
301.968
302.759
303.428
303.97
304.386
304.679
304.858
304.948
305
305.04
305.058
305.039
304.955
304.771
304.512
304.225
303.954
303.729
299.634
300.579
301.487
302.292
302.97
303.517
303.93
304.216
304.378
304.461
304.521
304.563
304.576
304.538
304.407
304.159
303.842
303.51
303.214
302.979
300.193
301.145
302.063
302.876
303.56
304.106
304.512
304.785
304.925
304.996
305.053
305.091
305.092
305.028
304.839
304.503
304.098
303.704
303.374
303.125
299.682
300.655
301.591
302.418
303.111
303.66
304.065
304.327
304.462
304.537
304.598
304.636
304.629
304.536
304.275
303.852
303.394
302.966
302.617
302.362
300.177
301.151
302.093
302.927
303.628
304.182
304.587
304.844
304.976
305.054
305.118
305.154
305.136
305.014
304.684
304.173
303.638
303.148
302.751
302.462
299.626
300.614
301.577
302.432
303.15
303.72
304.137
304.4
304.538
304.626
304.699
304.743
304.727
304.594
304.229
303.662
303.063
302.506
302.044
301.698
299.974
300.954
301.922
302.79
303.527
304.119
304.558
304.841
304.994
305.092
305.175
305.227
305.218
305.089
304.723
304.127
303.451
302.79
302.22
301.779
299.349
300.337
301.326
302.221
302.991
303.619
304.097
304.416
304.593
304.704
304.8
304.868
304.879
304.779
304.461
303.882
303.147
302.378
301.683
301.121
299.501
300.463
301.441
302.341
303.127
303.782
304.3
304.675
304.893
305.025
305.147
305.246
305.298
305.259
305.041
304.54
303.812
303
302.205
301.509
298.804
299.764
300.752
301.67
302.486
303.184
303.751
304.178
304.452
304.619
304.755
304.873
304.953
304.959
304.82
304.411
303.743
302.937
302.091
301.292
298.716
299.614
300.553
301.434
302.235
302.945
303.557
304.063
304.453
304.714
304.88
305.015
305.135
305.222
305.242
305.13
304.759
304.089
303.248
302.359
297.874
298.709
299.584
300.426
301.217
301.95
302.618
303.211
303.716
304.121
304.408
304.579
304.689
304.78
304.845
304.859
304.768
304.461
303.829
302.967
297.447
298.203
299.031
299.847
300.641
301.408
302.135
302.808
303.416
303.944
304.373
304.675
304.857
304.98
305.078
305.138
305.138
305.023
304.704
304.15
295.987
296.599
297.472
298.437
299.423
300.381
301.276
302.077
302.768
303.349
303.801
304.096
304.276
304.406
304.513
304.584
304.569
304.401
304.053
303.738
295.465
296.013
296.889
297.952
299.013
299.972
300.837
301.613
302.292
302.894
303.408
303.794
304.012
304.166
304.353
304.49
304.524
304.486
304.425
304.333
294.536
294.962
295.673
296.693
297.804
298.887
299.928
300.761
301.397
301.927
302.409
302.865
303.288
303.649
303.915
304.069
304.107
304.031
303.902
303.789
294.021
294.267
294.7
295.396
296.362
297.477
298.567
299.535
300.353
301.032
301.654
302.243
302.789
303.286
303.715
304.047
304.259
304.342
304.31
304.242
293.631
293.856
294.223
294.707
295.373
296.228
297.079
297.964
298.985
299.85
300.526
301.319
302.073
302.59
302.984
303.335
303.638
303.864
303.969
303.982
293.574
293.799
294.225
294.842
295.618
296.343
296.938
297.588
298.3
299.011
299.706
300.383
301.026
301.624
302.168
302.658
303.087
303.442
303.697
303.838
293.356
293.574
293.945
294.488
295.082
295.652
296.274
296.952
297.669
298.375
299.024
299.613
300.172
300.718
301.256
301.776
302.254
302.67
302.972
303.04
293.423
293.611
293.986
294.529
295.131
295.812
296.434
296.885
297.345
297.868
298.422
298.995
299.582
300.165
300.721
301.237
301.711
302.141
302.525
302.843
293.325
293.528
293.923
294.522
295.212
295.86
296.41
296.873
297.316
297.767
298.23
298.722
299.252
299.816
300.362
300.704
300.935
301.257
301.607
301.929
293.865
294.168
294.58
295.033
295.497
295.955
296.394
296.806
297.188
297.545
297.882
298.203
298.511
298.814
299.129
299.467
299.832
300.222
300.633
301.006
293.873
294.096
294.455
294.906
295.378
295.808
296.201
296.555
296.84
297.073
297.295
297.52
297.733
297.934
298.15
298.414
298.733
299.027
299.288
299.581
294.049
294.254
294.583
294.971
295.293
295.546
295.793
296.023
296.227
296.412
296.589
296.766
296.952
297.157
297.384
297.637
297.918
298.224
298.557
298.892
294.134
294.324
294.576
294.855
295.099
295.28
295.438
295.597
295.759
295.922
296.088
296.257
296.434
296.622
296.826
297.047
297.285
297.54
297.809
298.071
294.137
294.318
294.505
294.689
294.878
295.061
295.234
295.399
295.556
295.709
295.86
296.013
296.172
296.338
296.515
296.704
296.906
297.12
297.348
297.573
294.215
294.444
294.679
294.911
295.137
295.348
295.541
295.715
295.869
296.005
296.129
296.245
296.359
296.474
296.595
296.725
296.862
297.009
297.168
297.326
109.289
109.245
109.218
109.327
109.559
109.824
110.167
110.627
111.09
111.268
110.715
108.84
105.236
100.22
95.1082
93.4232
97.2645
106.252
120.686
139.843
161.684
184.58
207.319
228.911
249.449
269.054
286.044
296.82
303.754
293.751
109.663
109.593
109.58
109.708
109.897
110.123
110.405
110.738
111.064
111.171
110.761
109.43
106.728
102.588
97.7836
95.7765
99.2274
107.531
121.117
139.537
160.731
183.177
205.328
225.775
244.575
262.098
277.01
286.074
292.698
283.28
110.088
110.074
110.1
110.199
110.35
110.536
110.779
111.084
111.382
111.475
111.081
109.928
107.759
104.524
100.884
100.366
105.128
113.841
126.976
144.416
164.312
185.467
206.513
225.949
243.878
260.621
275.272
284.581
291.564
282.072
112.038
112.084
112.16
112.202
112.218
112.294
112.474
112.744
113.047
113.258
113.124
112.398
110.928
108.774
106.46
107.057
112.641
121.613
134.303
150.919
169.519
189.203
208.831
226.954
243.7
259.465
273.345
282.268
289.385
280.255
114.452
114.537
114.64
114.621
114.525
114.57
114.751
115.018
115.343
115.559
115.49
115.07
114.281
113.366
112.739
115.376
122.64
132.098
143.898
159.224
176.358
194.366
212.346
228.956
244.359
259.055
272.191
280.742
287.763
278.446
117.784
117.836
117.867
117.799
117.739
117.8
117.95
118.239
118.599
118.88
119
118.938
118.836
119.08
120.105
124.441
133.241
143.445
154.533
168.389
183.913
200.207
216.498
231.533
245.532
259.107
271.383
279.495
286.544
277.412
122.194
122.16
122.117
122.146
122.196
122.261
122.439
122.71
123.011
123.242
123.334
123.428
123.892
125.262
127.946
134.131
144.538
155.581
166.044
178.333
192.106
206.606
221.151
234.576
247.131
259.551
271.023
278.715
285.631
276.285
128.114
128.027
127.886
127.888
128.02
128.12
128.281
128.532
128.815
129.044
129.152
129.328
130.144
132.384
136.456
143.982
155.592
167.613
177.824
188.712
200.712
213.374
226.137
237.927
249.011
260.264
270.898
278.197
285.215
276.114
135.548
135.436
135.276
135.279
135.446
135.616
135.817
136.071
136.309
136.432
136.433
136.537
137.429
140.222
145.5
154.332
166.828
179.707
189.812
199.36
209.597
220.38
231.347
241.496
251.112
261.134
270.89
277.696
284.591
275.372
144.656
144.581
144.488
144.539
144.747
144.948
145.166
145.393
145.58
145.693
145.649
145.623
146.396
149.337
155.44
165.25
178.334
191.849
201.901
210.145
218.611
227.511
236.679
245.202
253.364
262.145
270.987
277.269
284.14
275.107
155.69
155.703
155.736
155.846
155.993
156.137
156.27
156.391
156.575
156.724
156.664
156.515
157.076
159.905
166.667
177.126
190.538
204.297
214.135
221.04
227.661
234.676
242.059
248.984
255.727
263.281
271.187
276.851
283.482
274.304
168.633
168.673
168.741
168.802
168.809
168.791
168.837
168.959
169.211
169.49
169.569
169.457
169.835
172.421
179.289
189.951
203.358
216.934
226.334
231.928
236.667
241.794
247.426
252.792
258.157
264.525
271.513
276.549
282.977
273.828
182.542
182.589
182.664
182.644
182.548
182.514
182.586
182.811
183.193
183.599
183.845
183.882
184.215
186.646
193.318
203.74
216.68
229.62
238.311
242.64
245.551
248.808
252.732
256.588
260.629
265.865
271.97
276.378
282.491
273.143
196.961
196.994
197.035
197.016
196.973
197.05
197.279
197.634
198.09
198.6
199.014
199.228
199.661
201.921
208.041
217.775
229.925
241.979
249.883
253.019
254.215
255.667
257.937
260.337
263.112
267.269
272.535
276.356
282.222
272.815
211.713
211.722
211.734
211.797
211.955
212.164
212.417
212.714
213.121
213.643
214.191
214.659
215.292
217.512
222.954
231.685
242.769
253.827
260.943
262.977
262.586
262.32
263.01
264.015
265.583
268.717
273.187
276.447
282.03
272.453
226.496
226.506
226.567
226.676
226.78
226.894
227.057
227.289
227.633
228.128
228.801
229.561
230.504
232.663
237.413
245.079
254.996
265.013
271.382
272.441
270.611
268.723
267.92
267.597
268.019
270.183
273.887
276.61
281.959
272.312
240.814
240.791
240.733
240.673
240.676
240.732
240.829
241.013
241.311
241.799
242.571
243.498
244.662
246.821
251.037
257.711
266.469
275.452
281.108
281.345
278.246
274.845
272.64
271.066
270.403
271.652
274.624
276.818
281.899
272.115
253.717
253.671
253.565
253.464
253.446
253.481
253.562
253.748
254.046
254.537
255.327
256.347
257.665
259.798
263.58
269.424
277.104
285.104
290.1
289.656
285.455
280.668
277.153
274.409
272.721
273.106
275.378
277.05
281.871
271.989
265.367
265.322
265.218
265.121
265.1
265.165
265.306
265.517
265.828
266.305
267.048
268.091
269.459
271.516
274.961
280.172
286.922
294.006
298.385
297.382
292.221
286.18
281.445
277.611
274.962
274.537
276.148
277.308
281.835
271.796
275.979
275.949
275.873
275.807
275.827
275.961
276.165
276.403
276.697
277.106
277.75
278.729
280.082
282.07
285.239
289.963
295.959
302.197
305.99
304.534
298.536
291.375
285.511
280.664
277.114
275.93
276.92
277.585
281.817
271.634
285.768
285.755
285.726
285.766
285.873
286.015
286.194
286.354
286.508
286.805
287.378
288.308
289.613
291.552
294.53
298.799
304.164
309.684
312.933
311.108
304.414
296.25
289.348
283.561
279.167
277.276
277.689
277.888
281.809
271.438
294.885
294.891
294.925
294.984
295.08
295.171
295.217
295.261
295.344
295.565
296.05
296.914
298.181
300.056
302.882
306.789
311.592
316.48
319.255
317.129
309.89
300.825
292.965
286.303
281.115
278.563
278.442
278.206
281.827
271.277
303.192
303.191
303.235
303.278
303.297
303.303
303.293
303.264
303.276
303.443
303.874
304.67
305.889
307.694
310.38
313.984
318.294
322.627
324.997
322.642
314.979
305.12
296.37
288.889
282.955
279.785
279.172
278.537
281.865
271.112
310.458
310.46
310.524
310.57
310.563
310.54
310.497
310.443
310.426
310.541
310.944
311.669
312.811
314.552
317.096
320.432
324.335
328.186
330.212
327.689
319.711
309.154
299.577
291.325
284.684
280.933
279.87
278.871
281.928
270.988
316.887
316.903
316.988
317.043
317.022
316.986
316.937
316.88
316.855
316.965
317.34
317.985
319.049
320.721
323.127
326.216
329.773
333.227
334.954
332.311
324.107
312.938
302.595
293.615
286.301
282.001
280.525
279.202
282.012
270.876
322.658
322.685
322.775
322.836
322.808
322.755
322.727
322.723
322.749
322.895
323.188
323.737
324.696
326.287
328.564
331.421
334.672
337.793
339.271
336.549
328.188
316.487
305.435
295.769
287.812
282.986
281.129
279.52
282.116
270.809
327.907
327.939
328.015
328.061
328.044
328.029
328.052
328.097
328.153
328.269
328.497
328.956
329.827
331.322
333.474
336.118
339.102
341.934
343.208
340.441
331.982
319.817
308.109
297.795
289.223
283.889
281.675
279.816
282.231
270.761
332.739
332.765
332.814
332.856
332.861
332.87
332.956
333.008
333.035
333.124
333.283
333.657
334.457
335.863
337.893
340.362
343.115
345.704
346.809
344.018
335.505
322.94
310.623
299.7
290.543
284.719
282.163
280.08
282.347
270.747
337.214
337.231
337.251
337.257
337.296
337.364
337.417
337.427
337.431
337.476
337.584
337.937
338.697
340.005
341.893
344.212
346.772
349.161
350.121
347.313
338.783
325.87
312.985
301.493
291.781
285.485
282.598
280.31
282.455
270.739
341.323
341.325
341.328
341.341
341.356
341.384
341.412
341.411
341.409
341.416
341.486
341.822
342.541
343.762
345.531
347.72
350.121
352.344
353.182
350.358
341.829
328.614
315.2
303.179
292.946
286.198
282.991
280.504
282.545
270.746
345.129
345.131
345.108
345.068
345.035
345.035
345.025
345.002
344.984
344.969
345.032
345.353
346.043
347.193
348.86
350.935
353.201
355.282
356.017
353.184
344.649
331.168
317.274
304.764
294.046
286.87
283.352
280.669
282.614
270.738
348.502
348.502
348.458
348.395
348.337
348.299
348.264
348.241
348.231
348.211
348.272
348.587
349.246
350.334
351.917
353.897
356.045
358.001
358.648
355.804
347.256
333.543
319.218
306.255
295.084
287.506
283.691
280.813
282.663
270.725
351.544
351.542
351.485
351.4
351.327
351.287
351.255
351.21
351.186
351.178
351.26
351.573
352.191
353.226
354.75
356.653
358.691
360.529
361.088
358.217
349.658
335.759
321.037
307.647
296.057
288.109
284.015
280.944
282.694
270.689
354.326
354.317
354.252
354.163
354.096
354.06
354.025
353.963
353.926
353.933
354.026
354.327
354.917
355.91
357.373
359.198
361.144
362.866
363.321
360.4
351.828
337.785
322.704
308.921
296.952
288.67
284.325
281.07
282.716
270.648
356.904
356.886
356.819
356.738
356.684
356.663
356.636
356.569
356.522
356.529
356.628
356.916
357.473
358.413
359.812
361.56
363.409
364.989
365.305
362.283
353.689
339.562
324.176
310.044
297.747
289.181
284.618
281.194
282.734
270.589
359.322
359.296
359.236
359.179
359.147
359.131
359.117
359.063
358.997
358.982
359.073
359.343
359.861
360.747
362.073
363.731
365.451
366.832
366.932
363.741
355.114
340.983
325.384
310.973
298.418
289.623
284.887
281.318
282.754
270.534
361.61
361.58
361.529
361.495
361.493
361.49
361.459
361.387
361.317
361.289
361.356
361.602
362.081
362.913
364.147
365.661
367.164
368.24
368.003
364.562
355.907
341.899
326.239
311.657
298.934
289.981
285.12
281.438
282.779
270.471
363.776
363.742
363.705
363.707
363.729
363.715
363.636
363.575
363.531
363.483
363.534
363.738
364.153
364.898
365.975
367.217
368.326
368.924
368.199
364.441
355.814
342.121
326.629
312.038
299.268
290.238
285.308
281.55
282.813
270.424
365.823
365.791
365.769
365.797
365.842
365.824
365.732
365.668
365.605
365.524
365.56
365.73
366.049
366.638
367.415
368.139
368.564
368.449
367.095
363.018
354.561
341.454
326.435
312.052
299.39
290.385
285.447
281.65
282.853
270.377
367.734
367.704
367.709
367.788
367.845
367.785
367.668
367.588
367.497
367.411
367.437
367.54
367.712
368
368.205
368.024
367.373
366.284
364.247
359.981
351.957
339.761
325.564
311.657
299.289
290.42
285.533
281.734
282.902
270.356
369.492
369.469
369.502
369.606
369.659
369.57
369.433
369.335
369.204
369.098
369.089
369.08
369.005
368.745
367.952
366.352
364.199
361.964
359.374
355.237
348.007
337.05
324.008
310.854
298.973
290.353
285.572
281.802
282.956
270.341
370.892
370.877
370.93
371.037
371.086
370.996
370.858
370.724
370.542
370.412
370.337
370.14
369.628
368.46
366.14
362.603
358.664
355.365
352.608
349.072
343.018
333.527
321.867
309.699
298.476
290.202
285.57
281.852
283.014
270.356
371.544
371.534
371.59
371.684
371.75
371.706
371.574
371.41
371.192
370.994
370.778
370.275
369.069
366.552
362.208
356.47
350.871
346.972
344.643
342.191
337.57
329.591
319.358
308.311
297.857
289.994
285.539
281.887
283.073
270.374
370.786
370.77
370.83
370.933
371.025
371.039
370.937
370.761
370.517
370.218
369.763
368.768
366.56
362.31
355.749
348.113
341.581
337.877
336.556
335.503
332.338
325.716
316.771
306.843
297.19
289.759
285.489
281.909
283.13
270.418
367.788
367.768
367.833
367.949
368.062
368.148
368.124
367.975
367.703
367.243
366.418
364.751
361.295
355.186
346.852
338.335
332.018
329.326
329.379
329.762
327.844
322.284
314.37
305.439
296.538
289.523
285.43
281.918
283.182
270.459
361.838
361.811
361.876
362.002
362.115
362.258
362.337
362.246
361.923
361.229
359.926
357.452
352.709
345.252
336.398
328.438
323.512
322.395
323.832
325.352
324.311
319.477
312.308
304.189
295.943
289.301
285.369
281.918
283.227
270.518
352.836
352.79
352.837
352.958
353.035
353.199
353.365
353.318
352.912
351.927
350.106
346.879
341.312
333.774
325.929
319.886
317.077
317.562
320.022
322.213
321.662
317.276
310.615
303.12
295.42
289.099
285.308
281.908
283.263
270.564
341.728
341.632
341.639
341.75
341.752
341.888
342.072
342.017
341.503
340.255
338.076
334.512
329.193
322.898
317.253
313.737
312.956
314.59
317.568
320.006
319.656
315.534
309.23
302.213
294.959
288.916
285.249
281.889
283.29
270.626
330.193
330.014
329.977
330.084
330.03
330.158
330.359
330.277
329.698
328.436
326.364
323.218
319.106
314.772
311.515
310.111
310.673
312.857
315.93
318.352
318.043
314.09
308.059
301.422
294.546
288.748
285.191
281.863
283.301
270.673
318.334
318.062
318.079
318.257
318.296
318.623
319.095
319.335
319.143
318.366
316.919
314.758
312.16
309.718
308.294
308.225
309.451
311.761
314.703
316.985
316.649
312.827
307.027
300.708
294.167
288.59
285.135
281.833
283.295
270.751
302.449
302.619
303.044
303.398
303.735
304.121
304.457
304.68
304.878
305.07
305.271
305.49
305.671
305.86
306.302
307.202
308.735
310.978
313.687
315.785
315.381
311.669
306.084
300.04
293.811
288.437
285.076
281.797
283.267
270.82
303.139
302.72
302.496
302.466
302.6
302.791
302.856
302.861
302.945
303.119
303.508
304.106
304.63
305.058
305.525
306.099
306.948
308.227
309.825
310.923
309.975
306.45
301.666
296.892
292.044
287.663
284.796
281.658
283.134
270.608
303.127
302.558
302.302
302.27
302.339
302.531
302.737
302.826
302.886
303.074
303.515
304.118
304.617
304.981
305.324
305.633
305.959
306.44
307.056
307.202
305.676
302.216
298.007
294.225
290.532
287.016
284.573
281.536
283
270.515
303.143
302.633
302.381
302.3
302.307
302.511
302.778
302.914
303.04
303.27
303.63
304.088
304.562
305.018
305.341
305.448
305.406
305.302
305.109
304.438
302.41
298.975
295.242
292.208
289.396
286.568
284.445
281.488
282.997
270.532
303.419
302.843
302.575
302.498
302.508
302.696
303.001
303.235
303.405
303.659
304.026
304.44
304.789
305.053
305.244
305.234
304.966
304.476
303.739
302.494
300.143
296.75
293.361
290.872
288.686
286.34
284.411
281.432
282.886
270.496
303.429
302.903
302.617
302.497
302.49
302.664
302.931
303.121
303.248
303.426
303.724
304.094
304.46
304.805
304.997
304.972
304.655
303.937
302.859
301.292
298.786
295.452
292.295
290.168
288.374
286.318
284.48
281.452
282.865
270.44
303.799
303.261
302.882
302.629
302.482
302.626
302.982
303.21
303.315
303.467
303.75
304.091
304.428
304.731
304.901
304.843
304.41
303.534
302.328
300.649
298.154
294.927
291.92
289.976
288.373
286.451
284.614
281.459
282.753
270.357
303.696
303.186
302.79
302.542
302.395
302.517
302.897
303.126
303.194
303.281
303.509
303.901
304.348
304.733
304.945
304.825
304.269
303.279
302.015
300.359
297.96
294.903
292.008
290.115
288.565
286.685
284.797
281.518
282.7
270.201
304.091
303.563
303.114
302.826
302.658
302.741
303.105
303.344
303.402
303.478
303.696
304.009
304.303
304.581
304.697
304.483
303.883
302.908
301.716
300.194
297.983
295.087
292.29
290.423
288.863
286.97
284.998
281.553
282.59
270.061
303.771
303.247
302.788
302.497
302.364
302.461
302.784
302.965
302.966
302.989
303.145
303.447
303.784
304.053
304.174
304.002
303.425
302.52
301.473
300.124
298.088
295.354
292.641
290.788
289.212
287.287
285.226
281.63
282.539
269.895
304.175
303.644
303.152
302.803
302.623
302.682
302.988
303.18
303.147
303.103
303.196
303.392
303.592
303.772
303.851
303.68
303.161
302.321
301.284
300.019
298.21
295.672
293.001
291.137
289.569
287.619
285.469
281.702
282.467
269.767
303.867
303.363
302.88
302.51
302.307
302.368
302.703
302.906
302.851
302.768
302.84
303.058
303.271
303.428
303.505
303.35
302.867
302.107
301.127
299.898
298.23
295.933
293.367
291.474
289.911
287.955
285.73
281.794
282.437
269.698
304.307
303.811
303.308
302.879
302.608
302.638
302.98
303.166
303.044
302.883
302.863
302.976
303.124
303.254
303.244
303.027
302.568
301.849
300.943
299.786
298.213
296.09
293.678
291.798
290.226
288.286
285.994
281.853
282.317
269.524
303.997
303.539
303.05
302.597
302.304
302.333
302.681
302.862
302.726
302.564
302.55
302.659
302.823
302.973
302.967
302.747
302.309
301.65
300.801
299.699
298.18
296.191
293.986
292.128
290.515
288.603
286.251
281.917
282.198
269.331
304.507
304.064
303.575
303.088
302.736
302.7
303.08
303.34
303.178
302.863
302.628
302.609
302.747
302.851
302.813
302.562
302.082
301.42
300.619
299.604
298.191
296.307
294.224
292.414
290.79
288.918
286.518
282.006
282.081
269.087
304.078
303.671
303.216
302.738
302.361
302.305
302.682
302.908
302.717
302.438
302.296
302.281
302.36
302.463
302.418
302.154
301.677
301.065
300.366
299.471
298.159
296.404
294.432
292.68
291.093
289.255
286.827
282.164
282.072
268.988
304.445
304.052
303.638
303.195
302.788
302.638
302.996
303.28
303.086
302.706
302.416
302.268
302.265
302.339
302.268
301.978
301.481
300.85
300.172
299.346
298.138
296.461
294.59
292.941
291.418
289.631
287.189
282.367
282.09
268.933
303.878
303.551
303.209
302.813
302.425
302.268
302.582
302.806
302.578
302.209
301.976
301.894
301.883
301.949
301.921
301.649
301.189
300.625
299.977
299.166
298.048
296.471
294.713
293.173
291.712
290.007
287.565
282.603
282.098
268.812
304.171
303.879
303.589
303.235
302.854
302.63
302.871
303.121
302.906
302.459
302.09
301.921
301.876
301.913
301.869
301.596
301.104
300.538
299.897
299.056
297.968
296.479
294.82
293.371
291.979
290.36
287.94
282.873
282.121
268.609
303.573
303.324
303.089
302.776
302.42
302.187
302.395
302.65
302.455
302.015
301.635
301.454
301.415
301.467
301.465
301.252
300.816
300.288
299.691
298.922
297.895
296.481
294.915
293.542
292.231
290.714
288.351
283.218
282.259
268.526
303.873
303.628
303.407
303.101
302.737
302.476
302.651
302.928
302.774
302.342
301.888
301.627
301.521
301.476
301.412
301.17
300.726
300.145
299.551
298.856
297.853
296.516
295.027
293.688
292.464
291.078
288.823
283.663
282.527
268.605
303.195
302.969
302.774
302.488
302.156
301.951
302.142
302.401
302.266
301.89
301.478
301.214
301.11
301.05
300.955
300.758
300.423
299.931
299.372
298.717
297.761
296.474
295.076
293.84
292.728
291.467
289.305
284.108
282.777
268.679
303.41
303.173
302.963
302.668
302.34
302.093
302.266
302.582
302.524
302.192
301.754
301.342
301.117
301.02
300.887
300.71
300.362
299.835
299.241
298.564
297.648
296.447
295.149
293.981
292.957
291.853
289.805
284.56
282.977
268.591
302.658
302.441
302.259
301.994
301.707
301.496
301.656
301.94
301.889
301.604
301.239
300.951
300.777
300.612
300.367
300.188
300.007
299.604
299.041
298.365
297.48
296.366
295.192
294.134
293.2
292.233
290.333
285.1
283.307
268.648
302.799
302.577
302.397
302.148
301.873
301.643
301.75
302.025
302.018
301.786
301.412
300.991
300.721
300.601
300.43
300.22
299.944
299.481
298.883
298.211
297.354
296.294
295.231
294.301
293.48
292.644
290.912
285.779
283.822
268.912
302.037
301.828
301.68
301.469
301.222
301.02
301.119
301.354
301.349
301.153
300.867
300.564
300.245
300.119
300.115
299.977
299.677
299.205
298.606
297.936
297.181
296.263
295.268
294.42
293.741
293.051
291.479
286.476
284.375
269.223
302.111
301.895
301.757
301.573
301.352
301.156
301.204
301.385
301.381
301.238
301.025
300.747
300.368
300.166
300.15
299.998
299.66
299.153
298.531
297.839
297.109
296.244
295.317
294.564
294
293.427
291.983
287.101
284.877
269.392
301.286
301.057
300.923
300.773
300.603
300.443
300.472
300.596
300.594
300.509
300.373
300.219
300.084
299.97
299.812
299.575
299.284
298.886
298.364
297.764
297.072
296.221
295.312
294.635
294.202
293.747
292.452
287.843
285.637
269.764
301.266
300.988
300.838
300.72
300.609
300.504
300.502
300.536
300.491
300.41
300.334
300.289
300.21
300.085
299.869
299.529
299.207
298.846
298.371
297.794
297.087
296.259
295.377
294.73
294.397
294.06
292.928
288.678
286.669
270.591
300.463
300.105
299.939
299.846
299.757
299.681
299.658
299.656
299.632
299.617
299.645
299.706
299.719
299.674
299.573
299.345
299.023
298.641
298.203
297.715
297.096
296.325
295.445
294.793
294.559
294.362
293.408
289.471
287.58
271.154
300.658
300.146
299.905
299.808
299.707
299.602
299.538
299.545
299.589
299.585
299.526
299.558
299.691
299.768
299.7
299.452
299.064
298.634
298.215
297.789
297.234
296.492
295.584
294.924
294.786
294.687
293.818
290.163
288.463
271.7
300.236
299.54
299.156
299.002
298.894
298.763
298.657
298.625
298.69
298.804
298.846
298.916
299.112
299.321
299.395
299.211
298.814
298.389
298.042
297.757
297.376
296.715
295.812
295.088
294.89
294.933
294.236
290.968
289.706
272.767
301.041
299.992
299.283
298.933
298.76
298.618
298.463
298.352
298.379
298.596
298.825
298.872
298.968
299.287
299.546
299.417
298.928
298.386
297.989
297.761
297.551
297.052
296.171
295.387
295.133
295.199
294.599
291.726
290.867
273.964
301.531
300.174
299.06
298.324
297.976
297.915
297.811
297.606
297.473
297.658
298.187
298.427
298.326
298.585
299.018
299.113
298.752
298.17
297.712
297.544
297.536
297.277
296.522
295.723
295.305
295.343
294.972
292.521
291.823
274.615
302.989
301.572
300.046
298.754
298.091
297.955
297.705
297.352
297.24
297.495
298.214
298.58
298.277
298.392
298.805
299.021
298.784
298.202
297.68
297.498
297.586
297.536
296.947
296.1
295.475
295.493
295.39
293.474
293.085
275.872
303.344
302.638
301.558
300.195
298.763
297.787
297.32
296.902
296.615
296.768
297.343
297.707
297.722
297.924
298.222
298.37
298.232
297.823
297.436
297.31
297.471
297.623
297.345
296.601
295.722
295.598
295.744
294.41
294.239
277.105
304.002
303.36
302.482
301.343
299.586
298.642
298.764
298.345
297.646
297.091
296.845
296.769
296.85
297.2
297.588
297.934
298.034
297.692
297.35
297.325
297.511
297.743
297.682
297.148
296.427
296.063
296.083
295.364
294.799
278.16
303.67
303.526
303.227
302.595
301.401
299.897
298.902
298.313
297.719
297.037
296.392
296.015
295.98
296.297
296.645
296.866
297.093
297.2
297.14
297.17
297.431
297.756
297.79
297.361
296.756
296.484
296.405
295.726
295.747
280.414
304.18
304.119
304
303.709
303.097
302.235
301.3
299.917
298.185
296.534
295.573
295.432
295.526
295.788
296.285
296.985
297.152
296.737
296.745
297.049
297.399
297.755
297.847
297.51
296.955
296.644
296.694
296.21
297.09
282.527
303.975
303.967
303.935
303.831
303.559
303.071
302.611
301.8
300.178
297.442
295.575
295.631
295.436
295.379
295.573
295.576
295.596
296.171
296.882
297.135
297.34
297.762
298.12
298.001
297.504
297.022
296.943
296.328
297.793
283.374
303.985
304.083
304.107
304.059
303.922
303.661
303.463
303.139
302.167
300.602
298.146
296.097
295.017
294.138
294.226
294.715
295.205
295.867
296.847
297.659
297.86
298.006
298.268
298.257
297.837
297.356
297.35
296.758
297.773
282.75
303.1
303.353
303.612
303.741
303.787
303.785
303.714
303.495
302.989
302.051
300.376
298.22
297.066
296.091
294.074
293.056
293.365
293.746
294.733
296.457
297.715
298.215
298.505
298.413
297.912
297.424
297.606
297.276
297.976
282.021
303.169
303.316
303.408
303.478
303.518
303.524
303.578
303.554
303.256
302.736
302.008
300.968
299.602
297.715
295.021
293.575
293.533
293.189
293.509
294.702
295.962
297.074
297.9
298.046
297.644
297.222
297.513
297.371
298.491
281.312
302.141
302.147
302.298
302.516
302.738
302.958
303.156
303.232
303.129
302.933
302.637
302.157
301.416
300.257
298.648
296.814
295.605
294.034
292.817
293.738
295.275
296.673
297.771
298.135
297.602
296.912
296.829
296.281
297.32
279.201
301.419
301.603
301.727
301.956
302.238
302.551
302.821
302.864
302.771
302.718
302.688
302.573
302.356
301.964
301.155
300.172
299.386
297.747
295.821
295.375
295.938
296.936
298.139
298.544
297.854
296.8
295.878
294.243
293.967
275.446
300.048
300.474
300.932
301.394
301.766
302.238
302.855
302.923
302.533
302.416
302.494
302.592
302.685
302.645
302.406
302.073
301.572
300.826
299.704
298.607
297.878
298.203
298.914
298.641
297.604
296.047
294.154
291.386
289.181
271.008
299.379
299.802
300.172
300.436
300.594
300.972
301.66
301.892
301.855
302.239
302.689
302.998
303.138
303.091
302.969
302.822
302.59
302.318
301.908
301.197
300.438
299.989
299.477
298.493
297.094
295.24
292.764
289.092
285.656
268.146
298.439
298.764
299.091
299.386
299.64
300.062
300.769
301.288
301.584
301.994
302.32
302.561
302.751
302.839
302.862
302.856
302.817
302.687
302.478
302.226
301.839
301.267
300.372
298.966
297.093
294.89
292.045
287.349
283.866
267.404
297.893
298.175
298.467
298.747
298.987
299.42
300.096
300.562
300.909
301.324
301.588
301.837
302.174
302.522
302.814
302.965
302.889
302.738
302.656
302.573
302.239
301.681
300.807
299.177
297.034
294.718
291.761
286.718
283.112
267.473
297.557
297.777
298.026
298.284
298.558
299.053
299.765
300.308
300.812
301.426
301.69
301.68
301.769
301.934
302.1
302.248
302.355
302.401
302.501
302.736
302.538
301.876
300.976
299.186
296.916
294.648
291.682
286.538
282.773
267.546
)
;

boundaryField
{
    inlet
    {
        type            calculated;
        value           nonuniform List<scalar> 
100
(
0.36878
0.369131
0.368565
0.368646
0.368267
0.368167
0.367887
0.367682
0.367429
0.367174
0.366904
0.36662
0.366322
0.366008
0.365679
0.365334
0.364971
0.364591
0.364192
0.363772
0.363333
0.362872
0.362388
0.361881
0.36135
0.360793
0.360212
0.359605
0.358974
0.358318
0.35764
0.35694
0.356219
0.355479
0.354723
0.353955
0.353177
0.352396
0.351617
0.350846
0.35009
0.349359
0.34866
0.348005
0.347403
0.346867
0.346409
0.346041
0.345779
0.345639
0.390131
0.388303
0.388482
0.387018
0.386943
0.385754
0.385506
0.384521
0.384163
0.383328
0.382906
0.382182
0.381727
0.381086
0.38062
0.380044
0.379581
0.379056
0.378605
0.378121
0.377688
0.37724
0.376827
0.376409
0.376018
0.375628
0.375259
0.374894
0.374547
0.374204
0.373879
0.373557
0.373253
0.37295
0.372667
0.372381
0.372118
0.371847
0.371604
0.371346
0.371123
0.370875
0.370674
0.370434
0.370255
0.370019
0.369865
0.369628
0.369502
0.369259
)
;
    }
    outlet
    {
        type            calculated;
        value           nonuniform List<scalar> 
100
(
270.82
270.608
270.515
270.532
270.496
270.44
270.357
270.201
270.061
269.895
269.767
269.698
269.524
269.331
269.087
268.988
268.933
268.812
268.609
268.526
268.605
268.679
268.591
268.648
268.912
269.223
269.392
269.764
270.591
271.154
271.7
272.767
273.964
274.615
275.872
277.105
278.16
280.414
282.527
283.374
282.75
282.021
281.312
279.201
275.446
271.008
268.146
267.404
267.473
267.546
293.751
283.28
282.072
280.255
278.446
277.412
276.285
276.114
275.372
275.107
274.304
273.828
273.143
272.815
272.453
272.312
272.115
271.989
271.796
271.634
271.438
271.277
271.112
270.988
270.876
270.809
270.761
270.747
270.739
270.746
270.738
270.725
270.689
270.648
270.589
270.534
270.471
270.424
270.377
270.356
270.341
270.356
270.374
270.418
270.459
270.518
270.564
270.626
270.673
270.751
)
;
    }
    bottom
    {
        type            symmetryPlane;
    }
    top
    {
        type            symmetryPlane;
    }
    obstacle
    {
        type            calculated;
        value           nonuniform List<scalar> 
120
(
302.724
302.283
299.206
299.214
297.616
298.749
297.964
299.131
298.136
298.947
298.075
298.862
298.333
299.211
298.939
299.761
299.561
300.168
299.862
300.118
299.58
299.501
298.936
298.939
298.575
298.578
298.253
298.242
297.983
298.022
297.893
298.021
298.023
298.225
298.295
298.478
298.512
298.607
298.586
298.614
298.557
298.536
298.449
298.38
298.266
298.17
298.069
298.002
297.959
297.934
109.289
109.663
110.088
112.038
114.452
117.784
122.194
128.114
135.548
144.656
155.69
168.633
182.542
196.961
211.713
226.496
240.814
253.717
265.367
275.979
285.768
294.885
303.192
310.458
316.887
322.658
327.907
332.739
337.214
341.323
345.129
348.502
351.544
354.326
356.904
359.322
361.61
363.776
365.823
367.734
369.492
370.892
371.544
370.786
367.788
361.838
352.836
341.728
330.193
318.334
299.771
301.226
302.928
304.279
305.226
305.864
306.27
306.502
306.602
306.599
306.547
306.491
306.424
306.33
306.188
305.964
305.661
305.24
304.568
303.404
)
;
    }
    defaultFaces
    {
        type            empty;
    }
}


// ************************************************************************* //
