/*--------------------------------*- C++ -*----------------------------------*\
| =========                 |                                                 |
| \\      /  F ield         | OpenFOAM: The Open Source CFD Toolbox           |
|  \\    /   O peration     | Version:  5.x                                   |
|   \\  /    A nd           | Web:      www.OpenFOAM.org                      |
|    \\/     M anipulation  |                                                 |
\*---------------------------------------------------------------------------*/
/*   Windows 32 and 64 bit porting by blueCAPE: http://www.bluecape.com.pt   *\
|  Based on Windows porting (2.0.x v4) by Symscape: http://www.symscape.com   |
\*---------------------------------------------------------------------------*/
FoamFile
{
    version     2.0;
    format      ascii;
    class       volScalarField;
    location    "0.01";
    object      T;
}
// * * * * * * * * * * * * * * * * * * * * * * * * * * * * * * * * * * * * * //

dimensions      [0 0 0 1 0 0 0];

internalField   nonuniform List<scalar> 
10000
(
348.278
347.938
347.242
345.873
343.542
340.147
335.849
330.996
325.949
320.918
316.009
311.242
306.648
302.172
298.032
293.527
290.525
285.392
282.799
279.833
275.493
272.24
270.459
268.36
265.176
261.913
259.773
258.859
258.291
257.207
255.242
253.072
251.675
251.268
251.31
251.733
252.364
252.522
252.346
251.445
250.587
250.199
250.055
250.076
250.433
251.522
252.531
253.082
253.252
253.236
252.948
251.773
249.802
248.286
246.86
246.145
245.448
245.251
244.843
244.93
348.278
347.941
347.25
345.89
343.577
340.205
335.931
331.098
326.065
321.044
316.14
311.375
306.78
302.304
298.139
293.673
290.58
285.463
282.975
279.785
275.387
272.351
270.604
268.215
264.789
261.63
259.775
258.984
258.193
256.683
254.434
252.309
251.164
250.931
251.037
251.558
251.99
251.966
251.312
250.075
249.404
249.169
249.106
249.217
249.913
251.124
251.931
252.278
252.338
252.243
251.556
249.984
248.461
247.405
246.358
245.901
245.425
245.317
245.057
245.151
348.278
347.941
347.25
345.892
343.58
340.208
335.936
331.106
326.077
321.06
316.164
311.407
306.821
302.373
298.149
293.97
290.178
286.378
282.589
279.602
276.36
272.807
270.062
268.006
265.71
262.906
260.243
258.48
257.616
256.971
255.808
253.982
252.226
251.312
251.16
251.276
251.808
252.184
252.25
251.947
251.093
250.525
250.257
250.196
250.229
250.576
251.58
252.509
253.074
253.258
253.244
253.119
252.487
251.432
250.11
249.433
248.653
248.409
247.877
247.718
348.279
347.943
347.256
345.907
343.61
340.26
336.009
331.197
326.182
321.175
316.284
311.531
306.942
302.505
298.201
294.284
289.797
287.121
282.294
279.22
276.921
273.233
269.489
267.27
265.799
263.641
260.654
257.902
256.331
255.792
255.471
254.768
253.091
251.302
250.308
250.086
250.155
250.517
251.11
251.313
251.29
250.952
250.25
249.852
249.679
249.654
249.753
250.283
251.134
251.719
251.929
251.936
251.862
251.668
250.994
250.458
249.635
249.4
248.843
248.693
348.279
347.943
347.257
345.909
343.614
340.266
336.017
331.208
326.196
321.193
316.308
311.562
306.983
302.561
298.267
294.362
289.905
287.22
282.466
279.366
277.067
273.467
269.761
267.499
266.02
263.94
261.053
258.33
256.714
256.129
255.832
255.204
253.674
251.924
250.911
250.658
250.717
251.021
251.62
251.917
251.936
251.709
251.086
250.685
250.502
250.461
250.524
250.965
251.838
252.452
252.685
252.702
252.633
252.449
251.771
251.171
250.253
249.965
249.332
249.214
348.279
347.945
347.263
345.922
343.641
340.311
336.082
331.291
326.292
321.298
316.419
311.676
307.099
302.668
298.385
294.432
290.052
287.242
282.474
279.561
277.078
273.267
269.737
267.7
266.081
263.636
260.57
258.039
256.758
256.307
255.82
254.677
252.739
251.104
250.352
250.254
250.413
250.955
251.465
251.546
251.302
250.549
249.897
249.592
249.495
249.528
249.879
250.796
251.617
252.089
252.211
252.197
252.025
251.571
250.497
249.889
249.033
248.792
248.255
248.21
348.279
347.945
347.264
345.925
343.647
340.319
336.092
331.303
326.307
321.317
316.443
311.707
307.137
302.721
298.442
294.516
290.129
287.359
282.64
279.641
277.232
273.543
269.963
267.825
266.263
263.982
261.019
258.433
257.009
256.499
256.095
255.168
253.385
251.72
250.884
250.729
250.852
251.31
251.848
252.023
251.916
251.373
250.724
250.393
250.254
250.249
250.462
251.244
252.122
252.644
252.812
252.806
252.677
252.265
251.135
250.392
249.421
249.111
248.489
248.336
348.28
347.947
347.269
345.937
343.67
340.359
336.151
331.378
326.395
321.414
316.545
311.813
307.245
302.822
298.55
294.596
290.242
287.407
282.659
279.784
277.257
273.42
269.947
267.951
266.287
263.762
260.679
258.214
256.995
256.544
255.988
254.714
252.742
251.137
250.423
250.336
250.526
251.104
251.598
251.651
251.307
250.465
249.825
249.537
249.452
249.503
249.938
250.946
251.774
252.226
252.339
252.32
252.084
251.457
250.195
249.48
248.542
248.233
247.63
247.458
348.28
347.947
347.27
345.941
343.677
340.368
336.162
331.391
326.411
321.433
316.569
311.842
307.28
302.872
298.603
294.67
290.318
287.511
282.809
279.86
277.396
273.665
270.149
268.071
266.455
264.068
261.073
258.562
257.229
256.739
256.251
255.145
253.282
251.655
250.888
250.768
250.932
251.449
251.948
252.073
251.854
251.154
250.525
250.215
250.091
250.102
250.4
251.317
252.207
252.731
252.894
252.887
252.7
252.093
250.687
249.808
248.707
248.326
247.616
247.381
348.28
347.948
347.274
345.951
343.697
340.404
336.215
331.46
326.491
321.522
316.664
311.941
307.382
302.967
298.702
294.757
290.403
287.586
282.821
279.972
277.445
273.59
270.125
268.145
266.475
263.93
260.834
258.37
257.15
256.693
256.126
254.836
252.85
251.217
250.476
250.377
250.561
251.149
251.661
251.725
251.371
250.503
249.832
249.521
249.427
249.472
249.903
250.95
251.834
252.334
252.472
252.46
252.219
251.517
250.089
249.242
248.186
247.817
247.141
246.946
348.28
347.949
347.276
345.955
343.704
340.414
336.228
331.474
326.508
321.541
316.687
311.969
307.415
303.015
298.749
294.831
290.46
287.7
282.952
280.019
277.584
273.836
270.294
268.217
266.621
264.243
261.228
258.677
257.314
256.817
256.339
255.265
253.389
251.707
250.88
250.738
250.89
251.392
251.923
252.062
251.85
251.144
250.472
250.131
249.991
249.999
250.278
251.193
252.117
252.682
252.873
252.879
252.693
252.062
250.58
249.612
248.428
248.001
247.267
247.034
348.28
347.95
347.279
345.963
343.723
340.446
336.276
331.537
326.582
321.624
316.775
312.061
307.51
303.103
298.843
294.914
290.539
287.771
282.972
280.123
277.636
273.78
270.276
268.283
266.648
264.139
261.03
258.505
257.228
256.763
256.237
255.03
253.047
251.338
250.515
250.384
250.537
251.095
251.656
251.759
251.474
250.632
249.899
249.54
249.42
249.445
249.803
250.827
251.772
252.34
252.522
252.525
252.332
251.675
250.162
249.172
247.975
247.538
246.822
246.545
348.28
347.951
347.281
345.968
343.73
340.457
336.289
331.551
326.598
321.643
316.798
312.088
307.541
303.148
298.885
294.984
290.589
287.878
283.098
280.147
277.763
274.024
270.428
268.321
266.76
264.437
261.42
258.793
257.351
256.831
256.392
255.422
253.566
251.805
250.873
250.692
250.816
251.275
251.856
252.027
251.871
251.23
250.489
250.09
249.919
249.907
250.12
250.96
251.939
252.572
252.815
252.847
252.704
252.167
250.669
249.533
248.187
247.676
246.902
246.506
348.281
347.952
347.284
345.975
343.747
340.485
336.332
331.609
326.667
321.719
316.88
312.174
307.63
303.231
298.975
295.059
290.671
287.939
283.121
280.26
277.812
273.966
270.42
268.403
266.803
264.343
261.231
258.638
257.292
256.81
256.329
255.221
253.257
251.471
250.556
250.381
250.501
251.014
251.628
251.781
251.576
250.8
249.99
249.578
249.437
249.446
249.709
250.638
251.647
252.29
252.531
252.56
252.419
251.867
250.349
249.198
247.859
247.339
246.597
246.186
348.281
347.952
347.286
345.98
343.754
340.497
336.346
331.624
326.683
321.737
316.901
312.198
307.659
303.273
299.014
295.122
290.721
288.033
283.236
280.285
277.922
274.181
270.562
268.443
266.899
264.593
261.573
258.906
257.42
256.884
256.46
255.536
253.689
251.876
250.875
250.667
250.775
251.208
251.816
252.006
251.879
251.278
250.486
250.04
249.836
249.813
249.987
250.768
251.776
252.455
252.734
252.783
252.666
252.181
250.709
249.476
248.043
247.46
246.681
246.219
348.281
347.953
347.289
345.987
343.769
340.522
336.385
331.676
326.746
321.808
316.977
312.279
307.743
303.35
299.101
295.19
290.804
288.084
283.259
280.409
277.968
274.116
270.564
268.548
266.956
264.499
261.379
258.766
257.399
256.908
256.435
255.347
253.384
251.562
250.603
250.403
250.515
251.006
251.646
251.823
251.638
250.876
250.029
249.592
249.441
249.436
249.656
250.546
251.575
252.25
252.515
252.555
252.437
251.907
250.372
249.144
247.737
247.147
246.399
245.948
348.281
347.954
347.291
345.991
343.777
340.534
336.399
331.691
326.762
321.826
316.998
312.302
307.769
303.389
299.137
295.246
290.854
288.168
283.36
280.434
278.065
274.304
270.691
268.59
267.043
264.713
261.672
259.005
257.527
256.992
256.556
255.604
253.733
251.898
250.882
250.67
250.774
251.216
251.826
252.015
251.878
251.246
250.426
249.965
249.759
249.738
249.909
250.683
251.698
252.384
252.673
252.716
252.605
252.104
250.593
249.302
247.827
247.182
246.409
245.931
348.281
347.955
347.294
345.997
343.79
340.557
336.434
331.739
326.82
321.892
317.069
312.378
307.849
303.46
299.219
295.309
290.934
288.216
283.387
280.558
278.111
274.243
270.703
268.701
267.106
264.629
261.496
258.885
257.524
257.031
256.547
255.439
253.466
251.624
250.649
250.443
250.552
251.035
251.686
251.87
251.681
250.9
250.034
249.584
249.419
249.407
249.609
250.494
251.542
252.23
252.509
252.556
252.441
251.903
250.326
249.032
247.573
246.922
246.168
245.696
348.281
347.955
347.295
346.002
343.798
340.568
336.448
331.754
326.836
321.909
317.088
312.399
307.873
303.496
299.252
295.36
290.982
288.292
283.474
280.58
278.198
274.411
270.814
268.739
267.182
264.817
261.754
259.098
257.64
257.109
256.654
255.659
253.759
251.909
250.891
250.681
250.784
251.224
251.842
252.03
251.879
251.204
250.361
249.892
249.696
249.672
249.846
250.631
251.662
252.347
252.626
252.67
252.563
252.05
250.495
249.156
247.65
246.962
246.188
245.705
348.282
347.956
347.298
346.007
343.809
340.589
336.48
331.798
326.89
321.97
317.155
312.471
307.948
303.565
299.331
295.42
291.061
288.335
283.505
280.707
278.24
274.353
270.837
268.858
267.249
264.738
261.592
258.998
257.658
257.166
256.662
255.51
253.518
251.667
250.695
250.492
250.593
251.085
251.735
251.918
251.717
250.896
250.018
249.568
249.403
249.391
249.591
250.472
251.55
252.246
252.528
252.578
252.459
251.909
250.298
248.978
247.494
246.802
246.044
245.56
348.282
347.957
347.299
346.011
343.817
340.601
336.494
331.813
326.906
321.987
317.173
312.49
307.97
303.598
299.362
295.465
291.107
288.402
283.58
280.729
278.317
274.5
270.935
268.894
267.317
264.899
261.814
259.185
257.766
257.243
256.759
255.694
253.756
251.903
250.903
250.702
250.813
251.255
251.875
252.056
251.879
251.139
250.285
249.82
249.629
249.607
249.796
250.614
251.664
252.354
252.633
252.68
252.583
252.1
250.558
249.207
247.644
246.883
246.083
245.507
348.282
347.957
347.301
346.017
343.828
340.62
336.524
331.854
326.955
322.043
317.235
312.558
308.041
303.663
299.437
295.52
291.187
288.438
283.616
280.862
278.351
274.442
270.974
269.027
267.382
264.817
261.665
259.112
257.809
257.318
256.776
255.556
253.538
251.691
250.741
250.549
250.648
251.156
251.802
251.977
251.757
250.881
249.995
249.553
249.405
249.391
249.576
250.436
251.559
252.316
252.653
252.732
252.643
252.228
250.751
249.337
247.678
246.774
245.991
245.233
348.282
347.958
347.303
346.021
343.835
340.631
336.537
331.868
326.97
322.059
317.252
312.575
308.061
303.693
299.467
295.552
291.25
288.473
283.689
280.918
278.396
274.538
271.089
269.11
267.444
264.907
261.811
259.286
257.966
257.457
256.889
255.661
253.662
251.844
250.92
250.754
250.878
251.37
251.976
252.137
251.916
251.071
250.196
249.735
249.545
249.525
249.68
250.431
251.59
252.428
252.854
252.978
252.95
252.733
251.699
250.184
248.315
247.17
246.344
245.394
348.282
347.959
347.305
346.025
343.845
340.648
336.564
331.905
327.016
322.112
317.311
312.639
308.128
303.749
299.565
295.502
291.613
287.967
284.345
280.919
277.932
274.833
271.606
269.046
266.971
264.74
262.195
259.752
257.998
257.054
256.424
255.46
253.828
252.078
251.016
250.733
250.78
251.114
251.698
251.877
251.709
250.957
250.126
249.714
249.569
249.536
249.583
249.998
251.076
252.069
252.701
252.972
252.98
252.923
252.611
251.727
249.978
248.644
247.93
246.823
348.282
347.959
347.307
346.029
343.852
340.659
336.578
331.919
327.031
322.127
317.327
312.655
308.148
303.769
299.627
295.396
292.042
287.304
285.097
280.933
277.214
275.167
272.534
268.91
266.095
264.462
262.979
260.89
258.426
256.369
255.253
254.822
254.414
253.571
252.293
251.19
250.676
250.543
250.64
250.978
251.247
251.358
251.227
250.806
250.495
250.335
250.271
250.238
250.313
250.766
251.546
252.104
252.308
252.309
252.275
252.133
251.514
250.583
250.081
249.21
348.282
347.96
347.308
346.033
343.861
340.675
336.602
331.954
327.074
322.177
317.381
312.715
308.211
303.826
299.696
295.44
292.128
287.322
285.111
281.164
277.121
275.05
272.748
269.143
265.942
264.181
262.973
261.161
258.647
256.288
254.884
254.41
254.213
253.808
252.702
251.319
250.49
250.225
250.267
250.486
250.928
251.218
251.245
251.112
250.747
250.472
250.324
250.264
250.259
250.41
250.988
251.609
251.867
251.917
251.891
251.811
251.474
250.92
250.567
249.935
348.283
347.96
347.31
346.037
343.868
340.685
336.615
331.967
327.088
322.191
317.396
312.729
308.227
303.851
299.721
295.467
292.176
287.361
285.137
281.23
277.158
275.073
272.841
269.278
265.965
264.136
263.045
261.392
258.884
256.405
254.843
254.296
254.155
253.926
253.15
251.747
250.722
250.285
250.259
250.363
250.735
251.21
251.371
251.367
251.158
250.776
250.531
250.396
250.382
250.459
250.854
251.405
251.683
251.718
251.703
251.647
251.424
251.06
250.802
250.268
348.283
347.961
347.312
346.041
343.876
340.7
336.638
331.999
327.127
322.237
317.447
312.786
308.287
303.906
299.783
295.522
292.232
287.411
285.184
281.327
277.199
275.064
272.896
269.382
266.006
264.094
263.004
261.407
258.934
256.424
254.803
254.208
254.064
253.857
253.135
251.677
250.606
250.168
250.169
250.27
250.64
251.076
251.213
251.205
251.009
250.665
250.45
250.36
250.332
250.398
250.767
251.32
251.605
251.673
251.653
251.593
251.394
251.088
250.877
250.378
348.283
347.961
347.313
346.044
343.883
340.709
336.65
332.012
327.141
322.25
317.461
312.799
308.302
303.929
299.805
295.549
292.267
287.45
285.221
281.343
277.249
275.132
272.946
269.425
266.052
264.141
263.085
261.525
259.058
256.516
254.835
254.207
254.075
253.923
253.347
251.963
250.793
250.232
250.178
250.243
250.542
251.084
251.32
251.36
251.241
250.87
250.573
250.405
250.375
250.407
250.649
251.176
251.52
251.613
251.609
251.572
251.417
251.174
251.01
250.529
348.283
347.962
347.315
346.048
343.89
340.723
336.671
332.042
327.177
322.293
317.509
312.853
308.359
303.981
299.862
295.606
292.314
287.506
285.278
281.405
277.303
275.171
272.981
269.467
266.107
264.191
263.09
261.495
259.027
256.508
254.857
254.237
254.093
253.906
253.245
251.788
250.638
250.156
250.135
250.218
250.559
251.046
251.231
251.248
251.105
250.719
250.442
250.317
250.284
250.314
250.576
251.141
251.523
251.654
251.65
251.613
251.466
251.219
251.062
250.573
348.283
347.962
347.316
346.051
343.896
340.732
336.683
332.054
327.19
322.306
317.522
312.865
308.372
304.002
299.881
295.632
292.342
287.541
285.315
281.405
277.348
275.25
273.016
269.472
266.144
264.27
263.186
261.572
259.078
256.551
254.905
254.296
254.162
253.988
253.355
251.927
250.757
250.2
250.159
250.23
250.555
251.101
251.333
251.371
251.242
250.828
250.498
250.32
250.283
250.309
250.529
251.079
251.498
251.651
251.661
251.637
251.507
251.269
251.115
250.616
348.283
347.963
347.317
346.055
343.903
340.745
336.703
332.082
327.224
322.346
317.567
312.916
308.426
304.052
299.936
295.687
292.388
287.596
285.369
281.468
277.404
275.289
273.054
269.521
266.201
264.321
263.199
261.554
259.06
256.553
254.935
254.335
254.189
253.981
253.268
251.775
250.618
250.14
250.132
250.227
250.594
251.085
251.265
251.279
251.122
250.69
250.379
250.237
250.202
250.229
250.485
251.083
251.527
251.699
251.705
251.678
251.544
251.275
251.102
250.559
348.283
347.963
347.319
346.058
343.909
340.753
336.714
332.094
327.237
322.358
317.579
312.926
308.437
304.071
299.952
295.711
292.409
287.63
285.407
281.449
277.451
275.372
273.07
269.501
266.234
264.413
263.293
261.601
259.068
256.569
254.985
254.414
254.276
254.06
253.324
251.842
250.693
250.189
250.156
250.243
250.614
251.149
251.357
251.382
251.22
250.754
250.393
250.208
250.17
250.202
250.456
251.058
251.512
251.685
251.7
251.678
251.55
251.268
251.084
250.54
348.283
347.964
347.32
346.061
343.916
340.765
336.732
332.119
327.269
322.396
317.621
312.974
308.488
304.119
300.005
295.765
292.453
287.685
285.463
281.5
277.514
275.425
273.102
269.537
266.299
264.491
263.323
261.574
259.03
256.569
255.043
254.502
254.347
254.072
253.194
251.662
250.558
250.142
250.157
250.292
250.724
251.184
251.319
251.307
251.071
250.588
250.276
250.136
250.107
250.161
250.512
251.158
251.589
251.741
251.742
251.709
251.554
251.232
251.03
250.49
348.283
347.964
347.321
346.064
343.921
340.773
336.742
332.13
327.28
322.407
317.632
312.983
308.498
304.136
300.018
295.786
292.47
287.715
285.495
281.479
277.555
275.498
273.11
269.51
266.325
264.575
263.405
261.604
259.02
256.571
255.089
254.582
254.431
254.136
253.202
251.687
250.614
250.186
250.184
250.315
250.766
251.247
251.388
251.374
251.111
250.602
250.261
250.094
250.072
250.151
250.563
251.193
251.588
251.709
251.707
251.668
251.494
251.155
250.94
250.42
348.283
347.964
347.322
346.067
343.927
340.784
336.759
332.154
327.31
322.442
317.672
313.029
308.547
304.181
300.069
295.838
292.513
287.769
285.548
281.533
277.619
275.55
273.146
269.551
266.394
264.654
263.441
261.585
258.989
256.582
255.16
254.683
254.509
254.147
253.071
251.526
250.514
250.17
250.204
250.398
250.896
251.292
251.367
251.296
250.914
250.445
250.181
250.064
250.056
250.185
250.7
251.314
251.661
251.748
251.734
251.675
251.443
251.04
250.789
250.273
348.284
347.965
347.324
346.069
343.932
340.792
336.769
332.164
327.32
322.452
317.682
313.037
308.555
304.196
300.08
295.855
292.528
287.794
285.575
281.515
277.65
275.607
273.151
269.528
266.411
264.718
263.508
261.61
258.976
256.577
255.196
254.746
254.573
254.187
253.062
251.544
250.562
250.21
250.226
250.413
250.924
251.332
251.407
251.329
250.926
250.443
250.145
250.017
250.018
250.186
250.751
251.341
251.659
251.732
251.716
251.654
251.396
250.924
250.627
250.041
348.284
347.965
347.325
346.072
343.938
340.802
336.785
332.187
327.349
322.486
317.72
313.08
308.602
304.24
300.129
295.905
292.572
287.847
285.625
281.574
277.712
275.657
273.193
269.577
266.48
264.79
263.544
261.605
258.967
256.604
255.267
254.836
254.641
254.195
252.964
251.434
250.497
250.208
250.251
250.498
251.024
251.373
251.409
251.258
250.763
250.332
250.109
250.016
250.02
250.215
250.819
251.422
251.745
251.817
251.797
251.726
251.429
250.853
250.512
249.856
348.284
347.965
347.326
346.075
343.943
340.809
336.794
332.197
327.358
322.495
317.729
313.087
308.609
304.253
300.139
295.919
292.584
287.867
285.648
281.554
277.739
275.704
273.191
269.552
266.494
264.842
263.592
261.617
258.953
256.6
255.292
254.878
254.682
254.217
252.962
251.454
250.533
250.224
250.254
250.485
251.024
251.397
251.44
251.3
250.808
250.34
250.063
249.941
249.948
250.153
250.787
251.414
251.755
251.839
251.825
251.759
251.458
250.851
250.505
249.828
348.284
347.966
347.327
346.077
343.948
340.819
336.809
332.218
327.385
322.527
317.765
313.128
308.653
304.294
300.186
295.966
292.629
287.917
285.694
281.62
277.796
275.746
273.242
269.616
266.561
264.897
263.624
261.635
258.983
256.646
255.347
254.933
254.725
254.234
252.938
251.413
250.496
250.227
250.267
250.535
251.077
251.427
251.454
251.274
250.732
250.283
250.045
249.95
249.954
250.15
250.785
251.437
251.802
251.901
251.886
251.82
251.521
250.895
250.541
249.845
348.284
347.966
347.328
346.08
343.952
340.825
336.817
332.227
327.394
322.535
317.773
313.134
308.659
304.305
300.194
295.977
292.638
287.934
285.711
281.601
277.817
275.782
273.237
269.593
266.567
264.931
263.656
261.645
258.974
256.638
255.352
254.947
254.742
254.246
252.948
251.433
250.519
250.216
250.253
250.498
251.053
251.428
251.467
251.308
250.783
250.297
250.011
249.882
249.887
250.091
250.745
251.413
251.789
251.896
251.887
251.827
251.53
250.907
250.559
249.876
348.284
347.966
347.329
346.082
343.958
340.835
336.832
332.246
327.419
322.565
317.806
313.173
308.701
304.345
300.239
296.024
292.681
287.985
285.759
281.659
277.879
275.83
273.285
269.654
266.64
264.996
263.695
261.666
259.003
256.687
255.415
255.013
254.796
254.27
252.93
251.406
250.495
250.235
250.275
250.555
251.11
251.464
251.488
251.287
250.715
250.247
249.994
249.901
249.91
250.117
250.775
251.449
251.832
251.945
251.931
251.867
251.564
250.938
250.588
249.904
348.284
347.967
347.33
346.084
343.962
340.84
336.839
332.255
327.427
322.573
317.814
313.179
308.706
304.354
300.245
296.034
292.686
288.001
285.773
281.631
277.901
275.865
273.265
269.619
266.647
265.036
263.722
261.652
258.967
256.668
255.43
255.043
254.82
254.264
252.891
251.385
250.499
250.22
250.264
250.54
251.106
251.469
251.492
251.286
250.713
250.23
249.954
249.836
249.843
250.083
250.784
251.456
251.83
251.935
251.923
251.858
251.534
250.908
250.553
249.878
348.284
347.967
347.331
346.087
343.967
340.849
336.853
332.273
327.451
322.601
317.846
313.216
308.746
304.393
300.289
296.081
292.726
288.054
285.822
281.68
277.971
275.924
273.305
269.669
266.729
265.122
263.771
261.661
258.979
256.719
255.521
255.148
254.901
254.281
252.838
251.344
250.487
250.255
250.311
250.641
251.198
251.53
251.529
251.244
250.621
250.171
249.932
249.854
249.884
250.159
250.879
251.536
251.896
251.996
251.973
251.901
251.557
250.912
250.527
249.816
348.284
347.967
347.332
346.088
343.97
340.855
336.859
332.281
327.458
322.608
317.852
313.22
308.75
304.401
300.293
296.088
292.728
288.066
285.832
281.65
277.989
275.953
273.278
269.627
266.734
265.162
263.789
261.628
258.923
256.694
255.545
255.188
254.924
254.246
252.758
251.292
250.478
250.247
250.308
250.648
251.206
251.529
251.515
251.186
250.571
250.127
249.882
249.796
249.824
250.159
250.926
251.566
251.909
251.994
251.975
251.903
251.537
250.848
250.41
249.623
348.284
347.968
347.333
346.091
343.975
340.863
336.872
332.298
327.48
322.634
317.882
313.255
308.789
304.438
300.335
296.133
292.771
288.115
285.88
281.709
278.049
276.006
273.332
269.689
266.809
265.238
263.841
261.655
258.954
256.754
255.635
255.287
255.001
254.264
252.734
251.281
250.489
250.284
250.364
250.753
251.295
251.59
251.553
251.146
250.514
250.096
249.885
249.823
249.871
250.229
251.005
251.654
252.008
252.104
252.079
252.006
251.63
250.828
250.343
249.427
348.284
347.968
347.333
346.092
343.978
340.868
336.878
332.305
327.487
322.64
317.888
313.259
308.791
304.444
300.338
296.136
292.774
288.12
285.884
281.691
278.051
276.019
273.314
269.657
266.799
265.249
263.846
261.633
258.916
256.727
255.629
255.287
254.993
254.228
252.686
251.245
250.471
250.263
250.338
250.721
251.268
251.563
251.52
251.102
250.485
250.065
249.837
249.761
249.802
250.173
250.995
251.674
252.047
252.152
252.138
252.066
251.672
250.81
250.319
249.352
348.284
347.968
347.334
346.095
343.983
340.876
336.891
332.322
327.508
322.665
317.917
313.292
308.828
304.479
300.38
296.178
292.821
288.163
285.931
281.762
278.101
276.062
273.383
269.737
266.865
265.299
263.894
261.692
258.988
256.797
255.688
255.342
255.045
254.278
252.735
251.287
250.501
250.291
250.38
250.781
251.324
251.616
251.57
251.135
250.5
250.084
249.872
249.808
249.85
250.213
251.036
251.737
252.131
252.255
252.237
252.166
251.776
250.882
250.379
249.371
348.284
347.968
347.335
346.096
343.986
340.88
336.896
332.328
327.514
322.671
317.922
313.295
308.83
304.484
300.382
296.179
292.823
288.167
285.932
281.739
278.108
276.071
273.358
269.705
266.857
265.305
263.893
261.673
258.958
256.77
255.669
255.326
255.033
254.269
252.726
251.275
250.488
250.268
250.347
250.733
251.295
251.607
251.572
251.169
250.543
250.11
249.874
249.791
249.824
250.174
251.005
251.718
252.122
252.251
252.244
252.179
251.802
250.91
250.42
249.404
348.284
347.969
347.336
346.098
343.99
340.888
336.909
332.345
327.536
322.697
317.952
313.33
308.87
304.524
300.427
296.232
292.864
288.234
285.983
281.802
278.186
276.139
273.427
269.789
266.944
265.384
263.968
261.758
259.052
256.857
255.74
255.395
255.111
254.374
252.84
251.365
250.544
250.31
250.396
250.781
251.358
251.689
251.667
251.294
250.631
250.168
249.92
249.832
249.851
250.139
250.914
251.648
252.085
252.247
252.243
252.191
251.871
251.023
250.533
249.49
348.285
347.969
347.337
346.102
343.997
340.898
336.922
332.361
327.551
322.711
317.964
313.338
308.874
304.539
300.425
296.242
292.854
288.246
285.979
281.754
278.171
276.145
273.389
269.714
266.876
265.344
263.951
261.733
258.983
256.746
255.606
255.26
255.001
254.32
252.811
251.292
250.426
250.142
250.198
250.518
251.12
251.492
251.49
251.188
250.545
250.033
249.723
249.585
249.583
249.832
250.628
251.424
251.932
252.14
252.176
252.136
251.945
251.166
250.51
249.316
348.285
347.969
347.335
346.097
343.987
340.882
336.899
332.332
327.521
322.68
317.934
313.311
308.851
304.494
300.407
296.201
292.843
288.191
285.942
281.82
278.117
276.06
273.44
269.809
266.873
265.255
263.89
261.779
259.099
256.826
255.606
255.227
254.981
254.366
252.925
251.396
250.486
250.222
250.287
250.624
251.218
251.594
251.599
251.328
250.681
250.188
249.93
249.825
249.829
250.033
250.744
251.586
252.146
252.402
252.434
252.407
252.25
251.517
250.795
249.591
348.285
347.969
347.337
346.101
343.996
340.898
336.922
332.361
327.553
322.713
317.966
313.341
308.877
304.542
300.431
296.23
292.878
288.225
285.972
281.809
278.135
276.1
273.434
269.772
266.853
265.267
263.921
261.793
259.071
256.766
255.536
255.164
254.936
254.355
252.94
251.372
250.431
250.123
250.163
250.448
251.065
251.476
251.493
251.262
250.651
250.098
249.755
249.598
249.587
249.756
250.456
251.339
251.944
252.242
252.298
252.277
252.145
251.484
250.767
249.549
348.285
347.969
347.336
346.098
343.988
340.882
336.898
332.331
327.519
322.678
317.931
313.307
308.848
304.488
300.406
296.196
292.844
288.186
285.937
281.828
278.107
276.051
273.45
269.818
266.861
265.23
263.881
261.8
259.126
256.825
255.57
255.181
254.948
254.373
252.977
251.427
250.49
250.201
250.26
250.569
251.173
251.572
251.587
251.359
250.739
250.201
249.898
249.774
249.772
249.946
250.633
251.504
252.106
252.404
252.457
252.434
252.299
251.616
250.863
249.634
348.285
347.97
347.337
346.101
343.995
340.897
336.921
332.361
327.554
322.715
317.968
313.345
308.88
304.545
300.437
296.224
292.895
288.215
285.963
281.842
278.122
276.074
273.452
269.806
266.85
265.236
263.905
261.813
259.106
256.781
255.519
255.138
254.917
254.362
252.981
251.399
250.43
250.112
250.156
250.444
251.068
251.485
251.502
251.278
250.676
250.118
249.78
249.618
249.603
249.76
250.437
251.34
251.972
252.299
252.367
252.345
252.226
251.603
250.861
249.624
348.285
347.97
347.337
346.099
343.989
340.883
336.898
332.33
327.517
322.675
317.928
313.303
308.845
304.481
300.404
296.191
292.846
288.181
285.931
281.837
278.095
276.039
273.461
269.828
266.846
265.205
263.873
261.819
259.147
256.823
255.54
255.142
254.919
254.375
253.018
251.449
250.488
250.186
250.236
250.527
251.134
251.545
251.568
251.369
250.778
250.215
249.891
249.748
249.74
249.897
250.558
251.442
252.067
252.385
252.452
252.429
252.308
251.666
250.917
249.677
348.285
347.97
347.337
346.101
343.995
340.895
336.92
332.361
327.555
322.717
317.971
313.348
308.883
304.55
300.444
296.217
292.91
288.208
285.955
281.874
278.113
276.048
273.469
269.838
266.848
265.207
263.889
261.833
259.142
256.798
255.504
255.11
254.895
254.367
253.025
251.431
250.435
250.104
250.147
250.431
251.057
251.482
251.506
251.299
250.713
250.146
249.801
249.638
249.622
249.764
250.408
251.311
251.958
252.303
252.379
252.358
252.249
251.664
250.934
249.691
348.285
347.97
347.337
346.099
343.99
340.884
336.899
332.329
327.515
322.673
317.925
313.298
308.841
304.474
300.402
296.184
292.85
288.173
285.923
281.856
278.078
276.015
273.481
269.853
266.827
265.16
263.856
261.852
259.192
256.83
255.494
255.075
254.867
254.378
253.097
251.503
250.496
250.163
250.203
250.463
251.062
251.498
251.541
251.391
250.861
250.27
249.912
249.749
249.733
249.865
250.472
251.356
251.993
252.324
252.401
252.379
252.264
251.664
250.917
249.686
348.285
347.97
347.338
346.101
343.994
340.894
336.918
332.36
327.555
322.718
317.973
313.351
308.887
304.554
300.451
296.211
292.925
288.201
285.945
281.906
278.104
276.021
273.488
269.875
266.844
265.171
263.873
261.864
259.189
256.816
255.479
255.067
254.863
254.374
253.09
251.479
250.447
250.097
250.135
250.405
251.027
251.464
251.498
251.312
250.748
250.177
249.824
249.659
249.643
249.774
250.385
251.277
251.924
252.27
252.348
252.328
252.217
251.651
250.907
249.667
348.285
347.97
347.338
346.1
343.991
340.885
336.899
332.329
327.514
322.67
317.922
313.294
308.837
304.467
300.398
296.177
292.853
288.166
285.915
281.872
278.065
275.993
273.495
269.876
266.812
265.122
263.841
261.877
259.228
256.837
255.458
255.02
254.825
254.376
253.164
251.551
250.503
250.143
250.175
250.411
251
251.459
251.518
251.398
250.925
250.318
249.933
249.753
249.731
249.851
250.433
251.303
251.932
252.258
252.333
252.311
252.193
251.597
250.844
249.625
348.285
347.971
347.338
346.101
343.994
340.893
336.916
332.358
327.554
322.719
317.975
313.355
308.891
304.559
300.46
296.208
292.937
288.198
285.936
281.93
278.098
276
273.504
269.903
266.839
265.142
263.864
261.891
259.225
256.828
255.459
255.034
254.841
254.381
253.143
251.519
250.46
250.094
250.129
250.389
251.005
251.445
251.481
251.301
250.749
250.184
249.833
249.673
249.66
249.799
250.419
251.286
251.905
252.223
252.292
252.27
252.143
251.524
250.772
249.564
348.285
347.971
347.339
346.101
343.992
340.886
336.9
332.329
327.513
322.668
317.919
313.289
308.832
304.459
300.393
296.17
292.853
288.162
285.907
281.88
278.057
275.98
273.499
269.887
266.804
265.102
263.835
261.888
259.239
256.835
255.439
254.995
254.808
254.374
253.186
251.565
250.5
250.127
250.156
250.386
250.974
251.441
251.502
251.386
250.926
250.323
249.937
249.754
249.734
249.866
250.471
251.316
251.909
252.196
252.253
252.228
252.084
251.412
250.637
249.448
348.286
347.971
347.339
346.101
343.993
340.891
336.913
332.356
327.553
322.72
317.977
313.358
308.895
304.564
300.468
296.207
292.943
288.2
285.931
281.938
278.101
275.995
273.506
269.909
266.84
265.138
263.867
261.9
259.228
256.826
255.457
255.035
254.846
254.388
253.149
251.52
250.459
250.091
250.125
250.388
251.005
251.436
251.466
251.267
250.701
250.154
249.823
249.672
249.671
249.848
250.528
251.356
251.926
252.181
252.218
252.187
252.011
251.263
250.469
249.313
348.286
347.971
347.339
346.102
343.993
340.887
336.901
332.329
327.513
322.666
317.917
313.284
308.827
304.451
300.386
296.164
292.848
288.162
285.9
281.875
278.059
275.98
273.49
269.877
266.802
265.109
263.842
261.879
259.216
256.816
255.438
255.005
254.821
254.373
253.159
251.536
250.481
250.114
250.143
250.384
250.982
251.438
251.491
251.352
250.859
250.282
249.919
249.748
249.737
249.907
250.574
251.382
251.923
252.143
252.164
252.126
251.92
251.102
250.299
249.164
348.286
347.972
347.34
346.102
343.993
340.89
336.911
332.352
327.551
322.72
317.978
313.361
308.9
304.568
300.476
296.21
292.943
288.208
285.927
281.934
278.113
275.997
273.497
269.903
266.845
265.144
263.874
261.901
259.223
256.817
255.451
255.033
254.85
254.396
253.161
251.52
250.446
250.069
250.1
250.362
250.977
251.411
251.441
251.243
250.681
250.144
249.82
249.672
249.674
249.876
250.578
251.384
251.924
252.139
252.153
252.112
251.897
251.067
250.238
249.1
348.286
347.972
347.34
346.103
343.993
340.888
336.902
332.33
327.513
322.665
317.914
313.279
308.822
304.443
300.378
296.158
292.844
288.165
285.893
281.868
278.065
275.978
273.477
269.87
266.803
265.11
263.84
261.872
259.205
256.803
255.425
254.995
254.815
254.374
253.165
251.531
250.463
250.086
250.111
250.352
250.951
251.414
251.47
251.338
250.86
250.282
249.915
249.738
249.723
249.891
250.548
251.357
251.899
252.112
252.125
252.082
251.862
251.017
250.203
249.046
348.286
347.972
347.34
346.103
343.994
340.889
336.908
332.348
327.548
322.718
317.978
313.363
308.904
304.572
300.485
296.212
292.942
288.214
285.92
281.939
278.119
275.989
273.496
269.913
266.844
265.128
263.865
261.914
259.244
256.821
255.426
254.995
254.821
254.395
253.207
251.552
250.446
250.044
250.067
250.312
250.914
251.364
251.406
251.236
250.706
250.158
249.824
249.668
249.663
249.853
250.527
251.343
251.894
252.112
252.126
252.081
251.864
251.036
250.186
249.008
348.286
347.972
347.341
346.103
343.994
340.889
336.903
332.331
327.513
322.664
317.912
313.275
308.817
304.436
300.37
296.149
292.848
288.158
285.883
281.881
278.054
275.958
273.485
269.886
266.791
265.077
263.826
261.888
259.227
256.801
255.393
254.95
254.778
254.365
253.203
251.558
250.464
250.067
250.086
250.316
250.902
251.366
251.426
251.3
250.835
250.264
249.9
249.72
249.702
249.869
250.521
251.326
251.866
252.074
252.084
252.035
251.803
250.929
250.095
248.911
348.286
347.973
347.341
346.104
343.994
340.889
336.905
332.344
327.543
322.716
317.978
313.364
308.908
304.575
300.495
296.213
292.945
288.214
285.911
281.955
278.111
275.971
273.508
269.934
266.832
265.092
263.849
261.934
259.274
256.826
255.396
254.946
254.778
254.376
253.234
251.573
250.443
250.02
250.036
250.267
250.856
251.312
251.361
251.2
250.684
250.138
249.804
249.644
249.639
249.829
250.509
251.31
251.852
252.055
252.062
252.007
251.771
250.896
250.026
248.85
348.287
347.973
347.342
346.105
343.995
340.889
336.903
332.332
327.515
322.664
317.911
313.272
308.811
304.429
300.362
296.139
292.85
288.153
285.872
281.897
278.041
275.937
273.495
269.903
266.776
265.039
263.812
261.909
259.252
256.796
255.351
254.89
254.729
254.349
253.248
251.589
250.461
250.037
250.046
250.262
250.831
251.296
251.359
251.235
250.781
250.225
249.868
249.687
249.669
249.838
250.496
251.292
251.828
252.023
252.026
251.967
251.723
250.812
249.935
248.739
348.287
347.974
347.342
346.105
343.995
340.889
336.903
332.339
327.538
322.711
317.976
313.364
308.911
304.578
300.503
296.217
292.946
288.217
285.903
281.965
278.101
275.961
273.517
269.94
266.818
265.069
263.838
261.939
259.283
256.821
255.374
254.914
254.747
254.349
253.218
251.56
250.425
249.992
250.003
250.229
250.811
251.274
251.33
251.171
250.655
250.103
249.761
249.589
249.577
249.749
250.412
251.234
251.804
252.025
252.034
251.977
251.755
250.889
249.971
248.691
348.287
347.974
347.343
346.106
343.996
340.889
336.903
332.332
327.516
322.665
317.91
313.269
308.806
304.422
300.353
296.127
292.847
288.148
285.864
281.9
278.037
275.925
273.492
269.906
266.768
265.017
263.796
261.909
259.256
256.786
255.319
254.847
254.691
254.328
253.261
251.597
250.444
249.997
249.999
250.205
250.763
251.237
251.309
251.191
250.75
250.188
249.819
249.625
249.596
249.742
250.372
251.184
251.746
251.965
251.973
251.912
251.685
250.812
249.863
248.546
348.287
347.974
347.344
346.107
343.996
340.889
336.902
332.335
327.531
322.705
317.973
313.363
308.913
304.581
300.511
296.223
292.944
288.22
285.894
281.969
278.091
275.948
273.519
269.942
266.802
265.043
263.824
261.943
259.292
256.816
255.344
254.869
254.706
254.324
253.227
251.564
250.406
249.952
249.954
250.164
250.732
251.21
251.28
251.138
250.644
250.067
249.7
249.513
249.491
249.645
250.276
251.107
251.686
251.923
251.937
251.878
251.652
250.785
249.826
248.503
348.287
347.975
347.344
346.108
343.997
340.889
336.902
332.332
327.517
322.667
317.91
313.267
308.801
304.414
300.342
296.113
292.842
288.142
285.858
281.897
278.034
275.917
273.48
269.901
266.764
265
263.774
261.897
259.253
256.777
255.294
254.811
254.657
254.302
253.256
251.585
250.408
249.936
249.928
250.122
250.671
251.161
251.246
251.138
250.715
250.136
249.748
249.542
249.506
249.643
250.249
251.058
251.61
251.828
251.839
251.776
251.541
250.662
249.695
248.381
348.288
347.975
347.345
346.109
343.998
340.89
336.901
332.331
327.524
322.698
317.967
313.36
308.914
304.583
300.518
296.232
292.947
288.221
285.887
281.968
278.077
275.933
273.514
269.938
266.786
265.016
263.804
261.936
259.289
256.802
255.31
254.824
254.663
254.292
253.219
251.548
250.369
249.893
249.887
250.083
250.633
251.12
251.201
251.072
250.6
250.007
249.622
249.426
249.402
249.544
250.162
250.995
251.572
251.813
251.835
251.779
251.556
250.692
249.727
248.396
348.288
347.976
347.346
346.11
343.999
340.89
336.901
332.329
327.517
322.669
317.912
313.266
308.797
304.406
300.33
296.096
292.832
288.133
285.846
281.898
278.024
275.904
273.475
269.896
266.748
264.976
263.756
261.885
259.241
256.757
255.264
254.776
254.619
254.262
253.211
251.534
250.349
249.865
249.853
250.043
250.59
251.081
251.168
251.057
250.627
250.044
249.651
249.445
249.412
249.544
250.152
250.966
251.523
251.755
251.779
251.723
251.497
250.626
249.643
248.298
348.288
347.976
347.347
346.111
344
340.89
336.9
332.328
327.518
322.688
317.959
313.354
308.912
304.583
300.524
296.239
292.948
288.218
285.882
281.955
278.069
275.92
273.496
269.926
266.773
264.995
263.776
261.903
259.255
256.768
255.278
254.791
254.627
254.249
253.162
251.485
250.301
249.819
249.809
250.002
250.545
251.028
251.107
250.976
250.499
249.905
249.518
249.323
249.298
249.437
250.055
250.911
251.508
251.781
251.826
251.778
251.569
250.712
249.716
248.337
348.288
347.977
347.348
346.112
344.001
340.891
336.9
332.326
327.514
322.67
317.914
313.266
308.793
304.399
300.319
296.08
292.821
288.123
285.836
281.892
278.012
275.892
273.463
269.878
266.726
264.954
263.733
261.857
259.205
256.718
255.226
254.739
254.576
254.2
253.117
251.439
250.262
249.778
249.766
249.962
250.513
250.998
251.076
250.952
250.499
249.913
249.522
249.32
249.291
249.429
250.044
250.883
251.458
251.725
251.774
251.728
251.524
250.664
249.668
248.285
348.289
347.978
347.349
346.113
344.002
340.891
336.899
332.325
327.512
322.678
317.948
313.344
308.907
304.58
300.524
296.242
292.945
288.21
285.876
281.931
278.054
275.903
273.463
269.898
266.757
264.969
263.732
261.848
259.201
256.719
255.232
254.745
254.576
254.187
253.08
251.4
250.213
249.725
249.714
249.905
250.441
250.923
251
250.868
250.39
249.79
249.404
249.207
249.187
249.324
249.938
250.82
251.453
251.767
251.84
251.804
251.619
250.8
249.8
248.372
348.289
347.978
347.35
346.115
344.004
340.892
336.899
332.323
327.509
322.669
317.916
313.268
308.791
304.393
300.311
296.063
292.807
288.104
285.827
281.872
277.999
275.879
273.435
269.846
266.702
264.928
263.696
261.811
259.157
256.668
255.174
254.684
254.514
254.128
253.027
251.345
250.162
249.672
249.66
249.856
250.404
250.888
250.965
250.839
250.382
249.792
249.406
249.211
249.187
249.325
249.946
250.798
251.417
251.728
251.801
251.768
251.588
250.754
249.769
248.356
348.289
347.979
347.351
346.116
344.005
340.893
336.898
332.321
327.507
322.669
317.935
313.331
308.897
304.571
300.515
296.239
292.94
288.201
285.862
281.909
278.031
275.875
273.428
269.866
266.722
264.926
263.683
261.798
259.149
256.664
255.17
254.679
254.507
254.114
253
251.315
250.115
249.62
249.607
249.794
250.323
250.807
250.888
250.762
250.291
249.698
249.318
249.143
249.128
249.267
249.898
250.777
251.445
251.799
251.888
251.862
251.69
250.883
249.901
248.474
348.289
347.98
347.352
346.118
344.007
340.894
336.898
332.319
327.503
322.664
317.916
313.27
308.79
304.389
300.304
296.047
292.789
288.083
285.814
281.847
277.983
275.857
273.399
269.812
266.67
264.889
263.649
261.76
259.102
256.609
255.109
254.614
254.441
254.05
252.943
251.254
250.056
249.557
249.544
249.737
250.282
250.77
250.854
250.736
250.291
249.712
249.342
249.176
249.162
249.303
249.944
250.801
251.443
251.802
251.885
251.86
251.693
250.906
249.931
248.508
348.29
347.98
347.353
346.12
344.009
340.895
336.898
332.318
327.5
322.66
317.921
313.313
308.881
304.555
300.498
296.225
292.926
288.18
285.839
281.879
277.99
275.846
273.391
269.818
266.675
264.88
263.636
261.745
259.088
256.598
255.101
254.608
254.434
254.036
252.914
251.223
250.016
249.518
249.507
249.695
250.226
250.717
250.808
250.689
250.239
249.669
249.319
249.165
249.161
249.309
249.955
250.842
251.519
251.931
252.038
252.019
251.86
251.101
250.173
248.771
348.29
347.981
347.354
346.122
344.011
340.897
336.898
332.316
327.496
322.655
317.911
313.271
308.789
304.387
300.298
296.032
292.767
288.064
285.78
281.831
277.948
275.821
273.361
269.77
266.625
264.841
263.596
261.696
259.029
256.534
255.038
254.545
254.37
253.972
252.849
251.155
249.951
249.455
249.447
249.645
250.198
250.702
250.802
250.694
250.264
249.731
249.388
249.247
249.238
249.393
250.05
250.921
251.576
251.985
252.1
252.083
251.932
251.194
250.281
248.912
348.29
347.982
347.356
346.124
344.013
340.899
336.898
332.314
327.493
322.65
317.907
313.291
308.858
304.527
300.47
296.201
292.903
288.15
285.809
281.839
277.94
275.81
273.345
269.753
266.616
264.829
263.581
261.678
259.013
256.52
255.023
254.531
254.357
253.956
252.829
251.137
249.929
249.44
249.437
249.636
250.184
250.701
250.816
250.71
250.264
249.74
249.429
249.322
249.325
249.481
250.166
251.063
251.746
252.177
252.337
252.344
252.222
251.525
250.652
249.361
348.291
347.983
347.357
346.126
344.016
340.9
336.899
332.312
327.488
322.644
317.899
313.266
308.787
304.386
300.291
296.015
292.739
288.035
285.738
281.804
277.897
275.785
273.313
269.707
266.572
264.79
263.533
261.622
258.951
256.459
254.966
254.477
254.302
253.9
252.773
251.082
249.878
249.398
249.401
249.614
250.194
250.74
250.875
250.794
250.365
249.847
249.543
249.43
249.437
249.606
250.297
251.179
251.861
252.303
252.465
252.475
252.401
251.782
250.881
249.674
348.291
347.983
347.359
346.128
344.019
340.903
336.899
332.31
327.484
322.637
317.891
313.267
308.826
304.486
300.431
296.167
292.872
288.12
285.774
281.8
277.886
275.769
273.289
269.69
266.56
264.777
263.526
261.618
258.951
256.458
254.965
254.479
254.309
253.913
252.794
251.107
249.903
249.435
249.444
249.662
250.245
250.817
251.004
250.937
250.507
249.977
249.689
249.604
249.626
249.834
250.557
251.447
252.129
252.532
252.733
252.771
252.715
252.181
251.389
250.273
348.291
347.984
347.36
346.13
344.022
340.905
336.9
332.308
327.479
322.629
317.881
313.25
308.779
304.383
300.282
295.994
292.705
287.99
285.69
281.748
277.848
275.729
273.262
269.657
266.515
264.738
263.493
261.58
258.905
256.412
254.93
254.454
254.284
253.887
252.768
251.087
249.894
249.443
249.458
249.692
250.315
250.932
251.123
251.063
250.642
250.114
249.83
249.755
249.775
249.999
250.74
251.62
252.283
252.688
252.838
252.876
252.788
252.198
251.482
250.494
348.292
347.985
347.362
346.133
344.025
340.908
336.901
332.306
327.474
322.621
317.87
313.24
308.787
304.435
300.377
296.117
292.829
288.083
285.743
281.762
277.858
275.717
273.265
269.649
266.508
264.745
263.506
261.594
258.921
256.435
254.962
254.496
254.335
253.948
252.844
251.17
249.989
249.56
249.586
249.843
250.524
251.171
251.354
251.298
250.881
250.348
250.092
250.032
250.063
250.315
251.12
252.009
252.638
253.025
253.192
253.213
253.128
252.557
251.823
250.854
348.292
347.986
347.363
346.136
344.028
340.911
336.902
332.304
327.468
322.611
317.858
313.224
308.757
304.37
300.269
295.973
292.672
287.942
285.64
281.683
277.807
275.664
273.236
269.612
266.474
264.721
263.488
261.577
258.904
256.421
254.959
254.503
254.344
253.961
252.865
251.199
250.035
249.632
249.67
249.947
250.688
251.333
251.521
251.467
251.041
250.506
250.269
250.225
250.248
250.527
251.391
252.281
252.901
253.26
253.414
253.432
253.334
252.758
251.991
251.059
348.292
347.987
347.365
346.138
344.032
340.915
336.904
332.302
327.462
322.601
317.843
313.207
308.745
304.38
300.313
296.053
292.773
288.035
285.711
281.72
277.831
275.68
273.246
269.626
266.485
264.745
263.522
261.616
258.951
256.478
255.029
254.588
254.442
254.079
253.014
251.365
250.231
249.874
249.936
250.255
251.079
251.706
251.89
251.833
251.406
250.886
250.634
250.61
250.615
250.81
251.591
252.413
253.051
253.423
253.562
253.569
253.427
252.863
252.148
251.266
348.293
347.988
347.367
346.141
344.036
340.918
336.906
332.301
327.455
322.59
317.827
313.188
308.72
304.341
300.247
295.952
292.645
287.904
285.601
281.638
277.775
275.646
273.218
269.623
266.476
264.749
263.536
261.636
258.974
256.507
255.072
254.642
254.502
254.148
253.1
251.46
250.351
250.018
250.081
250.404
251.222
251.844
252.032
251.98
251.551
251.041
250.784
250.682
250.652
250.906
251.698
252.563
253.155
253.461
253.54
253.527
253.423
252.887
252.18
251.279
348.293
347.989
347.368
346.144
344.039
340.922
336.908
332.299
327.449
322.577
317.81
313.167
308.698
304.324
300.248
295.984
292.71
287.986
285.685
281.698
277.828
275.687
273.248
269.664
266.519
264.796
263.602
261.718
259.068
256.617
255.205
254.797
254.679
254.358
253.358
251.738
250.678
250.387
250.45
250.773
251.556
252.116
252.252
252.165
251.716
251.196
250.894
250.763
250.753
250.931
251.663
252.484
253.052
253.348
253.428
253.415
253.349
252.851
252.083
251.156
348.293
347.989
347.37
346.147
344.043
340.926
336.91
332.297
327.442
322.564
317.791
313.144
308.672
304.295
300.212
295.931
292.631
287.89
285.589
281.617
277.775
275.655
273.235
269.665
266.54
264.812
263.631
261.764
259.121
256.678
255.277
254.877
254.764
254.453
253.467
251.849
250.806
250.511
250.561
250.869
251.634
252.158
252.257
252.142
251.655
251.126
250.791
250.646
250.647
250.834
251.553
252.401
252.915
253.147
253.192
253.173
253.066
252.595
251.923
250.963
348.294
347.99
347.371
346.149
344.047
340.93
336.913
332.296
327.434
322.55
317.772
313.12
308.646
304.27
300.193
295.928
292.656
287.943
285.667
281.701
277.858
275.737
273.308
269.739
266.632
264.902
263.734
261.892
259.265
256.833
255.446
255.06
254.958
254.667
253.704
252.076
251.048
250.691
250.706
250.968
251.642
252.136
252.218
252.069
251.552
250.982
250.63
250.467
250.457
250.635
251.381
252.252
252.828
253.057
253.132
253.154
253.044
252.487
251.873
250.865
348.294
347.991
347.373
346.152
344.051
340.934
336.915
332.294
327.427
322.537
317.753
313.096
308.621
304.245
300.17
295.905
292.627
287.904
285.615
281.647
277.808
275.708
273.292
269.742
266.649
264.93
263.758
261.931
259.316
256.889
255.5
255.105
255.001
254.712
253.743
252.116
251.072
250.655
250.652
250.885
251.511
251.991
252.055
251.89
251.343
250.772
250.424
250.255
250.241
250.408
251.111
251.967
252.527
252.795
252.883
252.887
252.778
252.244
251.649
250.685
348.294
347.991
347.374
346.154
344.054
340.938
336.917
332.293
327.421
322.524
317.735
313.074
308.597
304.223
300.151
295.894
292.628
287.925
285.661
281.719
277.896
275.808
273.393
269.842
266.752
265.037
263.859
262.033
259.43
257.003
255.605
255.194
255.082
254.78
253.778
252.147
251.062
250.605
250.6
250.825
251.412
251.892
251.966
251.817
251.292
250.712
250.358
250.186
250.174
250.347
251.097
251.965
252.49
252.747
252.791
252.797
252.728
252.235
251.744
250.858
348.294
347.992
347.375
346.156
344.057
340.941
336.919
332.292
327.415
322.513
317.719
313.055
308.576
304.204
300.136
295.884
292.624
287.925
285.657
281.712
277.88
275.788
273.376
269.826
266.743
265.034
263.858
262.023
259.432
257.009
255.59
255.162
255.046
254.734
253.71
252.08
250.963
250.482
250.48
250.698
251.257
251.724
251.797
251.655
251.147
250.55
250.196
250.054
250.054
250.241
250.993
251.861
252.406
252.68
252.789
252.81
252.737
252.248
251.676
250.756
348.294
347.992
347.376
346.157
344.059
340.943
336.921
332.291
327.411
322.505
317.707
313.041
308.561
304.19
300.125
295.878
292.624
287.934
285.674
281.745
277.926
275.847
273.447
269.899
266.817
265.104
263.926
262.07
259.487
257.066
255.626
255.188
255.071
254.753
253.727
252.091
250.959
250.504
250.513
250.738
251.301
251.759
251.838
251.715
251.246
250.638
250.273
250.117
250.105
250.247
250.951
251.922
252.54
252.879
253.022
253.025
252.909
252.35
251.83
250.894
348.294
347.992
347.376
346.158
344.06
340.944
336.921
332.291
327.408
322.5
317.7
313.032
308.553
304.182
300.119
295.875
292.624
287.938
285.68
281.754
277.932
275.847
273.443
269.888
266.8
265.083
263.904
262.035
259.455
257.042
255.587
255.153
255.041
254.725
253.719
252.093
250.966
250.551
250.573
250.812
251.411
251.903
251.976
251.84
251.339
250.758
250.371
250.211
250.211
250.422
251.21
252.095
252.681
252.986
253.085
253.085
253.02
252.452
251.921
250.94
248.983
248.419
247.811
247.343
246.938
246.642
246.447
246.315
246.232
246.089
246.009
245.946
245.873
245.796
245.781
245.787
245.829
245.935
246.231
246.589
249.232
248.693
248.151
247.656
247.211
246.844
246.646
246.455
246.343
246.177
246.076
246.01
245.958
245.874
245.825
245.83
245.872
245.93
246.049
246.298
249.176
248.646
248.126
247.618
247.176
246.785
246.582
246.373
246.246
246.078
245.982
245.916
245.865
245.781
245.717
245.718
245.752
245.821
245.935
246.17
249.254
248.74
248.253
247.782
247.334
246.932
246.7
246.483
246.315
246.15
246.043
245.984
245.928
245.841
245.753
245.741
245.765
245.835
245.945
246.203
249.234
248.738
248.262
247.8
247.345
246.949
246.698
246.486
246.265
246.115
245.987
245.943
245.886
245.796
245.693
245.661
245.677
245.735
245.839
246.089
249.28
248.8
248.329
247.886
247.432
247.077
246.781
246.58
246.314
246.169
246.045
246.002
245.932
245.832
245.726
245.686
245.698
245.745
245.843
246.07
249.288
248.817
248.364
247.919
247.488
247.144
246.837
246.616
246.354
246.197
246.07
246.014
245.938
245.838
245.731
245.676
245.681
245.718
245.799
246
249.285
248.819
248.383
247.951
247.542
247.197
246.904
246.652
246.422
246.235
246.133
246.034
245.962
245.867
245.765
245.701
245.7
245.728
245.792
245.958
249.261
248.794
248.376
247.949
247.566
247.2
246.932
246.645
246.458
246.24
246.132
246.001
245.933
245.855
245.773
245.691
245.67
245.686
245.733
245.861
249.224
248.767
248.363
247.946
247.57
247.227
246.955
246.677
246.473
246.262
246.141
246.011
245.941
245.861
245.775
245.696
245.676
245.691
245.732
245.85
249.166
248.716
248.325
247.923
247.548
247.22
246.945
246.69
246.464
246.266
246.124
245.989
245.914
245.839
245.756
245.675
245.639
245.647
245.678
245.771
249.058
248.62
248.238
247.851
247.477
247.177
246.899
246.669
246.424
246.256
246.077
245.967
245.867
245.804
245.729
245.654
245.613
245.616
245.637
245.71
248.938
248.514
248.142
247.769
247.413
247.133
246.874
246.644
246.405
246.254
246.066
245.971
245.863
245.799
245.732
245.663
245.61
245.603
245.615
245.663
248.798
248.385
248.019
247.656
247.318
247.056
246.806
246.569
246.347
246.192
246.029
245.929
245.82
245.754
245.697
245.635
245.578
245.564
245.572
245.615
248.737
248.332
247.97
247.622
247.294
247.037
246.807
246.574
246.352
246.202
246.06
245.954
245.842
245.771
245.713
245.646
245.58
245.555
245.559
245.595
248.676
248.268
247.907
247.556
247.232
246.976
246.747
246.505
246.285
246.128
246.002
245.88
245.781
245.686
245.629
245.56
245.505
245.488
245.492
245.53
248.635
248.223
247.874
247.529
247.201
246.946
246.738
246.515
246.294
246.13
246.002
245.902
245.794
245.693
245.614
245.529
245.469
245.453
245.457
245.491
248.533
248.125
247.762
247.399
247.091
246.86
246.625
246.382
246.187
246.055
245.946
245.826
245.7
245.586
245.528
245.479
245.426
245.402
245.405
245.433
248.476
248.066
247.715
247.357
247.052
246.809
246.599
246.4
246.203
246.057
245.933
245.83
245.733
245.644
245.56
245.485
245.443
245.44
245.447
245.465
248.355
247.941
247.575
247.217
246.912
246.663
246.458
246.262
246.076
245.92
245.803
245.711
245.623
245.55
245.459
245.381
245.355
245.358
245.365
245.406
248.283
247.847
247.474
247.118
246.786
246.539
246.341
246.152
245.971
245.822
245.715
245.633
245.567
245.482
245.379
245.317
245.313
245.324
245.348
245.409
248.131
247.69
247.31
246.947
246.627
246.378
246.18
246
245.827
245.705
245.61
245.531
245.481
245.381
245.287
245.271
245.277
245.317
245.342
245.396
248.091
247.65
247.258
246.896
246.593
246.34
246.133
245.96
245.818
245.721
245.612
245.518
245.467
245.385
245.334
245.333
245.349
245.388
245.398
245.44
247.973
247.529
247.137
246.779
246.482
246.237
246.027
245.877
245.749
245.665
245.545
245.47
245.424
245.342
245.339
245.35
245.392
245.432
245.447
245.512
247.983
247.534
247.132
246.778
246.485
246.218
246.015
245.867
245.754
245.667
245.532
245.468
245.398
245.341
245.352
245.379
245.453
245.507
245.511
245.546
247.885
247.432
247.026
246.676
246.382
246.117
245.917
245.771
245.686
245.599
245.466
245.417
245.328
245.321
245.352
245.405
245.518
245.567
245.564
245.595
247.916
247.455
247.04
246.682
246.385
246.113
245.897
245.744
245.671
245.574
245.436
245.381
245.285
245.287
245.332
245.405
245.55
245.621
245.618
245.648
247.865
247.403
246.978
246.621
246.32
246.045
245.817
245.676
245.601
245.496
245.364
245.309
245.218
245.227
245.291
245.377
245.553
245.66
245.677
245.749
247.94
247.474
247.028
246.659
246.353
246.078
245.819
245.665
245.577
245.505
245.355
245.294
245.195
245.204
245.282
245.376
245.572
245.753
245.789
245.883
247.927
247.459
247.008
246.631
246.318
246.025
245.757
245.593
245.501
245.424
245.269
245.21
245.11
245.114
245.186
245.291
245.506
245.755
245.817
245.964
248.038
247.572
247.112
246.715
246.401
246.1
245.818
245.613
245.514
245.436
245.304
245.209
245.15
245.109
245.153
245.26
245.454
245.766
245.869
246.082
248.078
247.61
247.152
246.744
246.421
246.113
245.81
245.599
245.49
245.394
245.272
245.16
245.132
245.071
245.098
245.194
245.372
245.692
245.825
246.128
248.347
247.908
247.462
247.046
246.707
246.396
246.081
245.823
245.658
245.533
245.399
245.28
245.212
245.179
245.111
245.13
245.223
245.468
245.632
246.006
248.501
248.07
247.661
247.261
246.935
246.614
246.28
246.042
245.876
245.674
245.479
245.381
245.344
245.287
245.202
245.143
245.161
245.269
245.44
245.813
248.977
248.576
248.192
247.819
247.401
247.056
246.697
246.352
246.077
245.867
245.642
245.455
245.381
245.348
245.275
245.202
245.179
245.217
245.324
245.59
249.304
248.912
248.488
248.017
247.538
247.086
246.76
246.474
246.23
246.021
245.843
245.691
245.552
245.457
245.407
245.391
245.393
245.44
245.496
245.64
249.95
249.584
249.165
248.771
248.336
247.872
247.452
247.021
246.658
246.41
246.239
246.043
245.854
245.79
245.78
245.752
245.7
245.692
245.724
245.795
250.239
249.95
249.58
249.247
248.772
248.364
248.037
247.706
247.37
247.076
246.816
246.591
246.417
246.282
246.17
246.091
246.049
246.048
246.006
245.965
250.562
250.322
250.034
249.748
249.402
249.068
248.566
248.225
247.924
247.677
247.425
247.182
246.898
246.654
246.506
246.37
246.198
246.099
246.093
246.111
250.754
250.473
250.218
249.924
249.521
249.097
248.693
248.478
248.359
248.018
247.663
247.501
247.31
246.962
246.668
246.474
246.311
246.208
246.182
246.183
251.021
250.812
250.599
250.332
250.056
249.672
249.192
248.839
248.522
248.213
247.903
247.596
247.328
247.11
246.874
246.618
246.431
246.22
246.111
246.114
251.015
250.79
250.544
250.289
249.913
249.532
249.195
248.879
248.564
248.235
247.919
247.623
247.34
247.062
246.822
246.603
246.437
246.368
246.352
246.36
250.894
250.676
250.463
250.188
249.894
249.675
249.324
248.903
248.616
248.338
248.075
247.804
247.553
247.312
247.129
246.846
246.659
246.468
246.275
246.207
250.677
250.417
250.185
249.916
249.576
249.227
248.88
248.568
248.296
248.054
247.846
247.697
247.59
247.519
247.55
247.178
246.673
246.444
246.269
246.202
250.536
250.243
249.935
249.611
249.306
249.022
248.751
248.487
248.254
248.071
247.9
247.727
247.551
247.383
247.239
247.014
246.826
246.635
246.451
246.388
250.387
250.136
249.852
249.555
249.287
249.06
248.869
248.685
248.492
248.297
248.113
247.945
247.776
247.631
247.519
247.391
247.333
247.137
246.79
246.662
250.586
250.353
250.142
249.886
249.549
249.296
249.099
248.881
248.639
248.43
248.275
248.162
248.021
247.892
247.744
247.578
247.434
247.239
247.099
246.974
250.484
250.262
250.05
249.848
249.64
249.44
249.253
249.068
248.899
248.747
248.604
248.447
248.28
248.122
247.997
247.845
247.729
247.557
247.424
247.352
250.582
250.36
250.118
249.893
249.685
249.49
249.3
249.102
248.916
248.749
248.597
248.438
248.27
248.115
247.99
247.846
247.738
247.581
247.45
247.378
250.609
250.345
250.102
249.866
249.638
249.42
249.209
249.005
248.814
248.645
248.485
248.317
248.15
247.999
247.879
247.747
247.639
247.49
247.37
247.285
372.47
372.49
372.58
372.765
372.805
372.786
372.771
372.752
372.787
372.944
372.866
371.915
371.403
372.173
374.023
375.139
375.845
376.974
378.351
379.53
380.386
381.444
383.464
388.444
398.468
410.103
418.577
425.379
424.565
422.613
375.357
375.354
375.382
375.44
375.425
375.38
375.327
375.331
375.384
375.383
375.131
374.269
374.096
374.636
375.185
375.611
375.984
377.376
379.711
381.622
382.74
383.412
383.751
384.242
388.009
399.488
408.238
414.535
414.357
417.431
379.904
379.883
379.847
379.8
379.715
379.623
379.622
379.66
379.757
379.775
379.675
379.108
377.902
377.137
377.069
378.337
382.071
384.507
385.999
386.709
386.912
387.02
386.664
386.221
387.35
395.874
407.001
415.014
415.34
418.262
381.107
381.102
381.06
380.948
380.832
380.782
380.808
380.859
380.976
381.013
381.029
380.965
380.005
378.517
378.685
383.58
394.256
398.612
398.473
394.906
391.422
389.394
387.55
386.382
386.694
392.21
403.246
412.143
413.193
417.512
381.538
381.558
381.567
381.548
381.51
381.531
381.545
381.586
381.659
381.68
381.735
381.611
380.51
379.368
380.817
392.547
406.184
410.59
410.441
405.778
398.399
393.421
389.329
386.577
386.288
390.302
401.447
411.037
412.45
417.222
382.022
382.065
382.16
382.287
382.286
382.278
382.271
382.285
382.268
382.248
382.254
382.108
381.154
380.373
382.792
396.226
408.548
413.007
413.496
411.295
404.142
397.901
392.068
387.443
386.187
388.44
398.281
409.065
411.138
416.933
382.608
382.633
382.717
382.84
382.834
382.803
382.766
382.758
382.736
382.676
382.575
382.402
381.421
380.788
383.352
396.133
408.178
413.471
414.483
413.524
408.497
402.206
395.473
389.142
386.643
387.955
396.725
408.279
410.713
416.831
383.279
383.271
383.276
383.314
383.262
383.193
383.132
383.126
383.138
383.087
383.02
382.822
381.733
381.071
382.529
392.088
405.739
413.379
415.263
414.556
410.653
405.198
398.471
391.075
387.31
387.716
394.338
406.89
410.1
417.157
384.249
384.202
384.105
383.999
383.911
383.86
383.803
383.868
383.985
383.992
383.929
383.707
382.291
381.203
381.659
386.822
402.444
413.53
416.663
415.817
411.841
406.97
400.654
392.833
388
387.849
393.18
406.045
409.617
417.135
386.796
386.746
386.618
386.459
386.416
386.376
386.438
386.63
386.946
387.048
387.009
386.599
384.122
381.727
381.636
385.068
400.603
414.308
418.507
417.55
412.755
407.98
402.221
394.24
388.509
387.803
391.771
404.634
408.91
417.304
393.923
393.902
393.824
393.713
393.661
393.743
393.94
394.254
394.84
395.215
395.258
394.805
390.764
384.917
383.844
386.976
402.036
415.938
420.252
419.242
413.503
408.484
403.443
395.65
389.142
387.882
391.082
403.537
408.171
417.108
406.097
406.11
406.127
406.182
406.225
406.359
406.608
406.85
407.387
407.916
408.026
407.896
405.123
396.222
393.982
396.602
408.493
418.626
421.413
420.446
414.133
408.685
404.124
396.754
389.729
387.933
390.301
402.054
407.192
416.991
415.47
415.52
415.613
415.807
415.904
416.058
416.204
416.281
416.514
416.937
417.051
417.041
416.117
410.088
407.591
409.124
415.785
420.68
421.781
420.916
414.825
408.831
404.59
397.746
390.404
388.101
389.976
401.119
406.445
416.693
420.957
421.011
421.136
421.36
421.467
421.507
421.501
421.458
421.437
421.619
421.717
421.713
421.431
418.517
416.479
416.953
419.319
421.33
421.574
420.761
415.486
409.076
404.887
398.566
391.084
388.302
389.632
399.97
405.63
416.587
423.215
423.248
423.357
423.454
423.433
423.391
423.311
423.182
423.085
423.137
423.219
423.206
422.997
421.585
419.963
419.766
420.388
420.896
420.392
419.441
416.121
409.501
405.089
399.299
391.781
388.586
389.551
399.25
405.058
416.411
423.712
423.709
423.706
423.682
423.618
423.486
423.411
423.291
423.214
423.205
423.25
423.288
423.155
422.178
420.668
420.104
420.102
419.689
418.012
417.497
416.332
410.077
405.143
399.924
392.373
388.739
389.426
398.454
404.455
416.372
422.779
422.75
422.7
422.619
422.49
422.346
422.266
422.176
422.108
422.034
421.981
421.977
421.886
420.99
419.655
418.869
418.262
416.944
415.855
416.072
416.001
410.607
404.937
400.099
393.202
389.011
389.446
397.912
403.984
416.262
420.099
420.051
419.939
419.771
419.585
419.445
419.33
419.28
419.226
419.079
418.938
418.939
418.818
418.052
417.08
415.795
414.522
414.498
414.641
415.495
415.683
410.752
404.761
400.022
393.835
389.457
389.564
397.349
403.423
416.177
416.278
416.225
416.075
415.854
415.659
415.559
415.522
415.521
415.525
415.397
415.278
415.396
415.362
414.983
414.087
413.103
412.775
413.316
413.683
414.971
415.341
410.759
404.713
399.931
394.203
389.896
389.729
396.972
402.941
415.993
414.08
414.044
413.914
413.749
413.629
413.605
413.606
413.651
413.685
413.593
413.626
413.624
413.699
413.593
412.903
412.214
412.286
412.752
412.8
413.869
414.378
410.637
404.657
399.872
394.474
390.239
389.887
396.601
402.387
415.783
412.834
412.826
412.783
412.707
412.686
412.685
412.751
412.865
412.885
412.836
412.827
412.74
412.608
412.59
412.146
411.543
411.728
411.794
411.483
412.625
413.214
410.469
404.629
399.822
394.737
390.568
390.089
396.361
401.884
415.508
411.844
411.863
411.882
411.899
411.967
412.098
412.186
412.309
412.335
412.279
412.104
411.883
411.672
411.367
411.06
410.43
410.464
410.376
409.897
411.419
412.198
410.326
404.696
399.742
394.951
390.895
390.324
396.137
401.379
415.219
410.65
410.677
410.757
410.883
411.049
411.233
411.36
411.461
411.482
411.382
411.08
410.699
410.368
409.908
409.512
408.845
408.721
408.561
408.073
410.071
411.238
410.111
404.914
399.671
395.017
391.208
390.598
395.995
400.975
414.911
409.295
409.333
409.467
409.614
409.835
410.028
410.166
410.232
410.219
410.052
409.685
409.202
408.778
408.217
407.71
407.016
406.758
406.688
406.344
408.96
410.761
410.028
405.219
399.669
395.005
391.401
390.85
395.893
400.628
414.609
407.818
407.862
408.016
408.158
408.4
408.578
408.692
408.722
408.609
408.352
407.966
407.381
406.903
406.372
405.837
405.12
404.888
404.973
404.839
408.04
410.553
410.043
405.503
399.734
394.963
391.438
390.939
395.824
400.378
414.325
406.382
406.428
406.586
406.749
406.972
407.085
407.134
407.134
406.872
406.51
406.13
405.514
405.006
404.599
404.283
403.604
403.448
403.696
403.775
407.486
410.522
410.14
405.81
399.851
394.919
391.413
390.942
395.746
400.173
414.082
405.37
405.413
405.561
405.724
405.883
405.915
405.895
405.78
405.423
405.136
404.681
404.068
403.538
403.288
403.19
402.675
402.569
402.809
403.078
407.22
410.68
410.376
406.175
400.004
394.894
391.34
390.871
395.637
400.005
413.883
404.709
404.737
404.841
404.967
405.004
404.972
404.858
404.591
404.328
404.104
403.653
403.061
402.552
402.337
402.374
402.063
402.001
402.304
402.737
407.159
411.065
410.775
406.546
400.14
394.882
391.224
390.743
395.483
399.821
413.716
404.277
404.281
404.32
404.309
404.253
404.123
403.943
403.668
403.486
403.313
402.954
402.487
402.056
401.77
401.793
401.724
401.78
402.162
402.614
407.271
411.618
411.334
406.954
400.241
394.89
391.14
390.576
395.279
399.629
413.58
403.744
403.714
403.663
403.541
403.39
403.192
402.972
402.804
402.716
402.607
402.385
402.087
401.745
401.479
401.463
401.596
401.748
402.236
402.77
407.669
412.381
412.068
407.415
400.335
394.917
391.133
390.517
395.067
399.403
413.461
403.154
403.105
402.973
402.814
402.556
402.304
402.105
402.057
402.062
402.071
401.99
401.82
401.701
401.463
401.448
401.647
402.012
402.711
403.448
408.652
413.447
413.017
407.908
400.487
395.005
391.191
390.533
394.903
399.188
413.341
402.678
402.626
402.448
402.19
401.905
401.663
401.481
401.494
401.585
401.737
401.832
401.817
401.793
401.677
401.76
402.096
402.856
403.772
404.679
410.002
414.615
414.026
408.412
400.737
395.265
391.389
390.641
394.819
399.003
413.218
402.431
402.376
402.169
401.889
401.624
401.416
401.257
401.242
401.351
401.692
401.953
402.059
402.16
402.282
402.543
403.132
404.295
405.265
406.139
411.201
415.617
414.9
408.866
401.123
395.737
391.769
390.879
394.81
398.863
413.096
402.609
402.559
402.36
402.1
401.879
401.733
401.61
401.543
401.617
402.116
402.519
402.8
403.124
403.424
403.882
404.548
405.741
406.575
407.273
412.015
416.316
415.531
409.228
401.602
396.333
392.257
391.193
394.869
398.76
412.98
403.38
403.337
403.167
402.957
402.812
402.734
402.647
402.566
402.622
403.169
403.689
404.083
404.518
404.849
405.224
405.68
406.697
407.341
407.915
412.675
416.861
416.046
409.574
401.907
396.584
392.479
391.389
394.919
398.682
412.869
404.282
404.25
404.121
403.952
403.853
403.804
403.813
403.809
403.895
404.373
404.921
405.354
405.779
406.043
406.189
406.459
407.322
407.823
408.42
413.209
417.421
416.643
409.962
402.039
396.623
392.509
391.433
394.917
398.591
412.767
404.797
404.774
404.682
404.548
404.516
404.488
404.525
404.633
404.897
405.235
405.761
406.203
406.594
406.842
406.845
407.112
407.884
408.096
408.629
413.255
417.579
417.065
410.396
402.146
396.63
392.509
391.44
394.884
398.503
412.674
405.381
405.368
405.322
405.243
405.215
405.227
405.327
405.554
405.92
406.166
406.625
407.12
407.438
407.671
407.559
407.606
408.011
407.923
408.639
413.172
417.652
417.236
410.625
402.176
396.622
392.512
391.442
394.859
398.422
412.587
405.782
405.782
405.776
405.763
405.818
405.885
405.941
406.232
406.668
406.922
407.338
407.758
407.949
408.117
407.984
407.712
407.802
407.637
408.54
412.891
417.887
417.625
410.877
402.185
396.599
392.531
391.449
394.838
398.355
412.506
405.976
405.994
406.033
406.147
406.25
406.291
406.313
406.692
407.096
407.421
407.819
408.096
408.222
408.41
408.258
407.82
407.487
407.07
407.698
411.711
417.891
418.036
411.316
402.341
396.665
392.585
391.476
394.83
398.301
412.438
406.09
406.125
406.225
406.412
406.496
406.561
406.647
407.044
407.33
407.739
408.137
408.324
408.391
408.517
408.654
407.961
406.406
404.871
405.105
409.287
417.305
418.141
411.845
402.63
396.838
392.718
391.523
394.817
398.252
412.383
406.214
406.255
406.395
406.577
406.714
406.83
407.075
407.347
407.548
407.942
408.341
408.416
408.475
408.784
408.939
407.539
403.19
399.705
399.587
405.298
415.975
417.944
412.292
403.005
397.064
392.886
391.591
394.8
398.193
412.343
406.025
406.071
406.206
406.407
406.715
406.938
407.202
407.36
407.502
407.788
408.15
408.291
408.559
409.102
409.056
405.668
396.364
390.768
391.026
400.206
414.198
417.396
412.601
403.407
397.306
393.056
391.664
394.777
398.128
412.306
405.965
406.028
406.227
406.582
407.023
407.324
407.526
407.587
407.655
407.848
408.172
408.478
409.059
409.378
408.531
400.253
386.522
383.103
385.759
397.936
412.951
416.763
412.74
403.76
397.537
393.225
391.743
394.754
398.056
412.28
406.477
406.577
406.898
407.357
407.825
408.123
408.226
408.198
408.16
408.248
408.516
408.979
409.332
409.146
405.117
389.8
381.572
381.209
384.976
397.647
412.313
416.374
412.759
404.052
397.753
393.394
391.829
394.732
397.982
412.252
406.364
406.508
406.964
407.441
407.798
408.026
408.117
407.982
407.866
407.895
408.13
408.496
408.47
406.617
394.057
382.48
380.085
381.028
385.682
397.902
411.861
416.197
412.733
404.216
397.933
393.543
391.914
394.714
397.903
412.234
404.839
405.01
405.536
405.899
405.983
406.082
406.249
406.053
405.949
405.981
406.009
405.94
405.122
396.28
382.177
378.897
379.777
382.511
387.048
397.654
411.204
415.909
412.641
404.294
398.074
393.679
391.996
394.703
397.827
412.203
398.842
398.993
399.476
399.615
399.363
399.273
399.484
399.368
399.505
399.41
399.055
398.424
393.847
381.004
375.752
376.972
381.5
384.501
387.67
396.06
410.03
415.336
412.409
404.325
398.206
393.82
392.085
394.702
397.752
412.188
390.213
390.241
390.441
390.14
389.258
389.03
389.452
389.105
388.397
387.333
386.515
385.102
378.868
372.256
371.544
376.466
382.043
385.264
387.878
394.93
408.846
414.598
412.077
404.333
398.34
393.956
392.162
394.709
397.675
412.138
364.763
364.182
363.503
361.614
360.314
360.819
365.36
371.293
375.261
377.348
377.253
374.928
368.283
365.706
368.157
376.599
382.556
385.854
388.246
394.479
408.146
414.07
411.858
404.361
398.472
394.099
392.237
394.713
397.61
412.108
248.913
249.993
251.374
252.246
252.744
254.22
260.233
272.78
287.38
302.185
316.437
329.457
341.218
353.112
365.623
376.277
383.144
386.418
388.473
393.382
405.255
411.09
409.984
403.879
398.523
394.335
392.399
394.71
397.45
411.939
246.599
246.8
247.105
247.297
247.353
248.087
251.992
262.334
275.89
290.104
305.546
322.799
338.356
352.2
365.539
377.355
385.46
389.215
390.575
393.366
403.15
408.506
407.868
402.578
398.434
394.639
392.647
394.746
397.28
411.729
246.26
246.362
246.615
246.723
246.722
247.239
251.193
261.235
274.605
289.413
305.095
322.47
338.852
352.748
365.791
377.684
386.177
390.394
391.809
394.01
401.519
405.356
405.353
401.164
398.396
395.105
392.984
394.876
397.13
411.282
246.322
246.435
246.699
246.882
247.02
247.686
251.216
260.901
274.146
289.506
305.383
322.053
338.75
353.102
365.778
377.294
386.229
391.283
392.982
394.702
399.286
401.761
402.016
399.344
397.957
395.455
393.279
394.933
397.064
411.279
246.245
246.485
246.85
247.085
247.236
247.82
250.969
260.053
272.91
288.212
304.151
320.701
337.528
352.142
364.637
376.055
385.282
391.467
393.884
395.023
397.472
399.258
399.439
398.127
397.473
396.071
393.813
395.168
396.931
410.881
246.215
246.491
246.888
247.131
247.252
247.747
250.731
259.604
272.117
286.968
302.745
318.959
335.556
350.443
362.937
374.542
384.834
391.669
394.559
395.469
397.303
398.718
398.548
397.741
397.336
396.416
394.107
395.25
396.889
410.83
246.124
246.384
246.755
246.987
247.094
247.449
250.084
258.62
271.042
285.796
301.694
317.957
334.563
349.694
362.588
374.592
384.877
391.906
395.064
396.092
397.839
398.909
398.432
397.649
397.299
396.752
394.594
395.444
396.773
410.482
246.085
246.283
246.623
246.865
247.013
247.369
249.536
257.164
269.31
283.948
300.023
316.966
334.26
350.098
363.678
375.424
385.302
392.07
395.073
396.744
398.523
399.437
398.65
397.58
397.238
396.873
394.854
395.467
396.683
410.291
245.981
246.157
246.507
246.763
246.943
247.326
249.292
256.428
268.404
282.988
299.206
316.393
333.928
350.188
363.802
375.131
384.842
391.444
394.561
397.027
399.255
399.988
398.95
397.584
397.175
397.021
395.25
395.584
396.478
409.941
245.955
246.155
246.527
246.781
246.963
247.388
249.663
257.342
269.497
284.226
300.471
317.558
334.787
350.55
363.938
374.913
384.406
390.725
394.366
397.452
399.591
400.147
399.08
397.436
397.134
397.178
395.656
395.779
396.343
409.583
245.868
246.053
246.428
246.707
246.876
247.221
249.198
256.5
268.871
283.813
300.21
317.355
334.674
350.647
363.985
375.274
384.656
390.726
394.34
397.555
399.89
400.397
399.006
397.187
397.064
397.385
396.175
396.166
396.314
409.211
245.817
245.999
246.393
246.701
246.882
247.227
249.314
256.939
269.409
284.338
300.686
317.786
335.209
351.12
364.603
375.875
384.886
390.616
394.278
397.386
399.849
400.411
399.025
396.923
396.983
397.664
396.687
396.554
396.308
408.864
245.796
245.95
246.33
246.662
246.851
247.214
249.362
256.97
269.245
284.202
300.592
317.813
335.437
351.524
364.924
376.292
385.038
390.462
394.189
397.422
399.559
400.286
398.919
396.751
396.865
397.887
397.124
396.878
396.186
408.508
245.753
245.904
246.277
246.618
246.826
247.231
249.541
257.347
269.687
284.811
301.252
318.451
336.003
352.221
365.639
376.912
385.493
390.69
394.334
397.435
399.34
399.968
398.941
396.551
396.683
398.054
397.517
397.116
396.043
408.155
245.724
245.833
246.118
246.511
246.741
247.063
248.985
256.172
268.43
283.375
299.73
317.264
335.185
351.648
365.443
376.915
385.429
390.553
394.291
397.469
399.375
399.687
398.768
396.336
396.43
398.134
397.96
397.311
396.056
407.772
245.629
245.728
246.004
246.415
246.672
247.038
249.103
256.483
268.737
283.664
300.123
317.582
335.378
351.934
365.805
377.232
385.434
390.48
394.214
397.38
399.2
399.606
398.522
396.115
396.197
398.193
398.465
397.628
396.191
407.52
245.555
245.625
245.838
246.26
246.556
246.918
248.638
255.09
267.106
281.971
298.54
316.322
334.504
351.475
365.697
377.453
385.899
390.634
394.25
397.325
399.001
399.251
398.159
396.024
396.118
398.363
399.109
398.088
396.204
407.294
245.457
245.514
245.784
246.275
246.575
246.953
248.746
255.407
267.441
282.31
298.96
316.667
334.443
351.42
365.879
377.913
386.539
391.18
394.462
397.093
398.652
398.941
397.751
395.813
395.924
398.458
399.775
398.64
395.899
406.88
245.548
245.621
245.845
246.3
246.606
246.963
248.495
254.478
266.411
281.114
297.708
315.602
333.591
350.897
365.756
378.048
386.864
391.726
394.794
396.971
398.332
398.615
397.35
395.591
395.699
398.423
400.208
399.105
395.67
406.271
245.532
245.603
245.834
246.28
246.575
246.926
248.374
254.234
266.4
281.138
297.719
315.551
333.513
350.744
365.922
378.34
387.321
392.268
395.09
396.974
398.272
398.37
397.013
395.368
395.473
398.336
400.548
399.697
395.637
405.737
245.527
245.571
245.718
246.12
246.423
246.777
248.047
253.468
265.473
280.031
296.535
314.519
332.72
350.205
365.859
378.453
387.616
392.711
395.518
397.237
398.1
398.096
396.792
395.146
395.249
398.137
400.868
400.478
395.932
405.412
245.503
245.545
245.698
246.088
246.363
246.728
248.101
253.851
265.885
280.455
296.89
314.603
332.731
350.05
365.882
378.62
388.004
393.311
395.836
397.371
397.945
397.807
396.393
394.844
395.078
397.939
401.162
401.128
396.086
405.041
245.534
245.578
245.75
246.141
246.392
246.688
247.797
252.934
264.751
279.155
295.6
313.359
331.76
349.425
365.286
378.478
388.11
393.636
396.243
397.37
397.723
397.527
396.017
394.571
394.749
397.658
401.39
401.752
396.207
404.515
245.614
245.66
245.839
246.238
246.488
246.801
248.013
253.417
265.256
279.672
296.135
313.735
331.924
349.364
365.098
378.264
388.44
394.348
396.762
397.382
397.433
397.087
395.487
394.333
394.579
397.349
401.404
402.274
396.644
404.338
245.654
245.704
245.865
246.241
246.494
246.781
247.808
252.663
264.298
278.702
295.114
312.82
331.171
348.907
364.87
378.192
388.578
394.682
397.02
397.486
397.383
396.66
394.889
394.141
394.347
397.033
401.256
402.902
397.469
404.363
245.708
245.752
245.896
246.241
246.484
246.772
247.85
252.905
264.75
279.142
295.509
313.204
331.312
349.034
364.9
378.37
388.648
394.928
397.2
397.305
397.204
396.356
394.591
393.741
394.089
396.829
401.127
403.399
398.069
404.215
245.775
245.819
245.938
246.241
246.467
246.744
247.746
252.534
264.261
278.642
294.898
312.608
330.822
348.629
364.446
377.923
388.428
395.058
397.568
397.586
397.313
396.028
394.108
393.323
393.822
396.581
400.889
403.664
398.444
403.855
245.891
245.936
246.075
246.365
246.553
246.842
247.979
253.167
265.18
279.566
295.759
313.339
331.386
348.925
364.482
377.633
388.197
395.1
397.749
398.076
397.476
395.652
393.556
392.753
393.451
396.333
400.426
403.924
399.324
403.977
246.031
246.077
246.222
246.472
246.624
246.854
247.878
252.83
264.721
279.167
295.339
312.869
330.951
348.472
364.06
377.163
387.863
395.064
398.099
398.397
397.465
395.301
393.1
392.252
393.089
396.139
399.758
403.964
400.474
404.406
246.18
246.262
246.482
246.709
246.833
247.05
248.157
253.448
265.421
279.91
296.233
313.591
331.235
348.601
364.146
376.936
387.507
394.757
398.005
398.491
397.452
395.011
392.625
391.682
392.597
395.935
399.338
404.261
401.162
404.381
246.334
246.462
246.735
246.944
247.033
247.192
248.181
253.337
265.212
279.596
295.824
313.086
330.797
348.103
363.586
376.455
386.937
394.326
397.83
398.495
397.435
394.704
392.175
391.122
392.275
396.052
399.02
404.302
401.436
404.379
246.435
246.641
247
247.214
247.285
247.439
248.509
253.887
265.839
280.232
296.244
313.488
331.103
348.282
363.672
376.417
386.548
393.911
397.639
398.5
397.582
394.468
391.795
390.74
391.889
396.2
398.913
404.084
401.737
405.093
246.401
246.716
247.279
247.539
247.552
247.651
248.727
254.164
266.183
280.326
296.27
313.168
330.687
347.88
363.306
376.117
386.243
393.518
397.571
398.59
397.77
394.484
391.541
390.387
391.596
396.381
398.711
403.72
401.766
405.429
246.268
246.56
247.328
247.754
247.702
247.831
249.196
255.166
267.098
281.427
297.529
314.209
331.312
348.24
363.605
376.334
386.319
393.402
397.496
398.621
398.071
394.693
391.407
390.166
391.502
396.275
398.543
403.312
401.795
405.695
246.036
246.377
247.213
248.012
247.928
248.073
249.482
255.438
267.164
281.139
297.236
314.004
331.424
348.405
363.877
376.61
386.393
393.19
397.19
398.647
398.383
395.077
391.374
390.009
391.307
396.091
398.582
402.802
402.219
407.155
246.125
246.471
247.175
247.94
247.985
247.927
249.314
255.205
267.13
281.379
297.743
314.848
332.211
349.264
364.694
377.292
386.874
393.35
397.252
398.741
398.564
395.402
391.353
390.064
391.074
396.101
399.003
402.668
402.999
407.327
246.013
246.094
246.202
246.633
247.163
247.765
249.632
255.963
267.534
281.421
297.625
314.902
332.382
349.442
364.757
377.564
387.31
393.347
397.097
398.661
398.675
395.74
391.345
389.962
390.824
395.52
398.979
402.086
402.921
406.409
245.966
245.995
246.12
246.411
246.754
247.288
249.148
255.626
267.422
281.733
298.498
316.311
333.715
350.777
365.829
377.994
387.588
394.075
397.323
398.741
398.763
395.997
391.52
389.819
390.443
395.121
398.495
401.552
402.154
407.33
246.113
246.103
246.134
246.35
246.614
247.077
248.694
254.707
267.097
281.148
298.054
315.948
334.089
351.491
366.457
379.041
388.619
394.739
398.204
399.669
399.694
397.106
392.367
390.758
391.392
396.014
399.675
403.058
402.963
409.18
246.151
246.126
246.147
246.302
246.532
246.908
248.249
253.736
266.092
280.15
297.683
315.996
333.944
351.416
366.916
379.001
388.603
395.282
398.797
400.247
400.394
398.294
393.927
392.232
392.712
396.774
400.675
404.683
403.709
409.136
246.132
246.122
246.124
246.216
246.411
246.757
247.983
253.05
264.898
279.641
296.549
316.055
334.048
351.492
367.152
379.915
389.594
395.68
398.504
399.95
399.999
397.449
393.088
391.267
391.817
395.548
399.123
403.69
401.843
407.828
246.01
246.008
246.053
246.164
246.331
246.717
247.876
253.223
265.126
279.599
296.199
314.842
334.035
352.032
367.222
380.506
389.941
396.592
399.396
400.158
399.351
396.081
392.007
390.145
390.431
393.754
396.84
401.827
399.15
407.147
246.019
246
246.021
246.138
246.286
246.575
247.802
253.233
264.949
279.162
295.616
313.861
332.696
350.534
366.971
381.979
392.095
398.258
401.955
402.249
401.305
397.987
393.732
391.857
391.94
394.8
398.023
402.201
398.75
406.918
246.001
245.903
245.906
246.035
246.19
246.483
247.847
253.751
265.83
280.173
296.58
314.185
332.059
349.68
366.057
379.941
392.521
399.426
403.676
404.861
404.342
401.371
397.731
396.24
396.221
398.544
402.02
405.137
400.634
406.294
246.278
246.011
245.897
245.888
245.969
246.223
247.654
253.948
266.103
280.414
296.782
314.202
332.199
349.255
364.664
377.957
389.737
397.444
402.776
406.271
405.963
403.711
400.321
399.089
399.091
401.101
404.955
406.702
401.736
403.719
246.42
246.272
246.267
246.294
246.277
246.399
247.771
254.056
266.137
280.505
296.702
314.068
331.873
348.854
363.885
377.042
387.209
394.07
398.568
402.147
402.647
401.462
398.546
397.476
397.614
399.892
403.426
404.498
399.974
400.144
246.805
246.66
246.624
246.605
246.506
246.588
248.003
254.414
266.593
281.009
297.187
314.362
331.638
348.259
363.092
375.709
385.327
391.92
395.473
397
396.95
395.061
391.451
390.565
391.211
394.317
397.083
398.426
395.511
397.578
247.153
247.001
246.987
247.014
246.973
247.096
248.582
255.231
267.502
281.809
297.799
314.818
331.917
347.959
362.282
374.321
383.648
389.666
392.647
393.74
393.61
390.548
386.389
385.428
386.208
389.582
391.956
393.581
391.29
395.291
247.2
247.053
247.023
247.029
246.989
247.138
248.753
255.69
268.002
282.278
298.1
314.836
331.763
348.037
362.491
374.729
383.408
388.966
391.56
392.178
391.63
388.172
383.395
382.033
382.906
386.693
388.767
390.627
389.13
394.223
247.115
246.98
246.94
246.92
246.846
247.015
248.74
255.825
268.062
282.421
298.124
314.862
331.812
348.031
362.27
374.11
383.056
388.511
390.973
391.795
391.041
387.084
382.224
380.405
381.43
385.26
387
389.011
388.082
394.02
)
;

boundaryField
{
    inlet
    {
        type            zeroGradient;
    }
    outlet
    {
        type            zeroGradient;
    }
    bottom
    {
        type            symmetryPlane;
    }
    top
    {
        type            symmetryPlane;
    }
    obstacle
    {
        type            zeroGradient;
    }
    defaultFaces
    {
        type            empty;
    }
}


// ************************************************************************* //
