/*--------------------------------*- C++ -*----------------------------------*\
| =========                 |                                                 |
| \\      /  F ield         | OpenFOAM: The Open Source CFD Toolbox           |
|  \\    /   O peration     | Version:  5.x                                   |
|   \\  /    A nd           | Web:      www.OpenFOAM.org                      |
|    \\/     M anipulation  |                                                 |
\*---------------------------------------------------------------------------*/
/*   Windows 32 and 64 bit porting by blueCAPE: http://www.bluecape.com.pt   *\
|  Based on Windows porting (2.0.x v4) by Symscape: http://www.symscape.com   |
\*---------------------------------------------------------------------------*/
FoamFile
{
    version     2.0;
    format      ascii;
    class       volScalarField;
    location    "0.009";
    object      mag(U);
}
// * * * * * * * * * * * * * * * * * * * * * * * * * * * * * * * * * * * * * //

dimensions      [0 1 -1 0 0 0 0];

internalField   nonuniform List<scalar> 
10000
(
0.0511504
0.210979
0.630426
1.68597
3.98714
8.37727
15.6053
25.8644
38.612
52.8197
67.5828
82.3255
96.8218
110.983
124.776
138.155
151.117
163.613
175.683
187.223
198.264
208.828
218.824
228.181
236.939
245.135
252.703
259.523
265.546
270.82
275.414
279.362
282.68
285.362
287.354
288.753
289.753
290.5
291.047
291.415
291.674
291.847
291.961
292.045
292.156
292.329
292.568
292.924
293.447
294.139
295.006
296.05
297.276
298.679
300.23
301.926
303.854
305.663
307.415
308.675
0.0508267
0.209172
0.623792
1.6663
3.93828
8.27505
15.4237
25.5869
38.24
52.3696
67.0754
81.7785
96.2485
110.394
124.183
137.568
150.541
163.065
175.169
186.748
197.845
208.473
218.53
227.958
236.812
245.117
252.79
259.713
265.847
271.248
275.989
280.093
283.554
286.37
288.491
290.018
291.124
291.969
292.632
293.101
293.447
293.705
293.901
294.039
294.161
294.303
294.486
294.736
295.063
295.498
296.057
296.728
297.517
298.442
299.487
300.605
301.99
303.307
304.582
305.381
0.0508265
0.209146
0.623726
1.66629
3.93885
8.27736
15.4299
25.5994
38.2592
52.3926
67.0973
81.7925
96.2473
110.371
124.127
137.479
150.404
162.898
174.911
186.459
197.511
208.03
218.017
227.422
236.213
244.401
251.964
258.83
264.941
270.302
274.961
278.955
282.325
285.084
287.171
288.656
289.724
290.525
291.121
291.538
291.826
292.027
292.155
292.218
292.284
292.378
292.49
292.628
292.842
293.171
293.598
294.108
294.702
295.393
296.192
297.068
298.139
299.139
300.147
300.642
0.050568
0.207685
0.618278
1.64989
3.89747
8.18962
15.2721
25.3556
37.9293
51.9905
66.6411
81.2983
95.7275
109.835
123.589
136.944
149.87
162.408
174.424
186.034
197.142
207.673
217.715
227.239
236.133
244.367
251.973
258.945
265.22
270.752
275.543
279.627
283.053
285.876
288.092
289.745
290.94
291.863
292.591
293.082
293.418
293.672
293.875
293.986
294.055
294.141
294.229
294.314
294.402
294.533
294.716
294.949
295.235
295.572
295.972
296.417
297.095
297.75
298.405
298.554
0.0505199
0.207439
0.617539
1.64816
3.89433
8.18506
15.2676
25.3536
37.9314
51.9951
66.6446
81.295
95.7109
109.8
123.522
136.847
149.738
162.228
174.189
185.743
196.806
207.283
217.254
226.705
235.539
243.719
251.258
258.149
264.346
269.816
274.556
278.587
281.973
284.764
286.915
288.49
289.633
290.492
291.153
291.612
291.907
292.101
292.232
292.278
292.3
292.351
292.407
292.461
292.547
292.705
292.927
293.21
293.551
293.945
294.41
294.892
295.563
296.231
296.927
297.071
0.0503084
0.206237
0.61302
1.63441
3.85916
8.10961
15.1303
25.1389
37.6379
51.6348
66.2334
80.8477
95.2385
109.31
123.032
136.356
149.253
161.764
173.763
185.349
196.434
206.961
217.006
226.521
235.404
243.652
251.297
258.312
264.62
270.172
274.991
279.126
282.614
285.515
287.817
289.541
290.753
291.688
292.433
292.932
293.279
293.549
293.77
293.882
293.942
294.017
294.095
294.147
294.187
294.284
294.433
294.626
294.879
295.173
295.535
295.926
296.496
297.08
297.732
297.842
0.0502302
0.205848
0.611821
1.63145
3.85325
8.09977
15.1173
25.1254
37.6266
51.6248
66.2225
80.8306
95.2101
109.266
122.956
136.255
149.122
161.587
173.533
185.071
196.121
206.598
216.572
226.021
234.859
243.059
250.638
257.572
263.805
269.309
274.092
278.185
281.647
284.519
286.746
288.39
289.559
290.436
291.136
291.619
291.927
292.132
292.281
292.336
292.354
292.407
292.475
292.544
292.636
292.812
293.075
293.412
293.829
294.311
294.877
295.464
296.194
296.941
297.804
298.112
0.0500518
0.204837
0.60802
1.61981
3.8232
8.03464
14.9975
24.9361
37.3649
51.3011
65.8509
80.4247
94.7796
108.817
122.509
135.804
148.673
161.161
173.141
184.706
195.771
206.292
216.336
225.846
234.728
242.986
250.655
257.703
264.043
269.626
274.482
278.662
282.2
285.161
287.538
289.328
290.567
291.517
292.28
292.788
293.147
293.426
293.66
293.782
293.844
293.931
294.03
294.101
294.169
294.311
294.524
294.796
295.139
295.551
296.05
296.583
297.24
297.916
298.743
299.058
0.0499563
0.204363
0.606528
1.61601
3.81532
8.02088
14.978
24.9135
37.343
51.2798
65.8288
80.3972
94.7424
108.767
122.428
135.701
148.545
160.988
172.918
184.443
195.481
205.955
215.931
225.38
234.223
242.442
250.052
257.022
263.291
268.83
273.657
277.809
281.336
284.277
286.572
288.28
289.48
290.381
291.117
291.621
291.945
292.162
292.318
292.378
292.398
292.452
292.526
292.596
292.687
292.865
293.147
293.505
293.955
294.49
295.107
295.768
296.541
297.329
298.302
298.766
0.0498013
0.203493
0.60328
1.60605
3.78946
7.96441
14.8732
24.7462
37.1092
50.9883
65.492
80.0278
94.349
108.355
122.018
135.286
148.13
160.596
172.558
184.104
195.15
205.664
215.704
225.213
234.095
242.36
250.047
257.123
263.497
269.113
274.004
278.224
281.806
284.818
287.26
289.115
290.391
291.357
292.131
292.648
293.018
293.305
293.546
293.669
293.724
293.801
293.892
293.949
294
294.129
294.339
294.602
294.944
295.381
295.901
296.472
297.146
297.823
298.698
299.122
0.0496973
0.202974
0.601621
1.60174
3.78025
7.94788
14.8488
24.7166
37.0789
50.9581
65.4614
79.9925
94.3055
108.3
121.934
135.184
148.005
160.428
172.341
183.856
194.884
205.352
215.326
224.779
233.631
241.864
249.495
256.495
262.802
268.383
273.255
277.456
281.036
284.034
286.39
288.161
289.4
290.331
291.104
291.633
291.975
292.203
292.371
292.437
292.458
292.513
292.59
292.655
292.729
292.891
293.162
293.506
293.942
294.477
295.09
295.757
296.524
297.28
298.245
298.769
0.0495591
0.202211
0.598799
1.59311
3.75781
7.89862
14.7568
24.5684
36.8696
50.695
65.1553
79.6554
93.9451
107.922
121.558
134.8
147.622
160.066
172.009
183.538
194.568
205.074
215.11
224.618
233.502
241.772
249.472
256.573
262.979
268.631
273.556
277.811
281.431
284.487
286.986
288.902
290.222
291.207
291.991
292.522
292.907
293.203
293.454
293.587
293.642
293.721
293.814
293.878
293.929
294.051
294.265
294.535
294.883
295.34
295.891
296.498
297.193
297.856
298.724
299.207
0.0494523
0.201674
0.597063
1.58852
3.7478
7.88025
14.729
24.5336
36.833
50.658
65.1185
79.6146
93.8975
107.864
121.473
134.7
147.5
159.904
171.801
183.307
194.325
204.786
214.758
224.216
233.078
241.323
248.97
255.996
262.34
267.962
272.877
277.123
280.749
283.795
286.208
288.04
289.321
290.283
291.089
291.644
292.004
292.245
292.432
292.512
292.537
292.604
292.698
292.787
292.877
293.049
293.341
293.714
294.178
294.759
295.434
296.164
296.976
297.74
298.706
299.295
0.0493268
0.200992
0.594573
1.58095
3.72815
7.837
14.6478
24.4019
36.6453
50.4201
64.8396
79.3061
93.5661
107.515
121.127
134.344
147.146
159.57
171.495
183.008
194.022
204.521
214.553
224.06
232.946
241.22
248.93
256.052
262.49
268.176
273.133
277.42
281.077
284.172
286.721
288.693
290.06
291.067
291.861
292.408
292.809
293.115
293.375
293.524
293.594
293.689
293.803
293.898
293.981
294.132
294.392
294.719
295.129
295.665
296.325
297.049
297.838
298.56
299.472
300.056
0.0492207
0.200457
0.592823
1.57626
3.71772
7.81755
14.6178
24.3635
36.6039
50.3781
64.7982
79.2615
93.5164
107.457
121.042
134.247
147.028
159.413
171.297
182.793
193.801
204.257
214.228
223.689
232.558
240.814
248.477
255.528
261.906
267.565
272.518
276.805
280.474
283.564
286.033
287.924
289.246
290.237
291.072
291.65
292.029
292.288
292.496
292.597
292.642
292.733
292.858
292.99
293.124
293.338
293.684
294.125
294.664
295.338
296.129
296.986
297.909
298.756
299.79
300.494
0.0491051
0.199838
0.590596
1.56954
3.70036
7.77931
14.5458
24.246
36.4351
50.1625
64.5436
78.9785
93.2106
107.134
120.722
133.916
146.7
159.103
171.012
182.51
193.508
204.001
214.031
223.536
232.421
240.699
248.422
255.564
262.029
267.745
272.73
277.048
280.742
283.876
286.471
288.494
289.907
290.936
291.737
292.299
292.716
293.037
293.31
293.478
293.571
293.689
293.831
293.969
294.098
294.298
294.618
295.024
295.526
296.164
296.949
297.82
298.75
299.591
300.605
301.325
0.0490019
0.199316
0.588875
1.56487
3.68982
7.75936
14.5145
24.2052
36.3905
50.117
64.4992
78.9316
93.1602
107.076
120.639
133.823
146.586
158.953
170.825
182.314
193.309
203.76
213.732
223.196
232.069
240.334
248.014
255.091
261.5
267.19
272.175
276.499
280.211
283.345
285.866
287.812
289.176
290.195
291.051
291.648
292.046
292.325
292.553
292.674
292.742
292.862
293.018
293.189
293.37
293.633
294.034
294.544
295.165
295.923
296.82
297.8
298.849
299.81
300.941
301.772
0.0488945
0.198749
0.58686
1.55885
3.67434
7.72531
14.4503
24.1
36.2383
49.9211
64.2662
78.6714
92.8772
106.776
120.342
133.515
146.283
158.666
170.559
182.045
193.026
203.513
213.542
223.044
231.928
240.209
247.943
255.106
261.596
267.338
272.348
276.694
280.424
283.597
286.235
288.305
289.762
290.812
291.62
292.194
292.628
292.962
293.247
293.431
293.542
293.681
293.846
294.014
294.183
294.422
294.784
295.247
295.815
296.523
297.388
298.364
299.416
300.374
301.501
302.346
0.0487953
0.198246
0.585193
1.55428
3.66391
7.70532
14.4185
24.0579
36.1916
49.8734
64.2198
78.6232
92.8272
106.721
120.263
133.426
146.174
158.522
170.384
181.866
192.847
203.295
213.268
222.733
231.61
239.883
247.579
254.68
261.118
266.838
271.85
276.209
279.959
283.134
285.705
287.702
289.109
290.158
291.029
291.638
292.055
292.354
292.595
292.732
292.821
292.96
293.131
293.321
293.529
293.815
294.235
294.769
295.415
296.199
297.134
298.169
299.287
300.323
301.538
302.468
0.0486951
0.197723
0.583355
1.54883
3.64999
7.67476
14.3608
23.9633
36.0539
49.6949
64.0061
78.3835
92.5647
106.441
119.987
133.139
145.892
158.255
170.134
181.609
192.573
203.055
213.083
222.582
231.463
239.748
247.494
254.676
261.188
266.953
271.986
276.359
280.125
283.335
286.012
288.127
289.623
290.693
291.509
292.094
292.544
292.888
293.178
293.372
293.493
293.642
293.809
293.979
294.154
294.392
294.744
295.197
295.752
296.446
297.301
298.284
299.368
300.377
301.571
302.501
0.0486006
0.197244
0.581759
1.54443
3.63983
7.65509
14.3292
23.9208
36.0062
49.646
63.9589
78.335
92.5159
106.388
119.91
133.055
145.788
158.12
169.971
181.447
192.413
202.859
212.835
222.301
231.179
239.459
247.171
254.295
260.759
266.505
271.544
275.933
279.72
282.933
285.551
287.596
289.046
290.125
291.005
291.623
292.056
292.373
292.622
292.764
292.862
293.001
293.161
293.333
293.521
293.778
294.15
294.625
295.203
295.915
296.781
297.763
298.842
299.862
301.087
302.056
0.0485067
0.196758
0.580069
1.53945
3.6272
7.62747
14.2771
23.8353
35.8812
49.483
63.7624
78.1136
92.2717
106.127
119.653
132.787
145.525
157.869
169.736
181.2
192.147
202.626
212.654
222.149
231.027
239.315
247.072
254.272
260.805
266.591
271.644
276.043
279.843
283.088
285.804
287.96
289.494
290.586
291.409
292.002
292.467
292.819
293.109
293.303
293.422
293.561
293.703
293.839
293.975
294.158
294.432
294.795
295.254
295.842
296.587
297.466
298.468
299.422
300.577
301.496
0.0484172
0.196305
0.578554
1.53525
3.61742
7.60836
14.2461
23.7931
35.8333
49.4337
63.715
78.0655
92.2248
106.076
119.581
132.707
145.429
157.742
169.587
181.055
192.005
202.452
212.433
221.896
230.772
239.06
246.793
253.941
260.427
266.192
271.253
275.671
279.495
282.749
285.413
287.505
288.999
290.106
290.99
291.615
292.064
292.398
292.652
292.798
292.898
293.024
293.153
293.283
293.424
293.613
293.889
294.257
294.723
295.306
296.034
296.884
297.837
298.753
299.873
300.762
0.0483291
0.195852
0.576991
1.53068
3.60589
7.58323
14.1988
23.7154
35.7194
49.2843
63.534
77.8606
91.9972
105.832
119.341
132.456
145.185
157.499
169.377
180.804
191.746
202.247
212.251
221.721
230.618
238.94
246.703
253.89
260.426
266.242
271.339
275.777
279.611
282.882
285.623
287.809
289.381
290.503
291.341
291.951
292.437
292.803
293.095
293.292
293.413
293.546
293.668
293.773
293.875
294.005
294.198
294.473
294.835
295.31
295.924
296.668
297.538
298.381
299.416
300.221
0.0482446
0.195425
0.57556
1.52669
3.59656
7.56487
14.1687
23.6742
35.6721
49.2355
63.4872
77.8136
91.9525
105.785
119.274
132.381
145.098
157.373
169.259
180.657
191.615
202.121
212.05
221.455
230.385
238.756
246.49
253.574
260.026
265.844
271.008
275.512
279.368
282.606
285.252
287.35
288.889
290.055
290.982
291.647
292.13
292.485
292.738
292.877
292.972
293.084
293.19
293.296
293.417
293.571
293.786
294.084
294.469
294.957
295.57
296.3
297.127
297.922
298.918
299.678
0.0481619
0.195003
0.57411
1.52247
3.58597
7.54185
14.1255
23.6032
35.5678
49.0982
63.3199
77.6235
91.7399
105.556
119.049
132.145
144.866
157.148
169.046
180.427
191.359
201.901
211.874
221.289
230.213
238.602
246.375
253.509
260.005
265.853
271.039
275.561
279.43
282.684
285.393
287.571
289.179
290.356
291.242
291.895
292.414
292.797
293.08
293.264
293.376
293.495
293.598
293.685
293.777
293.887
294.043
294.267
294.568
294.968
295.487
296.115
296.865
297.598
298.525
299.215
0.0480824
0.194601
0.572764
1.51872
3.57713
7.52437
14.0966
23.5633
35.5218
49.0505
63.2743
77.5781
91.6978
105.512
118.986
132.076
144.784
157.042
168.923
180.313
191.252
201.766
211.7
221.09
230.015
238.41
246.167
253.254
259.703
265.536
270.739
275.29
279.184
282.442
285.103
287.218
288.788
289.985
290.931
291.616
292.125
292.503
292.761
292.9
292.996
293.108
293.207
293.301
293.413
293.545
293.721
293.96
294.27
294.671
295.177
295.785
296.486
297.157
298.04
298.681
0.0480048
0.194206
0.571414
1.5148
3.56734
7.50315
14.0569
23.4981
35.4259
48.9239
63.1194
77.4014
91.4989
105.298
118.774
131.854
144.564
156.829
168.717
180.092
191.008
201.547
211.522
220.929
229.848
238.246
246.034
253.176
259.677
265.537
270.747
275.301
279.204
282.485
285.21
287.407
289.047
290.249
291.148
291.815
292.352
292.752
293.041
293.229
293.352
293.476
293.575
293.656
293.741
293.832
293.953
294.124
294.357
294.678
295.098
295.612
296.234
296.841
297.658
298.227
0.0479301
0.193829
0.570153
1.51128
3.55902
7.48662
14.0294
23.4599
35.3814
48.8777
63.0753
77.3578
91.4596
105.257
118.716
131.792
144.49
156.734
168.607
179.991
190.918
201.43
211.366
220.756
229.68
238.082
245.852
252.953
259.418
265.269
270.494
275.071
278.994
282.279
284.969
287.113
288.716
289.938
290.892
291.585
292.111
292.509
292.777
292.921
293.024
293.142
293.24
293.328
293.431
293.544
293.685
293.87
294.112
294.436
294.85
295.353
295.94
296.495
297.273
297.791
0.0478572
0.19346
0.568891
1.50763
3.54992
7.46696
13.9927
23.3997
35.2929
48.7605
62.9314
77.1932
91.2731
105.055
118.517
131.582
144.281
156.531
168.408
179.777
190.682
201.216
211.187
220.593
229.512
237.913
245.706
252.858
259.373
265.252
270.481
275.056
278.984
282.29
285.036
287.257
288.931
290.161
291.071
291.748
292.297
292.71
293.003
293.195
293.327
293.457
293.556
293.635
293.717
293.798
293.897
294.031
294.217
294.485
294.841
295.28
295.812
296.325
297.061
297.519
0.0477871
0.193107
0.567713
1.50433
3.54214
7.45144
13.9668
23.3635
35.2505
48.7162
62.8893
77.1519
91.2366
105.018
118.464
131.526
144.214
156.446
168.31
179.689
190.607
201.115
211.051
220.444
229.371
237.775
245.55
252.666
259.153
265.027
270.271
274.866
278.809
282.118
284.839
287.018
288.655
289.903
290.866
291.564
292.104
292.517
292.794
292.944
293.057
293.182
293.284
293.374
293.477
293.584
293.707
293.864
294.072
294.357
294.726
295.177
295.705
296.199
296.919
297.346
0.0477187
0.192761
0.566532
1.50092
3.53364
7.43311
13.9326
23.3076
35.1684
48.6075
62.7554
76.9981
91.0615
104.828
118.277
131.327
144.015
156.252
168.119
179.482
190.377
200.904
210.873
220.278
229.199
237.601
245.397
252.559
259.089
264.986
270.234
274.826
278.775
282.102
284.87
287.118
288.824
290.084
291.006
291.69
292.249
292.672
292.97
293.166
293.31
293.448
293.554
293.639
293.728
293.816
293.914
294.041
294.221
294.48
294.824
295.248
295.761
296.252
296.965
297.362
0.0476531
0.192431
0.565434
1.49785
3.52639
7.41863
13.9084
23.2735
35.1282
48.5654
62.7154
76.9592
91.028
104.795
118.228
131.277
143.957
156.177
168.033
179.406
190.316
200.82
210.755
220.151
229.083
237.487
245.266
252.396
258.904
264.8
270.062
274.672
278.632
281.962
284.713
286.926
288.597
289.871
290.842
291.543
292.095
292.521
292.805
292.963
293.086
293.22
293.331
293.431
293.545
293.664
293.794
293.956
294.171
294.465
294.844
295.306
295.847
296.357
297.087
297.484
0.0475889
0.192106
0.564325
1.49465
3.51841
7.40146
13.8764
23.2213
35.0518
48.4641
62.5904
76.8153
90.8633
104.616
118.051
131.088
143.766
155.99
167.847
179.205
190.092
200.612
210.577
219.984
228.907
237.308
245.105
252.275
258.823
264.741
270.005
274.61
278.575
281.923
284.713
286.987
288.727
290.015
290.949
291.638
292.205
292.635
292.937
293.141
293.296
293.444
293.562
293.662
293.771
293.881
294
294.15
294.357
294.648
295.028
295.491
296.047
296.59
297.344
297.745
0.0475274
0.1918
0.563305
1.4918
3.51169
7.38802
13.8539
23.1895
35.014
48.4245
62.5527
76.779
90.8328
104.586
118.007
131.044
143.715
155.926
167.773
179.141
190.044
200.543
210.478
219.878
228.813
237.217
244.998
252.141
258.67
264.589
269.867
274.488
278.462
281.813
284.593
286.841
288.544
289.843
290.822
291.524
292.087
292.522
292.812
292.981
293.116
293.261
293.385
293.502
293.635
293.777
293.929
294.114
294.36
294.691
295.111
295.621
296.221
296.804
297.599
298.029
0.0474671
0.191494
0.56226
1.48878
3.50418
7.37186
13.8238
23.1406
34.9426
48.3299
62.4359
76.644
90.6777
104.417
117.839
130.864
143.532
155.745
167.593
178.946
189.825
200.338
210.3
219.708
228.634
237.034
244.831
252.009
258.575
264.511
269.79
274.406
278.385
281.754
284.565
286.867
288.637
289.95
290.896
291.588
292.161
292.598
292.905
293.115
293.282
293.44
293.57
293.688
293.817
293.953
294.097
294.274
294.517
294.847
295.272
295.787
296.41
297.036
297.87
298.329
0.0474098
0.191209
0.561316
1.48616
3.49798
7.35947
13.803
23.1111
34.9074
48.2928
62.4007
76.6105
90.6501
104.39
117.801
130.826
143.49
155.69
167.53
178.893
189.789
200.283
210.218
219.622
228.559
236.963
244.747
251.902
258.451
264.39
269.683
274.314
278.301
281.672
284.479
286.759
288.493
289.816
290.8
291.503
292.074
292.517
292.814
292.99
293.136
293.289
293.422
293.552
293.699
293.858
294.024
294.226
294.496
294.854
295.306
295.855
296.511
297.174
298.049
298.546
0.047353
0.19092
0.560328
1.4833
3.49086
7.34417
13.7747
23.0651
34.8403
48.2041
62.2911
76.4836
90.5038
104.23
117.641
130.654
143.314
155.515
167.354
178.703
189.576
200.082
210.04
219.45
228.378
236.777
244.574
251.76
258.341
264.295
269.587
274.215
278.207
281.595
284.427
286.755
288.551
289.887
290.845
291.538
292.117
292.559
292.869
293.082
293.256
293.419
293.554
293.682
293.822
293.971
294.125
294.313
294.573
294.924
295.371
295.915
296.582
297.276
298.182
298.707
0.0472997
0.190657
0.559459
1.48089
3.48519
7.33281
13.7555
23.0379
34.8077
48.1697
62.2585
76.4528
90.4791
104.207
117.607
130.622
143.278
155.47
167.302
178.661
189.55
200.04
209.974
219.382
228.321
236.725
244.511
251.678
258.245
264.201
269.508
274.149
278.15
281.54
284.372
286.679
288.442
289.788
290.778
291.481
292.06
292.508
292.809
292.989
293.14
293.296
293.431
293.564
293.715
293.877
294.043
294.242
294.516
294.88
295.338
295.898
296.581
297.294
298.225
298.776
0.047246
0.190383
0.55852
1.47817
3.47841
7.31827
13.7286
22.9944
34.7446
48.0863
62.1556
76.3333
90.341
104.055
117.456
130.457
143.108
155.3
167.131
178.476
189.341
199.842
209.797
219.207
228.136
236.536
244.335
251.528
258.121
264.09
269.396
274.036
278.043
281.448
284.298
286.648
288.466
289.824
290.795
291.492
292.076
292.521
292.834
293.047
293.224
293.388
293.523
293.652
293.795
293.946
294.098
294.279
294.536
294.888
295.333
295.876
296.555
297.284
298.231
298.796
0.0471968
0.190141
0.557725
1.47597
3.47325
7.30794
13.7112
22.9695
34.7146
48.0546
62.1255
76.3053
90.3191
104.035
117.426
130.431
143.08
155.263
167.088
178.444
189.326
199.813
209.747
219.156
228.097
236.502
244.292
251.468
258.05
264.021
269.341
273.995
278.01
281.418
284.27
286.601
288.389
289.757
290.754
291.46
292.046
292.499
292.803
292.986
293.139
293.296
293.43
293.562
293.709
293.866
294.022
294.206
294.463
294.816
295.261
295.805
296.484
297.216
298.17
298.745
0.0471457
0.18988
0.556826
1.47336
3.46676
7.29404
13.6856
22.9282
34.655
47.976
62.0285
76.1925
90.1884
103.892
117.282
130.273
142.916
155.099
166.921
178.262
189.122
199.617
209.569
218.98
227.91
236.31
244.111
251.31
257.914
263.897
269.216
273.868
277.888
281.31
284.177
286.548
288.386
289.765
290.748
291.448
292.038
292.488
292.803
293.016
293.194
293.358
293.491
293.619
293.758
293.903
294.043
294.208
294.443
294.777
295.204
295.725
296.387
297.12
298.08
298.658
0.0471007
0.18966
0.556107
1.47138
3.46211
7.28471
13.6698
22.9056
34.6276
47.9469
62.0011
76.1673
90.1693
103.875
117.257
130.252
142.895
155.07
166.889
178.24
189.117
199.599
209.534
218.946
227.888
236.292
244.085
251.271
257.868
263.854
269.185
273.849
277.876
281.301
284.172
286.527
288.339
289.727
290.731
291.44
292.033
292.49
292.798
292.983
293.139
293.295
293.426
293.551
293.69
293.835
293.972
294.129
294.356
294.679
295.097
295.609
296.259
296.982
297.938
298.515
0.0470517
0.189409
0.55524
1.46886
3.45585
7.27136
13.6453
22.8663
34.5711
47.8727
61.9096
76.0605
90.0456
103.738
117.119
130.1
142.736
154.91
166.725
178.063
188.917
199.405
209.355
218.768
227.7
236.098
243.898
251.105
257.722
263.718
269.049
273.709
277.74
281.178
284.063
286.455
288.314
289.713
290.707
291.409
292.003
292.457
292.773
292.986
293.165
293.327
293.457
293.577
293.707
293.839
293.958
294.094
294.297
294.596
294.991
295.475
296.1
296.815
297.769
298.341
0.047011
0.189211
0.554599
1.4671
3.45171
7.26303
13.6311
22.8459
34.5463
47.8463
61.8847
76.0382
90.0291
103.724
117.098
130.085
142.722
154.89
166.701
178.049
188.921
199.399
209.333
218.749
227.693
236.095
243.89
251.086
257.698
263.699
269.04
273.711
277.747
281.189
284.08
286.459
288.295
289.702
290.712
291.421
292.019
292.479
292.79
292.976
293.132
293.286
293.409
293.523
293.647
293.773
293.882
294.004
294.192
294.474
294.854
295.324
295.929
296.626
297.567
298.131
0.0469633
0.188966
0.553752
1.46465
3.44564
7.25015
13.6076
22.8083
34.4925
47.776
61.7982
75.937
89.9117
103.594
116.967
129.938
142.568
154.734
166.541
177.876
188.725
199.207
209.155
218.569
227.502
235.899
243.7
250.913
257.543
263.551
268.892
273.56
277.6
281.055
283.957
286.37
288.247
289.665
290.668
291.371
291.968
292.425
292.742
292.953
293.13
293.288
293.409
293.517
293.631
293.744
293.838
293.941
294.106
294.366
294.724
295.168
295.745
296.428
297.362
297.914
0.0469276
0.188794
0.553194
1.46311
3.44201
7.24279
13.595
22.7901
34.4702
47.7521
61.7759
75.9173
89.898
103.584
116.95
129.928
142.56
154.72
166.526
177.871
188.737
199.212
209.146
218.564
227.509
235.911
243.708
250.912
257.537
263.55
268.901
273.58
277.627
281.085
283.993
286.393
288.25
289.674
290.69
291.4
292.002
292.465
292.778
292.964
293.118
293.266
293.38
293.48
293.586
293.691
293.774
293.864
294.014
294.259
294.604
295.034
295.591
296.255
297.17
297.704
0.0468801
0.18855
0.552355
1.4607
3.43608
7.23029
13.5723
22.7541
34.419
47.6855
61.6938
75.8212
89.7864
103.46
116.824
129.787
142.409
154.568
166.369
177.7
188.544
199.022
208.967
218.381
227.315
235.713
243.515
250.734
257.372
263.391
268.742
273.421
277.472
280.941
283.859
286.288
288.182
289.618
290.632
291.338
291.94
292.401
292.72
292.93
293.104
293.257
293.37
293.467
293.568
293.666
293.74
293.816
293.952
294.18
294.509
294.92
295.453
296.103
297.01
297.525
0.0468501
0.188406
0.551886
1.45939
3.43296
7.2239
13.5612
22.7379
34.399
47.664
61.6738
75.804
89.7748
103.452
116.811
129.78
142.407
154.56
166.361
177.703
188.563
199.035
208.97
218.389
227.334
235.737
243.538
250.75
257.385
263.409
268.771
273.462
277.521
280.995
283.918
286.337
288.216
289.658
290.685
291.401
292.01
292.478
292.794
292.981
293.134
293.279
293.385
293.474
293.568
293.66
293.725
293.792
293.916
294.133
294.45
294.851
295.368
296.003
296.893
297.384
0.0468015
0.188159
0.551041
1.45698
3.42708
7.21153
13.5388
22.7022
34.3481
47.5975
61.5917
75.7074
89.6624
103.326
116.681
129.636
142.251
154.403
166.196
177.525
188.365
198.837
208.78
218.195
227.131
235.529
243.334
250.558
257.205
263.235
268.6
273.292
277.356
280.839
283.771
286.216
288.128
289.585
290.614
291.327
291.936
292.404
292.725
292.934
293.107
293.26
293.371
293.464
293.561
293.654
293.717
293.777
293.891
294.096
294.402
294.789
295.289
295.913
296.799
297.277
0.0467105
0.187741
0.549715
1.45328
3.41819
7.19311
13.5064
22.6534
34.2847
47.5243
61.5158
75.6316
89.5947
103.261
116.599
129.564
142.19
154.325
166.117
177.472
188.346
198.803
208.723
218.15
227.113
235.529
243.328
250.532
257.17
263.213
268.609
273.332
277.415
280.904
283.844
286.263
288.141
289.615
290.681
291.42
292.051
292.542
292.865
293.029
293.161
293.31
293.42
293.507
293.599
293.688
293.743
293.789
293.886
294.075
294.369
294.748
295.231
295.859
296.749
298.511
0.0467297
0.187991
0.550996
1.45773
3.43046
7.22075
13.5583
22.7364
34.3989
47.6625
61.6673
75.7906
89.7516
103.42
116.797
129.748
142.361
154.53
166.337
177.654
188.48
198.97
208.93
218.34
227.267
235.668
243.486
250.722
257.371
263.395
268.751
273.436
277.495
280.976
283.902
286.352
288.273
289.723
290.731
291.419
292.015
292.464
292.763
292.964
293.131
293.262
293.336
293.387
293.445
293.501
293.526
293.541
293.616
293.8
294.103
294.501
295.009
295.683
296.581
298.278
0.0466252
0.187519
0.549454
1.45318
3.41873
7.19471
13.5092
22.6568
34.287
47.5241
61.5126
75.6266
89.5869
103.253
116.59
129.554
142.192
154.317
166.11
177.474
188.336
198.8
208.73
218.153
227.111
235.526
243.329
250.536
257.175
263.217
268.611
273.334
277.414
280.906
283.838
286.261
288.159
289.642
290.698
291.421
292.052
292.541
292.852
293.012
293.145
293.287
293.382
293.449
293.524
293.596
293.63
293.645
293.715
293.892
294.186
294.571
295.069
295.77
296.668
298.283
0.046596
0.187543
0.550039
1.45588
3.42738
7.21626
13.553
22.7318
34.397
47.6636
61.6716
75.7963
89.7612
103.429
116.81
129.758
142.365
154.538
166.344
177.661
188.486
198.975
208.931
218.341
227.269
235.673
243.491
250.724
257.37
263.394
268.752
273.44
277.5
280.981
283.906
286.349
288.262
289.715
290.723
291.401
291.994
292.441
292.723
292.895
293.043
293.165
293.224
293.258
293.303
293.351
293.364
293.359
293.421
293.606
293.922
294.357
294.912
295.67
296.609
298.218
0.0465183
0.187224
0.549034
1.45281
3.41893
7.19605
13.512
22.6609
34.2906
47.5254
61.5104
75.6222
89.5792
103.245
116.58
129.542
142.193
154.309
166.103
177.476
188.327
198.795
208.734
218.156
227.108
235.521
243.324
250.535
257.175
263.218
268.608
273.325
277.402
280.894
283.823
286.25
288.165
289.657
290.706
291.413
292.037
292.527
292.831
292.988
293.125
293.267
293.355
293.415
293.485
293.555
293.585
293.59
293.653
293.838
294.157
294.589
295.155
295.951
296.897
298.458
0.0464619
0.187105
0.549113
1.45409
3.42437
7.21174
13.5474
22.7264
34.3939
47.6635
61.675
75.8017
89.7708
103.439
116.824
129.77
142.372
154.546
166.351
177.667
188.491
198.978
208.933
218.342
227.271
235.677
243.495
250.725
257.37
263.394
268.754
273.444
277.504
280.986
283.911
286.347
288.255
289.708
290.72
291.388
291.973
292.42
292.689
292.839
292.969
293.082
293.133
293.158
293.197
293.241
293.251
293.241
293.296
293.488
293.825
294.291
294.899
295.733
296.706
298.272
0.046392
0.186859
0.548445
1.45211
3.41867
7.19696
13.5148
22.6656
34.2956
47.5283
61.5096
75.6185
89.572
103.236
116.569
129.53
142.192
154.3
166.096
177.479
188.32
198.791
208.737
218.158
227.106
235.516
243.321
250.534
257.176
263.218
268.604
273.315
277.389
280.882
283.807
286.235
288.165
289.666
290.712
291.405
292.02
292.508
292.806
292.964
293.106
293.248
293.33
293.383
293.448
293.514
293.541
293.541
293.596
293.788
294.115
294.562
295.184
296.042
296.996
298.511
0.0463226
0.186663
0.548197
1.45235
3.42144
7.20727
13.5416
22.7203
34.3896
47.662
61.6774
75.8065
89.7803
103.449
116.84
129.783
142.38
154.555
166.358
177.673
188.495
198.981
208.936
218.343
227.272
235.68
243.499
250.727
257.369
263.393
268.755
273.449
277.511
280.994
283.918
286.344
288.25
289.705
290.72
291.382
291.958
292.405
292.661
292.788
292.901
293.008
293.051
293.065
293.097
293.135
293.141
293.128
293.182
293.384
293.731
294.231
294.898
295.784
296.777
298.328
0.0462495
0.186433
0.547687
1.45107
3.41784
7.19722
13.5172
22.6705
34.302
47.533
61.5105
75.616
89.5655
103.228
116.558
129.515
142.188
154.291
166.09
177.482
188.314
198.788
208.74
218.16
227.104
235.512
243.318
250.533
257.175
263.216
268.599
273.305
277.376
280.868
283.79
286.218
288.161
289.668
290.712
291.394
292.001
292.487
292.779
292.94
293.087
293.229
293.307
293.355
293.416
293.477
293.499
293.497
293.559
293.759
294.1
294.586
295.253
296.153
297.14
298.664
0.0461733
0.186199
0.547262
1.45063
3.4186
7.20291
13.5358
22.7138
34.3843
47.6591
61.6784
75.8104
89.7892
103.459
116.855
129.799
142.391
154.564
166.365
177.68
188.499
198.984
208.938
218.344
227.273
235.682
243.502
250.729
257.369
263.394
268.757
273.453
277.517
281.002
283.927
286.344
288.247
289.704
290.722
291.379
291.945
292.392
292.637
292.747
292.845
292.942
292.978
292.985
293.01
293.039
293.036
293.017
293.069
293.275
293.631
294.139
294.826
295.737
296.74
298.289
0.0460938
0.185954
0.546773
1.44968
3.41637
7.19664
13.5189
22.6755
34.3095
47.5398
61.5136
75.6151
89.5602
103.219
116.548
129.5
142.182
154.284
166.084
177.484
188.31
198.786
208.744
218.163
227.103
235.51
243.316
250.532
257.174
263.214
268.593
273.294
277.362
280.853
283.771
286.2
288.153
289.666
290.707
291.38
291.982
292.464
292.753
292.917
293.069
293.21
293.286
293.332
293.386
293.436
293.449
293.445
293.509
293.713
294.048
294.53
295.213
296.143
297.145
298.671
0.0460111
0.185698
0.546265
1.44887
3.41579
7.19871
13.5301
22.7071
34.3781
47.6548
61.6779
75.8131
89.7971
103.469
116.87
129.816
142.405
154.573
166.371
177.687
188.503
198.985
208.939
218.345
227.274
235.684
243.503
250.729
257.369
263.395
268.761
273.457
277.52
281.007
283.931
286.345
288.249
289.709
290.726
291.377
291.936
292.379
292.616
292.713
292.797
292.883
292.912
292.916
292.933
292.948
292.95
292.93
292.976
293.186
293.54
294.056
294.768
295.714
296.75
298.324
0.0459249
0.185431
0.545727
1.44795
3.41421
7.19504
13.5196
22.6799
34.3178
47.5487
61.5192
75.6163
89.5566
103.212
116.538
129.484
142.174
154.278
166.078
177.485
188.308
198.784
208.746
218.166
227.104
235.508
243.315
250.531
257.174
263.214
268.589
273.283
277.347
280.836
283.752
286.183
288.14
289.659
290.698
291.366
291.963
292.441
292.729
292.896
293.054
293.195
293.271
293.318
293.366
293.405
293.411
293.411
293.483
293.683
294.006
294.488
295.202
296.156
297.175
298.723
0.0458353
0.185151
0.54516
1.44698
3.41292
7.19464
13.5247
22.7005
34.3714
47.6491
61.6755
75.8142
89.8038
103.479
116.886
129.834
142.421
154.581
166.377
177.695
188.507
198.985
208.939
218.346
227.276
235.685
243.502
250.728
257.369
263.398
268.765
273.459
277.522
281.009
283.931
286.346
288.254
289.718
290.735
291.379
291.93
292.367
292.596
292.685
292.76
292.835
292.862
292.867
292.876
292.889
292.888
292.861
292.911
293.126
293.482
293.994
294.716
295.668
296.712
298.298
0.0457422
0.18486
0.544562
1.44595
3.4114
7.19229
13.5189
22.6834
34.3265
47.5596
61.5278
75.62
89.5552
103.206
116.528
129.468
142.163
154.273
166.074
177.486
188.307
198.785
208.75
218.171
227.107
235.509
243.314
250.53
257.173
263.214
268.585
273.273
277.333
280.819
283.735
286.166
288.124
289.647
290.689
291.354
291.947
292.424
292.712
292.884
293.045
293.184
293.265
293.317
293.365
293.41
293.431
293.421
293.491
293.712
294.035
294.516
295.241
296.191
297.184
298.703
0.0456456
0.184555
0.543932
1.44485
3.40979
7.19058
13.5196
22.6944
34.3646
47.6423
61.6713
75.8134
89.8086
103.488
116.901
129.853
142.439
154.591
166.382
177.703
188.51
198.985
208.938
218.346
227.277
235.684
243.5
250.725
257.368
263.4
268.768
273.461
277.525
281.015
283.933
286.347
288.259
289.726
290.744
291.384
291.928
292.359
292.583
292.665
292.74
292.81
292.83
292.837
292.846
292.858
292.853
292.827
292.889
293.116
293.479
294.003
294.727
295.699
296.677
298.105
0.0455454
0.184237
0.543269
1.44368
3.40806
7.18845
13.5164
22.6852
34.3348
47.572
61.5396
75.6271
89.5567
103.201
116.521
129.452
142.15
154.268
166.07
177.486
188.308
198.787
208.755
218.176
227.11
235.51
243.315
250.531
257.172
263.212
268.579
273.262
277.319
280.801
283.713
286.145
288.108
289.634
290.681
291.344
291.931
292.413
292.706
292.874
293.041
293.185
293.264
293.322
293.374
293.419
293.434
293.421
293.493
293.724
294.064
294.557
295.263
296.239
297.165
298.479
0.0454414
0.183904
0.542572
1.44244
3.4062
7.18617
13.5148
22.689
34.3585
47.6351
61.6652
75.8102
89.8112
103.495
116.914
129.872
142.46
154.602
166.388
177.712
188.512
198.984
208.937
218.345
227.275
235.682
243.498
250.722
257.364
263.398
268.768
273.461
277.528
281.02
283.937
286.348
288.263
289.732
290.751
291.385
291.922
292.348
292.566
292.647
292.718
292.785
292.806
292.812
292.821
292.835
292.831
292.801
292.864
293.095
293.446
293.94
294.634
295.57
296.586
298.131
0.0453338
0.183557
0.541841
1.44112
3.4042
7.18369
13.5124
22.6848
34.3419
47.5853
61.5545
75.6379
89.562
103.2
116.516
129.439
142.135
154.262
166.067
177.487
188.31
198.791
208.762
218.182
227.113
235.514
243.319
250.533
257.172
263.209
268.573
273.252
277.307
280.787
283.698
286.128
288.09
289.615
290.667
291.331
291.913
292.396
292.689
292.858
293.027
293.175
293.26
293.321
293.372
293.424
293.439
293.41
293.472
293.707
294.058
294.533
295.211
296.191
297.162
298.552
0.0452224
0.183194
0.541073
1.43971
3.40205
7.18098
13.5098
22.6845
34.3536
47.6283
61.6576
75.8047
89.8109
103.5
116.925
129.889
142.484
154.616
166.395
177.72
188.514
198.982
208.935
218.343
227.272
235.679
243.495
250.718
257.358
263.395
268.767
273.46
277.529
281.021
283.935
286.346
288.267
289.741
290.759
291.387
291.912
292.333
292.549
292.628
292.701
292.765
292.779
292.783
292.793
292.813
292.805
292.759
292.813
293.048
293.414
293.925
294.645
295.678
296.714
298.205
0.0451073
0.182816
0.540268
1.43822
3.39975
7.17804
13.507
22.6823
34.3468
47.5984
61.5721
75.653
89.5718
103.202
116.515
129.428
142.117
154.253
166.064
177.488
188.314
198.796
208.769
218.189
227.119
235.519
243.324
250.537
257.173
263.208
268.567
273.241
277.293
280.772
283.683
286.113
288.074
289.6
290.658
291.323
291.901
292.384
292.677
292.848
293.012
293.161
293.246
293.303
293.361
293.422
293.447
293.412
293.463
293.693
294.05
294.556
295.26
296.263
297.238
298.65
0.0449883
0.182423
0.539424
1.43664
3.39728
7.17484
13.5039
22.6803
34.3507
47.6232
61.6496
75.7967
89.8072
103.502
116.932
129.904
142.51
154.634
166.402
177.728
188.516
198.979
208.933
218.34
227.268
235.674
243.489
250.712
257.352
263.392
268.764
273.458
277.529
281.022
283.935
286.348
288.275
289.751
290.769
291.391
291.906
292.321
292.534
292.613
292.679
292.743
292.76
292.763
292.782
292.81
292.806
292.758
292.797
293.021
293.404
293.943
294.68
295.707
296.712
298.205
0.0448655
0.182015
0.538541
1.43496
3.39464
7.17137
13.5004
22.6779
34.3488
47.6098
61.5914
75.6724
89.5869
103.209
116.519
129.421
142.1
154.243
166.062
177.49
188.32
198.804
208.778
218.197
227.126
235.526
243.332
250.543
257.177
263.209
268.564
273.235
277.284
280.761
283.67
286.097
288.058
289.584
290.65
291.315
291.889
292.376
292.67
292.838
292.996
293.146
293.235
293.285
293.344
293.41
293.429
293.383
293.413
293.628
293.985
294.504
295.263
296.262
297.346
299.095
0.0447391
0.181591
0.537617
1.43319
3.39182
7.1676
13.4966
22.6752
34.3491
47.6212
61.6427
75.7871
89.7999
103.501
116.936
129.916
142.538
154.655
166.412
177.736
188.517
198.976
208.93
218.337
227.264
235.668
243.482
250.703
257.345
263.386
268.759
273.453
277.525
281.019
283.933
286.348
288.28
289.757
290.779
291.398
291.903
292.316
292.529
292.607
292.669
292.736
292.757
292.753
292.77
292.795
292.785
292.731
292.75
292.958
293.338
293.882
294.647
295.676
296.801
298.624
0.044609
0.181152
0.536652
1.43131
3.3888
7.16351
13.4925
22.6722
34.3484
47.6181
61.6107
75.6955
89.608
103.222
116.528
129.42
142.083
154.231
166.06
177.494
188.329
198.815
208.79
218.208
227.136
235.536
243.341
250.552
257.182
263.212
268.564
273.231
277.277
280.751
283.659
286.084
288.046
289.572
290.644
291.312
291.882
292.373
292.667
292.83
292.983
293.135
293.226
293.277
293.334
293.39
293.398
293.361
293.389
293.587
293.957
294.483
295.222
296.22
297.32
299.131
0.0444755
0.180699
0.535644
1.42934
3.38557
7.15909
13.4879
22.6687
34.3477
47.6225
61.6392
75.7775
89.7892
103.495
116.935
129.925
142.566
154.68
166.423
177.743
188.517
198.973
208.926
218.334
227.259
235.662
243.474
250.694
257.335
263.377
268.75
273.445
277.517
281.012
283.929
286.349
288.285
289.766
290.792
291.408
291.908
292.322
292.535
292.61
292.669
292.739
292.766
292.76
292.773
292.806
292.803
292.745
292.756
292.949
293.324
293.87
294.635
295.643
296.748
298.566
0.0443388
0.180231
0.534593
1.42726
3.38214
7.15432
13.4828
22.6648
34.3466
47.6236
61.6275
75.7206
89.6352
103.243
116.544
129.425
142.068
154.216
166.056
177.499
188.341
198.829
208.804
218.222
227.149
235.548
243.353
250.562
257.192
263.219
268.568
273.23
277.273
280.745
283.651
286.077
288.039
289.568
290.644
291.315
291.89
292.385
292.681
292.841
292.988
293.141
293.238
293.29
293.348
293.411
293.425
293.378
293.39
293.582
293.95
294.461
295.162
296.099
297.141
298.892
0.0441993
0.17975
0.5335
1.42508
3.37848
7.14918
13.4773
22.6604
34.3451
47.6257
61.641
75.7706
89.776
103.483
116.928
129.929
142.59
154.707
166.44
177.752
188.518
198.97
208.923
218.33
227.255
235.655
243.465
250.682
257.323
263.366
268.739
273.433
277.507
281.004
283.925
286.352
288.293
289.781
290.81
291.424
291.926
292.34
292.556
292.633
292.694
292.77
292.801
292.799
292.817
292.854
292.857
292.792
292.792
292.981
293.337
293.848
294.564
295.53
296.599
298.357
0.0440572
0.179256
0.532366
1.4228
3.37459
7.14365
13.4712
22.6554
34.3432
47.6273
61.641
75.7446
89.6674
103.272
116.57
129.44
142.06
154.203
166.053
177.506
188.354
198.844
208.819
218.237
227.165
235.563
243.368
250.577
257.206
263.232
268.578
273.237
277.277
280.747
283.653
286.079
288.043
289.576
290.656
291.33
291.909
292.408
292.708
292.868
293.013
293.166
293.262
293.313
293.371
293.44
293.463
293.398
293.388
293.574
293.926
294.395
295.024
295.9
296.888
298.537
0.0439131
0.17875
0.531194
1.42042
3.37047
7.13772
13.4645
22.6498
34.3408
47.6288
61.6477
75.7704
89.7633
103.467
116.915
129.924
142.607
154.734
166.46
177.765
188.523
198.97
208.922
218.329
227.252
235.649
243.455
250.671
257.311
263.355
268.728
273.422
277.497
280.997
283.923
286.355
288.303
289.8
290.834
291.452
291.959
292.379
292.6
292.681
292.747
292.828
292.858
292.857
292.88
292.927
292.93
292.853
292.846
293.021
293.354
293.823
294.455
295.34
296.335
297.971
0.0437673
0.178234
0.529987
1.41794
3.36612
7.13135
13.4572
22.6435
34.3378
47.6298
61.6518
75.7653
89.7016
103.31
116.606
129.467
142.066
154.197
166.05
177.51
188.367
198.862
208.838
218.257
227.186
235.585
243.391
250.601
257.229
263.254
268.597
273.253
277.291
280.76
283.666
286.093
288.06
289.597
290.68
291.358
291.943
292.45
292.759
292.92
293.068
293.221
293.306
293.364
293.43
293.479
293.486
293.423
293.42
293.605
293.935
294.355
294.9
295.668
296.544
298.035
0.0436206
0.177709
0.528747
1.41535
3.36155
7.12455
13.4492
22.6364
34.3341
47.6305
61.6571
75.7779
89.7566
103.45
116.894
129.909
142.614
154.756
166.484
177.784
188.535
198.977
208.927
218.333
227.253
235.647
243.45
250.663
257.302
263.344
268.717
273.411
277.487
280.991
283.922
286.361
288.319
289.828
290.872
291.499
292.018
292.448
292.679
292.769
292.844
292.928
292.956
292.965
292.995
293.019
293.013
292.948
292.944
293.138
293.464
293.864
294.389
295.121
295.968
297.385
0.0434736
0.177178
0.527479
1.41268
3.35675
7.11729
13.4405
22.6285
34.3296
47.6306
61.6618
75.7827
89.7332
103.352
116.654
129.509
142.091
154.206
166.05
177.514
188.379
198.88
208.86
218.282
227.214
235.615
243.422
250.632
257.261
263.286
268.628
273.283
277.322
280.792
283.701
286.13
288.101
289.645
290.731
291.415
292.009
292.524
292.838
293.008
293.157
293.305
293.39
293.442
293.495
293.537
293.545
293.48
293.474
293.667
293.982
294.331
294.763
295.385
296.12
297.368
0.043327
0.176644
0.526188
1.40992
3.35174
7.10957
13.4311
22.6196
34.3242
47.6301
61.6665
75.7916
89.7604
103.437
116.869
129.885
142.604
154.767
166.509
177.812
188.558
198.996
208.942
218.344
227.261
235.651
243.45
250.661
257.299
263.342
268.714
273.407
277.484
280.991
283.931
286.378
288.35
289.877
290.933
291.573
292.11
292.558
292.803
292.897
292.985
293.082
293.116
293.127
293.145
293.174
293.174
293.101
293.115
293.316
293.596
293.894
294.26
294.828
295.397
296.245
0.0431818
0.176109
0.52488
1.4071
3.34653
7.10141
13.421
22.6097
34.3177
47.6288
61.6707
75.7993
89.7604
103.395
116.711
129.568
142.139
154.236
166.063
177.522
188.391
198.899
208.884
218.312
227.249
235.655
243.465
250.677
257.308
263.336
268.681
273.338
277.378
280.853
283.769
286.204
288.181
289.733
290.818
291.503
292.102
292.621
292.941
293.112
293.265
293.415
293.492
293.537
293.579
293.599
293.587
293.53
293.545
293.719
293.964
294.223
294.548
295.005
295.556
296.514
0.043039
0.175577
0.523563
1.40421
3.34113
7.09281
13.4101
22.5987
34.3101
47.6265
61.6745
75.8079
89.7758
103.438
116.848
129.854
142.581
154.766
166.534
177.85
188.597
199.03
208.971
218.368
227.282
235.669
243.466
250.675
257.312
263.355
268.727
273.42
277.497
281.011
283.961
286.42
288.409
289.958
291.025
291.678
292.234
292.7
292.957
293.06
293.144
293.235
293.265
293.271
293.292
293.287
293.248
293.183
293.184
293.331
293.562
293.811
294.115
294.514
294.996
295.834
0.0428996
0.175052
0.522245
1.40129
3.33557
7.08381
13.3983
22.5865
34.3011
47.6231
61.6775
75.8164
89.7855
103.433
116.771
129.643
142.212
154.294
166.095
177.538
188.409
198.928
208.923
218.361
227.307
235.718
243.53
250.745
257.38
263.41
268.758
273.42
277.465
280.946
283.871
286.313
288.299
289.86
290.946
291.629
292.229
292.751
293.07
293.23
293.365
293.489
293.542
293.574
293.611
293.624
293.601
293.555
293.562
293.674
293.841
294.029
294.253
294.53
294.793
295.227
0.0427648
0.174538
0.520939
1.39834
3.32989
7.07446
13.3858
22.5732
34.2907
47.6183
61.6798
75.8249
89.7991
103.456
116.844
129.828
142.551
154.753
166.555
177.9
188.656
199.086
209.021
218.414
227.325
235.711
243.507
250.717
257.356
263.4
268.772
273.465
277.544
281.062
284.024
286.494
288.5
290.07
291.149
291.812
292.382
292.863
293.123
293.217
293.286
293.35
293.359
293.34
293.335
293.327
293.282
293.229
293.238
293.326
293.467
293.645
293.862
294.084
294.275
294.582
0.0426358
0.174039
0.519654
1.3954
3.32413
7.06478
13.3726
22.5586
34.2786
47.6119
61.681
75.833
89.8125
103.469
116.828
129.727
142.313
154.389
166.161
177.576
188.44
198.967
208.977
218.429
227.386
235.803
243.618
250.836
257.475
263.512
268.868
273.539
277.592
281.084
284.022
286.472
288.465
290.032
291.114
291.784
292.372
292.877
293.168
293.293
293.394
293.485
293.52
293.522
293.509
293.488
293.458
293.434
293.446
293.495
293.574
293.673
293.783
293.904
294.032
294.247
0.0425137
0.173561
0.518403
1.39249
3.31833
7.05486
13.3587
22.5427
34.2649
47.6039
61.6808
75.8409
89.8273
103.49
116.868
129.827
142.528
154.731
166.566
177.95
188.731
199.166
209.099
218.49
227.403
235.791
243.59
250.803
257.445
263.491
268.863
273.555
277.633
281.154
284.123
286.6
288.613
290.192
291.276
291.934
292.496
292.949
293.158
293.241
293.31
293.348
293.344
293.314
293.271
293.218
293.169
293.136
293.135
293.17
293.229
293.309
293.41
293.518
293.64
293.829
0.0423998
0.173109
0.5172
1.38965
3.31256
7.04479
13.3443
22.5257
34.2494
47.5939
61.6792
75.8483
89.8428
103.511
116.886
129.811
142.43
154.523
166.283
177.669
188.514
199.041
209.062
218.525
227.49
235.911
243.728
250.95
257.595
263.639
269.004
273.684
277.745
281.245
284.19
286.643
288.632
290.191
291.259
291.901
292.442
292.84
293.046
293.196
293.309
293.366
293.361
293.31
293.253
293.211
293.167
293.123
293.127
293.166
293.209
293.262
293.324
293.4
293.5
293.645
0.0422952
0.172686
0.516059
1.3869
3.30689
7.03469
13.3294
22.5077
34.2323
47.582
61.6761
75.855
89.8591
103.536
116.919
129.869
142.543
154.728
166.573
177.993
188.812
199.27
209.212
218.609
227.528
235.923
243.727
250.944
257.588
263.632
269.001
273.688
277.758
281.271
284.231
286.697
288.696
290.26
291.328
291.95
292.434
292.767
292.951
293.107
293.221
293.264
293.222
293.107
292.977
292.883
292.821
292.782
292.807
292.869
292.918
292.977
293.052
293.145
293.249
293.393
0.0422008
0.172299
0.514994
1.38429
3.3014
7.02471
13.3144
22.4889
34.2137
47.5683
61.6712
75.861
89.8763
103.563
116.954
129.9
142.55
154.677
166.453
177.827
188.648
199.157
209.172
218.64
227.611
236.037
243.858
251.085
257.735
263.782
269.15
273.831
277.891
281.385
284.318
286.755
288.72
290.242
291.278
291.849
292.243
292.565
292.807
292.99
293.108
293.144
293.08
292.908
292.742
292.675
292.636
292.607
292.599
292.603
292.635
292.696
292.771
292.861
292.981
293.145
0.0421174
0.171951
0.514019
1.38185
3.29617
7.01501
13.2994
22.4695
34.1938
47.5528
61.6647
75.8662
89.8942
103.593
116.994
129.952
142.619
154.784
166.614
178.042
188.891
199.383
209.351
218.763
227.689
236.089
243.895
251.109
257.748
263.785
269.143
273.818
277.874
281.362
284.286
286.713
288.661
290.158
291.173
291.697
292.041
292.362
292.629
292.832
292.961
292.995
292.902
292.658
292.412
292.321
292.287
292.27
292.29
292.319
292.37
292.462
292.606
292.792
292.914
293.006
0.0420456
0.171646
0.513149
1.37963
3.29132
7.0058
13.2848
22.4503
34.1733
47.5361
61.657
75.8707
89.9127
103.626
117.038
130.005
142.675
154.829
166.633
178.023
188.841
199.33
209.321
218.772
227.736
236.165
243.991
251.218
257.863
263.9
269.254
273.92
277.958
281.419
284.304
286.69
288.58
290.007
290.924
291.361
291.697
292.056
292.361
292.584
292.711
292.721
292.593
292.398
292.223
292.147
292.138
292.118
292.118
292.141
292.198
292.294
292.437
292.586
292.718
292.916
0.0419858
0.171387
0.512395
1.37767
3.28694
6.99733
13.2711
22.4316
34.1529
47.5189
61.6483
75.8745
89.9311
103.659
117.085
130.063
142.742
154.906
166.724
178.134
188.976
199.479
209.468
218.9
227.836
236.236
244.039
251.246
257.871
263.892
269.228
273.876
277.897
281.327
284.168
286.51
288.342
289.7
290.598
291.032
291.35
291.717
292.059
292.329
292.502
292.545
292.431
292.208
292.066
292.047
292.031
292.002
291.994
292.05
292.18
292.356
292.567
292.75
292.8
292.875
0.041938
0.171176
0.511769
1.37601
3.28316
6.98987
13.2588
22.4145
34.1336
47.5021
61.6394
75.8777
89.9489
103.692
117.132
130.121
142.809
154.977
166.793
178.194
189.02
199.507
209.485
218.914
227.855
236.266
244.079
251.289
257.908
263.914
269.223
273.836
277.818
281.192
283.967
286.252
288.021
289.319
290.22
290.709
291.087
291.476
291.795
292.067
292.294
292.432
292.433
292.315
292.154
292.015
291.927
291.9
291.967
292.144
292.33
292.493
292.696
292.842
292.941
293.201
0.041902
0.171015
0.511281
1.37469
3.28011
6.98374
13.2484
22.3999
34.1168
47.4872
61.6312
75.8802
89.9648
103.722
117.174
130.175
142.871
155.044
166.862
178.263
189.088
199.574
209.549
218.971
227.9
236.297
244.094
251.287
257.884
263.869
269.149
273.728
277.677
281.003
283.724
285.97
287.708
289.003
289.938
290.484
290.947
291.393
291.691
291.902
292.114
292.29
292.343
292.311
292.248
292.174
292.091
292.028
292.084
292.251
292.475
292.743
293.032
293.291
293.428
293.691
0.0418778
0.170904
0.510941
1.37375
3.27792
6.97928
13.2408
22.3889
34.104
47.4756
61.6247
75.8821
89.9773
103.746
117.209
130.218
142.92
155.097
166.916
178.314
189.133
199.611
209.576
218.984
227.898
236.281
244.065
251.241
257.816
263.779
269.03
273.574
277.501
280.808
283.514
285.771
287.551
288.906
289.89
290.496
291.006
291.463
291.777
291.975
292.152
292.322
292.369
292.329
292.283
292.217
292.16
292.158
292.281
292.527
292.775
292.972
293.174
293.321
293.378
293.571
0.0418653
0.170846
0.510763
1.37326
3.27675
6.97686
13.2366
22.3829
34.0969
47.4691
61.621
75.8829
89.9843
103.76
117.228
130.243
142.949
155.128
166.947
178.344
189.159
199.633
209.592
218.991
227.894
236.266
244.037
251.198
257.753
263.695
268.922
273.439
277.348
280.648
283.36
285.648
287.485
288.897
289.911
290.546
291.096
291.58
291.909
292.079
292.213
292.357
292.41
292.423
292.429
292.415
292.409
292.428
292.5
292.629
292.776
292.925
293.091
293.278
293.456
293.694
299.501
301.135
302.888
304.26
305.223
305.786
305.982
305.999
306.001
305.988
305.926
305.772
305.489
305.173
304.959
304.847
304.763
304.617
304.323
303.711
299.201
300.699
302.339
303.693
304.686
305.305
305.578
305.66
305.677
305.665
305.63
305.524
305.298
304.992
304.75
304.631
304.584
304.545
304.447
304.214
299.166
300.593
302.182
303.549
304.589
305.261
305.559
305.633
305.646
305.638
305.605
305.502
305.291
305.014
304.799
304.694
304.644
304.609
304.568
304.477
299.085
300.455
301.968
303.283
304.304
304.985
305.314
305.429
305.472
305.488
305.487
305.427
305.269
305.034
304.821
304.718
304.702
304.712
304.728
304.733
299.3
300.605
302.032
303.299
304.313
305.03
305.419
305.577
305.629
305.643
305.65
305.617
305.497
305.28
305.086
305.007
304.991
304.996
305.02
305.057
299.11
300.38
301.75
302.973
303.968
304.69
305.097
305.272
305.346
305.382
305.404
305.384
305.279
305.086
304.922
304.866
304.871
304.893
304.924
304.96
299.331
300.546
301.833
302.987
303.937
304.641
305.057
305.252
305.339
305.386
305.419
305.422
305.36
305.202
305.033
304.962
304.969
304.998
305.026
305.052
299.154
300.353
301.604
302.72
303.645
304.343
304.783
304.997
305.097
305.169
305.223
305.242
305.197
305.05
304.886
304.825
304.85
304.888
304.914
304.943
299.48
300.645
301.833
302.891
303.765
304.427
304.855
305.062
305.164
305.251
305.317
305.35
305.322
305.199
305.036
304.973
305.006
305.039
305.061
305.107
299.111
300.274
301.442
302.471
303.32
303.961
304.38
304.598
304.707
304.799
304.878
304.923
304.904
304.791
304.618
304.52
304.54
304.578
304.599
304.642
299.487
300.627
301.754
302.743
303.55
304.159
304.552
304.752
304.842
304.918
304.998
305.041
305.008
304.88
304.714
304.604
304.593
304.632
304.664
304.707
299.152
300.309
301.453
302.445
303.251
303.858
304.243
304.433
304.52
304.596
304.677
304.723
304.684
304.537
304.352
304.235
304.229
304.277
304.315
304.359
299.536
300.674
301.806
302.792
303.6
304.206
304.58
304.745
304.803
304.852
304.908
304.937
304.88
304.694
304.447
304.291
304.29
304.343
304.369
304.406
299.096
300.249
301.443
302.497
303.372
304.024
304.411
304.548
304.587
304.621
304.646
304.663
304.593
304.367
304.049
303.883
303.906
303.948
303.97
304.007
299.454
300.575
301.786
302.872
303.785
304.49
304.958
305.185
305.259
305.241
305.172
305.124
305.025
304.787
304.421
304.117
304.051
304.103
304.13
304.156
298.808
299.983
301.378
302.603
303.59
304.339
304.815
304.978
304.954
304.889
304.82
304.759
304.604
304.284
303.923
303.669
303.551
303.538
303.563
303.594
299.17
300.319
301.699
302.977
304.015
304.691
305.041
305.282
305.443
305.449
305.314
305.125
305.002
304.86
304.552
304.196
303.968
303.847
303.714
303.593
298.814
299.997
301.483
303.004
304.256
304.926
305.127
305.076
304.972
304.93
304.939
304.892
304.666
304.214
303.695
303.275
303.046
303.01
303.042
303.069
299.256
300.42
301.817
303.125
304.208
304.979
305.426
305.695
305.851
305.868
305.798
305.645
305.37
304.907
304.284
303.685
303.295
303.157
303.141
303.162
298.969
300.198
301.647
302.96
303.999
304.649
305.045
305.36
305.489
305.471
305.415
305.313
305.061
304.548
303.806
303.069
302.604
302.498
302.566
302.614
299.402
300.622
302.066
303.416
304.509
305.217
305.692
306.105
306.327
306.302
306.142
306.034
305.869
305.414
304.616
303.696
303.026
302.729
302.681
302.725
298.995
300.273
301.791
303.212
304.368
305.108
305.588
305.981
306.156
306.129
306.027
305.896
305.621
305.009
304.1
303.152
302.424
302.103
302.127
302.219
299.994
301.306
302.69
303.931
304.951
305.718
306.215
306.465
306.565
306.612
306.625
306.546
306.228
305.457
304.336
303.335
302.743
302.505
302.462
302.459
299.576
300.943
302.352
303.609
304.658
305.463
305.997
306.252
306.356
306.446
306.504
306.448
306.134
305.338
304.164
303.122
302.452
302.066
301.884
301.828
300.114
301.51
302.917
304.168
305.211
306.02
306.562
306.825
306.964
307.106
307.209
307.198
306.941
306.231
305.14
304.058
303.185
302.553
302.167
301.99
299.553
300.979
302.448
303.779
304.905
305.801
306.442
306.767
306.921
307.076
307.205
307.244
307.085
306.556
305.555
304.328
303.202
302.317
301.725
301.385
299.867
301.29
302.775
304.143
305.326
306.295
307.031
307.471
307.688
307.858
308.023
308.121
308.058
307.686
306.871
305.72
304.454
303.298
302.426
301.853
299.342
300.774
302.26
303.64
304.857
305.888
306.71
307.257
307.542
307.737
307.935
308.083
308.115
307.937
307.378
306.325
304.98
303.656
302.518
301.693
299.5
300.927
302.431
303.847
305.121
306.22
307.118
307.784
308.15
308.354
308.571
308.764
308.88
308.84
308.502
307.711
306.463
305.079
303.795
302.719
298.924
300.317
301.765
303.138
304.388
305.491
306.436
307.189
307.694
308
308.26
308.505
308.688
308.76
308.644
308.187
307.308
306.166
304.905
303.665
298.907
300.196
301.563
302.883
304.115
305.231
306.222
307.079
307.742
308.238
308.612
308.873
309.076
309.224
309.278
309.159
308.756
308.018
306.992
305.838
298.187
299.388
300.689
301.954
303.146
304.246
305.25
306.147
306.882
307.522
308.091
308.388
308.51
308.656
308.79
308.868
308.832
308.571
307.949
307.097
298.07
299.145
300.341
301.511
302.611
303.624
304.566
305.444
306.22
306.956
307.671
308.178
308.465
308.657
308.809
308.954
309.064
309.093
308.96
308.57
296.724
297.64
298.884
300.17
301.395
302.553
303.623
304.579
305.426
306.2
306.94
307.444
307.741
308.074
308.383
308.583
308.729
308.797
308.714
308.544
297.036
297.864
298.831
299.797
300.718
301.594
302.448
303.263
304.023
304.821
305.6
306.222
306.771
307.288
307.707
307.986
308.136
308.23
308.303
308.346
296.28
296.997
297.848
298.704
299.534
300.354
301.166
301.943
302.673
303.45
304.213
304.831
305.405
305.974
306.477
306.883
307.17
307.315
307.383
307.45
295.469
295.958
296.727
297.629
298.54
299.434
300.285
301.046
301.706
302.379
303.019
303.549
304.104
304.718
305.334
305.909
306.399
306.758
306.938
306.986
294.766
295.148
295.806
296.629
297.411
298.172
298.955
299.682
300.337
300.997
301.627
302.186
302.747
303.314
303.858
304.328
304.728
305.127
305.463
305.682
294.358
294.597
295.016
295.666
296.476
297.398
298.254
298.829
299.268
299.8
300.411
300.93
301.409
301.929
302.453
302.949
303.389
303.828
304.265
304.709
293.918
294.096
294.419
294.884
295.527
296.277
296.937
297.501
297.985
298.479
298.979
299.372
299.767
300.23
300.742
301.305
301.92
302.592
303.323
303.994
293.699
293.783
293.926
294.164
294.546
295.069
295.581
295.969
296.415
297.068
297.728
298.209
298.659
299.207
299.806
300.4
300.975
301.611
302.284
302.857
293.458
293.575
293.754
293.994
294.272
294.534
294.795
295.171
295.709
296.365
297.016
297.499
297.893
298.33
298.805
299.352
300.009
300.692
301.226
301.556
293.219
293.341
293.521
293.732
293.952
294.133
294.284
294.526
294.918
295.466
296.119
296.74
297.21
297.638
298.144
298.699
299.33
299.968
300.391
300.687
293.059
293.151
293.285
293.462
293.731
294.064
294.438
294.835
295.183
295.558
295.919
296.228
296.568
296.909
297.238
297.626
298.03
298.44
298.959
299.433
293.043
293.236
293.482
293.773
294.132
294.521
294.877
295.205
295.536
295.934
296.26
296.48
296.713
296.955
297.195
297.446
297.723
298.054
298.467
298.829
292.966
293.206
293.64
294.212
294.839
295.32
295.525
295.629
295.793
296.032
296.215
296.34
296.496
296.675
296.881
297.106
297.348
297.624
297.912
298.167
293.338
293.61
293.999
294.515
295.079
295.479
295.732
295.927
296.077
296.211
296.257
296.257
296.336
296.461
296.601
296.768
296.951
297.127
297.294
297.473
293.847
294.168
294.638
295.106
295.467
295.698
295.8
295.791
295.717
295.689
295.683
295.671
295.711
295.785
295.876
295.981
296.104
296.257
296.461
296.705
293.677
293.885
294.208
294.557
294.853
295.053
295.181
295.284
295.355
295.436
295.529
295.614
295.699
295.764
295.803
295.841
295.902
295.988
296.097
296.261
293.814
293.994
294.235
294.531
294.83
295.016
295.102
295.192
295.312
295.461
295.597
295.65
295.655
295.709
295.795
295.887
295.981
296.074
296.171
296.257
109.23
109.427
109.933
110.514
110.956
111.271
111.41
111.069
109.667
106.55
101.746
95.6232
90.3517
89.7303
94.9084
105.321
121.016
141.301
164.134
187.402
210.259
232.317
253.541
274.584
294.584
309.505
315.799
312.474
302.151
228.643
109.639
109.747
110.131
110.646
111.091
111.366
111.377
110.979
109.875
107.552
103.781
98.5239
93.0493
91.2718
95.515
105.06
119.757
139.177
161.308
184.163
206.54
227.445
246.784
265.578
283.323
296.233
301.703
300.001
293.473
223.615
110.03
110.168
110.506
110.956
111.424
111.678
111.612
111.177
110.104
108.064
104.866
100.383
95.9106
95.3048
100.515
110.285
124.412
142.776
163.521
185.01
206.323
226.469
245.106
263.208
280.947
294.56
300.825
299.425
292.851
222.691
111.988
112.13
112.433
112.761
113.037
113.291
113.41
113.225
112.572
111.188
108.855
105.327
101.725
101.42
106.833
116.733
130.418
147.927
167.418
187.431
207.3
226.249
243.901
261.075
278.134
291.56
297.987
297.194
291.548
222.205
114.403
114.58
114.831
115.041
115.255
115.482
115.609
115.494
115.009
114.015
112.452
110.25
108.323
109.757
116.381
126.441
139.186
155.395
173.372
191.679
209.8
227.193
243.656
259.858
276.264
289.582
296.152
295.529
290.019
220.673
117.805
117.917
118.035
118.173
118.403
118.649
118.82
118.89
118.768
118.328
117.6
116.56
116.122
118.972
126.851
137.422
149.267
163.861
180.193
196.783
213.113
228.815
243.924
259.054
274.705
287.78
294.46
294.251
289.329
220.516
122.287
122.325
122.375
122.481
122.689
122.935
123.091
123.142
123.047
122.907
122.903
123.188
124.688
129.614
138.918
149.922
160.671
173.319
187.781
202.577
217.114
231.076
244.728
258.725
273.641
286.534
293.33
293.224
288.345
219.44
128.252
128.215
128.165
128.213
128.389
128.648
128.837
128.902
128.884
128.99
129.507
130.832
133.939
140.311
150.788
162.518
172.594
183.347
195.821
208.772
221.552
233.788
245.92
258.747
272.865
285.524
292.617
293.012
288.546
219.842
135.83
135.759
135.685
135.751
135.925
136.122
136.206
136.151
136.027
136.1
136.895
139.112
143.729
151.491
162.855
175.213
184.825
193.784
204.18
215.223
226.274
236.858
247.479
259.079
272.305
284.59
291.753
292.323
287.945
219.129
145.171
145.122
145.063
145.088
145.214
145.413
145.536
145.405
145.124
145.044
145.896
148.613
154.183
162.83
174.802
187.636
196.957
204.309
212.683
221.795
231.134
240.135
249.275
259.629
271.938
283.75
290.99
291.979
288.01
219.381
156.397
156.355
156.332
156.385
156.471
156.555
156.633
156.474
156.034
155.666
156.391
159.333
165.665
175.053
187.184
200.07
208.973
214.763
221.163
228.391
236.039
243.529
251.264
260.396
271.739
282.971
290.07
291.142
287.304
218.689
169.412
169.408
169.433
169.448
169.446
169.473
169.541
169.382
168.874
168.342
168.853
171.767
178.415
188.011
199.854
212.387
220.762
225.056
229.493
234.91
240.917
246.96
253.362
261.314
271.708
282.304
289.208
290.497
287.043
218.664
183.661
183.713
183.744
183.716
183.688
183.7
183.766
183.629
183.148
182.58
182.876
185.663
192.306
201.701
212.864
224.565
232.244
235.126
237.614
241.277
245.717
250.382
255.534
262.371
271.845
281.829
288.477
289.734
286.374
218.064
198.62
198.708
198.772
198.724
198.652
198.674
198.777
198.701
198.339
197.881
198.091
200.672
206.824
215.536
225.8
236.419
243.304
244.89
245.497
247.446
250.398
253.757
257.735
263.522
272.119
281.508
287.911
289.249
286.176
218.044
213.806
213.899
213.923
213.826
213.774
213.818
213.871
213.826
213.629
213.343
213.601
215.946
221.441
229.331
238.458
247.863
253.873
254.279
253.114
253.392
254.932
257.061
259.946
264.751
272.519
281.365
287.548
288.852
285.812
217.696
228.596
228.666
228.66
228.529
228.418
228.399
228.448
228.54
228.561
228.467
228.751
230.79
235.616
242.591
250.557
258.758
263.887
263.245
260.434
259.106
259.299
260.273
262.144
266.036
273.01
281.314
287.273
288.622
285.783
217.761
242.6
242.642
242.577
242.4
242.252
242.21
242.306
242.53
242.711
242.751
243.048
244.804
249.077
255.207
262.053
269.053
273.312
271.77
267.432
264.578
263.487
263.377
264.31
267.362
273.587
281.366
287.098
288.418
285.597
217.565
255.588
255.593
255.476
255.25
255.066
255.024
255.177
255.535
255.868
256.029
256.363
257.874
261.597
266.96
272.79
278.681
282.111
279.828
274.104
269.796
267.489
266.364
266.426
268.704
274.227
281.476
286.927
288.228
285.555
217.593
267.417
267.379
267.222
266.982
266.806
266.798
267.011
267.435
267.857
268.109
268.491
269.809
273.031
277.745
282.731
287.637
290.287
287.382
280.453
274.76
271.303
269.226
268.48
270.046
274.922
281.664
286.821
288.027
285.355
217.4
278.153
278.092
277.934
277.709
277.552
277.586
277.824
278.262
278.759
279.102
279.513
280.677
283.459
287.577
291.861
295.917
297.853
294.426
286.474
279.475
274.928
271.958
270.462
271.371
275.648
281.897
286.722
287.815
285.232
217.341
287.919
287.85
287.702
287.492
287.362
287.42
287.649
288.081
288.612
289.026
289.478
290.532
292.952
296.539
300.248
303.532
304.813
300.959
292.162
283.946
278.367
274.558
272.365
272.666
276.393
282.184
286.688
287.62
285.01
217.132
296.77
296.7
296.565
296.385
296.267
296.308
296.521
296.942
297.498
297.98
298.479
299.461
301.547
304.662
307.896
310.515
311.198
306.99
297.517
288.182
281.623
277.026
274.182
273.922
277.141
282.499
286.67
287.438
284.855
217.022
304.748
304.683
304.57
304.419
304.325
304.353
304.522
304.9
305.469
306.036
306.591
307.489
309.279
312.026
314.86
316.91
317.055
312.545
302.549
292.193
284.702
279.363
275.91
275.13
277.887
282.847
286.708
287.295
284.654
216.823
311.943
311.893
311.814
311.7
311.615
311.619
311.748
312.079
312.628
313.249
313.859
314.67
316.231
318.693
321.169
322.744
322.423
317.656
307.262
295.991
287.611
281.571
277.545
276.285
278.619
283.213
286.765
287.169
284.517
216.711
318.426
318.398
318.357
318.27
318.186
318.162
318.237
318.522
319.042
319.69
320.33
321.084
322.486
324.712
326.885
328.058
327.344
322.36
311.659
299.587
290.359
283.653
279.084
277.375
279.331
283.6
286.874
287.091
284.365
216.547
324.265
324.268
324.264
324.2
324.098
324.015
324.045
324.302
324.796
325.456
326.105
326.83
328.135
330.149
332.05
332.901
331.852
326.699
315.76
302.994
292.958
285.614
280.523
278.391
280.007
283.994
287.01
287.041
284.278
216.465
329.554
329.587
329.609
329.541
329.406
329.281
329.264
329.47
329.959
330.633
331.278
332.007
333.244
335.072
336.736
337.319
335.991
330.708
319.6
306.224
295.421
287.46
281.862
279.323
280.632
284.383
287.188
287.05
284.197
216.35
334.361
334.412
334.442
334.358
334.19
334.017
333.947
334.129
334.628
335.278
335.923
336.699
337.888
339.545
340.99
341.35
339.798
334.414
323.203
309.288
297.757
289.198
283.104
280.168
281.192
284.745
287.375
287.086
284.174
216.306
338.734
338.795
338.82
338.712
338.506
338.282
338.177
338.356
338.836
339.449
340.127
340.962
342.112
343.624
344.866
345.037
343.307
337.844
326.579
312.198
299.975
290.835
284.254
280.926
281.678
285.065
287.569
287.161
284.159
216.239
342.707
342.77
342.778
342.637
342.389
342.126
342.018
342.195
342.623
343.222
343.965
344.84
345.952
347.348
348.425
348.417
346.545
341.023
329.738
314.949
302.08
292.379
285.323
281.606
282.092
285.332
287.736
287.238
284.186
216.23
346.318
346.377
346.361
346.183
345.904
345.633
345.535
345.677
346.047
346.667
347.476
348.379
349.457
350.758
351.71
351.544
349.547
343.978
332.687
317.534
304.073
293.836
286.322
282.221
282.443
285.545
287.876
287.319
284.2
216.188
349.62
349.669
349.626
349.42
349.122
348.853
348.755
348.846
349.195
349.852
350.701
351.622
352.673
353.892
354.732
354.447
352.341
346.731
335.44
319.961
305.956
295.215
287.262
282.787
282.746
285.71
287.972
287.368
284.227
216.189
352.655
352.687
352.62
352.396
352.09
351.83
351.702
351.758
352.118
352.806
353.677
354.61
355.64
356.787
357.538
357.15
354.946
349.302
338.014
322.255
307.739
296.52
288.154
283.319
283.019
285.843
288.038
287.4
284.218
216.141
355.46
355.472
355.385
355.152
354.844
354.567
354.413
354.47
354.85
355.556
356.435
357.374
358.389
359.475
360.155
359.677
357.381
351.708
340.43
324.437
309.431
297.758
289.006
283.83
283.279
285.959
288.076
287.399
284.213
216.129
358.067
358.058
357.957
357.723
357.399
357.095
356.942
357.016
357.406
358.119
359.001
359.945
360.949
361.986
362.607
362.051
359.667
353.964
342.699
326.513
311.039
298.932
289.821
284.328
283.54
286.075
288.104
287.386
284.17
216.059
360.497
360.472
360.361
360.122
359.771
359.46
359.329
359.411
359.797
360.511
361.398
362.348
363.347
364.342
364.906
364.283
361.82
356.082
344.828
328.476
312.558
300.038
290.597
284.815
283.806
286.2
288.13
287.354
284.137
216.032
362.772
362.737
362.619
362.365
361.999
361.703
361.589
361.669
362.045
362.751
363.636
364.596
365.596
366.556
367.06
366.381
363.848
358.071
346.815
330.312
313.973
301.066
291.33
285.286
284.077
286.341
288.169
287.327
284.068
215.942
364.913
364.87
364.74
364.472
364.116
363.838
363.723
363.795
364.157
364.848
365.723
366.685
367.689
368.623
369.071
368.342
365.75
359.928
348.65
331.997
315.262
302.001
292.008
285.735
284.347
286.497
288.225
287.3
284.027
215.911
366.925
366.875
366.737
366.464
366.119
365.856
365.737
365.791
366.118
366.768
367.611
368.557
369.565
370.486
370.9
370.139
367.502
361.632
350.304
333.498
316.397
302.82
292.617
286.15
284.606
286.661
288.303
287.295
283.96
215.817
368.801
368.747
368.603
368.326
367.992
367.737
367.597
367.609
367.863
368.411
369.153
370.034
371.037
371.986
372.428
371.683
369.038
363.124
351.723
334.767
317.34
303.498
293.139
286.521
284.843
286.824
288.398
287.305
283.942
215.801
370.483
370.425
370.273
369.992
369.667
369.405
369.216
369.129
369.213
369.517
370
370.703
371.684
372.751
373.363
372.764
370.207
364.289
352.812
335.734
318.049
304.009
293.56
286.837
285.052
286.978
288.509
287.346
283.904
215.722
371.776
371.713
371.551
371.269
370.942
370.634
370.328
370.023
369.743
369.541
369.478
369.793
370.721
372.08
373.143
372.975
370.725
364.92
353.42
336.301
318.477
304.332
293.869
287.094
285.227
287.114
288.625
287.405
283.935
215.744
372.225
372.155
371.981
371.694
371.336
370.908
370.362
369.629
368.675
367.579
366.575
366.216
367.046
368.956
370.924
371.69
370.15
364.71
353.344
336.353
318.572
304.454
294.066
287.294
285.37
287.229
288.743
287.491
283.941
215.695
370.947
370.871
370.683
370.373
369.926
369.263
368.29
366.859
364.878
362.513
360.237
358.97
359.682
362.418
365.843
368.223
367.969
363.297
352.363
335.782
318.294
304.368
294.155
287.442
285.486
287.322
288.851
287.586
284.029
215.765
366.643
366.561
366.356
365.986
365.369
364.345
362.772
360.45
357.266
353.555
350.071
348.018
348.707
352.408
357.652
362.22
363.833
360.412
350.339
334.544
317.641
304.093
294.151
287.545
285.578
287.396
288.95
287.692
284.07
215.747
358.114
358.025
357.791
357.316
356.463
355.026
352.812
349.698
345.629
341.171
337.225
335.046
335.999
340.535
347.376
354.135
357.859
356.077
347.332
332.725
316.678
303.672
294.078
287.615
285.652
287.453
289.032
287.797
284.201
215.862
345.437
345.337
345.053
344.451
343.4
341.69
339.135
335.762
331.779
327.795
324.532
323.027
324.469
329.446
337.096
345.266
350.772
350.756
343.694
330.56
315.536
303.17
293.962
287.662
285.714
287.496
289.097
287.897
284.253
215.859
331.297
331.183
330.846
330.195
329.117
327.444
325.1
322.258
319.396
316.815
314.919
314.441
316.297
321.146
328.652
337.136
343.706
345.29
339.99
328.374
314.377
302.65
293.827
287.695
285.765
287.528
289.144
287.993
284.411
216.009
319.684
319.559
319.217
318.644
317.738
316.415
314.74
312.962
311.438
310.29
309.628
309.904
311.841
316.127
322.83
330.821
337.761
340.552
336.76
326.446
313.325
302.159
293.69
287.723
285.813
287.553
289.173
288.067
284.453
216.007
312.794
312.67
312.405
312.011
311.383
310.518
309.549
308.667
308.062
307.733
307.663
308.173
309.893
313.511
319.306
326.585
333.491
336.992
334.227
324.865
312.414
301.7
293.55
287.744
285.855
287.571
289.19
288.138
284.634
216.196
303.664
304.541
305.244
305.858
306.375
306.739
306.936
306.989
307.012
307.062
307.151
307.597
309
312.061
317.175
323.901
330.634
334.428
332.243
323.532
311.591
301.249
293.395
287.751
285.879
287.573
289.201
288.169
284.8
216.5
304.069
304.361
304.786
305.218
305.679
306.103
306.409
306.579
306.609
306.543
306.411
306.34
306.732
308.199
311.314
316.106
321.5
325.042
323.85
317.09
307.328
298.835
292.411
287.613
285.997
287.646
289.212
288.188
284.584
215.933
304.426
304.608
304.929
305.326
305.763
306.098
306.282
306.359
306.363
306.309
306.151
305.909
305.778
306.195
307.757
310.755
314.583
317.294
316.43
311.133
303.308
296.516
291.446
287.48
286.115
287.699
289.104
287.84
284.329
216.076
304.763
304.894
305.141
305.458
305.802
306.129
306.388
306.552
306.606
306.584
306.43
306.048
305.542
305.226
305.608
307.078
309.38
311.104
310.282
306.101
299.885
294.568
290.664
287.437
286.283
287.798
289.174
288.077
284.453
215.804
305.142
305.297
305.543
305.861
306.212
306.472
306.608
306.715
306.771
306.737
306.535
306.068
305.367
304.615
304.203
304.542
305.604
306.446
305.596
302.275
297.365
293.193
290.173
287.523
286.511
287.899
289.068
287.745
284.298
216.07
305.047
305.201
305.433
305.717
306.02
306.278
306.463
306.631
306.71
306.664
306.461
305.98
305.202
304.225
303.333
302.91
303.089
303.3
302.424
299.741
295.792
292.41
289.977
287.744
286.814
288.068
289.116
287.85
284.267
215.713
305.155
305.344
305.572
305.835
306.104
306.285
306.381
306.477
306.541
306.479
306.272
305.828
305.045
303.984
302.854
302.019
301.692
301.508
300.61
298.344
295.033
292.11
290.013
288.064
287.166
288.25
289.043
287.53
284.109
215.899
305.091
305.341
305.61
305.873
306.152
306.391
306.512
306.553
306.561
306.501
306.301
305.849
305.054
303.934
302.706
301.707
301.14
300.743
299.833
297.804
294.881
292.188
290.227
288.455
287.561
288.468
289.08
287.504
283.888
215.42
305.29
305.567
305.843
306.064
306.289
306.493
306.561
306.464
306.332
306.223
306.024
305.574
304.786
303.701
302.519
301.552
300.961
300.512
299.63
297.744
295.047
292.473
290.543
288.864
287.968
288.682
289.026
287.209
283.681
215.451
304.833
305.152
305.455
305.633
305.792
305.972
306.055
305.942
305.73
305.616
305.48
305.076
304.351
303.363
302.298
301.432
300.902
300.474
299.626
297.854
295.336
292.841
290.897
289.267
288.381
288.922
289.034
287.106
283.43
215.026
304.94
305.304
305.591
305.706
305.776
305.886
305.937
305.818
305.53
305.318
305.149
304.733
304.036
303.115
302.143
301.369
300.889
300.496
299.682
297.964
295.604
293.232
291.271
289.662
288.813
289.204
289.042
286.889
283.219
214.974
304.608
305.021
305.374
305.512
305.532
305.591
305.649
305.602
305.345
305.031
304.802
304.417
303.755
302.899
302.009
301.313
300.876
300.503
299.718
298.079
295.839
293.561
291.645
290.072
289.269
289.529
289.113
286.818
283.074
214.735
304.638
305.067
305.459
305.594
305.538
305.492
305.483
305.414
305.19
304.811
304.464
304.073
303.442
302.648
301.835
301.199
300.818
300.476
299.7
298.151
296.051
293.848
291.988
290.483
289.739
289.866
289.142
286.614
282.832
214.62
304.236
304.676
305.137
305.372
305.317
305.212
305.193
305.159
304.988
304.644
304.259
303.841
303.235
302.492
301.747
301.169
300.805
300.441
299.653
298.162
296.201
294.129
292.333
290.888
290.206
290.19
289.133
286.396
282.54
214.344
304.342
304.769
305.273
305.588
305.501
305.255
305.176
305.128
304.94
304.592
304.174
303.704
303.083
302.354
301.653
301.104
300.747
300.383
299.588
298.149
296.32
294.379
292.651
291.291
290.687
290.526
289.112
286.113
282.166
214.093
303.76
304.201
304.811
305.262
305.154
304.811
304.736
304.721
304.56
304.249
303.868
303.416
302.814
302.118
301.478
300.988
300.673
300.313
299.492
298.115
296.44
294.583
292.899
291.72
291.222
290.909
289.178
285.953
281.925
213.871
303.671
304.093
304.811
305.365
305.211
304.783
304.671
304.663
304.506
304.177
303.782
303.32
302.704
302.008
301.378
300.907
300.623
300.27
299.455
298.152
296.521
294.735
293.17
292.154
291.792
291.359
289.312
285.851
281.765
213.756
303.153
303.513
304.199
304.773
304.691
304.295
304.196
304.24
304.135
303.847
303.488
303.063
302.495
301.849
301.264
300.846
300.558
300.21
299.441
298.159
296.587
294.88
293.421
292.565
292.359
291.829
289.408
285.632
281.479
213.53
303.219
303.467
304.063
304.692
304.754
304.388
304.203
304.218
304.116
303.821
303.43
302.976
302.411
301.786
301.229
300.832
300.556
300.214
299.444
298.162
296.612
295.025
293.707
292.95
292.89
292.286
289.465
285.303
281.046
213.172
302.619
302.765
303.243
303.869
304.132
303.895
303.672
303.708
303.665
303.42
303.063
302.643
302.133
301.58
301.101
300.777
300.546
300.19
299.42
298.155
296.633
295.175
294.003
293.311
293.389
292.784
289.601
285.027
280.667
212.835
302.733
302.76
303.037
303.58
303.972
303.912
303.697
303.635
303.598
303.389
303.02
302.568
302.052
301.516
301.062
300.773
300.585
300.22
299.442
298.204
296.688
295.319
294.273
293.66
293.92
293.404
289.941
284.943
280.453
212.625
302.179
302.125
302.237
302.653
303.133
303.275
303.153
303.049
303.022
302.914
302.636
302.218
301.737
301.267
300.887
300.667
300.546
300.234
299.467
298.192
296.738
295.488
294.516
294.013
294.479
294.074
290.322
284.829
280.172
212.403
302.349
302.202
302.143
302.316
302.734
303.026
303.003
302.878
302.788
302.73
302.54
302.162
301.66
301.144
300.75
300.557
300.505
300.295
299.55
298.222
296.812
295.648
294.723
294.388
295.075
294.734
290.645
284.577
279.621
211.982
301.73
301.563
301.422
301.435
301.704
302.064
302.204
302.159
302.103
302.102
302.057
301.808
301.363
300.85
300.454
300.279
300.29
300.229
299.61
298.303
296.902
295.773
294.884
294.754
295.673
295.367
291.033
284.493
279.178
211.694
301.857
301.676
301.439
301.258
301.248
301.48
301.722
301.778
301.776
301.83
301.905
301.762
301.319
300.753
300.293
300.063
300.079
300.123
299.711
298.5
297.02
295.852
295.087
295.187
296.265
296.049
291.688
284.745
278.913
211.565
301.126
300.972
300.748
300.53
300.418
300.478
300.696
300.909
301.023
301.175
301.395
301.381
300.969
300.404
299.94
299.708
299.757
299.915
299.729
298.708
297.165
295.92
295.288
295.637
296.855
296.706
292.415
285.07
278.713
211.473
301.312
301.047
300.813
300.531
300.293
300.179
300.24
300.414
300.628
300.885
301.164
301.19
300.798
300.25
299.771
299.5
299.524
299.726
299.708
298.944
297.399
296.082
295.566
296.079
297.408
297.208
293.007
285.179
278.288
211.039
300.725
300.211
300.054
299.805
299.533
299.399
299.45
299.6
299.821
300.122
300.452
300.584
300.31
299.819
299.35
299.087
299.155
299.454
299.606
299.109
297.74
296.311
295.759
296.519
297.9
297.542
293.687
285.713
278.101
210.475
301.287
300.35
300.022
299.775
299.424
299.173
299.114
299.247
299.465
299.704
299.986
300.14
299.934
299.47
299.011
298.761
298.85
299.201
299.478
299.185
298.127
296.854
296.169
296.948
298.237
297.716
294.457
286.867
278.439
210.342
301.744
300.103
299.253
298.951
298.692
298.458
298.361
298.432
298.577
298.833
299.175
299.359
299.243
298.914
298.561
298.346
298.459
298.89
299.307
299.254
298.493
297.285
296.367
297.377
298.678
297.818
295.067
287.946
278.555
209.825
303.779
301.522
299.726
298.801
298.461
298.308
298.172
298.104
298.169
298.334
298.489
298.659
298.698
298.502
298.279
298.12
298.211
298.645
299.14
299.292
298.867
298.048
297.041
297.692
298.758
297.68
295.31
288.883
278.371
208.702
305.397
303.138
300.67
298.753
297.8
297.477
297.426
297.401
297.427
297.554
297.696
297.791
297.75
297.575
297.522
297.61
297.849
298.382
299
299.314
299.128
298.588
297.981
298.197
298.557
297.522
295.586
290.437
279.374
207.889
307.469
305.748
303.445
300.883
298.625
297.259
296.905
296.93
296.948
297.027
297.108
297.153
297.176
297.121
297.068
297.152
297.446
298.059
298.822
299.354
299.379
299.109
298.739
298.759
298.684
297.418
295.792
292.048
281.274
208.282
308.05
307.086
305.587
303.556
300.838
298.009
296.402
296.065
296.137
296.252
296.333
296.311
296.271
296.238
296.283
296.557
297.071
297.748
298.508
299.145
299.318
299.161
299.074
299.302
298.952
297.417
295.918
293.388
283.644
207.839
308.331
308.104
307.398
306.162
304.209
301.489
298.595
296.354
295.632
295.786
295.823
295.801
295.798
295.837
296.027
296.442
297.015
297.669
298.386
299.065
299.35
299.382
299.498
299.538
298.882
297.312
295.777
294.046
286.816
209.101
307.557
307.621
307.524
307.031
305.959
304.417
302.28
299.448
296.696
295.2
294.844
294.711
294.72
294.917
295.325
296.045
296.668
297.347
298.295
299.108
299.622
299.597
299.413
299.331
298.747
297.173
295.271
293.678
289.51
212.182
307.073
307.201
307.291
307.232
306.873
306.251
305.353
303.914
301.329
298.011
295.371
294.07
293.729
293.668
293.983
294.68
295.666
296.973
298.102
298.848
299.46
299.536
299.244
299.109
298.795
297.352
295.051
292.972
290.366
215.23
305.822
305.967
306.176
306.29
306.303
306.368
306.332
305.823
304.531
302.547
300.001
297.636
294.69
292.528
292.857
293.617
294.534
295.83
297.226
298.479
299.374
299.439
298.926
298.659
298.724
297.864
295.343
292.074
288.531
216.844
305.235
305.383
305.492
305.637
305.727
305.809
305.867
305.87
305.804
305.411
304.253
302.391
299.891
297.083
294.378
293.371
294.486
295.977
297.411
298.795
299.848
299.816
299.049
298.538
298.639
298.011
294.89
289.552
284.764
217.825
304.615
304.912
304.865
304.745
304.935
305.227
305.389
305.308
305.214
305.277
305.208
304.74
303.697
302.151
299.934
297.838
296.941
297.325
298.526
299.805
300.537
300.044
298.896
297.855
297.132
295.889
291.942
285.583
280.716
217.315
303.533
304.037
304.344
304.491
304.665
304.703
304.571
304.577
304.729
304.902
305.037
305.123
305.024
304.513
303.498
302.607
301.665
301.096
300.798
300.421
300.221
299.296
297.822
296.169
294.422
292.273
288.393
282.404
277.43
215.861
302.045
302.423
302.755
303.007
303.18
303.397
303.633
303.883
304.139
304.36
304.547
304.676
304.72
304.691
304.516
304.128
303.579
302.957
302.389
301.669
300.597
299.239
297.585
295.608
293.404
290.666
286.444
280.211
274.996
214.844
301.208
301.462
301.588
301.847
302.198
302.546
302.871
303.187
303.495
303.771
304.009
304.182
304.19
304.082
303.971
303.869
303.753
303.449
302.83
301.965
300.846
299.479
297.822
295.893
293.742
290.767
285.974
279.014
273.488
214.717
299.992
300.492
300.964
301.258
301.44
301.688
302.01
302.298
302.394
302.437
302.548
302.687
302.874
303.036
303.069
302.974
302.835
302.616
302.246
301.71
300.85
299.583
297.884
295.938
293.955
291.16
286.225
278.787
273.028
215.229
299.08
299.202
299.414
299.66
299.925
300.214
300.527
300.867
301.231
301.482
301.635
301.87
302.019
301.96
301.903
301.807
301.634
301.454
301.183
300.83
300.256
299.278
297.773
295.941
294.162
291.61
286.857
279.483
273.88
216.724
298.434
298.584
298.733
298.872
299.024
299.217
299.466
299.626
299.678
299.78
299.933
300.118
300.334
300.5
300.554
300.502
300.328
300.128
299.9
299.518
299.07
298.414
297.335
295.838
294.166
291.893
287.681
280.962
275.581
218.364
297.734
297.946
298.17
298.353
298.416
298.439
298.502
298.583
298.655
298.708
298.753
298.797
298.847
298.915
299.07
299.057
298.864
298.77
298.611
298.356
297.907
297.464
296.739
295.438
293.969
291.917
288.506
283.069
278.245
220.204
297.021
297.284
297.554
297.754
297.842
297.847
297.853
297.839
297.776
297.721
297.675
297.626
297.589
297.611
297.741
297.798
297.693
297.483
297.245
297.022
296.747
296.476
295.959
295.023
293.782
292.011
289.329
284.938
280.66
221.849
296.528
296.777
297.023
297.198
297.27
297.252
297.229
297.243
297.207
297.153
297.143
297.141
297.121
297.084
297.05
296.974
296.844
296.734
296.607
296.357
295.997
295.732
295.357
294.518
293.334
291.863
289.848
286.13
282.245
223.338
296.385
296.524
296.626
296.691
296.767
296.84
296.876
296.862
296.822
296.78
296.741
296.698
296.64
296.588
296.524
296.403
296.256
296.123
296.011
295.896
295.76
295.526
295.1
294.318
293.123
291.791
290.158
286.596
282.641
223.944
)
;

boundaryField
{
    inlet
    {
        type            calculated;
        value           nonuniform List<scalar> 
100
(
0.0467105
0.0467297
0.0466252
0.046596
0.0465183
0.0464619
0.046392
0.0463226
0.0462495
0.0461733
0.0460938
0.0460111
0.0459249
0.0458353
0.0457422
0.0456456
0.0455454
0.0454414
0.0453338
0.0452224
0.0451073
0.0449883
0.0448655
0.0447391
0.044609
0.0444755
0.0443388
0.0441993
0.0440572
0.0439131
0.0437673
0.0436206
0.0434736
0.043327
0.0431818
0.043039
0.0428996
0.0427648
0.0426358
0.0425137
0.0423998
0.0422952
0.0422008
0.0421174
0.0420456
0.0419858
0.041938
0.041902
0.0418778
0.0418653
0.0511504
0.0508267
0.0508265
0.050568
0.0505199
0.0503084
0.0502302
0.0500518
0.0499563
0.0498013
0.0496973
0.0495591
0.0494523
0.0493268
0.0492207
0.0491051
0.0490019
0.0488945
0.0487953
0.0486951
0.0486006
0.0485067
0.0484172
0.0483291
0.0482446
0.0481619
0.0480824
0.0480048
0.0479301
0.0478572
0.0477871
0.0477187
0.0476531
0.0475889
0.0475274
0.0474671
0.0474098
0.047353
0.0472997
0.047246
0.0471968
0.0471457
0.0471007
0.0470517
0.047011
0.0469633
0.0469276
0.0468801
0.0468501
0.0468015
)
;
    }
    outlet
    {
        type            calculated;
        value           nonuniform List<scalar> 
100
(
216.5
215.933
216.076
215.804
216.07
215.713
215.899
215.42
215.451
215.026
214.974
214.735
214.62
214.344
214.093
213.871
213.756
213.53
213.172
212.835
212.625
212.403
211.982
211.694
211.565
211.473
211.039
210.475
210.342
209.825
208.702
207.889
208.282
207.839
209.101
212.182
215.23
216.844
217.825
217.315
215.861
214.844
214.717
215.229
216.724
218.364
220.204
221.849
223.338
223.944
228.643
223.615
222.691
222.205
220.673
220.516
219.44
219.842
219.129
219.381
218.689
218.664
218.064
218.044
217.696
217.761
217.565
217.593
217.4
217.341
217.132
217.022
216.823
216.711
216.547
216.465
216.35
216.306
216.239
216.23
216.188
216.189
216.141
216.129
216.059
216.032
215.942
215.911
215.817
215.801
215.722
215.744
215.695
215.765
215.747
215.862
215.859
216.009
216.007
216.196
)
;
    }
    bottom
    {
        type            symmetryPlane;
    }
    top
    {
        type            symmetryPlane;
    }
    obstacle
    {
        type            calculated;
        value           nonuniform List<scalar> 
120
(
308.675
305.381
300.642
298.554
297.071
297.842
298.112
299.058
298.766
299.122
298.769
299.207
299.295
300.056
300.494
301.325
301.772
302.346
302.468
302.501
302.056
301.496
300.762
300.221
299.678
299.215
298.681
298.227
297.791
297.519
297.346
297.362
297.484
297.745
298.029
298.329
298.546
298.707
298.776
298.796
298.745
298.658
298.515
298.341
298.131
297.914
297.704
297.525
297.384
297.277
109.23
109.639
110.03
111.988
114.403
117.805
122.287
128.252
135.83
145.171
156.397
169.412
183.661
198.62
213.806
228.596
242.6
255.588
267.417
278.153
287.919
296.77
304.748
311.943
318.426
324.265
329.554
334.361
338.734
342.707
346.318
349.62
352.655
355.46
358.067
360.497
362.772
364.913
366.925
368.801
370.483
371.776
372.225
370.947
366.643
358.114
345.437
331.297
319.684
312.794
299.501
301.135
302.888
304.26
305.223
305.786
305.982
305.999
306.001
305.988
305.926
305.772
305.489
305.173
304.959
304.847
304.763
304.617
304.323
303.711
)
;
    }
    defaultFaces
    {
        type            empty;
    }
}


// ************************************************************************* //
