/*--------------------------------*- C++ -*----------------------------------*\
| =========                 |                                                 |
| \\      /  F ield         | OpenFOAM: The Open Source CFD Toolbox           |
|  \\    /   O peration     | Version:  5.x                                   |
|   \\  /    A nd           | Web:      www.OpenFOAM.org                      |
|    \\/     M anipulation  |                                                 |
\*---------------------------------------------------------------------------*/
/*   Windows 32 and 64 bit porting by blueCAPE: http://www.bluecape.com.pt   *\
|  Based on Windows porting (2.0.x v4) by Symscape: http://www.symscape.com   |
\*---------------------------------------------------------------------------*/
FoamFile
{
    version     2.0;
    format      ascii;
    class       volScalarField;
    location    "0.009";
    object      T;
}
// * * * * * * * * * * * * * * * * * * * * * * * * * * * * * * * * * * * * * //

dimensions      [0 0 0 1 0 0 0];

internalField   nonuniform List<scalar> 
10000
(
348.413
348.356
348.198
347.802
346.938
345.287
342.572
338.742
334.038
328.849
323.536
318.279
313.172
308.215
303.481
298.764
294.782
289.592
287.077
282.21
278.064
275.893
273.065
268.946
265.43
263.576
262.536
260.91
258.294
255.478
253.566
252.988
253.048
253.445
253.6
253.167
251.66
250.6
250.197
250.129
250.293
251.204
252.571
253.392
253.712
253.735
253.327
251.711
249.796
248.398
247.398
246.779
246.316
245.988
245.601
245.284
245.082
245.585
246.664
258.012
348.413
348.356
348.2
347.808
346.954
345.32
342.63
338.831
334.155
328.987
323.687
318.437
313.331
308.373
303.628
298.92
294.872
289.752
287.178
282.143
278.199
276.053
272.908
268.641
265.361
263.742
262.554
260.499
257.567
254.815
253.196
252.82
252.929
253.238
253.154
252.027
250.271
249.467
249.235
249.232
249.582
250.826
252.03
252.609
252.748
252.62
251.675
249.936
248.602
247.705
247.119
246.781
246.47
246.262
245.977
245.734
245.603
246.441
248.543
263.686
348.413
348.356
348.2
347.809
346.955
345.323
342.635
338.837
334.164
329
323.706
318.464
313.368
308.424
303.682
299.06
294.767
290.408
286.482
282.926
278.799
275.438
272.895
269.824
266.319
263.508
261.866
260.68
258.931
256.486
254.159
252.887
252.68
252.855
253.158
253.136
252.397
251.135
250.482
250.28
250.282
250.507
251.501
252.681
253.444
253.785
253.829
253.648
252.782
251.602
250.649
250.008
249.433
249.063
248.627
248.304
248.003
248.587
250.065
263.592
348.414
348.357
348.202
347.814
346.968
345.351
342.686
338.916
334.269
329.125
323.844
318.608
313.515
308.572
303.812
299.252
294.678
291.015
285.84
283.369
279.338
274.857
272.318
270.324
267.073
263.324
260.706
259.562
258.815
257.341
254.989
252.675
251.44
251.262
251.386
251.834
251.965
251.806
250.931
250.083
249.76
249.703
249.813
250.374
251.373
252.113
252.52
252.639
252.615
252.383
251.697
251.06
250.495
250.134
249.665
249.358
249.113
250.319
253.414
271.771
348.414
348.357
348.202
347.815
346.971
345.356
342.693
338.925
334.281
329.141
323.864
318.636
313.551
308.62
303.872
299.33
294.775
291.123
286.004
283.501
279.534
275.108
272.535
270.551
267.395
263.721
261.092
259.903
259.172
257.787
255.562
253.289
252.023
251.801
251.901
252.331
252.571
252.469
251.745
250.926
250.58
250.522
250.608
251.084
252.113
252.899
253.307
253.419
253.397
253.153
252.403
251.685
251.042
250.621
250.147
249.869
249.582
250.775
253.797
272.079
348.414
348.357
348.204
347.82
346.982
345.381
342.738
338.995
334.375
329.254
323.99
318.769
313.687
308.755
304.007
299.444
294.923
291.155
286.147
283.618
279.401
275.143
272.767
270.524
267.023
263.406
261.128
260.129
259.144
257.252
254.706
252.563
251.653
251.615
251.862
252.281
252.249
251.63
250.447
249.777
249.552
249.555
249.863
250.864
251.868
252.501
252.758
252.784
252.602
251.898
251.04
250.424
249.908
249.566
249.156
248.927
248.65
249.704
252.495
270.794
348.414
348.357
348.204
347.821
346.985
345.386
342.747
339.007
334.39
329.272
324.012
318.797
313.723
308.801
304.063
299.52
295
291.282
286.269
283.731
279.643
275.348
272.885
270.75
267.416
263.803
261.401
260.319
259.432
257.754
255.347
253.165
252.13
252.024
252.204
252.64
252.721
252.342
251.299
250.598
250.33
250.307
250.51
251.347
252.413
253.104
253.402
253.433
253.276
252.57
251.558
250.804
250.18
249.763
249.328
249.044
248.717
249.298
250.916
266.161
348.414
348.358
348.205
347.825
346.995
345.408
342.787
339.07
334.475
329.375
324.128
318.919
313.849
308.927
304.189
299.633
295.126
291.343
286.375
283.835
279.581
275.378
273.039
270.728
267.165
263.589
261.398
260.412
259.335
257.334
254.75
252.651
251.797
251.78
252.053
252.458
252.375
251.585
250.363
249.72
249.512
249.528
249.904
251.003
252.028
252.647
252.871
252.861
252.525
251.558
250.591
249.887
249.311
248.942
248.541
248.283
247.959
248.514
250.134
265.426
348.414
348.358
348.206
347.826
346.999
345.414
342.797
339.084
334.492
329.394
324.151
318.947
313.884
308.97
304.241
299.701
295.2
291.455
286.492
283.938
279.793
275.564
273.152
270.933
267.509
263.938
261.648
260.6
259.608
257.772
255.291
253.161
252.223
252.156
252.378
252.794
252.796
252.198
251.074
250.415
250.165
250.154
250.424
251.427
252.513
253.19
253.457
253.463
253.158
252.117
250.93
250.052
249.345
248.904
248.454
248.153
247.796
248.183
249.295
262.929
348.414
348.358
348.207
347.829
347.007
345.433
342.832
339.139
334.569
329.489
324.256
319.06
314.001
309.088
304.359
299.811
295.309
291.538
286.562
284.047
279.775
275.578
273.259
270.937
267.354
263.775
261.593
260.605
259.512
257.494
254.891
252.767
251.886
251.856
252.129
252.549
252.472
251.669
250.392
249.721
249.504
249.515
249.881
251.011
252.092
252.751
252.991
252.98
252.585
251.445
250.32
249.495
248.841
248.455
248.02
247.746
247.396
247.819
249.025
262.997
348.414
348.358
348.208
347.831
347.011
345.441
342.844
339.155
334.587
329.509
324.28
319.088
314.034
309.129
304.406
299.876
295.371
291.657
286.649
284.147
279.989
275.73
273.327
271.134
267.707
264.102
261.775
260.72
259.75
257.929
255.43
253.24
252.237
252.153
252.361
252.803
252.805
252.23
251.063
250.353
250.071
250.051
250.301
251.288
252.422
253.13
253.417
253.432
253.103
251.969
250.688
249.743
248.974
248.533
248.063
247.771
247.407
247.752
248.692
261.757
348.414
348.358
348.208
347.834
347.018
345.457
342.875
339.204
334.656
329.595
324.377
319.193
314.143
309.239
304.518
299.979
295.474
291.736
286.717
284.249
279.988
275.746
273.426
271.151
267.588
263.964
261.717
260.715
259.675
257.718
255.112
252.906
251.93
251.862
252.113
252.567
252.54
251.846
250.51
249.767
249.51
249.501
249.804
250.881
252.029
252.746
253.035
253.046
252.688
251.498
250.211
249.267
248.498
248.063
247.606
247.321
246.962
247.307
248.23
261.362
348.414
348.359
348.209
347.836
347.022
345.465
342.887
339.221
334.675
329.615
324.401
319.219
314.174
309.278
304.561
300.04
295.528
291.85
286.794
284.331
280.202
275.881
273.458
271.324
267.936
264.281
261.861
260.772
259.863
258.123
255.632
253.353
252.233
252.107
252.288
252.753
252.783
252.326
251.153
250.344
250.004
249.959
250.156
251.052
252.24
253.012
253.351
253.395
253.128
252.031
250.572
249.482
248.579
248.066
247.574
247.254
246.841
247.022
247.375
258.366
348.414
348.359
348.21
347.838
347.029
345.48
342.915
339.265
334.738
329.694
324.49
319.317
314.276
309.381
304.666
300.138
295.63
291.918
286.869
284.431
280.194
275.907
273.572
271.349
267.822
264.152
261.826
260.798
259.818
257.94
255.343
253.053
251.965
251.851
252.072
252.56
252.59
252.035
250.672
249.832
249.526
249.494
249.723
250.69
251.903
252.695
253.043
253.084
252.799
251.664
250.211
249.125
248.242
247.741
247.273
246.962
246.54
246.672
246.813
256.808
348.414
348.359
348.21
347.84
347.033
345.487
342.927
339.282
334.757
329.715
324.514
319.342
314.306
309.416
304.706
300.191
295.682
292.019
286.944
284.502
280.381
276.034
273.605
271.496
268.12
264.438
261.972
260.86
259.976
258.273
255.779
253.444
252.25
252.093
252.258
252.73
252.781
252.386
251.209
250.32
249.938
249.877
250.045
250.875
252.09
252.897
253.262
253.315
253.086
252.032
250.477
249.295
248.33
247.771
247.27
246.929
246.485
246.543
246.33
254.19
348.414
348.359
348.211
347.842
347.039
345.501
342.952
339.322
334.814
329.787
324.596
319.433
314.401
309.514
304.806
300.284
295.781
292.078
287.024
284.602
280.361
276.069
273.739
271.526
267.999
264.312
261.968
260.932
259.96
258.095
255.495
253.167
252.029
251.89
252.1
252.599
252.648
252.13
250.748
249.855
249.531
249.492
249.692
250.601
251.837
252.655
253.022
253.069
252.801
251.661
250.117
248.957
248.02
247.487
246.999
246.668
246.232
246.267
245.93
252.942
348.414
348.359
348.212
347.844
347.043
345.508
342.965
339.339
334.834
329.808
324.619
319.457
314.429
309.546
304.843
300.332
295.831
292.167
287.096
284.668
280.524
276.183
273.774
271.655
268.253
264.562
262.108
261.002
260.103
258.37
255.849
253.497
252.291
252.127
252.294
252.763
252.821
252.398
251.17
250.254
249.865
249.799
249.97
250.802
252.026
252.826
253.183
253.232
252.991
251.88
250.258
249.027
248.036
247.453
246.935
246.594
246.132
246.123
245.641
251.228
348.414
348.36
348.212
347.846
347.048
345.52
342.987
339.375
334.886
329.875
324.696
319.542
314.518
309.638
304.938
300.42
295.925
292.221
287.175
284.766
280.506
276.224
273.913
271.688
268.142
264.453
262.121
261.087
260.1
258.214
255.6
253.257
252.104
251.953
252.16
252.665
252.709
252.184
250.767
249.855
249.526
249.478
249.666
250.554
251.811
252.64
253.012
253.057
252.782
251.587
249.962
248.746
247.778
247.21
246.716
246.377
245.914
245.892
245.365
250.509
348.414
348.36
348.213
347.848
347.052
345.528
343
339.393
334.906
329.895
324.718
319.565
314.544
309.668
304.971
300.464
295.972
292.301
287.242
284.826
280.65
276.326
273.943
271.803
268.366
264.674
262.246
261.152
260.227
258.45
255.899
253.54
252.335
252.172
252.341
252.805
252.869
252.406
251.117
250.188
249.797
249.727
249.904
250.753
251.984
252.781
253.132
253.177
252.922
251.748
250.06
248.801
247.798
247.206
246.688
246.36
245.893
245.845
245.259
249.739
348.414
348.36
348.214
347.849
347.057
345.538
343.02
339.425
334.953
329.956
324.789
319.644
314.628
309.754
305.061
300.547
296.062
292.351
287.322
284.92
280.633
276.375
274.088
271.837
268.261
264.58
262.28
261.252
260.237
258.31
255.676
253.332
252.183
252.033
252.242
252.748
252.778
252.219
250.754
249.841
249.52
249.466
249.649
250.547
251.824
252.656
253.023
253.064
252.773
251.521
249.854
248.623
247.646
247.073
246.568
246.25
245.788
245.736
245.113
249.331
348.414
348.36
348.214
347.851
347.06
345.546
343.032
339.442
334.973
329.976
324.81
319.666
314.652
309.782
305.091
300.586
296.107
292.421
287.384
284.975
280.756
276.466
274.116
271.938
268.454
264.772
262.393
261.317
260.35
258.507
255.921
253.57
252.389
252.234
252.409
252.864
252.921
252.398
251.037
250.114
249.737
249.667
249.856
250.739
251.986
252.782
253.132
253.18
252.929
251.754
250.048
248.756
247.71
247.055
246.481
246.127
245.632
245.558
244.859
248.426
348.414
348.36
348.215
347.853
347.065
345.555
343.05
339.472
335.016
330.033
324.876
319.74
314.731
309.863
305.176
300.665
296.195
292.464
287.472
285.064
280.733
276.53
274.271
271.965
268.347
264.698
262.453
261.433
260.366
258.377
255.72
253.392
252.27
252.13
252.345
252.846
252.865
252.249
250.727
249.82
249.514
249.462
249.635
250.519
251.844
252.728
253.134
253.207
252.995
251.913
250.151
248.771
247.612
246.861
246.211
245.823
245.224
245.094
244.287
246.943
348.414
348.36
348.215
347.854
347.068
345.563
343.062
339.488
335.035
330.052
324.896
319.76
314.753
309.888
305.204
300.697
296.245
292.506
287.558
285.111
280.804
276.642
274.342
272.032
268.458
264.857
262.612
261.559
260.478
258.494
255.856
253.563
252.471
252.355
252.551
252.991
253.025
252.404
250.942
250.021
249.66
249.591
249.76
250.574
251.926
252.874
253.357
253.505
253.429
252.78
251
249.361
247.996
247.079
246.328
245.896
245.246
245.066
244.269
246.078
348.414
348.36
348.216
347.856
347.072
345.571
343.079
339.516
335.074
330.104
324.957
319.829
314.827
309.965
305.289
300.75
296.422
292.268
288.214
284.538
280.988
277.261
274.14
271.577
268.598
265.432
262.843
261.184
259.982
258.375
256.13
253.891
252.543
252.247
252.35
252.728
252.757
252.255
250.864
249.987
249.688
249.621
249.693
250.134
251.352
252.508
253.211
253.521
253.566
253.44
252.624
251.031
249.569
248.602
247.816
247.436
246.732
246.485
245.549
246.949
348.414
348.361
348.216
347.857
347.076
345.578
343.09
339.532
335.093
330.123
324.977
319.849
314.848
309.987
305.319
300.748
296.594
291.934
289.019
283.77
281.111
278.171
273.852
270.682
268.893
266.576
263.449
260.592
258.832
257.943
257.014
255.47
253.636
252.2
251.602
251.576
251.711
251.939
251.894
251.338
250.692
250.429
250.407
250.388
250.509
251.158
252.087
252.722
253.02
253.094
253.037
252.636
251.641
250.894
250.243
249.897
249.241
249.01
248.168
249.353
348.414
348.361
348.217
347.859
347.079
345.586
343.105
339.557
335.129
330.171
325.034
319.913
314.917
310.06
305.396
300.819
296.679
291.958
289.121
283.871
280.958
278.395
274.061
270.479
268.686
266.796
263.765
260.575
258.472
257.586
256.986
255.802
253.952
252.202
251.279
251.177
251.241
251.59
251.755
251.629
251.076
250.607
250.431
250.364
250.381
250.675
251.488
252.186
252.565
252.696
252.697
252.579
252.042
251.529
251.029
250.737
250.135
249.921
249.122
250.57
348.414
348.361
348.217
347.86
347.082
345.593
343.116
339.572
335.147
330.19
325.053
319.931
314.937
310.08
305.419
300.844
296.72
291.993
289.177
283.93
280.978
278.475
274.163
270.495
268.674
266.952
264.007
260.69
258.422
257.5
257.017
256.082
254.354
252.517
251.354
251.062
251.101
251.437
251.787
251.815
251.527
250.946
250.662
250.521
250.52
250.706
251.327
251.967
252.35
252.507
252.531
252.503
252.216
251.826
251.367
251.084
250.5
250.303
249.51
251.085
348.414
348.361
348.218
347.861
347.086
345.6
343.13
339.595
335.181
330.234
325.105
319.992
315.002
310.15
305.491
300.916
296.789
292.049
289.241
284.01
280.992
278.548
274.282
270.519
268.632
266.967
264.093
260.75
258.396
257.418
256.952
256.078
254.339
252.45
251.281
251.001
251.014
251.333
251.638
251.659
251.393
250.846
250.568
250.454
250.448
250.62
251.218
251.855
252.249
252.426
252.463
252.456
252.249
251.928
251.492
251.224
250.668
250.476
249.657
251.326
348.414
348.361
348.218
347.863
347.089
345.607
343.141
339.609
335.198
330.252
325.123
320.009
315.02
310.167
305.511
300.939
296.822
292.09
289.282
284.046
281.057
278.589
274.314
270.575
268.702
267.061
264.202
260.829
258.433
257.431
256.995
256.222
254.579
252.667
251.361
250.961
250.967
251.261
251.692
251.792
251.631
251.071
250.705
250.531
250.512
250.62
251.089
251.73
252.165
252.388
252.454
252.466
252.343
252.079
251.616
251.336
250.771
250.59
249.762
251.468
348.414
348.361
348.218
347.864
347.092
345.613
343.154
339.631
335.229
330.293
325.173
320.065
315.081
310.234
305.58
301.009
296.883
292.155
289.336
284.112
281.116
278.645
274.378
270.636
268.745
267.066
264.197
260.852
258.474
257.474
257.015
256.182
254.47
252.537
251.303
250.966
250.97
251.277
251.633
251.697
251.514
250.936
250.568
250.414
250.392
250.51
251.015
251.692
252.159
252.406
252.484
252.501
252.381
252.129
251.659
251.376
250.816
250.645
249.802
251.535
348.414
348.361
348.219
347.865
347.095
345.619
343.163
339.644
335.245
330.309
325.189
320.081
315.097
310.249
305.597
301.029
296.911
292.193
289.369
284.138
281.187
278.674
274.378
270.694
268.842
267.145
264.24
260.883
258.529
257.55
257.099
256.278
254.584
252.649
251.352
250.969
250.98
251.289
251.72
251.818
251.65
251.044
250.631
250.441
250.417
250.513
250.966
251.653
252.148
252.42
252.513
252.535
252.425
252.174
251.679
251.385
250.819
250.652
249.814
251.55
348.414
348.361
348.219
347.866
347.098
345.626
343.175
339.664
335.274
330.348
325.235
320.134
315.155
310.312
305.663
301.096
296.97
292.256
289.423
284.204
281.245
278.73
274.446
270.757
268.887
267.16
264.246
260.913
258.576
257.6
257.127
256.25
254.492
252.539
251.311
250.991
251.004
251.33
251.683
251.743
251.548
250.915
250.508
250.335
250.31
250.421
250.928
251.656
252.171
252.448
252.538
252.558
252.425
252.126
251.612
251.314
250.739
250.576
249.733
251.466
348.414
348.361
348.22
347.867
347.1
345.631
343.185
339.677
335.29
330.364
325.251
320.149
315.17
310.326
305.678
301.114
296.993
292.294
289.447
284.22
281.326
278.741
274.425
270.818
268.994
267.22
264.248
260.917
258.634
257.697
257.221
256.315
254.544
252.596
251.342
250.999
251.023
251.363
251.774
251.85
251.645
250.97
250.527
250.326
250.301
250.408
250.908
251.646
252.168
252.446
252.535
252.553
252.419
252.094
251.584
251.292
250.737
250.579
249.742
251.383
348.414
348.362
348.22
347.868
347.103
345.637
343.196
339.695
335.317
330.399
325.294
320.199
315.224
310.386
305.74
301.179
297.049
292.357
289.498
284.283
281.395
278.79
274.481
270.895
269.063
267.235
264.231
260.94
258.71
257.795
257.281
256.274
254.418
252.469
251.313
251.066
251.107
251.472
251.786
251.805
251.514
250.798
250.398
250.23
250.216
250.372
250.988
251.731
252.226
252.472
252.539
252.544
252.37
252.023
251.545
251.273
250.736
250.588
249.769
251.313
348.414
348.362
348.22
347.869
347.106
345.642
343.204
339.707
335.331
330.414
325.309
320.212
315.238
310.398
305.753
301.194
297.068
292.391
289.516
284.296
281.468
278.793
274.456
270.95
269.159
267.282
264.217
260.931
258.764
257.893
257.365
256.309
254.427
252.492
251.342
251.081
251.135
251.524
251.866
251.88
251.547
250.8
250.388
250.208
250.203
250.391
251.052
251.765
252.222
252.433
252.484
252.476
252.278
251.937
251.476
251.213
250.693
250.546
249.739
251.217
348.414
348.362
348.221
347.87
347.108
345.648
343.215
339.725
335.356
330.448
325.349
320.259
315.289
310.455
305.813
301.256
297.124
292.452
289.568
284.359
281.535
278.844
274.515
271.029
269.23
267.302
264.209
260.961
258.851
258.002
257.43
256.27
254.307
252.384
251.336
251.171
251.247
251.651
251.895
251.844
251.36
250.632
250.283
250.158
250.172
250.445
251.193
251.865
252.269
252.435
252.463
252.418
252.12
251.776
251.331
251.074
250.554
250.409
249.605
251.006
348.414
348.362
348.221
347.871
347.111
345.652
343.223
339.736
335.369
330.461
325.363
320.271
315.302
310.465
305.824
301.269
297.14
292.479
289.583
284.37
281.591
278.845
274.493
271.069
269.305
267.339
264.196
260.948
258.891
258.081
257.493
256.284
254.306
252.4
251.363
251.179
251.264
251.688
251.946
251.883
251.353
250.624
250.27
250.131
250.16
250.484
251.249
251.887
252.265
252.413
252.428
252.356
251.984
251.582
251.076
250.797
250.244
250.081
249.263
250.587
348.415
348.362
348.221
347.872
347.113
345.658
343.233
339.752
335.393
330.493
325.401
320.316
315.35
310.52
305.881
301.328
297.194
292.538
289.636
284.434
281.655
278.901
274.559
271.145
269.37
267.367
264.207
260.991
258.977
258.177
257.55
256.261
254.225
252.332
251.375
251.261
251.368
251.792
251.983
251.852
251.202
250.505
250.201
250.109
250.149
250.518
251.322
251.967
252.342
252.48
252.484
252.368
251.886
251.424
250.883
250.596
250.038
249.875
249.034
250.256
348.415
348.362
348.222
347.873
347.115
345.662
343.24
339.762
335.406
330.506
325.413
320.327
315.361
310.528
305.89
301.339
297.208
292.561
289.646
284.441
281.703
278.895
274.536
271.18
269.431
267.389
264.189
260.98
259.007
258.231
257.588
256.267
254.231
252.349
251.388
251.247
251.356
251.8
252.016
251.89
251.235
250.517
250.182
250.057
250.099
250.477
251.307
251.977
252.368
252.514
252.515
252.384
251.875
251.415
250.862
250.574
250.024
249.854
249.007
250.123
348.415
348.362
348.222
347.874
347.117
345.667
343.25
339.778
335.428
330.535
325.449
320.369
315.407
310.58
305.945
301.395
297.262
292.616
289.702
284.506
281.756
278.959
274.613
271.247
269.482
267.427
264.234
261.043
259.077
258.291
257.633
256.285
254.218
252.33
251.401
251.297
251.423
251.863
252.046
251.888
251.184
250.464
250.142
250.045
250.084
250.456
251.312
252.008
252.415
252.568
252.568
252.431
251.908
251.449
250.889
250.599
250.051
249.879
249.031
250.072
348.415
348.362
348.222
347.875
347.119
345.671
343.256
339.787
335.439
330.547
325.461
320.379
315.417
310.587
305.952
301.403
297.272
292.634
289.709
284.512
281.793
278.95
274.592
271.27
269.524
267.442
264.221
261.031
259.087
258.316
257.651
256.293
254.231
252.344
251.398
251.266
251.385
251.844
252.056
251.913
251.226
250.481
250.128
249.997
250.037
250.414
251.283
251.993
252.411
252.571
252.571
252.433
251.915
251.475
250.934
250.646
250.109
249.932
249.088
250.071
348.415
348.362
348.222
347.876
347.122
345.676
343.265
339.802
335.46
330.575
325.495
320.418
315.461
310.637
306.004
301.458
297.324
292.69
289.762
284.574
281.855
279.009
274.664
271.346
269.585
267.482
264.262
261.095
259.166
258.389
257.705
256.316
254.224
252.335
251.421
251.322
251.46
251.913
252.093
251.916
251.177
250.437
250.1
249.999
250.04
250.426
251.313
252.03
252.448
252.605
252.602
252.455
251.931
251.503
250.984
250.688
250.154
249.973
249.131
250.084
348.415
348.362
348.223
347.876
347.123
345.679
343.271
339.81
335.471
330.586
325.505
320.428
315.469
310.642
306.01
301.464
297.331
292.707
289.761
284.576
281.894
278.988
274.633
271.373
269.628
267.48
264.224
261.07
259.185
258.428
257.721
256.29
254.193
252.319
251.417
251.307
251.445
251.914
252.105
251.917
251.159
250.416
250.069
249.947
249.997
250.421
251.327
252.037
252.446
252.594
252.585
252.419
251.883
251.47
250.974
250.668
250.134
249.949
249.111
250.066
348.415
348.362
348.223
347.877
347.125
345.684
343.28
339.824
335.491
330.612
325.537
320.465
315.511
310.69
306.06
301.517
297.381
292.765
289.811
284.637
281.967
279.037
274.696
271.463
269.707
267.515
264.246
261.132
259.291
258.538
257.788
256.293
254.158
252.306
251.464
251.394
251.559
252.021
252.169
251.913
251.071
250.358
250.045
249.959
250.021
250.497
251.418
252.109
252.497
252.63
252.613
252.427
251.861
251.434
250.916
250.585
250.032
249.837
249.001
249.98
348.415
348.363
348.223
347.878
347.127
345.687
343.285
339.832
335.5
330.622
325.546
320.473
315.518
310.694
306.064
301.521
297.386
292.778
289.807
284.636
282
279.01
274.659
271.488
269.746
267.499
264.189
261.099
259.318
258.586
257.792
256.234
254.089
252.271
251.462
251.394
251.565
252.035
252.172
251.872
250.989
250.301
250.001
249.907
249.99
250.535
251.464
252.136
252.504
252.624
252.601
252.393
251.77
251.283
250.703
250.335
249.747
249.539
248.696
249.726
348.415
348.363
348.224
347.879
347.129
345.692
343.294
339.845
335.519
330.647
325.577
320.508
315.558
310.74
306.113
301.573
297.436
292.832
289.861
284.697
282.061
279.074
274.731
271.565
269.817
267.547
264.232
261.169
259.419
258.687
257.857
256.251
254.08
252.285
251.524
251.482
251.681
252.137
252.237
251.863
250.93
250.272
250.002
249.937
250.028
250.604
251.549
252.226
252.596
252.716
252.692
252.46
251.738
251.142
250.497
250.105
249.49
249.27
248.397
249.447
348.415
348.363
348.224
347.879
347.13
345.694
343.299
339.852
335.528
330.656
325.585
320.516
315.564
310.743
306.115
301.574
297.439
292.837
289.86
284.694
282.072
279.057
274.702
271.568
269.831
267.536
264.195
261.138
259.415
258.693
257.841
256.209
254.038
252.256
251.501
251.454
251.65
252.112
252.213
251.821
250.882
250.231
249.96
249.879
249.974
250.57
251.551
252.259
252.649
252.775
252.75
252.494
251.711
251.083
250.433
250.048
249.426
249.202
248.312
249.376
348.415
348.363
348.224
347.88
347.132
345.699
343.306
339.865
335.546
330.679
325.614
320.549
315.602
310.786
306.162
301.623
297.491
292.886
289.92
284.756
282.12
279.133
274.788
271.63
269.884
267.601
264.276
261.222
259.486
258.752
257.903
256.275
254.097
252.307
251.554
251.515
251.721
252.178
252.271
251.866
250.915
250.262
249.994
249.926
250.014
250.595
251.602
252.335
252.74
252.874
252.85
252.588
251.771
251.119
250.459
250.079
249.448
249.218
248.317
249.384
348.415
348.363
348.224
347.881
347.134
345.701
343.311
339.871
335.554
330.687
325.622
320.556
315.607
310.788
306.164
301.624
297.494
292.889
289.915
284.753
282.133
279.108
274.76
271.635
269.893
267.587
264.245
261.193
259.471
258.745
257.894
256.265
254.087
252.293
251.526
251.477
251.676
252.153
252.266
251.892
250.956
250.284
249.998
249.908
249.993
250.567
251.58
252.325
252.74
252.882
252.863
252.612
251.801
251.154
250.499
250.132
249.491
249.257
248.345
249.416
348.415
348.363
348.224
347.881
347.136
345.706
343.319
339.884
335.572
330.712
325.652
320.591
315.648
310.835
306.215
301.68
297.547
292.959
289.968
284.83
282.213
279.182
274.851
271.727
269.977
267.676
264.348
261.294
259.556
258.824
257.995
256.388
254.202
252.378
251.588
251.537
251.736
252.225
252.353
252.016
251.083
250.359
250.041
249.946
250.008
250.508
251.506
252.27
252.715
252.881
252.877
252.674
251.924
251.255
250.583
250.212
249.552
249.311
248.379
249.421
348.415
348.363
348.225
347.883
347.139
345.712
343.329
339.899
335.59
330.731
325.67
320.607
315.659
310.841
306.215
301.686
297.54
292.973
289.949
284.814
282.216
279.142
274.779
271.68
269.956
267.653
264.288
261.186
259.426
258.71
257.913
256.339
254.156
252.278
251.404
251.313
251.482
251.989
252.162
251.885
250.994
250.218
249.853
249.696
249.749
250.211
251.233
252.07
252.589
252.805
252.835
252.689
252.107
251.314
250.74
250.225
249.675
249.337
248.604
248.207
348.415
348.363
348.225
347.881
347.135
345.703
343.313
339.874
335.557
330.693
325.63
320.569
315.624
310.811
306.191
301.646
297.52
292.912
289.943
284.796
282.123
279.19
274.855
271.621
269.858
267.658
264.396
261.274
259.411
258.645
257.905
256.423
254.264
252.366
251.485
251.398
251.573
252.075
252.244
252.003
251.18
250.401
250.033
249.925
249.959
250.353
251.361
252.26
252.833
253.084
253.143
253.042
252.516
251.61
250.947
250.325
249.741
249.336
248.614
248.251
348.415
348.363
348.225
347.883
347.138
345.711
343.328
339.898
335.59
330.732
325.672
320.61
315.662
310.846
306.219
301.688
297.554
292.95
289.981
284.821
282.16
279.191
274.831
271.632
269.891
267.681
264.38
261.224
259.359
258.61
257.891
256.43
254.268
252.329
251.377
251.258
251.419
251.939
252.142
251.935
251.136
250.304
249.891
249.715
249.743
250.096
251.081
252.033
252.661
252.95
253.031
252.958
252.506
251.576
250.881
250.206
249.631
249.219
248.493
248.131
348.415
348.363
348.225
347.882
347.136
345.704
343.314
339.875
335.556
330.691
325.628
320.565
315.62
310.804
306.188
301.638
297.52
292.904
289.942
284.794
282.109
279.198
274.861
271.603
269.839
267.667
264.422
261.278
259.375
258.599
257.888
256.452
254.307
252.383
251.463
251.358
251.524
252.029
252.218
252.016
251.249
250.429
250.022
249.879
249.906
250.27
251.263
252.206
252.829
253.122
253.208
253.135
252.667
251.687
250.939
250.274
249.651
249.235
248.49
248.118
348.415
348.363
348.225
347.883
347.138
345.71
343.327
339.897
335.589
330.733
325.674
320.612
315.666
310.85
306.224
301.69
297.565
292.937
290
284.831
282.128
279.212
274.863
271.616
269.862
267.691
264.42
261.248
259.345
258.582
257.886
256.464
254.305
252.351
251.381
251.254
251.418
251.947
252.149
251.95
251.174
250.335
249.919
249.747
249.767
250.1
251.075
252.059
252.719
253.037
253.137
253.082
252.664
251.69
250.918
250.216
249.584
249.171
248.404
248.013
348.415
348.363
348.225
347.882
347.137
345.706
343.316
339.876
335.556
330.689
325.625
320.561
315.616
310.798
306.184
301.628
297.52
292.897
289.942
284.794
282.092
279.208
274.869
271.582
269.82
267.677
264.445
261.279
259.344
258.559
257.872
256.475
254.339
252.396
251.444
251.328
251.485
251.989
252.19
252.015
251.292
250.454
250.022
249.858
249.881
250.223
251.2
252.161
252.816
253.134
253.234
253.184
252.764
251.775
250.976
250.223
249.619
249.192
248.415
248.029
348.415
348.363
348.225
347.883
347.138
345.71
343.326
339.895
335.587
330.732
325.675
320.615
315.669
310.856
306.229
301.695
297.577
292.926
290.015
284.842
282.099
279.23
274.895
271.603
269.835
267.701
264.461
261.273
259.332
258.552
257.878
256.498
254.348
252.378
251.383
251.245
251.411
251.946
252.149
251.968
251.223
250.374
249.944
249.77
249.788
250.103
251.056
252.047
252.731
253.072
253.185
253.151
252.779
251.821
250.983
250.214
249.627
249.192
248.388
247.972
348.415
348.363
348.226
347.883
347.138
345.707
343.318
339.877
335.557
330.688
325.623
320.558
315.612
310.791
306.18
301.617
297.519
292.885
289.946
284.796
282.064
279.225
274.89
271.551
269.782
267.692
264.491
261.293
259.297
258.491
257.843
256.518
254.405
252.431
251.422
251.283
251.42
251.919
252.145
252.017
251.38
250.52
250.057
249.869
249.88
250.187
251.118
252.091
252.767
253.102
253.213
253.182
252.81
251.852
250.961
250.24
249.631
249.192
248.372
247.931
348.415
348.363
348.226
347.883
347.139
345.71
343.325
339.893
335.585
330.731
325.675
320.617
315.672
310.861
306.235
301.701
297.591
292.916
290.029
284.854
282.07
279.249
274.931
271.586
269.801
267.716
264.512
261.301
259.307
258.508
257.863
256.541
254.411
252.418
251.384
251.228
251.39
251.926
252.138
251.978
251.274
250.418
249.974
249.801
249.817
250.117
251.043
252.03
252.715
253.065
253.185
253.157
252.805
251.86
250.947
250.23
249.606
249.135
248.302
247.838
348.415
348.364
348.226
347.884
347.139
345.708
343.319
339.878
335.557
330.687
325.62
320.554
315.608
310.784
306.174
301.605
297.516
292.873
289.949
284.798
282.039
279.236
274.909
271.526
269.748
267.702
264.529
261.303
259.259
258.435
257.816
256.554
254.46
252.46
251.399
251.236
251.364
251.861
252.11
252.013
251.447
250.58
250.088
249.884
249.89
250.183
251.084
252.053
252.723
253.057
253.169
253.132
252.77
251.816
250.915
250.202
249.566
249.086
248.276
247.842
348.415
348.364
348.226
347.884
347.139
345.71
343.324
339.891
335.582
330.728
325.675
320.619
315.675
310.865
306.241
301.706
297.603
292.909
290.038
284.865
282.049
279.264
274.958
271.571
269.777
267.73
264.553
261.319
259.286
258.475
257.854
256.578
254.461
252.45
251.389
251.223
251.379
251.91
252.126
251.972
251.287
250.439
249.996
249.831
249.851
250.166
251.094
252.049
252.704
253.038
253.144
253.102
252.707
251.74
250.84
250.146
249.506
249.028
248.223
247.771
348.415
348.364
348.226
347.884
347.14
345.709
343.321
339.88
335.558
330.687
325.619
320.551
315.604
310.777
306.169
301.595
297.511
292.865
289.949
284.8
282.022
279.24
274.918
271.514
269.73
267.706
264.543
261.302
259.24
258.411
257.805
256.566
254.475
252.464
251.383
251.203
251.335
251.837
252.097
252.003
251.453
250.599
250.107
249.905
249.915
250.225
251.14
252.075
252.7
253.01
253.093
253.025
252.589
251.595
250.709
250.032
249.424
248.948
248.177
247.758
348.415
348.364
348.227
347.885
347.14
345.71
343.324
339.888
335.578
330.725
325.673
320.62
315.678
310.87
306.247
301.711
297.615
292.909
290.04
284.873
282.046
279.267
274.967
271.572
269.776
267.737
264.564
261.32
259.284
258.481
257.865
256.593
254.469
252.456
251.397
251.238
251.397
251.926
252.132
251.958
251.247
250.429
250.002
249.854
249.89
250.26
251.228
252.127
252.722
253.008
253.067
252.975
252.45
251.445
250.59
249.954
249.38
248.927
248.167
247.753
348.415
348.364
348.227
347.885
347.14
345.71
343.322
339.881
335.56
330.688
325.618
320.548
315.6
310.77
306.162
301.584
297.502
292.86
289.943
284.801
282.022
279.232
274.91
271.517
269.736
267.704
264.525
261.283
259.24
258.428
257.815
256.557
254.445
252.438
251.374
251.199
251.343
251.854
252.104
251.986
251.394
250.576
250.107
249.924
249.945
250.308
251.268
252.147
252.717
252.963
253.004
252.871
252.289
251.307
250.473
249.823
249.244
248.801
248.044
247.691
348.415
348.364
348.227
347.885
347.141
345.711
343.324
339.886
335.574
330.72
325.67
320.619
315.679
310.874
306.253
301.718
297.624
292.916
290.034
284.881
282.054
279.257
274.965
271.582
269.786
267.742
264.565
261.316
259.285
258.491
257.884
256.62
254.488
252.467
251.399
251.234
251.393
251.924
252.132
251.958
251.25
250.443
250.017
249.876
249.922
250.323
251.309
252.184
252.751
253.007
253.049
252.909
252.286
251.31
250.433
249.785
249.206
248.762
247.928
247.583
348.415
348.364
348.227
347.886
347.142
345.711
343.324
339.883
335.561
330.689
325.618
320.546
315.596
310.764
306.155
301.574
297.492
292.856
289.935
284.803
282.023
279.219
274.905
271.523
269.738
267.699
264.517
261.273
259.232
258.424
257.817
256.568
254.452
252.431
251.359
251.183
251.329
251.842
252.096
251.985
251.41
250.6
250.125
249.941
249.962
250.317
251.282
252.17
252.736
252.983
253.023
252.888
252.281
251.289
250.423
249.757
249.132
248.665
247.781
247.512
348.415
348.364
348.227
347.886
347.142
345.712
343.324
339.885
335.57
330.715
325.666
320.618
315.68
310.877
306.259
301.724
297.636
292.921
290.031
284.891
282.053
279.257
274.979
271.583
269.776
267.751
264.594
261.332
259.271
258.466
257.88
256.664
254.549
252.506
251.399
251.215
251.365
251.89
252.114
251.966
251.308
250.494
250.052
249.904
249.942
250.332
251.311
252.195
252.786
253.044
253.086
252.953
252.341
251.332
250.429
249.778
249.128
248.665
247.742
247.391
348.415
348.364
348.228
347.887
347.143
345.713
343.324
339.884
335.562
330.69
325.619
320.545
315.593
310.758
306.148
301.561
297.484
292.843
289.937
284.805
282.001
279.226
274.92
271.504
269.711
267.706
264.546
261.278
259.201
258.381
257.796
256.59
254.488
252.446
251.34
251.148
251.289
251.797
252.058
251.954
251.398
250.603
250.131
249.955
249.978
250.334
251.308
252.195
252.751
253
253.035
252.888
252.253
251.217
250.295
249.6
248.902
248.415
247.498
247.288
348.415
348.364
348.228
347.887
347.143
345.714
343.325
339.884
335.566
330.708
325.659
320.614
315.679
310.878
306.265
301.731
297.648
292.924
290.034
284.9
282.037
279.273
275.003
271.57
269.755
267.77
264.64
261.356
259.255
258.432
257.866
256.695
254.598
252.543
251.416
251.219
251.36
251.87
252.103
251.962
251.325
250.518
250.07
249.919
249.957
250.348
251.337
252.216
252.799
253.04
253.073
252.923
252.273
251.243
250.349
249.67
248.997
248.555
247.638
247.295
348.415
348.365
348.228
347.888
347.144
345.714
343.326
339.884
335.562
330.692
325.621
320.545
315.592
310.754
306.141
301.549
297.475
292.829
289.938
284.81
281.977
279.237
274.936
271.483
269.683
267.718
264.582
261.284
259.165
258.332
257.774
256.625
254.544
252.482
251.338
251.128
251.263
251.764
252.029
251.927
251.385
250.608
250.148
249.972
249.996
250.351
251.333
252.208
252.768
253.004
253.044
252.896
252.239
251.183
250.271
249.58
248.929
248.465
247.515
247.159
348.415
348.365
348.229
347.888
347.145
345.715
343.326
339.884
335.563
330.701
325.651
320.607
315.677
310.878
306.27
301.736
297.658
292.929
290.035
284.909
282.026
279.288
275.014
271.559
269.746
267.783
264.665
261.369
259.249
258.418
257.858
256.703
254.616
252.561
251.424
251.215
251.353
251.859
252.108
251.973
251.345
250.533
250.084
249.921
249.954
250.324
251.303
252.211
252.828
253.086
253.156
253.02
252.374
251.282
250.318
249.583
248.843
248.366
247.373
246.933
348.415
348.365
348.229
347.889
347.146
345.716
343.327
339.884
335.562
330.692
325.623
320.547
315.591
310.751
306.135
301.539
297.466
292.817
289.935
284.809
281.965
279.235
274.941
271.476
269.668
267.717
264.597
261.287
259.146
258.303
257.757
256.639
254.573
252.496
251.326
251.104
251.236
251.732
252.01
251.918
251.397
250.621
250.154
249.967
249.983
250.307
251.276
252.19
252.788
253.044
253.106
252.976
252.338
251.195
250.248
249.439
248.698
248.236
247.226
246.759
348.415
348.365
348.229
347.889
347.147
345.717
343.328
339.884
335.561
330.695
325.642
320.599
315.672
310.876
306.273
301.739
297.666
292.937
290.033
284.916
282.019
279.297
275.023
271.547
269.734
267.793
264.688
261.379
259.235
258.392
257.844
256.723
254.651
252.585
251.424
251.199
251.33
251.83
252.104
251.992
251.407
250.57
250.098
249.91
249.929
250.266
251.218
252.137
252.751
253.032
253.09
252.953
252.292
251.125
250.171
249.384
248.645
248.205
247.28
246.691
348.415
348.365
348.23
347.89
347.148
345.719
343.329
339.885
335.56
330.691
325.624
320.549
315.592
310.749
306.13
301.532
297.457
292.807
289.933
284.807
281.96
279.229
274.941
271.477
269.658
267.709
264.604
261.294
259.136
258.282
257.742
256.647
254.593
252.501
251.306
251.069
251.197
251.693
251.996
251.92
251.432
250.641
250.158
249.958
249.965
250.263
251.21
252.121
252.694
252.953
253.002
252.861
252.197
251.034
250.112
249.309
248.59
248.174
247.264
246.638
348.415
348.365
348.23
347.891
347.149
345.72
343.33
339.885
335.559
330.689
325.632
320.588
315.663
310.87
306.274
301.74
297.673
292.943
290.034
284.919
282.013
279.307
275.031
271.541
269.724
267.797
264.704
261.386
259.226
258.375
257.839
256.746
254.684
252.606
251.424
251.186
251.31
251.801
252.089
251.992
251.442
250.587
250.096
249.893
249.906
250.224
251.156
252.086
252.688
252.971
253.043
252.942
252.266
251.076
250.143
249.367
248.631
248.189
247.263
246.577
348.416
348.366
348.23
347.891
347.15
345.721
343.331
339.885
335.558
330.687
325.623
320.552
315.595
310.75
306.126
301.528
297.449
292.794
289.926
284.807
281.948
279.23
274.943
271.469
269.649
267.712
264.613
261.296
259.129
258.271
257.732
256.64
254.584
252.487
251.287
251.048
251.177
251.678
251.995
251.918
251.425
250.628
250.142
249.936
249.939
250.229
251.167
252.089
252.658
252.923
252.999
252.883
252.213
250.999
250.07
249.275
248.529
248.107
247.214
246.506
348.416
348.366
348.231
347.892
347.151
345.723
343.333
339.886
335.558
330.685
325.623
320.575
315.652
310.861
306.271
301.739
297.678
292.952
290.038
284.918
282.016
279.304
275.034
271.547
269.721
267.792
264.702
261.389
259.235
258.387
257.851
256.754
254.684
252.605
251.424
251.183
251.305
251.791
252.076
251.975
251.422
250.562
250.07
249.863
249.874
250.181
251.118
252.068
252.684
252.982
253.067
252.963
252.272
251.04
250.067
249.259
248.495
248.046
247.132
246.411
348.416
348.366
348.231
347.893
347.152
345.725
343.334
339.887
335.557
330.682
325.619
320.553
315.599
310.753
306.125
301.524
297.439
292.776
289.915
284.799
281.938
279.226
274.937
271.462
269.647
267.711
264.61
261.291
259.129
258.274
257.728
256.616
254.548
252.457
251.271
251.041
251.173
251.682
251.994
251.903
251.379
250.576
250.092
249.881
249.886
250.179
251.118
252.051
252.63
252.918
252.995
252.866
252.183
250.973
249.978
249.17
248.416
247.966
247.064
246.366
348.416
348.366
348.232
347.894
347.154
345.726
343.336
339.887
335.556
330.68
325.616
320.561
315.637
310.847
306.264
301.734
297.682
292.965
290.049
284.92
282.026
279.296
275.03
271.558
269.719
267.773
264.686
261.385
259.239
258.393
257.852
256.744
254.665
252.584
251.403
251.161
251.283
251.765
252.048
251.946
251.391
250.519
250.021
249.808
249.816
250.105
251.026
252.001
252.636
252.945
253.034
252.914
252.238
250.979
249.971
249.138
248.376
247.932
247.072
246.331
348.416
348.366
348.232
347.895
347.155
345.728
343.338
339.888
335.556
330.678
325.612
320.551
315.602
310.758
306.127
301.522
297.429
292.755
289.9
284.779
281.935
279.216
274.925
271.464
269.648
267.701
264.598
261.283
259.123
258.266
257.714
256.594
254.52
252.429
251.243
251.012
251.143
251.652
251.96
251.866
251.331
250.518
250.028
249.811
249.809
250.086
251.012
251.954
252.558
252.842
252.914
252.782
252.119
250.878
249.858
249.034
248.325
247.856
246.982
246.304
348.416
348.366
348.232
347.895
347.157
345.73
343.34
339.89
335.555
330.675
325.608
320.55
315.62
310.829
306.251
301.724
297.68
292.98
290.062
284.927
282.031
279.293
275.025
271.552
269.703
267.754
264.669
261.365
259.218
258.37
257.83
256.723
254.639
252.555
251.368
251.121
251.239
251.713
251.989
251.884
251.326
250.442
249.936
249.718
249.722
250.008
250.908
251.88
252.529
252.831
252.915
252.782
252.093
250.82
249.821
248.994
248.256
247.826
246.998
246.34
348.416
348.367
348.233
347.896
347.158
345.733
343.342
339.891
335.555
330.673
325.604
320.544
315.603
310.764
306.132
301.524
297.423
292.731
289.877
284.754
281.924
279.196
274.913
271.462
269.638
267.685
264.584
261.269
259.107
258.249
257.697
256.576
254.499
252.4
251.202
250.96
251.087
251.589
251.888
251.791
251.247
250.423
249.926
249.696
249.694
249.972
250.874
251.811
252.419
252.695
252.767
252.635
251.966
250.686
249.669
248.877
248.176
247.769
246.996
246.43
348.416
348.367
348.233
347.897
347.16
345.735
343.345
339.893
335.555
330.67
325.6
320.539
315.604
310.806
306.23
301.706
297.67
292.986
290.076
284.93
282.029
279.291
275.004
271.535
269.691
267.739
264.649
261.341
259.195
258.347
257.805
256.693
254.598
252.507
251.314
251.059
251.173
251.636
251.896
251.783
251.209
250.323
249.814
249.59
249.595
249.885
250.795
251.745
252.387
252.684
252.762
252.625
251.912
250.644
249.655
248.857
248.146
247.751
247.034
246.54
348.416
348.367
348.234
347.898
347.162
345.738
343.348
339.895
335.555
330.668
325.595
320.533
315.595
310.768
306.139
301.531
297.422
292.713
289.847
284.739
281.896
279.188
274.901
271.45
269.626
267.667
264.558
261.241
259.087
258.233
257.678
256.543
254.452
252.346
251.141
250.891
251.013
251.504
251.781
251.672
251.103
250.266
249.768
249.544
249.544
249.83
250.737
251.665
252.271
252.55
252.613
252.478
251.775
250.532
249.541
248.75
248.101
247.756
247.077
246.746
348.416
348.367
348.234
347.899
347.163
345.741
343.351
339.898
335.556
330.666
325.59
320.526
315.59
310.782
306.202
301.677
297.648
292.973
290.074
284.92
282.02
279.278
274.965
271.505
269.673
267.704
264.601
261.288
259.141
258.292
257.745
256.623
254.518
252.422
251.22
250.957
251.068
251.519
251.762
251.64
251.045
250.155
249.646
249.425
249.432
249.738
250.647
251.591
252.204
252.503
252.586
252.444
251.695
250.509
249.569
248.791
248.161
247.826
247.245
246.9
348.416
348.367
348.235
347.901
347.165
345.744
343.355
339.9
335.557
330.664
325.586
320.519
315.581
310.764
306.145
301.54
297.426
292.706
289.823
284.72
281.865
279.18
274.869
271.43
269.607
267.627
264.509
261.193
259.042
258.186
257.623
256.475
254.373
252.262
251.044
250.781
250.897
251.372
251.634
251.518
250.929
250.069
249.577
249.353
249.356
249.654
250.576
251.516
252.081
252.37
252.449
252.322
251.583
250.396
249.491
248.789
248.237
247.939
247.444
247.169
348.416
348.368
348.235
347.902
347.167
345.747
343.359
339.904
335.558
330.662
325.581
320.512
315.573
310.76
306.169
301.636
297.61
292.943
290.053
284.894
281.983
279.238
274.899
271.452
269.618
267.638
264.525
261.209
259.06
258.209
257.655
256.519
254.408
252.303
251.087
250.812
250.916
251.355
251.588
251.462
250.858
249.959
249.448
249.245
249.265
249.615
250.552
251.477
252.079
252.36
252.437
252.295
251.529
250.44
249.579
248.907
248.394
248.115
247.72
247.555
348.416
348.368
348.236
347.903
347.17
345.75
343.363
339.908
335.56
330.661
325.576
320.504
315.563
310.747
306.138
301.546
297.431
292.701
289.8
284.685
281.834
279.139
274.834
271.384
269.56
267.581
264.449
261.121
258.971
258.118
257.549
256.383
254.271
252.155
250.924
250.646
250.754
251.208
251.46
251.34
250.74
249.856
249.366
249.173
249.198
249.547
250.521
251.445
252.04
252.318
252.374
252.221
251.464
250.425
249.596
248.972
248.552
248.36
247.995
247.877
348.416
348.368
348.236
347.904
347.172
345.754
343.368
339.912
335.562
330.66
325.571
320.495
315.551
310.735
306.135
301.586
297.55
292.886
290.007
284.858
281.952
279.192
274.863
271.377
269.564
267.581
264.44
261.114
258.969
258.12
257.554
256.393
254.274
252.166
250.938
250.654
250.757
251.193
251.434
251.313
250.715
249.805
249.307
249.155
249.199
249.601
250.586
251.493
252.093
252.377
252.427
252.275
251.541
250.553
249.798
249.241
248.808
248.579
248.372
248.244
348.416
348.368
348.237
347.905
347.174
345.757
343.372
339.917
335.565
330.659
325.566
320.486
315.538
310.719
306.113
301.534
297.43
292.697
289.777
284.634
281.778
279.056
274.769
271.28
269.487
267.498
264.348
261.017
258.871
258.021
257.447
256.265
254.147
252.034
250.793
250.51
250.616
251.065
251.33
251.221
250.642
249.746
249.308
249.2
249.245
249.638
250.666
251.582
252.17
252.419
252.474
252.309
251.574
250.65
249.917
249.38
248.997
248.769
248.56
248.534
348.416
348.368
348.237
347.906
347.176
345.761
343.378
339.922
335.569
330.659
325.561
320.476
315.524
310.701
306.094
301.53
297.472
292.798
289.927
284.784
281.9
279.128
274.803
271.292
269.486
267.495
264.331
260.998
258.854
258.004
257.432
256.253
254.138
252.031
250.799
250.523
250.632
251.086
251.361
251.259
250.702
249.812
249.401
249.299
249.355
249.778
250.804
251.726
252.324
252.622
252.659
252.513
251.841
250.962
250.262
249.72
249.313
249.07
248.915
248.892
348.416
348.368
348.238
347.907
347.178
345.765
343.383
339.928
335.573
330.66
325.557
320.466
315.508
310.68
306.068
301.494
297.404
292.68
289.754
284.583
281.712
278.969
274.676
271.194
269.39
267.424
264.253
260.922
258.78
257.933
257.356
256.167
254.057
251.955
250.723
250.455
250.568
251.039
251.346
251.265
250.739
249.907
249.482
249.379
249.433
249.851
250.909
251.845
252.48
252.766
252.857
252.725
252.133
251.241
250.515
249.956
249.546
249.294
249.118
249.08
348.416
348.369
348.238
347.908
347.18
345.769
343.388
339.934
335.578
330.661
325.552
320.454
315.49
310.655
306.039
301.464
297.387
292.694
289.812
284.67
281.813
279.038
274.717
271.211
269.379
267.412
264.24
260.905
258.769
257.931
257.363
256.188
254.094
251.999
250.785
250.536
250.66
251.158
251.498
251.44
250.948
250.167
249.755
249.653
249.704
250.118
251.21
252.17
252.848
253.22
253.281
253.133
252.525
251.664
250.919
250.326
249.857
249.588
249.439
249.413
348.416
348.369
348.239
347.909
347.182
345.773
343.394
339.941
335.584
330.663
325.548
320.443
315.47
310.628
306.006
301.425
297.338
292.627
289.712
284.535
281.659
278.884
274.59
271.113
269.303
267.347
264.203
260.865
258.735
257.909
257.351
256.19
254.112
252.029
250.839
250.613
250.749
251.276
251.663
251.63
251.182
250.4
249.999
249.898
249.947
250.353
251.472
252.443
253.121
253.528
253.585
253.458
252.926
252.032
251.24
250.625
250.143
249.845
249.576
249.504
348.417
348.369
348.239
347.91
347.184
345.776
343.4
339.948
335.59
330.666
325.544
320.431
315.449
310.599
305.969
301.383
297.295
292.59
289.693
284.543
281.698
278.937
274.64
271.162
269.338
267.369
264.24
260.903
258.773
257.958
257.411
256.275
254.213
252.142
250.986
250.804
250.964
251.547
252.028
252.048
251.638
250.854
250.46
250.37
250.424
250.854
251.961
252.866
253.555
253.901
253.911
253.796
253.274
252.357
251.556
250.923
250.369
249.985
249.695
249.554
348.417
348.369
348.239
347.911
347.186
345.78
343.405
339.954
335.596
330.669
325.541
320.419
315.427
310.568
305.93
301.338
297.246
292.54
289.638
284.48
281.623
278.853
274.551
271.091
269.283
267.336
264.236
260.929
258.809
258.012
257.488
256.396
254.356
252.312
251.211
251.07
251.253
251.89
252.408
252.39
251.949
251.183
250.786
250.681
250.717
251.072
252.17
253.129
253.714
253.947
253.982
253.881
253.356
252.368
251.541
250.824
250.226
249.77
249.372
249.263
348.417
348.369
348.24
347.912
347.188
345.783
343.41
339.961
335.602
330.671
325.538
320.407
315.406
310.537
305.891
301.294
297.199
292.494
289.597
284.452
281.612
278.869
274.586
271.147
269.353
267.412
264.322
261.037
258.925
258.14
257.649
256.617
254.603
252.582
251.552
251.44
251.635
252.314
252.796
252.747
252.28
251.443
250.958
250.81
250.838
251.171
252.195
253.227
253.77
253.932
253.925
253.79
253.21
252.219
251.324
250.572
249.893
249.338
248.946
248.83
348.417
348.369
348.24
347.912
347.189
345.785
343.414
339.966
335.608
330.674
325.535
320.396
315.387
310.51
305.856
301.254
297.156
292.454
289.561
284.425
281.591
278.859
274.584
271.155
269.375
267.445
264.374
261.115
259.028
258.247
257.786
256.813
254.801
252.807
251.84
251.741
251.937
252.609
252.99
252.899
252.385
251.513
250.972
250.756
250.769
251.09
252.075
253.077
253.639
253.839
253.866
253.762
253.182
252.049
251.094
250.286
249.614
249.121
248.594
248.484
348.417
348.369
348.24
347.912
347.19
345.787
343.417
339.97
335.612
330.676
325.533
320.388
315.372
310.488
305.828
301.223
297.124
292.424
289.535
284.409
281.584
278.868
274.611
271.199
269.442
267.531
264.478
261.24
259.177
258.383
257.934
256.988
254.946
252.964
251.969
251.83
252.002
252.574
252.858
252.752
252.22
251.384
250.815
250.532
250.515
250.787
251.69
252.777
253.455
253.699
253.71
253.533
252.805
251.909
251.013
250.14
249.409
248.871
248.424
248.326
348.417
348.369
348.24
347.913
347.19
345.788
343.419
339.973
335.614
330.677
325.532
320.384
315.363
310.475
305.812
301.205
297.106
292.408
289.521
284.402
281.582
278.876
274.63
271.227
269.483
267.584
264.54
261.315
259.267
258.468
258.02
257.084
255.013
253.047
251.994
251.794
251.936
252.418
252.656
252.528
251.92
251.023
250.464
250.195
250.185
250.536
251.598
252.519
253.076
253.329
253.364
253.202
252.554
251.69
250.898
250.155
249.45
249.001
248.605
248.528
248.196
247.839
247.392
247.305
247.369
247.622
247.989
248.414
249.321
251.082
253.847
257.544
261.721
266.128
270.925
275.328
280.42
284.564
289.406
293.424
248.246
247.925
247.516
247.425
247.482
247.709
248.049
248.537
249.595
251.595
254.334
258.023
262.197
266.597
271.111
275.656
280.329
284.769
288.931
293.548
248.119
247.817
247.402
247.275
247.318
247.509
247.84
248.309
249.343
251.19
253.785
257.376
261.408
266.029
270.55
275.18
279.928
284.468
288.736
293.324
248.099
247.816
247.414
247.269
247.301
247.464
247.781
248.182
249.024
250.63
252.935
256.157
259.994
264.361
268.874
273.321
278.132
282.769
287.2
291.862
247.983
247.715
247.332
247.166
247.186
247.313
247.575
247.932
248.638
250.103
252.26
255.253
258.93
263.202
267.622
271.912
276.624
281.225
285.627
290.22
247.996
247.732
247.371
247.218
247.237
247.352
247.623
247.959
248.648
250.043
252.185
255.086
258.671
262.891
267.248
271.505
276.192
280.749
285.12
289.603
247.922
247.665
247.318
247.158
247.168
247.263
247.526
247.815
248.379
249.553
251.537
254.303
257.747
261.848
266.123
270.365
275.021
279.614
284.064
288.63
247.87
247.62
247.28
247.106
247.108
247.183
247.428
247.708
248.121
248.993
250.62
253.134
256.34
260.177
264.229
268.337
272.887
277.47
281.998
286.643
247.769
247.529
247.208
247.041
247.042
247.114
247.353
247.656
247.999
248.741
250.199
252.657
255.753
259.469
263.364
267.39
271.862
276.431
281.032
285.702
247.787
247.555
247.252
247.121
247.133
247.225
247.5
247.818
248.185
249.03
250.789
253.497
256.787
260.574
264.514
268.516
272.967
277.468
282.059
286.726
247.713
247.49
247.194
247.058
247.071
247.153
247.4
247.753
248.084
248.788
250.381
252.897
256.15
259.868
263.866
267.804
272.158
276.794
281.572
286.307
247.713
247.498
247.211
247.08
247.093
247.179
247.434
247.806
248.144
248.873
250.482
252.944
256.329
260.187
264.282
268.336
272.666
277.32
282.135
286.776
247.719
247.515
247.24
247.114
247.126
247.214
247.482
247.826
248.145
248.843
250.42
252.898
256.333
260.229
264.414
268.588
272.89
277.451
282.099
286.572
247.689
247.499
247.245
247.141
247.163
247.265
247.53
247.828
248.193
249.011
250.777
253.242
256.678
260.539
264.556
268.848
273.157
277.766
282.522
287.008
247.576
247.372
247.126
247.031
247.053
247.164
247.467
247.783
248.099
248.757
250.178
252.386
255.572
259.176
263.129
267.495
271.973
276.65
281.448
285.949
247.493
247.208
246.934
246.759
246.79
247.028
247.401
247.652
247.971
248.758
250.287
252.55
255.867
259.452
263.352
267.681
272.084
276.684
281.523
286.14
247.336
247.026
246.614
246.467
246.498
246.644
247
247.467
247.76
248.266
249.395
251.503
254.772
258.429
262.147
266.247
270.558
275.129
279.75
284.228
247.358
247.154
246.978
246.986
247.079
247.138
247.24
247.501
247.758
248.31
249.558
251.652
255.007
258.588
262.26
266.223
270.627
275.131
279.88
284.55
247.279
247.022
246.664
246.486
246.495
246.599
246.942
247.51
247.83
248.207
249.02
250.776
253.894
257.624
261.437
265.371
269.801
274.38
279.012
283.611
247.122
246.853
246.455
246.26
246.271
246.392
246.798
247.296
247.572
247.998
248.974
250.718
253.683
257.181
260.904
264.878
269.319
273.937
278.795
283.647
246.847
246.526
246.066
245.838
245.852
245.961
246.303
246.941
247.304
247.643
248.37
250.047
253.046
256.585
260.33
264.261
268.592
273.054
277.652
282.586
246.673
246.32
245.9
245.65
245.654
245.77
246.188
246.761
247.055
247.421
248.347
250.117
253.092
256.784
260.636
264.752
268.972
273.37
277.933
282.874
246.621
246.365
246.071
245.836
245.829
245.885
246.067
246.507
246.831
247.161
247.903
249.362
251.947
255.355
259.166
263.328
267.796
272.31
276.894
281.632
246.556
246.29
245.992
245.73
245.704
245.762
245.927
246.303
246.666
247.023
247.777
249.343
251.974
255.502
259.411
263.791
268.183
272.562
277.183
281.912
246.446
246.138
245.825
245.496
245.4
245.433
245.562
245.886
246.253
246.583
247.177
248.568
250.997
254.363
258.251
262.583
267.142
271.652
276.282
280.917
246.364
246.029
245.711
245.348
245.197
245.216
245.326
245.629
245.996
246.343
246.956
248.421
250.864
254.2
258.149
262.518
267.231
271.876
276.616
281.233
246.254
245.896
245.578
245.197
244.974
244.971
245.047
245.31
245.643
245.981
246.568
247.843
250.302
253.47
257.362
261.709
266.458
271.24
276.009
280.689
246.213
245.862
245.534
245.142
244.901
244.888
244.954
245.178
245.536
245.885
246.607
248.048
250.468
253.715
257.716
262.031
266.861
271.651
276.376
281.269
246.155
245.772
245.445
245.03
244.7
244.632
244.677
244.852
245.144
245.471
246.127
247.544
249.876
252.944
256.84
261.079
265.841
270.716
275.539
280.588
246.143
245.793
245.458
245.053
244.754
244.69
244.726
244.868
245.143
245.501
246.128
247.579
250.134
253.261
257.179
261.323
265.87
270.63
275.684
280.647
246.183
245.848
245.525
245.142
244.842
244.744
244.76
244.856
245.058
245.341
245.932
247.236
249.717
252.986
256.648
260.826
265.073
269.756
274.622
279.646
246.315
246.028
245.726
245.38
245.134
245.063
245.079
245.168
245.324
245.575
246.167
247.52
250.019
253.191
256.855
260.91
265.167
269.54
274.24
279.139
246.452
246.201
245.927
245.629
245.414
245.338
245.342
245.394
245.507
245.727
246.269
247.55
250.072
253.285
256.949
260.924
265.077
269.4
273.852
278.534
246.684
246.45
246.044
245.685
245.542
245.539
245.594
245.707
245.868
246.139
246.729
248.09
250.733
254.111
257.884
261.891
266.169
270.502
274.668
279.105
246.855
246.674
246.442
246.212
246.07
246.03
246.042
246.099
246.206
246.456
247.105
248.678
251.241
254.379
258.038
261.97
266.171
270.423
274.77
279.097
247.144
247.001
246.8
246.591
246.466
246.446
246.469
246.552
246.661
246.91
247.561
249.125
251.707
254.877
258.556
262.47
266.597
270.842
275.137
279.558
247.532
247.406
247.214
246.952
246.816
246.817
246.881
246.99
247.075
247.29
247.908
249.43
251.98
255.104
258.736
262.665
266.755
270.968
275.25
279.647
247.882
247.813
247.696
247.46
247.169
247.104
247.122
247.197
247.347
247.653
248.334
249.835
252.206
255.269
258.885
262.814
266.925
271.309
275.786
280.205
248.238
248.177
248.101
247.988
247.864
247.885
247.984
247.964
248.021
248.246
248.861
250.31
252.774
255.886
259.471
263.293
267.286
271.454
275.646
280.154
248.557
248.534
248.501
248.419
248.332
248.315
248.348
248.518
248.67
248.911
249.502
250.893
253.307
256.33
259.814
263.695
267.765
272.045
276.417
280.946
248.886
248.834
248.835
248.834
248.836
248.892
249.042
249.054
249.188
249.505
250.178
251.543
253.924
257.005
260.521
264.433
268.39
272.518
276.844
281.114
249.088
249.081
249.091
249.087
249.08
249.035
249.092
249.297
249.555
249.944
250.783
252.249
254.59
257.69
261.304
265.288
269.516
274.026
277.973
281.883
249.408
249.37
249.379
249.374
249.381
249.39
249.456
249.663
249.857
250.229
251.112
252.944
255.243
258.312
262.027
266.028
270.249
274.809
278.864
282.944
249.492
249.465
249.434
249.406
249.41
249.5
249.729
249.919
250.037
250.343
251.136
252.918
255.66
258.941
262.617
266.641
270.812
275.101
279.589
284.002
249.519
249.449
249.348
249.248
249.225
249.269
249.433
249.623
249.816
250.259
251.309
253.425
256.333
259.739
263.584
267.684
271.979
276.434
280.891
285.47
249.279
249.237
249.209
249.147
249.102
249.144
249.098
249.193
249.433
249.943
251.079
253.294
256.269
259.788
263.757
267.957
272.258
276.758
281.229
285.628
248.836
248.776
248.691
248.649
248.677
248.758
249.039
249.361
249.666
250.256
251.416
253.518
256.497
260.056
264.071
268.315
272.727
277.229
281.748
286.34
248.5
248.416
248.356
248.369
248.423
248.588
248.854
249.078
249.287
249.73
250.882
253.13
256.106
259.687
263.689
267.982
272.42
276.857
281.424
286.024
248.341
248.297
248.267
248.268
248.303
248.445
248.761
249.015
249.264
249.765
250.998
253.335
256.393
259.942
263.823
268.018
272.453
276.998
281.658
286.26
248.532
248.408
248.356
248.363
248.444
248.597
248.828
249.039
249.334
249.945
251.406
253.657
256.476
260.058
264.005
268.187
272.533
276.903
281.473
286.134
373.462
373.446
373.471
373.534
373.668
373.702
373.708
373.804
373.483
371.891
371.424
372.637
374.71
375.936
376.759
377.883
379.298
380.544
381.256
382.08
384.432
390.459
400.21
410.758
418.832
421.97
421.918
420.398
407.753
398.274
376.306
376.285
376.247
376.206
376.158
376.189
376.213
376.218
375.751
374.936
375.031
375.94
376.425
376.282
376.298
377.084
379.07
381.343
382.636
382.965
383.029
383.505
388.108
399.509
408.147
411.309
411.444
411.136
404.007
400.588
380.895
380.879
380.847
380.803
380.769
380.694
380.669
380.638
380.219
379.715
379.192
378.344
377.776
377.945
379.634
381.268
382.333
384.04
385.692
386.315
386.162
385.698
386.8
395.527
407.016
412.089
412.754
412.349
404.973
400.669
382.29
382.305
382.312
382.312
382.231
382.145
382.107
382.088
382.041
381.948
381.155
379.506
379.1
381.562
388.039
391.124
390.999
388.944
387.965
387.652
387.166
386.242
386.377
391.494
403.023
409.258
410.753
410.737
404.546
401.379
382.963
382.99
383.019
383.002
382.93
382.878
382.856
382.835
382.864
382.722
381.489
380.571
381.362
390.199
402.65
406.966
405.61
398.375
392.823
389.855
387.902
386.278
385.958
389.69
401.174
408.3
410.191
410.204
404.312
401.261
383.459
383.467
383.464
383.441
383.373
383.302
383.242
383.288
383.396
383.266
382.249
381.603
383.922
397.836
410.278
413.757
413.003
406.305
397.971
392.627
389.079
386.52
385.43
387.377
397.561
406.191
408.961
409.348
404.159
401.841
383.75
383.715
383.606
383.491
383.412
383.359
383.34
383.452
383.537
383.357
382.423
382.009
385.716
400.601
411.844
415.201
414.944
411.035
402.706
396.142
391.119
387.475
385.549
386.632
395.756
405.393
408.672
409.08
404.063
401.716
383.944
383.871
383.744
383.6
383.582
383.619
383.651
383.734
383.781
383.658
382.619
382.08
384.867
398.216
411.088
415.596
415.622
412.927
405.979
399.59
393.793
389.002
386.045
386.18
392.984
403.64
408.124
409.12
404.516
402.401
384.611
384.566
384.533
384.489
384.556
384.696
384.746
384.721
384.632
384.401
382.938
382.094
383.508
394.337
409.971
416.124
416.3
413.855
407.669
402.256
396.465
390.796
386.943
386.376
391.587
402.617
407.757
408.945
404.561
402.403
387.475
387.487
387.543
387.706
387.853
387.992
388.052
387.832
387.307
386.524
384.153
382.7
383.353
392.149
409.696
417.259
417.36
414.635
408.603
403.765
398.42
392.278
387.691
386.441
390.077
401.007
407.071
408.902
404.863
402.993
395.479
395.517
395.66
395.893
396.074
396.222
396.257
396
395.143
392.946
388.294
385.426
385.734
393.654
411.151
418.92
418.711
415.332
409.497
404.516
400.024
393.729
388.479
386.592
389.299
399.81
406.426
408.516
404.702
402.983
408.216
408.265
408.41
408.6
408.787
408.926
408.973
408.821
408.067
406.125
399.944
395.057
394.986
400.811
414.199
420.241
419.746
415.712
410.113
404.69
400.98
394.991
389.236
386.72
388.417
398.126
405.379
408.111
404.659
403.416
417.567
417.628
417.773
417.926
418.043
418.076
418.078
417.938
417.36
416.417
412.55
407.558
407.047
409.933
417.673
421.124
420.177
415.813
410.72
404.751
401.524
396.113
390.011
386.967
387.998
396.996
404.597
407.624
404.373
403.397
422.809
422.854
422.906
422.925
422.914
422.86
422.785
422.532
422.145
421.871
420.537
416.524
415.758
417.022
419.974
421.458
420.153
415.668
411.085
404.845
401.63
396.915
390.72
387.192
387.578
395.569
403.665
407.242
404.293
403.727
424.621
424.626
424.596
424.468
424.384
424.265
424.019
423.789
423.61
423.578
423.342
421.319
420.414
420.757
420.939
421.155
419.314
415.276
411.155
405.076
401.547
397.605
391.535
387.613
387.51
394.526
402.988
406.909
404.116
403.733
424.674
424.642
424.507
424.317
424.159
423.931
423.686
423.589
423.643
423.738
423.649
422.731
422.133
421.86
421.153
420.412
418.158
415.22
411.057
405.415
401.405
398.06
392.216
388.022
387.514
393.488
402.237
406.645
404.091
403.993
423.144
423.089
422.92
422.71
422.485
422.285
422.154
422.151
422.428
422.564
422.589
422.048
421.867
421.984
420.181
418.355
416.696
415.128
411.142
405.554
401.255
398.491
392.826
388.405
387.599
392.745
401.65
406.406
403.985
404.008
419.809
419.757
419.593
419.42
419.267
419.18
419.134
419.387
419.522
419.628
419.853
419.629
419.633
419.778
417.831
416.115
415.051
414.546
411.504
405.822
400.911
398.616
393.514
388.834
387.784
392.061
400.978
406.121
403.907
404.187
415.91
415.867
415.741
415.689
415.676
415.686
415.899
416.168
416.272
416.287
416.396
416.155
416.146
416.201
415.11
414.442
413.773
413.854
411.591
406.024
400.643
398.482
394.134
389.374
388.08
391.664
400.413
405.83
403.736
404.162
413.909
413.888
413.877
413.921
414.014
414.293
414.541
414.796
414.913
414.879
414.83
414.402
414.232
414.092
413.856
413.673
413.188
413.449
411.413
406.058
400.51
398.273
394.506
389.88
388.378
391.386
399.809
405.482
403.551
404.242
412.824
412.834
412.883
413.023
413.294
413.628
413.891
414.12
414.217
414.19
414.098
413.696
413.355
413.014
413.16
412.884
412.366
412.774
411.019
405.985
400.441
398.049
394.726
390.3
388.607
391.21
399.283
405.147
403.311
404.177
411.889
411.913
412.008
412.26
412.559
412.913
413.177
413.364
413.43
413.397
413.31
413.015
412.566
412.099
412.422
411.905
411.436
411.95
410.522
405.957
400.437
397.817
394.904
390.682
388.795
391.048
398.737
404.785
403.073
404.18
410.713
410.748
410.879
411.198
411.499
411.839
412.063
412.154
412.201
412.18
412.131
411.895
411.136
410.971
411.207
410.525
410.337
411.019
409.958
405.983
400.503
397.579
395.091
391.062
389.001
390.926
398.221
404.449
402.818
404.096
409.356
409.404
409.559
409.891
410.179
410.475
410.634
410.637
410.595
410.543
410.553
410.115
409.424
409.466
409.666
409.037
409.122
410.093
409.394
406.048
400.614
397.38
395.181
391.419
389.256
390.881
397.695
404.094
402.573
404.073
407.886
407.946
408.13
408.464
408.735
408.934
408.973
408.862
408.726
408.599
408.598
407.968
407.515
407.662
407.923
407.464
407.815
409.301
408.905
406.195
400.736
397.228
395.18
391.747
389.572
390.939
397.232
403.77
402.324
403.995
406.576
406.637
406.803
407.054
407.226
407.263
407.235
407.055
406.798
406.723
406.591
405.914
405.641
405.828
406.179
405.952
406.586
408.738
408.596
406.372
400.839
397.108
395.117
392.009
389.921
391.092
396.871
403.46
402.095
403.974
405.623
405.663
405.762
405.894
405.94
405.891
405.846
405.54
405.317
405.324
404.881
404.387
404.184
404.353
404.766
404.772
405.626
408.357
408.472
406.526
400.945
397.035
395.041
392.096
390.102
391.189
396.623
403.225
401.896
403.91
404.851
404.87
404.902
404.937
404.928
404.834
404.667
404.396
404.28
404.208
403.561
403.333
403.154
403.338
403.685
403.926
404.943
408.091
408.534
406.686
401.065
397.005
394.974
392.1
390.14
391.191
396.433
403.013
401.728
403.892
404.274
404.279
404.273
404.245
404.195
404.009
403.847
403.653
403.601
403.2
402.769
402.662
402.546
402.737
403.017
403.375
404.484
407.9
408.732
406.899
401.186
396.993
394.943
392.081
390.137
391.128
396.26
402.857
401.593
403.844
403.742
403.734
403.697
403.616
403.525
403.306
403.21
403.106
402.912
402.401
402.255
402.213
402.14
402.315
402.562
402.969
404.145
407.803
408.987
407.17
401.318
397
394.934
392.047
390.064
390.998
396.069
402.711
401.487
403.84
403.324
403.305
403.24
403.132
403.032
402.847
402.841
402.765
402.319
402.077
402.074
402.105
402.039
402.159
402.429
402.846
404.032
407.837
409.324
407.494
401.451
396.993
394.918
392.009
389.949
390.803
395.808
402.579
401.398
403.812
403.074
403.045
402.958
402.847
402.767
402.642
402.723
402.483
402.104
402.042
402.183
402.235
402.193
402.248
402.515
402.933
404.061
408.004
409.781
407.897
401.569
396.924
394.832
391.996
389.901
390.633
395.525
402.424
401.309
403.826
403.07
403.033
402.931
402.842
402.804
402.77
402.798
402.516
402.414
402.524
402.785
402.883
402.873
402.822
403.041
403.426
404.459
408.427
410.376
408.376
401.666
396.797
394.682
392.001
389.914
390.539
395.24
402.279
401.223
403.811
403.614
403.579
403.477
403.434
403.459
403.454
403.402
403.325
403.417
403.727
403.992
404.131
404.16
404.004
404.116
404.448
405.371
409.201
411.103
408.913
401.764
396.761
394.629
392.088
390.002
390.533
395.001
402.13
401.138
403.835
404.55
404.521
404.444
404.442
404.534
404.434
404.484
404.569
404.797
405.114
405.354
405.522
405.609
405.512
405.525
405.822
406.611
410.15
411.824
409.419
401.892
396.826
394.664
392.324
390.182
390.599
394.789
402.004
401.062
403.822
405.397
405.373
405.343
405.375
405.441
405.372
405.569
405.711
405.938
406.222
406.393
406.547
406.625
406.617
406.69
407.039
407.742
410.989
412.389
409.819
402.028
397.045
394.937
392.73
390.466
390.762
394.622
401.868
400.98
403.848
405.858
405.844
405.853
405.878
405.96
406.042
406.29
406.454
406.671
406.931
407.075
407.264
407.334
407.313
407.411
407.85
408.526
411.608
412.834
410.139
402.197
397.479
395.519
393.355
390.811
390.973
394.491
401.754
400.901
403.829
406.437
406.437
406.448
406.492
406.676
406.827
407.066
407.264
407.458
407.691
407.765
407.894
407.944
407.998
408.151
408.69
409.299
412.183
413.257
410.458
402.348
397.832
395.968
393.885
391.103
391.169
394.398
401.638
400.819
403.852
406.779
406.789
406.825
406.915
407.156
407.321
407.522
407.715
407.852
408.039
408.069
408.14
408.176
408.234
408.443
409.108
409.878
412.778
413.643
410.769
402.418
397.892
396.032
394.035
391.209
391.252
394.318
401.542
400.746
403.823
406.942
406.962
407.016
407.13
407.388
407.566
407.721
407.928
408.052
408.222
408.233
408.261
408.297
408.321
408.562
409.264
410.259
413.171
413.911
411.012
402.471
397.883
396.001
394.055
391.242
391.279
394.264
401.448
400.673
403.846
406.976
406.997
407.055
407.18
407.448
407.649
407.791
408.011
408.188
408.231
408.099
407.962
407.965
408.018
408.435
409.2
410.595
413.591
414.239
411.263
402.551
397.837
395.89
394.05
391.261
391.286
394.222
401.389
400.618
403.814
406.89
406.91
406.967
407.112
407.383
407.599
407.758
407.872
408.004
408.111
408.033
407.612
407.48
407.549
408.121
408.759
410.683
413.937
414.499
411.477
402.666
397.771
395.714
394.043
391.287
391.289
394.185
401.346
400.585
403.847
406.488
406.507
406.568
406.757
407.035
407.259
407.51
407.768
407.954
407.992
407.867
407.192
406.37
406.588
407.715
408.258
410.607
414.436
414.896
411.712
402.747
397.73
395.613
394.067
391.339
391.303
394.12
401.321
400.572
403.825
406.175
406.197
406.277
406.521
406.815
407.061
407.394
407.734
407.867
407.733
407.016
404.995
403.262
403.615
406.268
407.466
410.24
415.202
415.649
412.274
402.998
397.777
395.593
394.13
391.417
391.336
394.042
401.285
400.576
403.884
405.778
405.808
405.913
406.217
406.464
406.76
407.03
407.201
407.077
406.234
403.387
398.896
395.832
396.568
402.163
405.605
409.518
415.567
416.588
413.171
403.497
397.915
395.604
394.193
391.5
391.377
393.953
401.252
400.582
403.882
404.313
404.357
404.512
404.804
404.984
405.135
405.142
404.83
403.726
400.193
393.872
388.312
385.526
386.383
394.584
402.655
408.434
415.202
417.149
414.126
404.224
398.123
395.638
394.263
391.59
391.43
393.855
401.206
400.609
403.973
399.553
399.601
399.776
399.901
399.881
399.605
398.871
397.691
393.58
385.951
383.196
383.131
382.587
383.212
388.518
399.415
407.234
414.14
417.243
414.778
405.013
398.347
395.686
394.345
391.689
391.498
393.764
401.144
400.612
403.986
388.473
388.525
388.622
388.642
388.373
387.743
386.837
383.411
378.744
377.754
379.707
382.714
383.434
384.182
386.903
396.687
406.143
413.001
417.112
415.157
405.662
398.557
395.752
394.443
391.774
391.563
393.68
401.082
400.649
404.11
377.191
377.237
377.274
377.269
377.117
376.421
374.544
372.979
372.689
374.499
380.479
384.888
386.621
387.129
387.793
394.536
405.467
412.682
417.015
415.388
406.077
398.723
395.819
394.535
391.853
391.626
393.616
400.988
400.636
404.133
370.19
370.07
369.844
369.47
368.477
367.126
366.407
366.687
368.785
374.544
380.975
385.311
387.343
387.931
388.486
393.726
405.228
412.731
417.118
415.549
406.302
398.806
395.867
394.605
391.942
391.693
393.584
400.873
400.635
404.287
301.363
309.689
317.688
326.156
334.582
342.501
350.952
359.334
366.2
372.77
379.621
384.85
387.166
387.743
388.12
390.575
398.573
407.778
414.365
414.115
406.393
398.826
395.947
394.818
392.277
391.856
393.524
400.645
400.459
404.396
299.956
308.049
316.187
324.346
333.465
342.295
350.573
359.356
367.209
373.015
378.994
385.397
389.351
390.249
390.207
390.503
394.321
404.457
411.918
412.347
405.666
398.544
396.023
395.042
392.625
392.058
393.374
400.427
400.475
404.178
299.801
307.542
315.764
324.19
332.763
341.818
350.293
358.532
366.697
373.318
378.637
384.804
390.155
391.952
391.77
391.65
393.345
401.445
409.005
409.822
404.448
398.096
396.098
395.372
393.221
392.287
393.329
399.943
399.956
404.164
298.203
306.161
314.337
323.048
331.673
340.567
349.544
357.913
366.073
373.415
379.198
384.662
390.093
393.244
393.475
393
393.728
399.133
405.295
405.968
402.15
397.305
395.99
395.518
393.658
392.416
393.173
399.804
400.155
404.159
296.4
304.448
312.829
321.526
330.395
339.208
348.248
356.988
365.221
372.802
378.835
384
389.393
393.316
394.521
394.3
394.373
396.457
400.714
401.526
399.597
396.544
395.851
395.778
394.438
392.731
393.134
399.194
399.61
404.275
295.675
303.631
312.025
320.663
329.508
338.336
347.288
356.028
364.256
371.809
377.983
383.162
388.504
392.962
395.039
395.273
394.777
394.939
397.339
398.782
398.135
396.136
395.73
395.96
394.914
392.929
393.06
398.851
399.603
404.146
294.761
302.707
311.116
319.801
328.714
337.591
346.548
355.347
363.597
371.162
377.578
382.942
388.184
392.835
395.467
395.808
395.214
394.974
396.623
398.057
397.767
395.949
395.605
396.251
395.609
393.299
393.121
398.256
399.091
404.188
292.794
300.624
309.11
318.184
327.434
336.79
346.022
355.081
363.615
371.275
377.795
383.227
388.276
392.845
395.544
396.229
395.944
395.728
396.901
398.045
397.636
395.72
395.448
396.414
396.008
393.535
393.039
397.862
398.839
403.828
291.798
299.687
308.242
317.375
326.736
336.084
345.334
354.45
363.039
370.762
377.24
382.644
387.696
392.237
395.162
396.25
396.419
396.608
397.861
398.546
397.526
395.49
395.235
396.587
396.406
393.838
392.96
397.27
398.345
403.696
292.816
300.819
309.403
318.409
327.573
336.738
345.795
354.653
363.007
370.635
377.064
382.31
387.224
391.64
394.619
395.988
396.473
397.162
398.488
398.843
397.362
395.275
395.017
396.742
396.784
394.226
392.839
396.707
397.943
403.273
292.536
300.634
309.179
318.162
327.405
336.683
345.798
354.749
363.191
370.869
377.293
382.498
387.223
391.471
394.398
395.719
396.394
397.502
398.784
398.811
397.024
394.995
394.727
396.84
397.245
394.851
392.95
396.237
397.488
403.067
292.745
300.664
309.231
318.183
327.408
336.803
345.983
354.897
363.413
371.044
377.447
382.537
386.995
391.205
393.93
395.291
396.314
397.672
398.768
398.663
396.791
394.701
394.504
396.838
397.781
395.574
393.119
395.888
397.167
402.781
292.412
300.437
309.196
318.271
327.552
336.909
346.022
354.902
363.374
370.878
377.195
382.235
386.656
390.826
393.242
394.683
396.069
397.73
398.737
398.568
396.376
394.457
394.321
396.762
398.293
396.247
393.258
395.489
396.75
402.604
292.86
300.96
309.659
318.648
327.894
337.145
346.327
355.235
363.731
371.297
377.58
382.59
386.902
390.821
392.966
394.474
395.981
397.612
398.537
398.202
395.927
394.23
394.224
396.746
398.683
396.869
393.206
395
396.312
402.356
291.835
299.999
308.596
317.622
326.996
336.305
345.783
354.839
363.415
371.121
377.457
382.562
386.867
390.583
392.662
394.221
395.679
397.356
398.221
397.824
395.428
393.977
394.057
396.699
398.958
397.487
393.145
394.414
395.739
402.099
292.004
300.125
308.71
317.588
326.778
336.069
345.608
354.679
363.238
371.037
377.476
382.694
386.905
390.433
392.375
393.861
395.256
396.925
397.584
397.217
395.245
393.678
393.781
396.541
399.208
398.167
393.327
394.025
395.265
401.819
290.208
298.697
307.627
316.678
325.834
335.22
344.955
354.299
363.068
370.998
377.53
382.831
387.068
390.506
392.32
393.677
394.896
396.474
397.061
396.814
394.865
393.352
393.494
396.299
399.5
398.968
393.777
393.823
394.842
401.577
290.475
298.668
307.49
316.376
325.579
335.04
344.783
354.16
362.931
370.97
377.771
383.287
387.55
390.819
392.432
393.526
394.447
395.973
396.78
396.37
394.315
392.965
393.3
396.098
399.763
399.698
394.197
393.493
394.265
401.241
289.568
297.593
306.447
315.458
324.686
334.307
344.171
353.629
362.628
370.835
377.8
383.4
387.674
390.857
392.468
393.385
394.079
395.647
396.326
395.91
393.857
392.635
393.073
395.951
400.015
400.322
394.613
393.032
393.55
400.8
289.735
297.646
306.399
315.468
324.532
334.022
343.974
353.446
362.478
370.762
377.93
383.738
388.067
391.101
392.683
393.387
393.86
395.121
395.857
395.433
393.417
392.355
392.932
395.852
400.25
400.941
395.224
392.75
392.956
400.389
288.786
296.812
305.517
314.808
323.973
333.385
343.38
353.099
362.277
370.684
378
383.992
388.437
391.415
393
393.609
393.869
394.652
395.374
395.038
393.086
392.243
392.834
395.737
400.362
401.587
396.301
392.809
392.546
400.003
289.161
297.111
305.697
314.962
324.361
333.653
343.306
353.066
362.23
370.716
378.171
384.253
388.772
391.8
393.309
393.766
393.894
394.182
394.774
394.608
392.86
392.156
392.784
395.687
400.299
402.13
397.429
392.708
391.923
399.429
288.043
295.851
304.623
313.855
323.355
332.852
342.563
352.454
361.821
370.361
377.949
384.201
388.905
392.042
393.687
394.01
393.895
393.865
394.213
394.143
392.712
392.048
392.766
395.757
400.146
402.58
398.409
392.493
390.884
398.434
288.383
296.252
304.734
314.08
323.63
333.32
342.772
352.377
361.826
370.481
378.109
384.505
389.346
392.541
394.199
394.479
394.009
393.553
393.758
393.672
392.56
391.968
392.802
395.945
399.928
402.847
399.29
392.609
390.068
397.448
287.382
295.493
303.971
313.319
322.95
332.787
342.675
352.197
361.658
370.44
378.136
384.682
389.716
393.068
394.734
394.971
394.185
393.347
393.383
393.325
392.427
391.827
392.762
396.115
399.891
402.924
400.453
393.461
389.494
396.245
287.72
295.912
304.357
313.62
323.236
333.075
343.021
352.626
361.779
370.541
378.213
384.819
389.988
393.483
395.286
395.579
394.602
393.358
393.077
392.984
392.223
391.694
392.842
396.375
400.074
402.91
401.446
394.365
388.896
394.817
287.124
295.468
304
313.3
322.89
332.625
342.797
352.596
361.679
370.373
378.157
384.669
390.006
393.792
395.878
396.291
395.229
393.504
392.926
392.719
391.912
391.574
392.938
396.7
400.31
402.903
402.235
394.858
388.103
393.269
287.819
296.275
304.916
314.084
323.583
333.197
343.327
353.176
362.23
370.697
378.45
384.943
390.372
394.197
396.407
396.949
395.96
393.775
392.977
392.456
391.634
391.278
393.109
397.235
400.884
402.768
402.713
396.02
388.123
392.008
287.324
295.946
304.596
313.864
323.351
333.079
343.421
353.305
362.452
371.053
378.729
385.126
390.614
394.745
397.151
397.826
396.954
394.343
393.285
392.351
391.368
391.077
393.159
397.967
401.2
402.58
402.798
397.746
388.614
390.953
287.489
296.165
305.37
314.462
324.131
333.789
343.72
353.712
362.959
371.555
379.345
385.731
390.835
395.022
397.685
398.661
398.049
395.231
393.651
392.267
391.464
391.072
393.095
398.733
401.305
402.414
402.854
399.117
388.196
388.915
286.489
295.258
304.683
314.037
323.915
333.557
343.568
353.85
362.998
371.676
379.624
386.215
391.417
395.472
398.363
399.527
399.133
396.462
394.209
392.511
391.413
391.26
393.555
399.439
401.571
402.391
402.855
400.16
387.673
386.593
285.693
294.599
304.205
314.379
324.327
334.524
344.252
354.177
363.904
372.598
380.415
387.017
391.987
395.906
398.875
400.249
400.113
398
395.03
392.992
391.541
391.458
393.805
399.637
402.104
402.615
402.936
401.393
389.359
386.26
284.931
293.5
302.981
313.247
323.911
334.466
344.809
354.467
364.616
372.799
380.768
387.719
393.076
396.869
399.757
401.123
401.139
399.366
396.04
393.457
391.935
391.882
393.623
399.381
402.54
402.845
403.039
402.362
391.176
385.413
285.123
293.202
302.388
312.469
323.105
334.407
345.475
355.398
365.343
373.776
381.478
388.681
393.814
397.961
400.853
402.449
402.7
401.348
397.872
394.823
393.08
392.839
394.596
400.373
403.32
403.494
403.474
402.627
391.354
381.349
285.052
292.824
301.586
311.17
321.468
332.549
344.237
355.476
365.622
374.673
381.852
389.272
394.501
398.532
401.415
403.081
403.591
402.803
399.62
396.133
393.973
393.683
395.578
401.044
403.726
403.788
403.206
401.293
390.165
376.839
285.495
293.417
301.892
311.28
321.259
331.744
342.587
354.174
365.451
375.678
383.435
390.173
395.887
399.231
401.941
403.133
403.459
402.846
399.899
395.919
393.308
392.938
394.581
399.488
402.54
402.612
401.629
399.466
389.796
374.579
285.658
293.553
302.126
311.296
321.123
331.412
341.967
352.694
363.456
373.698
383.618
391.847
396.927
400.802
403.379
404.488
404.362
403.583
400.584
395.949
392.931
392.187
393.856
398.471
401.694
402.16
401.154
399.466
390.604
369.559
286.346
294.042
302.614
311.694
321.369
331.485
342.047
352.294
362.378
371.698
380.964
389.637
396.759
402.488
405.543
407.236
407.042
406.291
403.869
399.17
395.832
394.881
396.486
401.03
404.407
405.347
404.656
402.385
391.945
365.723
286.144
294.009
302.751
312.093
321.591
331.503
341.372
351.491
361.579
370.822
379.162
386.845
393.914
400.127
405.098
408.428
409.481
409.091
407.734
403.902
400.647
399.591
400.936
405.717
408.499
409.138
407.016
401.75
388.466
365.077
286.626
294.241
302.522
311.675
321.387
331.463
341.479
351.373
360.96
369.826
377.868
385.31
391.07
396.045
400.622
405.042
407.837
409.36
408.757
406.406
403.108
401.887
402.881
407.67
409.836
409.546
404.671
396.903
385.414
369.543
286.926
294.755
303.157
312.127
321.655
331.39
341.331
351.21
360.733
369.274
376.965
383.861
389.522
393.819
397.272
399.82
401.285
402.859
403.116
401.071
397.995
396.847
397.653
401.847
404.603
404.033
400.106
394.084
383.577
374.702
287.815
295.781
304.429
313.248
322.27
331.916
341.728
351.434
360.788
369.258
376.725
383.549
388.822
392.752
395.389
396.814
396.966
397.17
396.352
393.391
390.372
389.398
390.123
393.724
397.246
397.997
396.718
392.554
382.662
380.077
288.876
296.616
305.027
313.987
323.331
332.986
342.76
352.339
361.409
369.612
376.937
383.625
388.567
392.042
394.596
395.671
395.581
394.939
392.988
389.794
386.986
386.156
386.657
389.425
392.982
394.983
394.57
391.81
382.628
385.19
289.94
298.008
306.783
315.753
324.941
334.718
344.66
354.461
362.847
370.724
377.76
383.854
388.621
392.043
394.112
395.083
395.253
394.433
391.743
388.292
385.762
385.125
385.524
387.601
390.757
393.421
393.468
391.426
383.197
389.199
291.273
299.159
307.661
316.686
326.121
335.834
345.633
355.193
364.375
372.608
379.547
385.838
390.839
393.316
395.092
395.586
395.325
394.154
391.37
387.671
385.119
384.659
385.446
387.191
389.895
392.802
393.103
391.286
383.874
392.251
291.767
299.854
308.355
317.43
326.986
336.803
346.812
356.365
365.014
373.204
380.379
386.463
391.328
394.916
396.544
397.169
396.732
395.017
392.027
388.001
385.204
384.791
385.6
387.331
390.045
392.576
392.921
391.676
385.223
394.566
292.594
300.748
309.453
318.748
328.052
337.678
347.444
356.958
365.999
374.205
381.353
387.368
391.979
395.407
397.589
398.229
397.354
396.037
393.143
389.089
385.943
385.294
386.392
388.81
391.45
392.946
393.043
392.362
387.272
396.884
292.247
300.543
309.276
318.446
327.855
337.546
347.445
357.194
366.001
374.171
381.378
387.52
392.231
395.747
397.957
398.591
398.495
397.176
394.138
390.215
387.22
386.422
387.483
390.913
393.309
394.128
393.834
393.115
388.812
398.38
292.498
300.642
309.415
318.64
328.259
337.904
347.669
357.37
366.355
374.58
381.995
388.217
392.919
396.356
398.452
399.242
399.232
398.1
395.503
391.385
388.241
387.296
388.395
392.59
395.017
395.199
394.458
394.093
390.169
399.06
292.386
300.59
309.36
318.614
328.232
337.953
347.775
357.505
366.692
374.991
382.41
388.633
393.309
396.69
398.7
399.326
399.202
398.334
395.654
392.039
389.241
387.935
388.906
393.566
395.845
395.439
394.746
394.958
391.026
399.506
)
;

boundaryField
{
    inlet
    {
        type            zeroGradient;
    }
    outlet
    {
        type            zeroGradient;
    }
    bottom
    {
        type            symmetryPlane;
    }
    top
    {
        type            symmetryPlane;
    }
    obstacle
    {
        type            zeroGradient;
    }
    defaultFaces
    {
        type            empty;
    }
}


// ************************************************************************* //
