/*--------------------------------*- C++ -*----------------------------------*\
| =========                 |                                                 |
| \\      /  F ield         | OpenFOAM: The Open Source CFD Toolbox           |
|  \\    /   O peration     | Version:  5.x                                   |
|   \\  /    A nd           | Web:      www.OpenFOAM.org                      |
|    \\/     M anipulation  |                                                 |
\*---------------------------------------------------------------------------*/
/*   Windows 32 and 64 bit porting by blueCAPE: http://www.bluecape.com.pt   *\
|  Based on Windows porting (2.0.x v4) by Symscape: http://www.symscape.com   |
\*---------------------------------------------------------------------------*/
FoamFile
{
    version     2.0;
    format      ascii;
    class       volScalarField;
    location    "0.008";
    object      p;
}
// * * * * * * * * * * * * * * * * * * * * * * * * * * * * * * * * * * * * * //

dimensions      [1 -1 -2 0 0 0 0];

internalField   nonuniform List<scalar> 
10000
(
99997.5
99988.2
99958
99862.5
99605.3
98999.4
97761.3
95558.3
92247.3
87982.5
83213.4
78337.6
73663.6
69264.5
65204
61414.3
57975.4
54741.1
51851.9
49139.6
46688
44459.9
42429.2
40593
38941.9
37468.6
36174.2
35049.1
34066.6
33240.1
32560.1
31965.8
31536.3
31222.4
30958.7
30748.2
30643.1
30542.5
30438.4
30402.2
30390.1
30371.9
30356
30355.6
30353.7
30348.1
30340.9
30331.3
30328.9
30326.9
30324.7
30319.8
30290.3
30274.6
30277.8
30320.4
30297.4
30259
30263.4
30292.3
99997.5
99988.2
99958
99862.5
99605.3
98999.4
97761.3
95558.3
92247.3
87982.5
83213.4
78337.6
73663.6
69264.5
65204
61414.3
57975.4
54741.1
51851.9
49139.6
46688
44459.9
42429.2
40593
38941.9
37468.6
36174.2
35049.1
34066.6
33240.1
32560.1
31965.8
31536.3
31222.4
30958.7
30748.2
30643.1
30542.5
30438.4
30402.2
30390.1
30371.9
30356.1
30355.5
30353.4
30347.3
30341.3
30330
30327.7
30326.5
30324.3
30321.3
30293.7
30277.6
30280.5
30312.9
30289.1
30264.3
30268
30294.2
99997.5
99988.2
99958
99862.5
99605.3
98999.4
97761.3
95558.3
92247.3
87982.5
83213.4
78337.6
73663.6
69264.5
65204
61414.3
57975.4
54741.1
51851.9
49139.6
46688
44459.9
42429.2
40593
38941.9
37468.6
36174.2
35049.1
34066.6
33240.1
32560.1
31965.8
31536.3
31222.4
30958.7
30748.2
30643.1
30542.5
30438.4
30402.2
30390.1
30371.9
30356.2
30355.1
30352.6
30345.7
30342.4
30328.6
30326
30323.6
30319.1
30315.7
30313
30278.9
30278.9
30311.4
30287.5
30265.6
30269.2
30296
99997.5
99988.2
99958
99862.5
99605.3
98999.4
97761.3
95558.3
92247.3
87982.5
83213.4
78337.6
73663.6
69264.5
65204
61414.3
57975.4
54741.1
51851.9
49139.6
46688
44459.9
42429.2
40593
38941.9
37468.6
36174.2
35049.1
34066.6
33240.1
32560.1
31965.8
31536.3
31222.4
30958.7
30748.2
30643.1
30542.5
30438.4
30402.2
30390
30371.8
30356.2
30354.9
30352.1
30345.1
30342.7
30327.6
30323.8
30324.6
30319.6
30312.2
30314.5
30284.8
30278.9
30311.8
30286.9
30267.4
30268.8
30289.7
99997.5
99988.2
99958
99862.5
99605.3
98999.4
97761.3
95558.3
92247.3
87982.5
83213.4
78337.6
73663.6
69264.5
65204
61414.3
57975.4
54741.1
51851.9
49139.6
46688
44459.9
42429.2
40593
38941.9
37468.6
36174.2
35049.1
34066.6
33240.1
32560.1
31965.8
31536.3
31222.4
30958.7
30748.1
30643.1
30542.5
30438.4
30402.2
30389.9
30371.6
30356.2
30354.9
30351.8
30345.8
30342.7
30327
30322.2
30324
30321.1
30311.5
30313.6
30289.4
30278.9
30311.2
30288.5
30267
30270.6
30282.8
99997.5
99988.2
99958
99862.5
99605.3
98999.4
97761.3
95558.3
92247.3
87982.5
83213.4
78337.6
73663.6
69264.5
65204
61414.3
57975.4
54741.1
51851.9
49139.6
46688
44459.9
42429.2
40593
38941.9
37468.6
36174.2
35049.1
34066.6
33240.1
32560.1
31965.8
31536.3
31222.4
30958.7
30748.1
30643.1
30542.5
30438.4
30402.2
30389.8
30371.5
30356.1
30354.7
30351.5
30346.4
30342.9
30326.9
30322
30324.5
30322.1
30311.6
30312.7
30292.3
30278.4
30309.9
30290
30265.4
30270.3
30285.7
99997.5
99988.2
99958
99862.5
99605.3
98999.4
97761.3
95558.3
92247.3
87982.5
83213.4
78337.6
73663.6
69264.5
65204
61414.3
57975.4
54741.1
51851.9
49139.6
46688
44459.9
42429.2
40593
38941.9
37468.6
36174.2
35049.1
34066.6
33240.1
32560.1
31965.8
31536.3
31222.4
30958.6
30748.1
30643.1
30542.5
30438.3
30402.2
30389.8
30371.3
30356.1
30354.7
30351.5
30346.8
30342.8
30326.9
30322.2
30325
30322.7
30311.5
30311.4
30292.3
30276.9
30308.9
30289.8
30265.1
30268.5
30293.3
99997.5
99988.2
99958
99862.5
99605.3
98999.4
97761.3
95558.3
92247.3
87982.5
83213.4
78337.6
73663.6
69264.5
65204
61414.3
57975.4
54741.1
51851.9
49139.6
46688
44459.9
42429.2
40593
38941.9
37468.6
36174.2
35049.1
34066.6
33240.1
32560.1
31965.8
31536.3
31222.4
30958.6
30748.1
30643.1
30542.4
30438.3
30402.2
30389.8
30371.2
30356.1
30354.9
30351.9
30347.3
30341.8
30326.7
30322.4
30324.9
30322.7
30311
30310.6
30291.5
30275.1
30307.5
30292.1
30260
30261
30301.9
99997.5
99988.2
99958
99862.5
99605.3
98999.4
97761.3
95558.3
92247.3
87982.5
83213.4
78337.6
73663.6
69264.5
65204
61414.3
57975.4
54741.1
51851.9
49139.6
46688
44459.9
42429.2
40593
38941.9
37468.6
36174.2
35049.1
34066.6
33240.1
32560.1
31965.8
31536.3
31222.4
30958.6
30748.1
30643.1
30542.4
30438.3
30402.2
30389.8
30371.2
30356.2
30355.1
30351.9
30347.6
30340.7
30326.5
30322.3
30324.5
30322.4
30311
30311
30290.3
30274.7
30307.7
30293.5
30256.1
30255.3
30300.8
99997.5
99988.2
99958
99862.5
99605.3
98999.4
97761.3
95558.3
92247.3
87982.5
83213.4
78337.6
73663.6
69264.5
65204
61414.3
57975.4
54741.1
51851.9
49139.6
46688
44459.9
42429.2
40593
38941.9
37468.6
36174.2
35049.1
34066.6
33240.1
32560.1
31965.8
31536.3
31222.4
30958.6
30748.1
30643.1
30542.4
30438.3
30402.2
30389.8
30371.2
30356.2
30355
30352
30347.4
30340.2
30326.3
30322.1
30324.2
30321.7
30311.2
30312.7
30290.1
30275.7
30309.9
30294.6
30254.7
30253.5
30294.4
99997.5
99988.2
99958
99862.5
99605.3
98999.4
97761.3
95558.3
92247.3
87982.5
83213.4
78337.6
73663.6
69264.5
65204
61414.3
57975.4
54741.1
51851.9
49139.6
46688
44459.9
42429.2
40593
38941.9
37468.6
36174.2
35049.1
34066.6
33240.1
32560.1
31965.8
31536.3
31222.4
30958.6
30748.1
30643.1
30542.4
30438.3
30402.2
30389.8
30371.2
30356.1
30355
30352.3
30347
30340.5
30326.3
30322.1
30324.2
30321.5
30311.9
30314.7
30290.3
30276.5
30308.6
30293.8
30253.2
30252.8
30289.4
99997.5
99988.2
99958
99862.5
99605.3
98999.4
97761.3
95558.3
92247.3
87982.5
83213.4
78337.6
73663.6
69264.5
65204
61414.3
57975.4
54741.1
51851.9
49139.6
46688
44459.9
42429.2
40593
38941.9
37468.6
36174.2
35049.1
34066.6
33240.1
32560.1
31965.8
31536.3
31222.4
30958.6
30748.1
30643.1
30542.4
30438.3
30402.2
30389.8
30371.1
30356.2
30355.2
30352.6
30346.8
30340.7
30326.5
30322
30324.4
30322
30313.1
30315.6
30289.2
30276.2
30306.8
30288.1
30251.1
30249.4
30287
99997.5
99988.2
99958
99862.5
99605.3
98999.4
97761.3
95558.3
92247.3
87982.5
83213.4
78337.6
73663.6
69264.5
65204
61414.3
57975.4
54741.1
51851.9
49139.6
46688
44459.9
42429.2
40593
38941.9
37468.6
36174.2
35049.1
34066.6
33240.1
32560.1
31965.8
31536.3
31222.4
30958.6
30748.1
30643
30542.4
30438.3
30402.2
30389.8
30371.1
30356.2
30355.1
30352.7
30346.6
30341.2
30326.6
30321.7
30324.5
30322.4
30313.5
30314.7
30286.3
30275.3
30305.5
30282.8
30252.9
30244.8
30285.4
99997.5
99988.2
99958
99862.5
99605.3
98999.4
97761.3
95558.3
92247.3
87982.5
83213.4
78337.6
73663.6
69264.5
65204
61414.3
57975.4
54741.1
51851.9
49139.6
46688
44459.9
42429.2
40593
38941.9
37468.6
36174.2
35049.1
34066.6
33240.1
32560.1
31965.8
31536.3
31222.4
30958.6
30748.1
30643
30542.4
30438.3
30402.2
30389.9
30371.1
30356.2
30355
30352.6
30346.2
30341.8
30326.7
30321.6
30324.5
30322
30312.1
30312.5
30282.5
30273.9
30303.1
30278.7
30252.3
30244.8
30280.2
99997.5
99988.2
99958
99862.5
99605.3
98999.4
97761.3
95558.3
92247.3
87982.5
83213.4
78337.6
73663.6
69264.5
65204
61414.3
57975.4
54741.1
51851.9
49139.6
46688
44459.9
42429.2
40593
38941.9
37468.6
36174.2
35049.1
34066.6
33240.1
32560.1
31965.8
31536.3
31222.4
30958.6
30748.1
30643
30542.4
30438.3
30402.2
30389.9
30371.1
30356.3
30355
30352.6
30345.6
30341.8
30328
30321.7
30324.1
30320.6
30310.1
30310.3
30279.2
30271.8
30301.7
30274.4
30249.1
30242.2
30275
99997.5
99988.2
99958
99862.5
99605.3
98999.4
97761.3
95558.3
92247.3
87982.5
83213.4
78337.6
73663.6
69264.5
65204
61414.3
57975.4
54741.1
51851.9
49139.6
46688
44459.9
42429.2
40593
38941.9
37468.6
36174.2
35049.1
34066.6
33240.1
32560.1
31965.8
31536.3
31222.4
30958.6
30748.1
30643
30542.3
30438.3
30402.2
30389.9
30371.1
30356.4
30355.4
30352.9
30346.3
30341.8
30327.6
30321.9
30323.7
30319.4
30308.7
30308.3
30277
30271.6
30300.6
30276.2
30240.3
30237.6
30270.6
99997.5
99988.2
99958
99862.5
99605.3
98999.4
97761.3
95558.3
92247.3
87982.5
83213.4
78337.6
73663.6
69264.5
65204
61414.3
57975.4
54741.1
51851.9
49139.6
46688
44459.9
42429.2
40593
38941.9
37468.6
36174.2
35049.1
34066.6
33240.1
32560.1
31965.8
31536.3
31222.4
30958.6
30748
30643
30542.3
30438.3
30402.2
30389.9
30371.1
30356.5
30355.7
30353.5
30347.4
30341
30327.6
30322.8
30324.2
30319
30309.2
30307.3
30276.1
30272.2
30300.9
30278.2
30236.1
30233.5
30269
99997.5
99988.2
99958
99862.5
99605.3
98999.4
97761.3
95558.3
92247.3
87982.5
83213.4
78337.6
73663.6
69264.5
65204
61414.3
57975.4
54741.1
51851.9
49139.6
46688
44459.9
42429.2
40593
38941.9
37468.6
36174.2
35049.1
34066.6
33240.1
32560.1
31965.8
31536.3
31222.4
30958.6
30748
30643
30542.3
30438.3
30402.2
30389.9
30371.2
30356.6
30356
30354
30348.2
30340.1
30328.8
30324.2
30324.9
30319.8
30311.6
30306.8
30275
30272.2
30302
30275.1
30236.3
30234.6
30269.2
99997.5
99988.2
99958
99862.5
99605.3
98999.4
97761.3
95558.3
92247.3
87982.5
83213.4
78337.6
73663.6
69264.5
65204
61414.3
57975.4
54741.1
51851.9
49139.6
46688
44459.9
42429.2
40593
38941.9
37468.6
36174.2
35049.1
34066.6
33240.1
32560.1
31965.8
31536.3
31222.4
30958.6
30748
30643
30542.3
30438.3
30402.2
30389.9
30371.3
30356.7
30356.2
30354.4
30348.3
30340.7
30330.2
30325.1
30324.9
30320.8
30314.1
30304.9
30272.1
30270.6
30301.8
30273.6
30235.7
30236
30268.3
99997.5
99988.2
99958
99862.5
99605.3
98999.4
97761.3
95558.3
92247.3
87982.5
83213.4
78337.6
73663.6
69264.5
65204
61414.3
57975.4
54741.1
51851.9
49139.6
46688
44459.9
42429.2
40593
38941.9
37468.6
36174.2
35049.1
34066.6
33240.1
32560.1
31965.8
31536.3
31222.4
30958.6
30748
30643
30542.3
30438.3
30402.2
30389.9
30371.5
30356.8
30356.3
30354.5
30348.7
30341.4
30331.3
30325.4
30324.3
30322.2
30316.5
30300.8
30269.2
30267.6
30299.1
30273.9
30233.6
30231.9
30268.5
99997.5
99988.2
99958
99862.5
99605.3
98999.4
97761.3
95558.3
92247.3
87982.5
83213.4
78337.6
73663.6
69264.5
65204
61414.3
57975.4
54741.1
51851.9
49139.6
46688
44459.9
42429.2
40593
38941.9
37468.6
36174.2
35049.1
34066.6
33240.1
32560.1
31965.8
31536.3
31222.4
30958.6
30748
30643
30542.3
30438.3
30402.2
30389.9
30371.6
30356.8
30356.2
30354.5
30349.1
30342
30332.2
30325.7
30323.6
30322.2
30317.8
30296.4
30266.1
30264.7
30294.4
30271.9
30232
30226.2
30268.8
99997.5
99988.2
99958
99862.5
99605.3
98999.4
97761.3
95558.3
92247.3
87982.5
83213.4
78337.6
73663.6
69264.5
65204
61414.3
57975.4
54741.1
51851.9
49139.6
46688
44459.9
42429.2
40593
38941.9
37468.6
36174.2
35049.1
34066.6
33240.1
32560.1
31965.8
31536.3
31222.4
30958.6
30748
30643
30542.3
30438.2
30402.2
30389.8
30371.6
30356.8
30356.1
30354.3
30349.2
30342.7
30332.7
30326
30323.4
30321.8
30317.4
30292.6
30264
30262.1
30291.7
30270.6
30235
30226.1
30270.2
99997.5
99988.2
99958
99862.5
99605.3
98999.4
97761.3
95558.3
92247.3
87982.5
83213.4
78337.6
73663.6
69264.5
65204
61414.3
57975.4
54741.1
51851.9
49139.6
46688
44459.9
42429.2
40593
38941.9
37468.6
36174.2
35049.1
34066.6
33240.1
32560.1
31965.8
31536.3
31222.4
30958.5
30748
30642.9
30542.2
30438.2
30402.2
30389.8
30371.7
30356.8
30356
30354.2
30349
30343.5
30332.8
30326.1
30322.9
30321.1
30316.4
30289.6
30262
30260.4
30292.9
30271.4
30238.6
30232.3
30273.9
99997.5
99988.2
99958
99862.5
99605.3
98999.4
97761.3
95558.3
92247.3
87982.5
83213.4
78337.6
73663.6
69264.5
65204
61414.3
57975.4
54741.1
51851.9
49139.6
46688
44459.9
42429.2
40593
38941.9
37468.6
36174.2
35049.1
34066.5
33240
32560.1
31965.8
31536.3
31222.4
30958.5
30748
30642.9
30542.2
30438.2
30402.1
30389.8
30371.7
30356.8
30356
30354
30348.8
30344
30332.7
30326.2
30322.9
30320.1
30313.4
30286.7
30258.9
30258
30292.7
30268.2
30237.4
30231.2
30278.3
99997.5
99988.2
99958
99862.5
99605.3
98999.4
97761.3
95558.3
92247.3
87982.5
83213.4
78337.6
73663.6
69264.5
65204
61414.3
57975.4
54741.1
51851.9
49139.6
46688
44459.9
42429.2
40593
38941.9
37468.6
36174.2
35049.1
34066.5
33240
32560.1
31965.8
31536.3
31222.4
30958.5
30748
30642.9
30542.2
30438.2
30402.1
30389.7
30371.7
30356.9
30356
30353.9
30348.5
30344
30332.3
30325.9
30322.6
30319
30311.1
30285
30257.1
30257.8
30292
30264.4
30231.2
30219.6
30269
99997.5
99988.2
99958
99862.5
99605.3
98999.4
97761.3
95558.3
92247.3
87982.5
83213.4
78337.6
73663.6
69264.5
65204
61414.3
57975.4
54741.1
51851.9
49139.6
46688
44459.9
42429.2
40593
38941.9
37468.6
36174.2
35049.1
34066.5
33240
32560.1
31965.8
31536.3
31222.4
30958.5
30748
30642.9
30542.2
30438.2
30402.1
30389.7
30371.8
30356.9
30355.9
30353.8
30348.9
30343.2
30331.6
30325.5
30321.3
30317.9
30310.5
30284.2
30257.8
30260
30293.6
30263.9
30232.6
30207.5
30240
99997.5
99988.2
99958
99862.5
99605.3
98999.4
97761.3
95558.3
92247.3
87982.5
83213.4
78337.6
73663.6
69264.5
65204
61414.3
57975.4
54741.1
51851.9
49139.6
46688
44459.9
42429.2
40593
38941.9
37468.6
36174.2
35049.1
34066.5
33240
32560.1
31965.8
31536.3
31222.3
30958.5
30748
30642.9
30542.2
30438.2
30402.1
30389.6
30371.8
30356.9
30355.7
30353.7
30348.6
30342.4
30330.9
30325.1
30320.3
30317.2
30310.3
30283.6
30258.4
30260.3
30294
30262.1
30240.7
30207
30208.7
99997.5
99988.2
99958
99862.5
99605.3
98999.4
97761.3
95558.3
92247.3
87982.5
83213.4
78337.6
73663.6
69264.5
65204
61414.3
57975.4
54741.1
51851.9
49139.6
46688
44459.9
42429.2
40593
38941.9
37468.6
36174.2
35049.1
34066.5
33240
32560.1
31965.8
31536.3
31222.3
30958.5
30748
30642.9
30542.2
30438.2
30402
30389.6
30371.8
30356.9
30355.6
30353.6
30348.2
30341.7
30330.5
30325.2
30319.2
30315.8
30309.9
30282.8
30258.2
30259.4
30290
30257
30239.2
30221.3
30191.3
99997.5
99988.2
99958
99862.5
99605.3
98999.4
97761.3
95558.3
92247.3
87982.5
83213.4
78337.6
73663.6
69264.5
65204
61414.3
57975.4
54741.1
51851.9
49139.6
46688
44459.9
42429.2
40593
38941.9
37468.6
36174.2
35049.1
34066.5
33240
32560.1
31965.8
31536.3
31222.3
30958.5
30747.9
30642.9
30542.2
30438.2
30402
30389.5
30371.9
30356.9
30355.7
30353.6
30348.4
30340.5
30330
30325
30318.5
30314
30308.9
30282.2
30257.2
30259.3
30286.2
30255.3
30230.7
30225.5
30192.9
99997.5
99988.2
99958
99862.5
99605.3
98999.4
97761.3
95558.3
92247.3
87982.5
83213.4
78337.6
73663.6
69264.5
65204
61414.3
57975.4
54741.1
51851.9
49139.6
46688
44459.9
42429.2
40593
38941.9
37468.6
36174.2
35049.1
34066.5
33240
32560.1
31965.8
31536.3
31222.3
30958.5
30747.9
30642.9
30542.2
30438.2
30402
30389.5
30371.9
30356.9
30355.7
30353.6
30348.7
30339.3
30329.6
30324.5
30317.3
30313.4
30308.4
30280.3
30255.3
30259.1
30284.2
30251.2
30223.4
30216.7
30208.1
99997.5
99988.2
99958
99862.5
99605.3
98999.4
97761.3
95558.3
92247.3
87982.5
83213.4
78337.6
73663.6
69264.5
65204
61414.3
57975.4
54741.1
51851.9
49139.6
46688
44459.9
42429.2
40593
38941.9
37468.6
36174.2
35049.1
34066.5
33240
32560.1
31965.8
31536.3
31222.3
30958.5
30747.9
30642.9
30542.1
30438.1
30401.9
30389.4
30371.9
30356.8
30355.6
30353.6
30348.9
30338.6
30329.6
30324.4
30315.7
30312.9
30309.2
30279.8
30254.4
30258.3
30281.8
30245.6
30216.2
30209
30220.2
99997.5
99988.2
99958
99862.5
99605.3
98999.4
97761.3
95558.3
92247.3
87982.5
83213.4
78337.6
73663.6
69264.5
65204
61414.3
57975.4
54741.1
51851.9
49139.6
46688
44459.9
42429.2
40593
38941.9
37468.6
36174.2
35049.1
34066.5
33240
32560.1
31965.8
31536.3
31222.3
30958.5
30747.9
30642.9
30542.1
30438.1
30401.9
30389.4
30371.9
30356.7
30355.4
30353.4
30349.1
30337.9
30329.4
30324.5
30315.9
30312.1
30309.2
30279.7
30254.5
30259.1
30282.2
30243.4
30209.8
30201.4
30228.9
99997.5
99988.2
99958
99862.5
99605.3
98999.4
97761.3
95558.3
92247.3
87982.5
83213.4
78337.6
73663.6
69264.5
65204
61414.3
57975.4
54741.1
51851.9
49139.6
46688
44459.9
42429.2
40593
38941.9
37468.6
36174.2
35049.1
34066.5
33240
32560.1
31965.8
31536.3
31222.3
30958.5
30747.9
30642.9
30542.1
30438.1
30401.9
30389.3
30371.8
30356.7
30355.2
30353.3
30349.3
30337.4
30329.2
30324.2
30315.9
30312.7
30309.1
30277.4
30253.9
30258.9
30284.3
30244.8
30204.4
30189
30235.8
99997.5
99988.2
99958
99862.5
99605.3
98999.4
97761.3
95558.3
92247.3
87982.5
83213.4
78337.6
73663.6
69264.5
65204
61414.3
57975.4
54741.1
51851.9
49139.6
46688
44459.9
42429.2
40593
38941.9
37468.6
36174.2
35049.1
34066.5
33240
32560.1
31965.8
31536.3
31222.3
30958.5
30747.9
30642.9
30542.1
30438.1
30401.8
30389.3
30371.8
30356.6
30355
30353.2
30349.4
30336.9
30329.1
30323.9
30315.2
30313.6
30310.2
30274.3
30252.9
30258.1
30284
30247.3
30203.8
30181.3
30226.5
99997.5
99988.2
99958
99862.5
99605.3
98999.4
97761.3
95558.3
92247.3
87982.5
83213.4
78337.6
73663.6
69264.5
65204
61414.3
57975.4
54741.1
51851.9
49139.6
46688
44459.9
42429.2
40593
38941.9
37468.6
36174.2
35049.1
34066.5
33240
32560.1
31965.8
31536.3
31222.3
30958.5
30747.9
30642.8
30542.1
30438.1
30401.8
30389.2
30371.7
30356.4
30354.8
30353.1
30349.2
30336.6
30329.1
30323.6
30314.8
30314.3
30311.1
30270.1
30251.3
30257.6
30281.4
30244.7
30209.5
30181.9
30208.5
99997.5
99988.2
99958
99862.5
99605.3
98999.4
97761.3
95558.3
92247.3
87982.5
83213.4
78337.6
73663.6
69264.5
65204
61414.3
57975.4
54741.1
51851.9
49139.6
46688
44459.9
42429.2
40593
38941.9
37468.6
36174.2
35049.1
34066.5
33240
32560.1
31965.8
31536.3
31222.3
30958.5
30747.9
30642.8
30542.1
30438.1
30401.8
30389.1
30371.6
30356.3
30354.6
30353
30348.8
30336.7
30329.1
30323.6
30315
30315.2
30311.4
30266
30250.6
30257.5
30281
30239.5
30210
30183.8
30197.9
99997.5
99988.2
99958
99862.5
99605.3
98999.4
97761.3
95558.3
92247.3
87982.5
83213.4
78337.6
73663.6
69264.5
65204
61414.3
57975.4
54741.1
51851.9
49139.6
46688
44459.9
42429.2
40593
38941.9
37468.6
36174.2
35049.1
34066.5
33240
32560.1
31965.8
31536.3
31222.3
30958.5
30747.9
30642.8
30542.1
30438.1
30401.8
30389.1
30371.5
30356.1
30354.4
30352.6
30348.1
30337.2
30329.2
30323.8
30315.2
30316
30311.3
30262.7
30250.8
30257.7
30281.5
30238.2
30210.6
30182.1
30191.7
99997.5
99988.2
99958
99862.5
99605.3
98999.4
97761.3
95558.3
92247.3
87982.5
83213.4
78337.6
73663.6
69264.5
65204
61414.3
57975.4
54741.1
51851.9
49139.6
46688
44459.9
42429.2
40593
38941.9
37468.6
36174.2
35049.1
34066.5
33240
32560.1
31965.8
31536.3
31222.3
30958.5
30747.9
30642.8
30542.1
30438.1
30401.7
30389
30371.4
30356
30354.2
30352.1
30347.6
30338
30329.3
30324.1
30315.7
30316.7
30310.9
30261.1
30251.2
30258.2
30281.3
30238
30213.1
30185.1
30184.7
99997.5
99988.2
99958
99862.5
99605.3
98999.4
97761.3
95558.3
92247.3
87982.5
83213.4
78337.6
73663.6
69264.5
65204
61414.3
57975.4
54741.1
51851.9
49139.6
46688
44459.9
42429.2
40593
38941.9
37468.6
36174.2
35049.1
34066.5
33240
32560.1
31965.8
31536.3
31222.3
30958.5
30747.9
30642.8
30542.1
30438.1
30401.7
30389
30371.4
30355.8
30354
30351.6
30347.3
30338.7
30329.5
30324.4
30316.4
30316.8
30309.7
30260
30250.6
30257.9
30279.6
30236.5
30212.2
30186.1
30185.6
99997.5
99988.2
99958
99862.5
99605.3
98999.4
97761.3
95558.3
92247.3
87982.5
83213.4
78337.6
73663.6
69264.5
65204
61414.3
57975.4
54741.1
51851.9
49139.6
46688
44459.9
42429.2
40593
38941.9
37468.6
36174.2
35049.1
34066.5
33240
32560.1
31965.8
31536.3
31222.3
30958.5
30747.9
30642.8
30542.1
30438
30401.7
30388.9
30371.3
30355.6
30353.9
30351.1
30347.1
30339.2
30329.8
30324.7
30316.8
30316.7
30308.1
30258.8
30248.9
30256.4
30275.8
30232.5
30208.3
30182.9
30188.2
99997.5
99988.2
99958
99862.5
99605.3
98999.4
97761.3
95558.3
92247.3
87982.5
83213.4
78337.6
73663.6
69264.5
65204
61414.3
57975.4
54741.1
51851.9
49139.6
46688
44459.9
42429.2
40593
38941.9
37468.6
36174.2
35049.1
34066.5
33240
32560.1
31965.8
31536.3
31222.3
30958.5
30747.9
30642.8
30542.1
30438
30401.7
30388.9
30371.2
30355.4
30353.8
30350.7
30347
30339.6
30330
30324.8
30317.4
30316.7
30306.2
30256.8
30247.1
30255
30271.9
30225.9
30200.3
30179.9
30188.8
99997.5
99988.2
99958
99862.5
99605.3
98999.4
97761.3
95558.3
92247.3
87982.5
83213.4
78337.6
73663.6
69264.5
65204
61414.3
57975.4
54741.1
51851.9
49139.6
46688
44459.9
42429.2
40593
38941.9
37468.6
36174.2
35049.1
34066.5
33240
32560.1
31965.8
31536.3
31222.3
30958.5
30747.9
30642.8
30542
30438
30401.7
30388.8
30371.2
30355.2
30353.6
30350.2
30347.1
30339.8
30330.2
30324.9
30317.7
30316.6
30304.4
30255
30246
30254.2
30269.4
30220.8
30194.2
30174.6
30187.5
99997.5
99988.2
99958
99862.5
99605.3
98999.4
97761.3
95558.3
92247.3
87982.5
83213.4
78337.6
73663.6
69264.5
65204
61414.3
57975.4
54741.1
51851.9
49139.6
46688
44459.9
42429.2
40593
38941.9
37468.6
36174.2
35049.1
34066.5
33240
32560.1
31965.8
31536.3
31222.3
30958.4
30747.9
30642.8
30542
30438
30401.6
30388.8
30371.2
30355.1
30353.4
30349.9
30347.3
30339.8
30330.3
30325.1
30318
30316.3
30303.3
30254.1
30245.5
30254.5
30269.3
30218.7
30191.3
30166.3
30186.2
99997.5
99988.2
99958
99862.5
99605.3
98999.4
97761.3
95558.3
92247.3
87982.5
83213.4
78337.6
73663.6
69264.5
65204
61414.3
57975.4
54741.1
51851.9
49139.6
46688
44459.9
42429.2
40593
38941.9
37468.6
36174.2
35049.1
34066.5
33240
32560.1
31965.8
31536.3
31222.3
30958.4
30747.9
30642.8
30542
30438
30401.6
30388.7
30371.1
30354.9
30353.3
30349.6
30347.4
30339.6
30330.5
30325.4
30318
30315.9
30302.9
30254.3
30245.4
30255.6
30270
30218.8
30193.1
30160.4
30184
99997.5
99988.2
99958
99862.5
99605.3
98999.4
97761.3
95558.3
92247.3
87982.5
83213.4
78337.6
73663.6
69264.5
65204
61414.3
57975.4
54741.1
51851.9
49139.6
46688
44459.9
42429.2
40593
38941.9
37468.6
36174.2
35049.1
34066.5
33240
32560.1
31965.8
31536.3
31222.3
30958.4
30747.9
30642.8
30542
30438
30401.6
30388.7
30371.1
30354.7
30353.1
30349.4
30347.4
30339.4
30330.6
30325.6
30317.9
30315.7
30303
30255.2
30245.4
30256.7
30269.9
30219.1
30197.9
30159.9
30180.1
99997.5
99988.2
99958
99862.5
99605.3
98999.4
97761.3
95558.3
92247.3
87982.5
83213.4
78337.6
73663.6
69264.5
65204
61414.3
57975.4
54741.1
51851.9
49139.6
46688
44459.9
42429.2
40593
38941.9
37468.6
36174.2
35049.1
34066.5
33240
32560.1
31965.8
31536.3
31222.3
30958.4
30747.9
30642.8
30542
30438
30401.6
30388.7
30371.1
30354.6
30353
30349.2
30347.4
30339.2
30330.7
30325.8
30317.7
30315.4
30302.9
30255.8
30245.3
30256.9
30268.9
30218.3
30201.1
30163.6
30173.6
99997.5
99988.2
99958
99862.5
99605.3
98999.4
97761.3
95558.3
92247.3
87982.5
83213.4
78337.6
73663.6
69264.5
65204
61414.3
57975.4
54741.1
51851.9
49139.6
46688
44459.9
42429.2
40593
38941.9
37468.6
36174.2
35049.1
34066.5
33240
32560.1
31965.8
31536.3
31222.3
30958.4
30747.9
30642.8
30542
30438
30401.6
30388.7
30371.1
30354.5
30352.9
30349.1
30347.4
30338.9
30330.7
30325.9
30317.5
30315.3
30302.9
30256.1
30245.1
30256.9
30267.9
30216.8
30201.1
30167.7
30165.2
99997.5
99988.2
99958
99862.5
99605.3
98999.4
97761.3
95558.3
92247.3
87982.5
83213.4
78337.6
73663.6
69264.5
65204
61414.3
57975.4
54741.1
51851.9
49139.6
46688
44459.9
42429.2
40593
38941.9
37468.6
36174.2
35049.1
34066.5
33240
32560.1
31965.8
31536.3
31222.3
30958.4
30747.8
30642.8
30542
30438
30401.6
30388.6
30371.1
30354.4
30352.8
30349
30347.3
30338.6
30330.7
30325.9
30317.5
30315.2
30302.7
30255.9
30245.2
30257.2
30267.4
30216
30198.8
30168.1
30157.8
99997.5
99988.2
99958
99862.5
99605.3
98999.4
97761.3
95558.3
92247.3
87982.5
83213.4
78337.6
73663.6
69264.5
65204
61414.3
57975.4
54741.1
51851.9
49139.6
46688
44459.9
42429.2
40593
38941.9
37468.6
36174.2
35049.1
34066.5
33240
32560.1
31965.8
31536.3
31222.3
30958.4
30747.8
30642.8
30542
30437.9
30401.5
30388.6
30371.1
30354.3
30352.7
30349
30347.3
30338.3
30330.6
30325.8
30317.4
30315
30302.3
30255.5
30245.6
30257.7
30267.2
30214.6
30194.8
30165.4
30150.7
99997.5
99988.2
99958
99862.5
99605.3
98999.4
97761.3
95558.3
92247.3
87982.5
83213.4
78337.6
73663.6
69264.5
65204
61414.3
57975.4
54741.1
51851.9
49139.6
46688
44459.9
42429.2
40593
38941.9
37468.6
36174.2
35049.1
34066.5
33240
32560.1
31965.8
31536.2
31222.3
30958.4
30747.8
30642.8
30542
30437.9
30401.5
30388.6
30371.2
30354.2
30352.7
30349
30347.2
30338
30330.5
30325.6
30317.4
30314.7
30301.6
30255
30245.7
30258
30266.2
30213.1
30190.5
30159.7
30141
99997.5
99988.2
99958
99862.5
99605.3
98999.4
97761.3
95558.3
92247.3
87982.5
83213.4
78337.6
73663.6
69264.5
65204
61414.3
57975.4
54741.1
51851.9
49139.6
46688
44459.9
42429.2
40593
38941.9
37468.6
36174.2
35049.1
34066.5
33240
32560.1
31965.8
31536.2
31222.3
30958.4
30747.8
30642.7
30542
30437.9
30401.5
30388.6
30371.2
30354
30352.5
30349.3
30346.7
30337.4
30330.4
30325
30317.4
30314
30300.2
30253.3
30245
30258.7
30263.6
30209.1
30181.6
30145.5
30093.9
99997.5
99988.2
99958
99862.5
99605.3
98999.4
97761.3
95558.3
92247.3
87982.5
83213.4
78337.6
73663.6
69264.5
65204
61414.3
57975.4
54741.1
51851.9
49139.6
46688
44459.9
42429.2
40593
38941.9
37468.6
36174.2
35049.1
34066.5
33240
32560.1
31965.8
31536.2
31222.3
30958.4
30747.8
30642.7
30541.9
30437.9
30401.4
30388.5
30371.3
30353.9
30352.2
30348.4
30346
30336.7
30329.8
30324
30316.8
30314.2
30301.7
30254.7
30245
30262.4
30263.8
30203.4
30179.8
30144.9
30056.4
99997.5
99988.2
99958
99862.5
99605.3
98999.4
97761.3
95558.3
92247.3
87982.5
83213.4
78337.6
73663.6
69264.5
65204
61414.3
57975.4
54741.1
51851.9
49139.6
46688
44459.9
42429.2
40593
38941.9
37468.6
36174.2
35049.1
34066.5
33240
32560.1
31965.8
31536.2
31222.3
30958.4
30747.8
30642.7
30541.9
30437.8
30401.4
30388.5
30371.3
30353.9
30352.2
30348.1
30345.8
30335.8
30329.7
30324.2
30316
30314.5
30300
30252.8
30244.9
30266
30267.2
30199.7
30155.5
30100.8
30051.7
99997.5
99988.2
99958
99862.5
99605.3
98999.4
97761.3
95558.3
92247.3
87982.5
83213.4
78337.6
73663.6
69264.5
65204
61414.3
57975.4
54741.1
51851.9
49139.6
46688
44459.9
42429.2
40593
38941.9
37468.6
36174.2
35049.1
34066.5
33240
32560.1
31965.8
31536.2
31222.2
30958.4
30747.8
30642.7
30541.9
30437.8
30401.3
30388.4
30371.3
30353.8
30352.3
30348.6
30345.9
30335.8
30329.9
30324.8
30315.9
30313.3
30296.5
30252.9
30247
30267.4
30264.5
30199.1
30159.3
30105.5
30044.1
99997.5
99988.2
99958
99862.5
99605.3
98999.4
97761.3
95558.3
92247.3
87982.5
83213.4
78337.6
73663.6
69264.5
65204
61414.3
57975.4
54741.1
51851.9
49139.6
46688
44459.9
42429.2
40593
38941.9
37468.6
36174.2
35049.1
34066.5
33240
32560.1
31965.8
31536.2
31222.2
30958.4
30747.8
30642.6
30541.8
30437.7
30401.3
30388.3
30371.3
30354
30352.7
30349.1
30346.7
30336.2
30330.6
30325
30314.7
30309.2
30292.6
30252.7
30244.3
30267.1
30258.6
30199.5
30168.9
30132.4
30054.2
99997.5
99988.2
99958
99862.5
99605.3
98999.4
97761.3
95558.3
92247.3
87982.5
83213.4
78337.6
73663.6
69264.5
65204
61414.3
57975.4
54741.1
51851.9
49139.6
46688
44459.9
42429.2
40593
38941.9
37468.6
36174.2
35049.1
34066.5
33240
32560.1
31965.8
31536.2
31222.2
30958.3
30747.7
30642.6
30541.8
30437.6
30401.2
30388.2
30371.4
30354.1
30353
30349.7
30347.3
30336
30330.5
30324.8
30314
30306.2
30289.5
30253.8
30244.8
30266.9
30256.1
30203.1
30180.6
30153
30013.7
99997.5
99988.2
99958
99862.5
99605.3
98999.4
97761.3
95558.3
92247.3
87982.5
83213.4
78337.6
73663.6
69264.5
65204
61414.3
57975.4
54741.1
51851.9
49139.6
46688
44459.9
42429.2
40593
38941.9
37468.6
36174.2
35049.1
34066.5
33240
32560.1
31965.7
31536.2
31222.2
30958.3
30747.7
30642.6
30541.8
30437.6
30401.1
30388
30371.4
30354.2
30352.8
30350.2
30347.7
30334.7
30329.6
30324.3
30313.1
30306.1
30289.6
30252.5
30244.5
30263.9
30254.6
30192.3
30156.7
30103.8
30022.5
99997.5
99988.2
99958
99862.5
99605.3
98999.4
97761.3
95558.3
92247.3
87982.5
83213.4
78337.6
73663.6
69264.5
65204
61414.3
57975.4
54741.1
51851.9
49139.6
46688
44459.9
42429.2
40593
38941.9
37468.6
36174.2
35049.1
34066.5
33240
32560.1
31965.7
31536.2
31222.2
30958.3
30747.7
30642.5
30541.7
30437.5
30401
30387.8
30371.4
30354.4
30352.8
30350.4
30347.8
30333.9
30329
30323.4
30311.6
30308
30292
30249.4
30241.1
30260.5
30248.6
30183.3
30147.3
30098.2
30027
99997.5
99988.2
99958
99862.5
99605.3
98999.4
97761.3
95558.3
92247.3
87982.5
83213.4
78337.6
73663.6
69264.5
65204
61414.3
57975.4
54741.1
51851.9
49139.6
46688
44459.9
42429.2
40593
38941.9
37468.6
36174.2
35049.1
34066.5
33240
32560.1
31965.7
31536.2
31222.2
30958.3
30747.7
30642.5
30541.7
30437.5
30400.9
30387.7
30371.2
30354.6
30352.8
30350.5
30347.5
30333.4
30329
30323.7
30312
30309
30294.9
30248.3
30239.3
30259.1
30246.3
30179
30141.6
30093.8
30025
99997.5
99988.2
99958
99862.5
99605.3
98999.4
97761.3
95558.3
92247.3
87982.5
83213.4
78337.6
73663.6
69264.5
65204
61414.3
57975.4
54741.1
51851.9
49139.6
46688
44459.9
42429.2
40593
38941.9
37468.6
36174.2
35049.1
34066.5
33240
32560.1
31965.7
31536.2
31222.2
30958.3
30747.6
30642.5
30541.6
30437.4
30400.8
30387.6
30370.9
30354.6
30352.8
30350.6
30347.2
30332.8
30328.8
30323.9
30313.9
30312.1
30297
30249.2
30241.7
30260.5
30248.8
30180.9
30138.9
30082.3
29999.2
99997.5
99988.2
99958
99862.5
99605.3
98999.4
97761.3
95558.3
92247.3
87982.5
83213.4
78337.6
73663.6
69264.5
65204
61414.3
57975.4
54741.1
51851.9
49139.6
46688
44459.9
42429.2
40593
38941.9
37468.6
36174.2
35049.1
34066.5
33240
32560
31965.7
31536.2
31222.2
30958.2
30747.6
30642.4
30541.6
30437.3
30400.7
30387.5
30370.5
30354.2
30352.3
30350.7
30346.7
30332.5
30327.4
30321.7
30310.1
30307.8
30304.7
30264
30244.5
30261
30251.2
30177.8
30131.2
30078.8
29997
99997.5
99988.2
99958
99862.5
99605.3
98999.4
97761.3
95558.3
92247.3
87982.5
83213.4
78337.6
73663.6
69264.5
65204
61414.3
57975.4
54741.1
51851.9
49139.6
46688
44459.9
42429.2
40593
38941.9
37468.6
36174.2
35049.1
34066.5
33240
32560
31965.7
31536.1
31222.1
30958.2
30747.6
30642.4
30541.5
30437.3
30400.6
30387.3
30370.1
30353.8
30351.5
30350.3
30345.9
30333.7
30327.9
30322.1
30309.4
30306.5
30301.7
30274.6
30248.9
30264.8
30254.9
30184.1
30131.4
30061.5
29943.2
99997.5
99988.2
99958
99862.5
99605.3
98999.4
97761.3
95558.3
92247.3
87982.5
83213.4
78337.6
73663.6
69264.5
65204
61414.3
57975.4
54741.1
51851.9
49139.6
46688
44459.9
42429.2
40593
38941.9
37468.6
36174.2
35049.1
34066.5
33240
32560
31965.7
31536.1
31222.1
30958.2
30747.6
30642.3
30541.5
30437.2
30400.5
30387.1
30369.7
30353.6
30351.4
30350.3
30344.3
30337.6
30329.2
30322.7
30312
30308.6
30303.1
30254.2
30239.4
30257.2
30243.9
30166.7
30116.3
30065
29956.6
99997.5
99988.2
99958
99862.5
99605.3
98999.4
97761.3
95558.3
92247.3
87982.5
83213.4
78337.6
73663.6
69264.5
65204
61414.3
57975.4
54741.1
51851.9
49139.6
46688
44459.9
42429.2
40593
38941.9
37468.6
36174.2
35049.1
34066.5
33240
32560
31965.7
31536.1
31222.1
30958.1
30747.5
30642.3
30541.4
30437.2
30400.4
30387
30369.4
30353.4
30351.4
30350.8
30345.2
30338.2
30332.5
30326.9
30316.6
30310.2
30290.2
30237.2
30231
30249.1
30235.2
30160.6
30112.6
30069.4
29947.7
99997.5
99988.2
99958
99862.5
99605.3
98999.4
97761.3
95558.3
92247.3
87982.5
83213.4
78337.6
73663.6
69264.5
65204
61414.3
57975.4
54741.1
51851.9
49139.6
46688
44459.9
42429.2
40593
38941.9
37468.6
36174.2
35049.1
34066.5
33240
32560
31965.7
31536.1
31222.1
30958.1
30747.5
30642.3
30541.4
30437.1
30400.3
30386.8
30369.2
30353.2
30351.5
30351
30346
30337.6
30333.9
30328.8
30317.7
30303.3
30282.2
30240.2
30232
30245.9
30231.2
30163.9
30116.9
30025.9
29928.5
99997.5
99988.2
99958
99862.5
99605.3
98999.4
97761.3
95558.3
92247.3
87982.5
83213.4
78337.6
73663.6
69264.5
65204
61414.3
57975.4
54741.1
51851.9
49139.6
46688
44459.9
42429.2
40593
38941.9
37468.6
36174.2
35049.1
34066.5
33240
32560
31965.7
31536.1
31222
30958.1
30747.5
30642.2
30541.3
30437.1
30400.3
30386.7
30369.1
30352.9
30351.1
30350.2
30343.1
30341.7
30335.3
30327.9
30315.4
30303.1
30282.8
30241.3
30233.9
30247.6
30235.7
30164.4
30124.7
30041.6
29927.7
99997.5
99988.2
99958
99862.5
99605.3
98999.4
97761.3
95558.3
92247.3
87982.5
83213.4
78337.6
73663.6
69264.5
65204
61414.3
57975.4
54741.1
51851.9
49139.6
46688
44459.9
42429.2
40593
38941.9
37468.6
36174.2
35049.1
34066.5
33240
32560
31965.7
31536.1
31222
30958
30747.4
30642.2
30541.2
30437.1
30400.3
30386.7
30369.2
30352.4
30350.5
30349.1
30341.5
30341
30338.7
30328.5
30314.5
30304.9
30287.3
30246.6
30239.2
30257.3
30259.9
30186.6
30116.2
30022.2
29883.2
99997.5
99988.2
99958
99862.5
99605.3
98999.4
97761.3
95558.3
92247.3
87982.5
83213.4
78337.6
73663.6
69264.5
65204
61414.3
57975.4
54741.1
51851.9
49139.6
46688
44459.9
42429.2
40593
38941.9
37468.6
36174.2
35049.1
34066.5
33240
32560
31965.7
31536.1
31222
30958
30747.4
30642.1
30541.2
30437.1
30400.4
30386.7
30369.2
30351.8
30349.8
30348.9
30342.4
30341.6
30335.5
30325.9
30317.1
30309.3
30291.1
30245.8
30240
30258.7
30262.2
30189.7
30113.2
29999.3
29851.4
99997.5
99988.2
99958
99862.5
99605.3
98999.4
97761.3
95558.3
92247.3
87982.5
83213.4
78337.6
73663.6
69264.5
65204
61414.3
57975.4
54741.1
51851.9
49139.6
46688
44459.9
42429.2
40593
38941.9
37468.6
36174.2
35049.1
34066.5
33240
32560
31965.7
31536
31222
30958
30747.3
30642
30541.1
30437
30400.4
30386.7
30369.2
30351.3
30349.2
30348.1
30341.5
30339.1
30331.7
30319.2
30311.3
30308
30299.9
30239.3
30225.1
30236.2
30226.9
30140.7
30092.3
30045.6
29891.5
99997.5
99988.2
99958
99862.5
99605.3
98999.4
97761.3
95558.3
92247.3
87982.5
83213.4
78337.6
73663.6
69264.5
65204
61414.3
57975.4
54741.1
51851.9
49139.6
46688
44459.9
42429.2
40593
38941.9
37468.6
36174.2
35049.1
34066.5
33240
32560
31965.7
31536
31221.9
30957.9
30747.3
30642
30541
30437
30400.5
30386.8
30369.1
30350.9
30348.7
30347.6
30341
30339.9
30337.6
30327.3
30312.9
30306.2
30284.1
30226.6
30221.2
30238.1
30219
30145.1
30103.4
30062.1
29966.2
99997.5
99988.2
99958
99862.5
99605.3
98999.4
97761.3
95558.3
92247.3
87982.5
83213.4
78337.6
73663.6
69264.5
65204
61414.3
57975.4
54741.1
51851.9
49139.6
46688
44459.9
42429.2
40593
38941.9
37468.6
36174.2
35049.1
34066.5
33240
32560
31965.7
31536
31221.9
30957.9
30747.2
30641.9
30541
30437
30400.5
30386.8
30369.2
30351.5
30349.8
30349
30342.7
30341.5
30339.7
30330.2
30316
30300.3
30279.4
30228.8
30221.3
30238.6
30220.6
30144.9
30098.2
30043.8
29957.2
99997.5
99988.2
99958
99862.5
99605.3
98999.4
97761.3
95558.3
92247.3
87982.5
83213.4
78337.6
73663.6
69264.5
65204
61414.3
57975.4
54741.1
51851.9
49139.6
46688
44459.9
42429.2
40593
38941.9
37468.6
36174.2
35049.1
34066.5
33240
32560
31965.7
31536
31221.9
30957.8
30747.1
30641.8
30540.9
30437
30400.5
30386.8
30369.5
30352.9
30350.3
30348
30340.4
30338.8
30328.9
30321.7
30310
30306.4
30302.6
30259.3
30235.3
30256.9
30234.7
30162.3
30108.2
30039.7
29942.4
99997.5
99988.2
99958
99862.5
99605.3
98999.4
97761.3
95558.3
92247.3
87982.5
83213.4
78337.6
73663.6
69264.5
65204
61414.3
57975.4
54741.1
51851.9
49139.6
46688
44459.9
42429.2
40593
38941.9
37468.6
36174.2
35049.1
34066.5
33240
32560
31965.7
31536
31221.8
30957.8
30747.1
30641.8
30540.9
30436.9
30400.4
30386.7
30369.6
30353.6
30351.8
30349.9
30344.8
30336
30332.1
30324.8
30313.1
30309
30290.6
30236.1
30227.3
30241.4
30227.2
30148.8
30104.9
30056.9
29974.2
99997.5
99988.2
99958
99862.5
99605.3
98999.4
97761.3
95558.3
92247.3
87982.5
83213.4
78337.6
73663.6
69264.5
65204
61414.3
57975.4
54741.1
51851.9
49139.6
46688
44459.9
42429.2
40593
38941.9
37468.6
36174.2
35049.1
34066.5
33240
32560
31965.6
31536
31221.8
30957.7
30747
30641.6
30540.8
30436.9
30400.4
30386.6
30369.4
30352.5
30350
30348.3
30340.7
30335.8
30329.3
30324.1
30317.5
30312.8
30310.2
30281.6
30252.6
30268
30268.6
30191.1
30137.7
30055
29940.5
99997.5
99988.2
99958
99862.5
99605.3
98999.4
97761.3
95558.3
92247.3
87982.5
83213.4
78337.6
73663.6
69264.5
65204
61414.3
57975.4
54741.1
51851.9
49139.6
46688
44459.9
42429.2
40593
38941.9
37468.6
36174.2
35049.1
34066.5
33240
32560
31965.6
31536
31221.8
30957.6
30746.9
30641.5
30540.8
30436.8
30400.3
30386.6
30368.9
30352.2
30349.7
30348.2
30342.8
30333.5
30325
30319
30309.4
30307.8
30304.3
30290
30253.2
30263.5
30278.3
30210
30143.7
30055.4
29944
99997.5
99988.2
99958
99862.5
99605.3
98999.4
97761.3
95558.3
92247.3
87982.5
83213.4
78337.6
73663.6
69264.5
65204
61414.3
57975.4
54741.1
51851.9
49139.6
46688
44459.9
42429.2
40593
38941.9
37468.6
36174.2
35049.1
34066.5
33240
32560
31965.6
31536
31221.8
30957.6
30746.8
30641.4
30540.7
30436.7
30400.1
30386.5
30368.4
30351
30349.6
30347.7
30345.9
30340.2
30334.1
30322.2
30310.7
30298.5
30280.4
30240.9
30234.2
30234.3
30259.4
30199
30125
30031.3
29928.7
99997.5
99988.2
99958
99862.5
99605.3
98999.4
97761.3
95558.3
92247.3
87982.5
83213.4
78337.6
73663.6
69264.5
65204
61414.3
57975.4
54741.1
51851.9
49139.6
46688
44459.9
42429.2
40593
38941.9
37468.6
36174.2
35049.1
34066.5
33240
32560
31965.6
31536
31221.7
30957.5
30746.7
30641.2
30540.6
30436.6
30400
30386.4
30368.4
30351.7
30351.4
30349.5
30347.3
30344
30331.3
30324.6
30319.3
30314.6
30296.8
30233.2
30231.9
30227.2
30255.4
30212.6
30134.5
30082.9
29975.1
99997.5
99988.2
99958
99862.5
99605.3
98999.4
97761.3
95558.3
92247.3
87982.5
83213.4
78337.6
73663.6
69264.5
65204
61414.3
57975.4
54741.1
51851.9
49139.6
46688
44459.9
42429.2
40593
38941.9
37468.6
36174.2
35049.1
34066.5
33240
32560
31965.6
31536
31221.7
30957.5
30746.6
30641.1
30540.4
30436.4
30399.7
30386.2
30368.5
30351.6
30351.2
30349.3
30348.7
30345.1
30333.3
30327.4
30316
30311.8
30302
30273.2
30239.5
30236.5
30253.7
30204.7
30141
30100.7
30078.7
99997.5
99988.2
99958
99862.5
99605.3
98999.4
97761.3
95558.3
92247.3
87982.5
83213.4
78337.6
73663.6
69264.5
65204
61414.3
57975.4
54741.1
51851.9
49139.6
46688
44459.9
42429.2
40593
38941.9
37468.6
36174.2
35049.1
34066.5
33240
32560
31965.6
31536
31221.7
30957.5
30746.6
30640.9
30540.3
30436.1
30399.5
30386.1
30368.9
30351.8
30351.3
30348.9
30348.7
30343
30338
30340
30323.3
30303.6
30287.9
30255.3
30243.2
30240.1
30258
30208.4
30151.9
30120.8
30108.6
99997.5
99988.2
99958
99862.5
99605.3
98999.4
97761.3
95558.3
92247.3
87982.5
83213.4
78337.6
73663.6
69264.5
65204
61414.3
57975.4
54741.1
51851.9
49139.6
46688
44459.9
42429.2
40593
38941.9
37468.6
36174.2
35049.1
34066.5
33240
32560
31965.6
31536
31221.7
30957.5
30746.5
30640.8
30540
30435.9
30399.2
30386.1
30369.6
30352.3
30351.6
30348.7
30344.1
30339.4
30335.4
30337.9
30325.9
30313.4
30300.5
30293.2
30256.9
30259.2
30269.2
30213.4
30193.1
30169.4
30139.6
99997.5
99988.2
99958
99862.5
99605.3
98999.4
97761.3
95558.3
92247.3
87982.5
83213.4
78337.6
73663.6
69264.5
65204
61414.3
57975.4
54741.1
51851.9
49139.6
46688
44459.9
42429.2
40593
38941.9
37468.6
36174.2
35049.1
34066.5
33240
32560
31965.6
31536
31221.7
30957.5
30746.5
30640.7
30539.8
30435.7
30399
30385.7
30369.5
30352.3
30352
30349.7
30350.2
30343
30337.3
30341.1
30327.9
30315.8
30300.2
30263.5
30254.9
30276.2
30263.3
30206.1
30188.4
30175.3
30169.5
99997.5
99988.2
99958
99862.5
99605.3
98999.4
97761.3
95558.3
92247.3
87982.5
83213.4
78337.6
73663.6
69264.5
65204
61414.3
57975.4
54741.1
51851.9
49139.6
46688
44459.9
42429.2
40593
38941.9
37468.6
36174.2
35049.1
34066.5
33240
32560
31965.6
31536
31221.7
30957.5
30746.5
30640.7
30539.6
30435.5
30398.8
30385.1
30368.9
30352.7
30352.5
30351.6
30350.8
30347.5
30339.3
30332.1
30317.6
30315.5
30301.1
30252.2
30245.5
30267.7
30265.1
30213.2
30185
30159
30164.3
99997.5
99988.2
99958
99862.5
99605.3
98999.4
97761.3
95558.3
92247.3
87982.5
83213.4
78337.6
73663.6
69264.5
65204
61414.3
57975.4
54741.1
51851.9
49139.6
46688
44459.9
42429.2
40593
38941.9
37468.6
36174.2
35049.1
34066.5
33240
32560
31965.6
31536
31221.7
30957.5
30746.5
30640.7
30539.6
30435.3
30398.6
30384.6
30368.6
30351.6
30349.8
30347.6
30342.7
30341.9
30344.8
30335
30318.9
30317.8
30317.1
30269.9
30268.5
30283.3
30227.6
30210.4
30203.4
30192.9
30170.6
99997.5
99988.2
99958
99862.5
99605.3
98999.4
97761.3
95558.3
92247.3
87982.5
83213.4
78337.6
73663.6
69264.5
65204
61414.3
57975.4
54741.1
51851.9
49139.6
46688
44459.9
42429.2
40593
38941.9
37468.6
36174.2
35049.1
34066.5
33240
32560
31965.7
31536
31221.7
30957.5
30746.5
30640.7
30539.7
30435
30398.3
30384.1
30367.7
30350.7
30350.1
30349.8
30348.7
30346.6
30346.1
30338.8
30324.1
30319.3
30303.4
30268.3
30272.4
30293.7
30248.6
30233.6
30223
30192.9
30200.9
99997.5
99988.2
99958
99862.5
99605.3
98999.4
97761.3
95558.3
92247.3
87982.5
83213.4
78337.6
73663.6
69264.5
65204
61414.3
57975.4
54741.1
51851.9
49139.6
46688
44459.9
42429.2
40593
38941.9
37468.6
36174.2
35049.1
34066.5
33240
32560
31965.7
31536
31221.8
30957.5
30746.5
30640.7
30539.7
30435.1
30397.9
30383.8
30366
30349.5
30349.6
30348.1
30347.9
30346.4
30339.1
30332.5
30320.4
30318.4
30317.5
30292
30263.7
30286
30281.9
30240.3
30218.2
30202.5
30212.5
99997.5
99988.2
99958
99862.5
99605.3
98999.4
97761.3
95558.3
92247.3
87982.5
83213.4
78337.6
73663.6
69264.5
65204
61414.3
57975.4
54741.1
51851.9
49139.6
46688
44459.9
42429.2
40593
38941.9
37468.6
36174.2
35049.1
34066.5
33240
32560
31965.7
31536
31221.8
30957.5
30746.5
30640.7
30539.7
30435
30397.7
30383.9
30366.8
30350.8
30349.3
30348.3
30345.3
30341.9
30334.7
30327.9
30317.2
30319.6
30315.7
30275.2
30257.3
30274.2
30283.5
30238.8
30232.3
30214.9
30216.5
99997.5
99988.2
99958
99862.5
99605.3
98999.4
97761.3
95558.3
92247.3
87982.5
83213.4
78337.6
73663.6
69264.5
65204
61414.3
57975.4
54741.1
51851.9
49139.6
46688
44459.9
42429.2
40593
38941.9
37468.6
36174.2
35049.1
34066.5
33240
32560
31965.7
31536
31221.8
30957.6
30746.5
30640.7
30539.6
30435
30397.7
30384.2
30367.3
30351.1
30350.6
30348
30347.5
30343.8
30340.2
30342.9
30325.9
30316.7
30313.4
30290.1
30261.3
30282.4
30286.8
30244.9
30235.3
30239.1
30231.2
99997.5
99988.2
99958
99862.5
99605.3
98999.4
97761.3
95558.3
92247.3
87982.5
83213.4
78337.6
73663.6
69264.5
65204
61414.3
57975.4
54741.1
51851.9
49139.6
46688
44459.9
42429.2
40593
38941.9
37468.6
36174.2
35049.1
34066.5
33240
32560
31965.7
31536
31221.8
30957.6
30746.6
30640.7
30539.6
30434.9
30397.8
30384.2
30370
30353.5
30353.1
30352.9
30351.8
30353.3
30348.9
30346.6
30343.1
30315.9
30302.1
30279.3
30270.4
30293.8
30287.7
30254.3
30254.5
30256.9
30214.3
99997.5
99988.2
99958
99862.5
99605.3
98999.4
97761.3
95558.3
92247.3
87982.5
83213.4
78337.6
73663.6
69264.5
65204
61414.3
57975.4
54741.1
51851.9
49139.6
46688
44459.9
42429.2
40593
38941.9
37468.6
36174.2
35049.1
34066.5
33240
32560
31965.7
31536
31221.8
30957.6
30746.6
30640.8
30539.7
30434.9
30397.9
30384.3
30367.3
30356.3
30356
30354.3
30355.2
30353.4
30354.2
30349.8
30334.8
30335.6
30336.8
30300.7
30289.6
30317.4
30293.5
30272.2
30261.5
30257.5
30263.6
99997.5
99988.2
99958
99862.5
99605.3
98999.4
97761.3
95558.3
92247.3
87982.5
83213.4
78337.6
73663.6
69264.5
65204
61414.3
57975.4
54741.1
51851.9
49139.6
46688
44459.9
42429.2
40593
38941.9
37468.6
36174.2
35049.1
34066.5
33240
32560
31965.7
31536
31221.8
30957.7
30746.7
30641
30539.8
30435.1
30398.2
30384.4
30370.6
30357.4
30357.7
30357.4
30356.7
30357.3
30357.6
30349
30336.6
30337.3
30324.2
30291.7
30303.2
30317
30279.6
30269.5
30270.4
30266.1
30272.8
99997.5
99988.2
99958
99862.5
99605.3
98999.4
97761.3
95558.3
92247.3
87982.5
83213.4
78337.6
73663.6
69264.5
65204
61414.3
57975.4
54741.1
51851.9
49139.6
46688
44459.9
42429.2
40593
38941.9
37468.6
36174.2
35049.1
34066.5
33240
32560
31965.7
31536
31221.8
30957.7
30746.7
30641
30540
30435.4
30398.5
30385.1
30367.7
30352.8
30352.9
30353.9
30353.3
30355.4
30352.1
30348.7
30343.8
30339.3
30334.4
30301.4
30289.6
30316.2
30313.8
30279
30277
30278.3
30282.5
99997.5
99988.2
99958
99862.5
99605.3
98999.4
97761.3
95558.3
92247.3
87982.5
83213.4
78337.6
73663.6
69264.5
65204
61414.3
57975.4
54741.1
51851.9
49139.6
46688
44459.9
42429.2
40593
38941.9
37468.6
36174.2
35049.1
34066.5
33240
32560
31965.7
31536
31221.9
30957.7
30746.8
30641.1
30540.1
30435.6
30399
30385.7
30368.4
30356.5
30356.5
30356.8
30356.3
30357.3
30355
30349.8
30350.4
30326.3
30314.5
30305.2
30296.5
30305
30324.5
30281
30273.6
30287.4
30280.4
99997.5
99988.2
99958
99862.5
99605.3
98999.4
97761.3
95558.3
92247.3
87982.5
83213.4
78337.6
73663.6
69264.5
65204
61414.3
57975.4
54741.1
51851.9
49139.6
46688
44459.9
42429.2
40593
38941.9
37468.6
36174.2
35049.1
34066.5
33240
32560
31965.7
31536
31221.9
30957.7
30746.8
30641.1
30540.3
30435.9
30399.4
30386.4
30368.5
30357.6
30358
30357.8
30357.1
30356.6
30354.5
30351
30332.3
30330.9
30329.8
30320.3
30294.6
30293.4
30329.9
30304.1
30286.1
30286.5
30287.8
99997.5
99988.2
99958
99862.5
99605.3
98999.4
97761.3
95558.3
92247.3
87982.5
83213.4
78337.6
73663.6
69264.5
65204
61414.3
57975.4
54741.1
51851.9
49139.6
46688
44459.9
42429.2
40593
38941.9
37468.6
36174.2
35049.1
34066.5
33240
32560
31965.7
31536
31221.9
30957.7
30746.8
30641.1
30540.3
30436.1
30399.7
30386.9
30368.9
30358.6
30358.5
30357.7
30356.9
30355.6
30351.2
30354.2
30347.1
30335.2
30335.4
30335.4
30297.4
30290.6
30325.9
30317.1
30287.6
30281.8
30300.7
99997.5
99988.2
99958
99862.5
99605.3
98999.4
97761.3
95558.3
92247.3
87982.5
83213.4
78337.6
73663.6
69264.5
65204
61414.3
57975.4
54741.1
51851.9
49139.6
46688
44459.9
42429.2
40593
38941.9
37468.6
36174.2
35049.1
34066.5
33240
32560
31965.7
31536
31221.9
30957.7
30746.8
30641.1
30540.4
30436.2
30400
30387.4
30369.4
30361.6
30361.8
30361.7
30360.5
30358.9
30358
30354.4
30343.1
30335.8
30333.6
30337.6
30306.3
30291.5
30325.2
30324.5
30300.4
30288.3
30281.3
99997.5
99988.2
99958
99862.5
99605.3
98999.4
97761.3
95558.3
92247.3
87982.5
83213.4
78337.6
73663.6
69264.5
65204
61414.3
57975.4
54741.1
51851.9
49139.6
46688
44459.9
42429.2
40593
38941.9
37468.6
36174.2
35049.1
34066.5
33240
32560
31965.7
31536
31221.9
30957.7
30746.8
30641.1
30540.4
30436.3
30400.1
30387.7
30369.6
30362.7
30362.7
30362.6
30361.6
30360
30355.6
30356.8
30352.3
30338.4
30334.7
30339.2
30311.1
30292.3
30322.5
30324.6
30296.8
30302
30294.9
99997.5
99988.2
99958
99862.5
99605.3
98999.4
97761.3
95558.3
92247.3
87982.5
83213.4
78337.6
73663.6
69264.5
65204
61414.3
57975.4
54741.1
51851.9
49139.6
46688
44459.9
42429.2
40593
38941.9
37468.6
36174.2
35049.1
34066.5
33240
32560
31965.7
31536
31221.9
30957.7
30746.8
30641.1
30540.4
30436.3
30400.2
30387.9
30369.7
30363.1
30363.2
30363.1
30362.2
30360.3
30355.7
30356.4
30354.5
30339.4
30335.3
30339.9
30313.4
30293.6
30324.3
30328.4
30299.9
30302.3
30300.8
99997.5
99988.2
99958
99862.5
99605.3
98999.4
97761.3
95558.3
92247.3
87982.5
83213.4
78337.6
73663.6
69264.5
65204
61414.3
57975.4
54741.1
51851.9
49139.6
46688
44459.9
42429.2
40593
38941.9
37468.6
36174.2
35049.1
34066.5
33240
32560
31965.7
31536
31221.9
30957.7
30746.8
30641.1
30540.4
30436.3
30400.2
30388
30369.7
30363.4
30363.5
30363.4
30362.4
30360.6
30356
30356.1
30355.9
30340.4
30336.2
30340.9
30315
30294.8
30325.6
30331.1
30301.1
30301.8
30301.8
99997.5
99988.2
99958
99862.5
99605.3
98999.4
97761.3
95558.3
92247.3
87982.5
83213.4
78337.6
73663.6
69264.5
65204
61414.3
57975.4
54741.1
51851.9
49139.6
46688
44459.9
42429.2
40593
38941.9
37468.6
36174.2
35049.1
34066.5
33240
32560
31965.7
31536
31221.9
30957.7
30746.8
30641.1
30540.4
30436.3
30400.3
30388
30369.7
30363.8
30363.9
30363.8
30362.7
30360.8
30356.4
30355.8
30356.8
30341.8
30337.4
30341.6
30312.9
30294
30325
30331.7
30298.7
30301.9
30302
99997.5
99988.2
99958
99862.5
99605.3
98999.4
97761.3
95558.3
92247.3
87982.5
83213.4
78337.6
73663.6
69264.5
65204
61414.3
57975.4
54741.1
51851.9
49139.6
46688
44459.9
42429.2
40593
38941.9
37468.6
36174.2
35049.1
34066.5
33240
32560
31965.7
31536
31221.9
30957.7
30746.8
30641.1
30540.4
30436.3
30400.3
30388
30369.7
30363.8
30363.9
30363.9
30362.8
30360.8
30356.5
30355.9
30357.1
30342.3
30338
30342
30313.1
30294.2
30325.2
30332.2
30298.6
30301.9
30302.6
29989.6
29839.9
29488.2
28994.7
28655.5
28424.3
28266.4
28165
28100.1
28061.4
28045.8
28040.1
28032.8
28017.8
27998.7
27981.6
27903.9
27826.4
27756.7
27696.3
29920
29789.2
29539.1
29033.7
28672.8
28436.5
28272
28161.6
28097.8
28066
28053.8
28046.4
28038.7
28029.7
28012.2
27977.8
27929.1
27871.7
27811.8
27763.5
29969.8
29828.5
29560.5
29015.8
28690.3
28448.2
28274.5
28153.3
28092
28067.2
28054
28042.4
28030.7
28017.4
28000.5
27974.4
27934
27883.3
27825.5
27785.3
29942.7
29815.4
29442.2
29008
28699
28455.9
28274.4
28150.4
28095
28073.3
28054
28033.6
28022.2
28015
28001
27977.6
27928.1
27880
27851.9
27798.1
29895.9
29647.1
29322.9
29002.5
28704.7
28463.8
28281.8
28151.4
28092.9
28070.7
28046.8
28027
28015.8
28004.9
27989.9
27975.7
27943
27916.9
27907.9
27869.9
29788.5
29596.8
29318.1
29006.4
28718.5
28484.7
28300.6
28153.2
28072.2
28046.5
28032.8
28023.5
28020.1
28014.6
28001.5
27985.8
27982.9
27972
27923.6
27952.4
29884.8
29681.2
29306.6
29007.6
28728.5
28498.5
28316.9
28165.5
28059.6
28028
28025.1
28026.2
28022.4
28035.3
28038
28033.7
28037.8
28019.4
27985.6
28004.1
29896.3
29685.6
29292.7
28996.5
28723.9
28503
28332.4
28209.3
28112.1
28073.1
28063
28057
28038.5
28032.1
28083.6
28047.3
28048.3
28110.1
28092.5
28002.5
29894.8
29661.5
29270.4
28974.8
28707.7
28500.5
28352.1
28248.1
28166.5
28110.6
28089.4
28086.4
28088.2
28080.3
28104.8
28070.7
28084
28143.5
28018.2
28003.4
29858.2
29660.1
29245.5
28946
28675.9
28456.7
28304.9
28216.5
28183.8
28184.2
28187.9
28182.2
28171.7
28163.7
28156.4
28146.1
28146.4
28140.4
28112.2
28120.9
29848.5
29573.9
29216.1
28930.7
28654.9
28425.6
28306.6
28263.8
28256.5
28255.5
28254.7
28227.5
28208.4
28197.1
28182.4
28169.1
28166.8
28170.6
28152
28178.7
29770.1
29579
29202.6
28917
28660.9
28441.4
28272.8
28264.8
28260.7
28288.3
28272
28262.1
28368.4
28258.4
28189.1
28191
28183.2
28192.5
28198.4
28174.1
29751.5
29484
29208.9
28930.8
28687.5
28470
28352.5
28337
28350.3
28365.5
28297.7
28256.8
28229.8
28217.4
28217
28217.9
28220.8
28217.3
28242.8
28213.4
29717.9
29490.3
29234
28943.9
28711.8
28586.8
28487.4
28399.9
28348.7
28320
28294
28265.8
28245.5
28244.1
28245.8
28253.4
28254.9
28248.2
28295.9
28265.4
29794.5
29645.7
29467
28998.5
28728
28546.7
28433.5
28321.9
28262.9
28248.6
28246.8
28247.2
28237.7
28282.1
28253.3
28279.8
28343.4
28273.7
28322.8
28404.3
29786.4
29634
29376.4
28994.9
28754
28566.3
28410.8
28287.6
28256.8
28256.6
28257.2
28263.6
28274.1
28304.3
28317.8
28328.5
28345.9
28351.6
28376.9
28380.4
29708.5
29561.7
29305.9
29013.9
28748.3
28559.4
28433.6
28364.9
28330.7
28314.3
28315.3
28315.5
28322.5
28320.8
28326.2
28341.7
28310.6
28361.9
28355.2
28316.8
29664.3
29509.5
29244.9
28951.6
28728.6
28594.9
28492.1
28430.3
28381.6
28344.5
28332.1
28332.2
28330.7
28338.2
28333.1
28342.4
28348.2
28336.9
28403.5
28334.4
29687.5
29529.7
29345.2
29060.4
28913.1
28847.5
28581.1
28466.2
28426.8
28392.7
28379.6
28378.6
28375.1
28379.9
28375.5
28378.4
28388.2
28366.9
28422.6
28373
29768
29509.8
29264.4
29021.3
28814.2
28650.2
28538.1
28485.1
28452.1
28422.5
28409
28406.8
28406.1
28410.7
28409.2
28404.9
28423.3
28405.8
28425.4
28427.9
29806.9
29538.3
29235.6
28984.8
28773.9
28618.6
28517
28465.5
28427.6
28404.2
28402.6
28404.2
28403.2
28409.1
28420.6
28440.3
28425.7
28434.5
28493.4
28382.5
29793.1
29642
29248.5
28990.9
28778.9
28634
28547.2
28477.2
28419.8
28398
28396.7
28394.3
28401.8
28395.2
28430.8
28407.9
28401
28500.4
28399.8
28385.8
29836.3
29608.1
29376.8
29146.2
28917.9
28758.7
28649.8
28578.1
28535.6
28498.4
28455
28416.8
28387.7
28365.1
28354.6
28355.4
28361.7
28366.9
28387.1
28385.4
29794
29671.6
29508.5
29229.4
29006.7
28858.7
28753.4
28671.4
28604.3
28546
28494.2
28447
28404.1
28367.1
28338.5
28335.4
28337.3
28342.9
28346.1
28368.6
29803.2
29686.3
29456.6
29256.3
29065.7
28909.5
28796.5
28716.7
28645.8
28571.6
28504.3
28453.5
28417.1
28395.1
28380.2
28377.7
28380.1
28386.4
28387.3
28401.6
29799.6
29692.8
29481.4
29284.2
29110.3
28990.9
28906.7
28819.4
28729.6
28644.7
28570.8
28508.7
28458.9
28424.1
28408.3
28404.7
28400.8
28400.1
28420.6
28318
29837.7
29721.4
29542.1
29368.2
29207.3
29097.5
29012.6
28925
28837.8
28754
28673.5
28598.4
28530.5
28472.2
28425.8
28398.9
28382.2
28366.2
28328.5
28227.8
30027.2
29975.1
29709.1
29459.3
29320.4
29196
29092
29010.7
28939.8
28870
28796.7
28719.5
28639.2
28559.3
28479.3
28405
28335.3
28266.6
28211.3
28175.1
30067.3
30025.5
29755.7
29570.9
29411.9
29286.1
29201.5
29124.4
29038.3
28946.8
28855.4
28767.6
28682.1
28597.8
28514.9
28435.6
28363.6
28296.7
28213.4
28200.2
30075.9
29930.5
29740.5
29622.8
29511.6
29417.9
29339.1
29257.4
29173.8
29093.4
29015.4
28937
28857.3
28776.4
28694.2
28615.2
28534
28449.7
28373.3
28291.6
30122.7
29947.4
29802.2
29678.2
29568.4
29470.4
29397.7
29336.9
29269.7
29193.3
29113.3
29032.8
28950.4
28869.7
28787.8
28700.8
28614.4
28537.6
28434
28386.8
30144.4
30122.3
29898
29758.2
29661.9
29571.7
29495.8
29430.4
29364.1
29294
29221.7
29150.9
29078.7
29007.1
28934.3
28850.2
28779.2
28700.1
28617.2
28542.3
30138.9
30100.3
30058.3
29994.5
29769.2
29684.8
29614.7
29548.1
29483.3
29420.1
29354.3
29289.6
29225.7
29162.4
29097.4
29025.7
28962.6
28888.2
28812.5
28733.5
30186.5
30172.5
29995.9
29879.9
29810.2
29740.1
29687.3
29642.4
29592.2
29528
29462.7
29389.1
29321.6
29258
29184
29118.5
29061.7
28989.2
28930.2
28846.2
30204.1
30178.8
30034.6
29957.7
29893.7
29858.2
29830.4
29759.1
29707.9
29657.1
29606.8
29549.7
29492.9
29434.6
29359.2
29292.9
29211.7
29162.6
29101.8
29037.5
30210.7
30185.3
30172.6
30017.8
29955.6
29923.7
29847.2
29782.2
29731.5
29703.1
29658.9
29614.2
29577.4
29532.4
29562
29561.2
29335.1
29263.8
29233.2
29195.3
30186.7
30132.7
30088.6
30039.2
30022.2
29992.1
29971.2
29903
29867.7
29824.5
29803.5
29894.5
29819.1
29638.6
29578.7
29524.6
29475.7
29402.2
29355.1
29332.3
30163.7
30144.3
30111.2
30059.7
30024.9
29999.3
29974.8
29996.3
29991.8
29893.5
29938.1
29923.2
29755.2
29717.8
29706.1
29645.4
29584.5
29598.7
29672.2
29448.9
30252.6
30179.1
30134
30095.5
30066.4
30036.2
30005.1
29974.8
29945.7
29915.6
29878
29838.5
29805.2
29772.2
29737
29745.9
29822.2
29718.9
29661.2
29743.7
30266
30206.6
30163.4
30148.3
30121.8
30092.9
30086.9
30100
30038.7
29987.7
29954.2
29986.9
30029.7
29903.9
29830.1
29796.1
29753.7
29794.8
29845.3
29710.5
30274.7
30281.1
30226.5
30187.1
30165.6
30152.1
30154
30171.5
30117.2
30128.9
30155.1
30018.9
29962.3
29925.5
29999.3
30059.9
29938
29831.9
29811.4
29864.2
30263.2
30253.8
30240.7
30222.9
30245.6
30178
30146
30134.8
30152.9
30138.3
30064.4
30049.1
30114.4
30069.9
29977.2
29999.6
30037
29964.6
29958.7
29999.1
30286.1
30274.3
30268.4
30244.2
30201.3
30187.4
30178.4
30199.7
30179
30128.3
30150.1
30168.4
30095.4
30125.2
30172.9
30020.2
29954.7
30075.7
30106.5
29933.9
30299.1
30294.3
30242.9
30229.7
30218.9
30207.8
30212.2
30212.1
30170.7
30150.2
30157.6
30194
30122.1
30105.5
30183.4
30109.2
30059.4
30149.5
30127.8
30012.1
30274.4
30275
30261
30265.3
30257.9
30207
30201.7
30187.5
30176.2
30204.9
30184.8
30126.1
30114.1
30156.2
30150.6
30105
30150.6
30122.9
30051.4
30126.3
30276.3
30266.1
30271.5
30251.7
30264.9
30248.3
30202.7
30189.3
30183.6
30211.7
30185.3
30133.8
30120.1
30158.1
30165.1
30116.7
30152
30144.9
30070.9
30124.6
30290.2
30264.4
30262.2
30261.8
30239.1
30263.9
30231
30189.6
30175.6
30175.5
30206.2
30167.3
30128.9
30160.9
30174.3
30125.4
30156.9
30158
30083.2
30127.5
30295.5
30271.3
30259.1
30265.1
30241.6
30256.1
30247.9
30192.3
30175.7
30168.3
30201.6
30185
30138.8
30160.6
30177.5
30130.8
30158.7
30163.6
30090.4
30129.8
30299.4
30282.4
30276
30253.9
30270
30251.2
30216
30206.1
30209.6
30220.3
30174
30145.2
30130.4
30166.1
30180.8
30131.8
30162
30165.6
30091.6
30133.4
30301
30287.7
30267.4
30252.4
30272.2
30235.1
30216.9
30208.4
30203.6
30225.1
30187.6
30146.4
30131.5
30165.9
30181.6
30133
30161.8
30166.8
30093.5
30133.5
28011.2
28009.1
28001.1
27983.7
27963.8
27936.4
27882.3
27790.4
27715.4
27496.2
27501.4
27645.7
28127.6
28806.9
29605.5
30343.1
30853
31159
31432.1
31641
31838.3
31837.1
31809.6
31675.4
31139.3
28789.8
17888.6
10961
10099.4
10008
28018.9
28016.9
28008.9
27991.5
27970.8
27944.3
27889.5
27797.8
27719.6
27495.1
27497.1
27633.7
28078.1
28756.4
29537.6
30290.9
30822.2
31151.9
31413
31636.6
31831.1
31830.2
31803
31670.3
31132.1
28783.4
17897.4
10961.2
10099.4
10008
28035.7
28034.1
28026.7
28009.5
27987.7
27960.5
27905.1
27813.1
27722.4
27484.8
27482.1
27616.8
28024.1
28705.8
29499.9
30239.1
30789.3
31126.2
31397.4
31639
31820.5
31822.5
31796.5
31663.9
31122.6
28769.2
17903.5
10961.5
10099.4
10008
28050.1
28048.7
28042.1
28025.6
28003.1
27976
27920.6
27828.5
27723.1
27468.4
27460.1
27599
27980.7
28675.6
29504.7
30210.4
30745.3
31097.2
31376.3
31641
31817
31817.8
31794.7
31663
31118.7
28752.2
17898.8
10961.5
10099.5
10008
28065.6
28064.6
28058.8
28043.4
28020.8
27992.7
27939.3
27844.1
27717.6
27441.7
27436.7
27579.7
27944.5
28659.9
29469.1
30186.2
30695.6
31059.3
31357
31643.7
31813.8
31823.1
31801.2
31669.5
31124.8
28745.1
17888.7
10961.2
10099.5
10008
28069.1
28068.4
28064
28050.8
28028.9
28000.6
27947.8
27851.7
27701.9
27408.4
27410.5
27563.1
27943.5
28684.6
29467
30131
30645.5
31024.5
31336.4
31642.4
31812.2
31833.2
31808.8
31676.8
31132.8
28742.9
17878.7
10960.7
10099.6
10008
28067.6
28067.1
28064
28053.1
28031.7
28002.6
27952.9
27850.2
27674.4
27372.9
27392
27550.3
27943.2
28656.8
29420.4
30100.8
30609.1
30998.2
31318
31634.8
31808.2
31835.6
31810.6
31681.7
31141.3
28743.2
17873.2
10960.1
10099.5
10008
28061.6
28061.2
28059.3
28050.6
28029.9
27999.2
27948.1
27839.6
27636.7
27357.6
27386.2
27541.5
27920.9
28559.7
29380.1
30066
30580.7
30982
31301.9
31624.8
31801.2
31832.7
31808
31681.9
31143.7
28741.1
17869
10959.3
10099.5
10008
28057.9
28057.7
28056.5
28050.2
28031.8
27997.9
27941.8
27818.7
27599.7
27327.3
27364.7
27529
27898.4
28558.6
29345.5
30052.3
30556.5
30968.2
31285.7
31611.2
31789.5
31822.2
31798.6
31675.6
31139.1
28734.4
17864.1
10958.4
10099.5
10008
28056.9
28056.7
28055.8
28051.4
28035.7
27998.7
27932.5
27793.2
27564.9
27321.8
27362.7
27533.4
27915.9
28581.2
29307.7
29972.2
30530.2
30953.6
31265.6
31592.4
31772.4
31804
31783.1
31663.4
31129.8
28722.7
17856
10957.3
10099.4
10008
28054.9
28054.7
28053.9
28050.5
28037.3
28001.5
27923.2
27763
27551.3
27327.4
27376
27537.2
27913.5
28644.5
29367.8
29919.2
30498.2
30938
31242.4
31568.7
31749.8
31780.1
31762.4
31645.2
31115.9
28708
17844.1
10956.1
10099.4
10008.1
28050.8
28050.6
28049.6
28046
28034
27999
27916.3
27745
27535.2
27360.9
27392.2
27543.8
27915.4
28614.3
29418.9
29945.5
30461.1
30914.9
31216.7
31541.8
31723.5
31752.8
31737.9
31623.4
31100.7
28693.8
17828.9
10954.8
10099.3
10008.1
28044.2
28044
28042.7
28038.7
28026.9
27993.7
27912.3
27734.4
27525
27393.6
27416.6
27548.2
27874.4
28528.7
29374.6
29975.6
30457.5
30888.6
31189.8
31513.6
31696.6
31725
31712.6
31601.8
31088.5
28685.2
17813.3
10953.4
10099.3
10008.1
28037.9
28037.7
28036.3
28031.9
28019.7
27987.8
27910.3
27737.9
27529.9
27422.9
27439.9
27550.6
27856.2
28519.6
29407.9
30004.2
30459.4
30864.2
31164.4
31487.4
31672.2
31699.2
31689
31583.3
31082.8
28685.6
17800.9
10952.1
10099.2
10008.1
28031.9
28031.6
28030.2
28025.7
28013.7
27983.8
27912.7
27754.3
27555.6
27454.4
27469.4
27570.4
27867
28519.6
29409.9
29996.8
30450.4
30843.7
31141.9
31463.9
31652.4
31676.9
31668.7
31568.1
31080.2
28692.3
17794.1
10951.1
10099.2
10008.1
28026.2
28025.9
28024.5
28020.2
28008.9
27981.5
27917.9
27776.8
27591.9
27503.5
27517.7
27609.5
27880.8
28494.1
29374.1
29975.4
30423.3
30825.4
31122.9
31444.4
31636.2
31660
31652.3
31555.1
31078.7
28700.5
17792.7
10950.4
10099.2
10008.1
28021.2
28020.9
28019.7
28015.7
28005.4
27981.1
27925.7
27803.7
27632.3
27564.6
27576.1
27654.5
27900
28457.3
29343.6
29948.3
30409.7
30808.7
31106.1
31428.8
31623.5
31653.7
31646.3
31550.1
31079.4
28710.1
17794.9
10949.9
10099.2
10008.1
28015.5
28015.3
28014.1
28010.7
28001.8
27980.8
27933.7
27830.2
27677.5
27619.7
27628.9
27694.3
27908.2
28405.3
29365.6
29949.7
30422.7
30799.1
31093.1
31417.7
31613.4
31648.3
31640.6
31547.8
31084.4
28723.3
17799.6
10949.7
10099.3
10008.2
28010.1
28009.9
28009
28006
27998.6
27981.2
27942.1
27856.4
27724.2
27670.6
27678
27735.1
27929.9
28403.3
29362.3
29950.7
30416.4
30791.2
31084.2
31409.7
31606.8
31646.1
31638
31546
31086.4
28731.1
17805.6
10949.7
10099.4
10008.2
28004.1
28004
28003.2
28000.9
27995
27981.1
27950
27881.7
27768.6
27720.7
27728.1
27781.8
27965.7
28401.7
29348
29948.9
30402.6
30783.2
31077.5
31403.9
31602.3
31644.8
31635.9
31544.5
31084.6
28730.8
17810.2
10949.8
10099.5
10008.2
27998.6
27998.4
27997.8
27996
27991.6
27981.3
27958.3
27908.1
27812.7
27768.8
27776
27825.9
27996.1
28410.8
29307.6
29943.2
30391.1
30772.9
31071.1
31399.1
31599.1
31644.6
31635.3
31544.3
31083.3
28726.6
17810.6
10950
10099.6
10008.2
27991.2
27991.2
27990.8
27989.8
27987.2
27980.8
27966.2
27932.2
27858.1
27814.6
27821
27867.5
28025
28408.3
29256.4
29932.3
30379
30761.3
31063
31393.6
31596.9
31645.3
31635.7
31546.6
31086
28727.3
17808.8
10950.2
10099.7
10008.2
27980.2
27980.2
27980.2
27979.9
27979.3
27977.5
27971.1
27952.8
27906.4
27856.7
27862.4
27904.6
28050.1
28410.9
29205.2
29920.1
30364.8
30749.4
31053.3
31387.2
31594.3
31645.5
31635.7
31548.4
31088.7
28730.2
17807.6
10950.5
10099.8
10008.2
27970.3
27970.3
27970.5
27971.1
27972.7
27976.3
27976
27969
27945.3
27898.6
27903.2
27938.9
28070.6
28410.1
29210.1
29908.2
30348.1
30736.8
31042.1
31379.5
31591.5
31645.1
31635.1
31549.6
31090.6
28730.3
17805.9
10950.7
10099.9
10008.3
27967
27967
27967.4
27968.6
27971.7
27978.8
27988.6
27986.3
27975.4
27944.1
27946.9
27976.7
28094.8
28420.7
29220.4
29897.5
30331.7
30724.3
31029.9
31370.9
31588.1
31643.6
31633.8
31550.6
31094.2
28733.5
17803.4
10950.9
10100.1
10008.3
27964.2
27964.3
27965
27967.1
27972.3
27984.2
28008.8
28009.5
28005.3
27987.6
27988
28013.5
28126.2
28444.1
29183.6
29883.6
30315.1
30711.4
31017.1
31361.8
31584.1
31641.3
31631.7
31550.6
31096.8
28735.3
17800.6
10951.1
10100.2
10008.3
27960.9
27961.1
27962.1
27965.2
27972.8
27990.3
28028.6
28037.7
28035.2
28026.1
28027.2
28050.2
28155.2
28473.5
29140.4
29867.6
30298.5
30697.7
31004.2
31352.7
31580
31638.3
31629.2
31550.3
31099
28736.1
17797.1
10951.3
10100.3
10008.3
27962.5
27962.8
27964
27967.8
27977.2
27999
28047.4
28067.6
28065.8
28061.5
28063.1
28087.4
28185.8
28469.9
29107.9
29849.8
30284.7
30684.1
30991.4
31343.9
31575.7
31634.7
31626.1
31549.5
31100
28735.9
17792.6
10951.5
10100.5
10008.4
27971.6
27971.8
27973.2
27977.5
27988.2
28012.7
28065.2
28094.8
28094.5
28093
28096.8
28118.3
28223.7
28484.3
29047.5
29831.9
30274.6
30670.7
30978.9
31335.6
31571.6
31630.7
31622.8
31548.1
31100
28733.9
17787.7
10951.6
10100.6
10008.4
27994.2
27994.3
27995.6
27999.8
28010.7
28035.8
28079.3
28111.5
28116.7
28119.1
28128.1
28152.5
28243.4
28487.5
28985.7
29820.9
30270.9
30657.9
30966.9
31328
31567.8
31626.5
31619.4
31546.4
31099.2
28730.5
17781.9
10951.7
10100.7
10008.4
28026.6
28026.6
28028
28032.7
28045
28074.1
28096.2
28116.5
28120.8
28127.7
28146.7
28184.9
28271.3
28489.1
28984.8
29822.2
30267.2
30645.5
30955.4
31321.1
31563.8
31621.6
31615.7
31543.9
31097.1
28725.2
17775.2
10951.8
10100.9
10008.4
28040.3
28040.9
28043.6
28052.2
28074.2
28124.2
28130.6
28124.8
28121.2
28127.5
28148.8
28203.5
28300.3
28507
28966.1
29815.3
30260.3
30633.1
30944.4
31314.6
31559.7
31616.4
31611.3
31540.6
31094.1
28718.6
17767.5
10951.9
10101
10008.4
28028.9
28029.8
28034.2
28046.9
28078.2
28150.8
28170.2
28161.8
28132.7
28121.8
28137.2
28210.5
28318.5
28536.1
28928.6
29797.1
30251.8
30621
30933.7
31308.2
31555.6
31610.9
31606.4
31536.3
31089.8
28710.4
17759.4
10951.9
10101.1
10008.5
28012.3
28013.1
28017.5
28031.3
28065.4
28137.3
28170.6
28186.8
28188.6
28148.8
28134
28183.6
28329.3
28555
28937.7
29774.4
30241.6
30609.2
30923.3
31301.7
31551
31604.5
31600.7
31530.9
31084.6
28701.3
17750.7
10952
10101.2
10008.5
27998.1
27998.8
28003
28015.4
28046
28117.2
28157.7
28170.7
28196.2
28221.1
28183.1
28163
28300.7
28564.2
28936.7
29758.8
30231
30598
30913.2
31294.8
31545.8
31597.2
31593.9
31524.4
31077.7
28690.4
17741.6
10952
10101.4
10008.5
27972.4
27973.6
27979.2
27994.7
28032
28114.7
28169.8
28174.2
28176
28219.7
28249.3
28213.6
28248.6
28556.7
28943.5
29740.3
30220.4
30587.5
30903.3
31287.5
31540.1
31589.1
31586.2
31516.8
31069.6
28678.5
17732.3
10952.1
10101.5
10008.5
27939.2
27940.4
27947
27966.5
28011.6
28107.5
28171
28190.6
28202.5
28196.5
28246.4
28275
28277.1
28504.6
28950.1
29730.8
30210.7
30577.7
30893.6
31280
31533.8
31580.3
31577.7
31508.2
31060.3
28665.2
17722.8
10952.1
10101.6
10008.6
27913.4
27914.6
27921.9
27944.5
28000
28093.9
28156.1
28183.2
28206.6
28217.1
28243.1
28296.3
28340.4
28460.6
28951.5
29721.6
30201.3
30568.5
30883.9
31272.4
31527
31570.8
31568.4
31498.8
31049.9
28651.2
17713.1
10952.1
10101.7
10008.6
27887.1
27889
27898.7
27926.3
27993.4
28096.7
28145.1
28172.2
28195.4
28227.9
28252.8
28294.9
28368.8
28468.6
28943.8
29712.1
30192.8
30559.8
30874.4
31264.6
31519.7
31560.8
31558.5
31488.7
31038.8
28636.4
17703.2
10952.2
10101.9
10008.6
27861.5
27864
27875.4
27906.2
27977.3
28110.2
28143.8
28158.5
28184.3
28233.3
28254.2
28290
28375
28495.6
28935.3
29701.6
30184.8
30551.4
30865.2
31256.8
31512.1
31550.4
31548.2
31478
31027
28621.3
17693.3
10952.2
10102
10008.6
27837.2
27839.6
27850.9
27884.4
27961.6
28124.5
28161.2
28159.5
28167.8
28222.5
28260.2
28291.6
28377
28519.3
28928
29692.7
30178
30543.4
30856.2
31248.9
31504.4
31539.9
31537.8
31467
31014.9
28606.3
17683.4
10952.2
10102.1
10008.7
27814.2
27815.9
27826.8
27862.7
27949.9
28114
28168.9
28185.1
28181.3
28185.4
28259.4
28298.6
28374.6
28527.2
28926.2
29687.7
30172.4
30535.7
30847.6
31241
31496.6
31529.4
31527.2
31456.1
31002.8
28591.6
17673.5
10952.2
10102.2
10008.7
27790.7
27792.7
27805.8
27845.7
27942.5
28109.6
28158.2
28193.2
28209.4
28179.7
28243.1
28301.6
28375.6
28530.8
28928
29683.6
30167.4
30528.3
30839.2
31233.4
31488.9
31519
31516.9
31445.3
30990.9
28577.2
17663.9
10952.3
10102.4
10008.7
27768.3
27770.6
27785.8
27830.5
27933.5
28107
28160.3
28189.1
28210.6
28203.5
28222.6
28305.3
28379.2
28532.5
28929.7
29679.4
30162.9
30521.2
30831
31226.1
31481.4
31509
31506.8
31434.8
30979.2
28563.1
17654.6
10952.3
10102.5
10008.7
27746.9
27750
27768.5
27821.1
27927.1
28098.2
28157.2
28192.7
28213
28218.4
28214.1
28308.6
28386.6
28533
28920.8
29673.3
30157.9
30514.3
30823
31219.1
31474.1
31499.4
31497.1
31424.8
30967.7
28549.4
17645.7
10952.3
10102.6
10008.8
27727.2
27731.1
27753.7
27817.1
27915.7
28090.8
28154.2
28192.1
28217.4
28228.1
28214.2
28306.2
28394.2
28536.3
28901.9
29666.6
30152.9
30507.6
30815.4
31212.5
31467.1
31490.3
31487.9
31415.3
30956.2
28536.9
17637.5
10952.4
10102.7
10008.8
27708.6
27713.6
27741.3
27815.8
27904
28080.2
28153.3
28191.1
28220.5
28235.1
28216.3
28303.8
28402.9
28540.8
28886.4
29662.3
30148.8
30501
30808
31206.1
31460.5
31481.7
31479.2
31406.3
30945.1
28526.6
17630.3
10952.4
10102.8
10008.8
27691.8
27698.6
27731.8
27816.1
27894.8
28069.8
28149.7
28189.8
28222.8
28240.1
28219.4
28301.6
28410
28544
28872.5
29657.1
30146.1
30494.6
30800.9
31200.1
31454.3
31473.7
31471.1
31398
30935.6
28518.9
17624
10952.5
10102.9
10008.8
27675.7
27684.9
27723.1
27814.6
27888.9
28056.2
28146.8
28189.1
28223.9
28245.2
28221.7
28303.5
28417.5
28546.5
28860.7
29653.1
30144.1
30488.4
30794.2
31194.5
31448.6
31466.3
31463.6
31390.6
30928
28513.3
17618.3
10952.6
10103
10008.9
27658.3
27670
27712.6
27808.8
27882.9
28046.3
28142.8
28186.7
28223.7
28247.8
28223.6
28306.2
28423.2
28552.9
28857.7
29650.5
30141.8
30482.8
30788.2
31189.5
31443.6
31459.6
31456.8
31383.8
30921.9
28509.3
17613.5
10952.7
10103.1
10008.9
27635.5
27649.5
27695.1
27786.4
27867.9
28023.7
28131.3
28179.7
28221.2
28249.7
28229.1
28308.9
28434.6
28573.6
28858.3
29648
30130.7
30467.8
30772.6
31177
31431
31442.9
31439.8
31367.5
30914.3
28504.1
17603.2
10953
10103.4
10008.9
27721.8
27722.2
27727.9
27755.1
27825.7
27962.4
28111.3
28171.9
28212.6
28235.7
28234.7
28283.4
28453.6
28610.2
28877.2
29629.1
30120.4
30440.9
30747.1
31157.8
31412.8
31422.8
31419.8
31352.5
30915.6
28522.6
17601.3
10953.9
10104
10009
27744.5
27734.4
27732.5
27748.7
27796.5
27898.4
28057.7
28143.6
28189.3
28217.1
28231.1
28246.3
28448.5
28624.5
28874.1
29614.3
30125.2
30415.5
30723.5
31141.3
31397.8
31409.3
31406
31345.1
30930.4
28565
17613.3
10955.4
10104.6
10009.2
27824.3
27870.5
27800.7
27797.6
27816.2
27886.1
27944.9
28086.6
28155.7
28195.8
28222.2
28229.7
28439.6
28626.2
28881.3
29619.8
30134.9
30416.8
30698.8
31125
31382.3
31396.1
31392
31338.9
30948.9
28623.1
17636.2
10957.6
10105.4
10009.3
27818.6
27893.8
27857.7
27820.4
27825.2
27856.8
27944.4
28011
28096.5
28165.1
28207.3
28227.3
28423.3
28635.9
28920.4
29636.6
30147.1
30428.9
30676.3
31106.8
31362.1
31377.4
31373.3
31327.1
30956.6
28667.9
17663.2
10960.6
10106.3
10009.5
27899.7
27940.7
27903.5
27855.3
27857.9
27874.5
27917
27981
28027.6
28075
28171.2
28231.2
28426.6
28614.9
29066.3
29626.4
30156.7
30447.8
30653.1
31082.1
31333.7
31349.4
31344.7
31302.3
30946.4
28675.6
17670.9
10964.3
10107.4
10009.6
27930.8
27981.9
27927.2
27874.3
27873.1
27872.6
27896.7
27945.6
27999.9
28039.2
28111
28258.2
28446.5
28672.2
29095.5
29637.7
30180.2
30467.8
30661
31037.1
31298.4
31313
31307.6
31266.6
30919.7
28667.8
17666.6
10968.9
10108.7
10009.8
27958.2
27948
27991.1
27920.2
27896.8
27896.4
27892.8
27921.2
27978.5
28058.6
28094.1
28221.6
28517.3
28824.8
29109.9
29636.8
30185.5
30468.8
30671.4
30980.9
31259.2
31272.3
31266.1
31225.6
30886.8
28644.9
17656.5
10974.5
10110.3
10010.1
28087.5
28014.7
28017.7
27988.5
27942.4
27952
27973.2
27978.5
27990.3
28109.6
28163.1
28269.9
28550.4
28905.5
29165.7
29606.3
30187.4
30459
30662.3
30955.2
31223.7
31233.2
31225.9
31183.4
30847.2
28612.3
17643.8
10981.2
10112.1
10010.4
28117.7
28080.1
28110.1
28072.4
28022.5
28040.4
28060.3
28034.5
28119.3
28184.7
28206
28400.6
28669.1
28922.4
29231.7
29553.3
30165.4
30446
30643.7
30927
31195.8
31202.1
31193.6
31146.7
30808.6
28572
17631.9
10988.4
10114.1
10010.7
28165.9
28140
28193.8
28186.7
28150.8
28141
28172.6
28165.3
28222.8
28281.5
28307.2
28469.5
28821.4
29011.4
29240.5
29548.7
30109.1
30433.3
30632.9
30899.4
31172
31176.5
31166.7
31114.6
30774.2
28529
17606.4
10996
10116.5
10011
28218.7
28185.3
28230.1
28250.2
28255
28249.7
28262.1
28286.2
28301.4
28395.8
28454.9
28679.6
28794.6
29087.9
29395.8
29640.9
29956.2
30394.7
30608.5
30893.8
31145.7
31147.4
31135.3
31075.1
30732.6
28476.3
17566.7
11003.8
10119.2
10011.5
28237.5
28242.8
28272.6
28275.1
28271.8
28346.6
28357.8
28376
28426.4
28448.9
28631.6
28741.5
28859.6
29093.4
29450.9
29719.1
29914.6
30336.4
30574.8
30914.7
31118
31117.7
31100.3
31022.7
30671.3
28410
17524.6
11012.4
10122.3
10011.9
28285.6
28280.5
28303.9
28296.3
28344.3
28338.7
28400.9
28415.7
28473
28612.4
28744.5
28842.5
28898.2
29179
29461.5
29728.4
29910.3
30300.6
30530.4
30941.8
31096.6
31095.3
31070.4
30969.2
30587.9
28322
17492.3
11022.8
10126
10012.5
28331
28318.4
28335.5
28334.6
28379.6
28367.9
28445.8
28494.2
28496.3
28666.6
28798.9
28909
29001.1
29264.5
29475.9
29720.7
29907.7
30289.5
30505.4
30957.5
31074.3
31071.1
31035.8
30905
30479.8
28217.1
17482
11035.9
10130.5
10013.1
28347.3
28348.2
28361.8
28359.8
28388.5
28416.9
28509.2
28498.5
28627.8
28803.5
28836.2
28861.5
29095.8
29283.6
29502.7
29728.9
29899.7
30271
30500.4
30965.7
31066.4
31062.4
31022.4
30873.7
30421.6
28174.6
17496.4
11053.8
10135.9
10013.8
28396.4
28329
28411.6
28400.4
28380.4
28441
28573.7
28616.6
28612.8
28748.1
28910
28990.5
29153.5
29342.9
29454.9
29738.4
29915
30224.6
30495.3
30975.9
31066.5
31061.5
31017.2
30853.2
30383.9
28189.3
17568.9
11078.5
10142.5
10014.6
28405.1
28399.2
28380.5
28445.2
28428.7
28421.3
28562.6
28637.6
28697.5
28715.7
28850.4
29006.6
29209.1
29345.9
29509.8
29761.7
29928.1
30326.7
30574.9
31017.7
31079.8
31071.6
31015.2
30829.3
30345.2
28307.1
17647
11111
10150.2
10015.6
28416.3
28427.6
28405
28472.2
28468.8
28449.1
28562.9
28639.2
28666.5
28705.3
28947.9
29049.7
29129.2
29328.8
29547.6
29736.7
29993.8
30401.4
30651.5
31051.5
31073.7
31063.2
30997.5
30803.7
30326.2
28419.5
17678
11148.5
10159
10016.8
28429.5
28440.4
28436.1
28487.8
28479.2
28489.3
28522.6
28654.8
28733.1
28798.1
28839.4
29054.8
29194.7
29339.7
29518.4
29675.6
29904.3
30169.1
30446.7
30910.4
30977
30966.8
30895.9
30652.5
30043.2
28018.7
17363.6
11188.2
10169
10018.2
28508.9
28446.5
28440.3
28525.5
28503.1
28520.6
28580.4
28639.2
28713.7
28866
28951.3
29048.5
29326.7
29441.5
29575.9
29751.8
29877.4
30044
30309.3
30907.1
31016.4
31002.4
30893
30494
29451.6
26865.2
16910.4
11243.2
10181.1
10019.8
28501.5
28467.4
28443.6
28443.1
28514.2
28522.7
28575.6
28703.3
28781.4
28892.3
29002.8
29105.1
29313.7
29613
29796.5
29956.8
30366.4
30722.4
31018.1
31301.6
31324.5
31286.3
31071.1
30467.5
29075
26007.5
16668.9
11321.9
10196
10021.8
28405.4
28400.4
28466.7
28423.2
28479.5
28585.1
28597.1
28694
28805.1
28901
29042.1
29080.8
29146.3
29420.5
29678.2
30012.6
30589.4
31066.9
31240.3
31231.7
31179.9
31058.1
30822.8
30248.9
28867.1
25585.4
16607.5
11424.1
10213.6
10024
28363.3
28374.3
28384.1
28466.7
28541.7
28571.8
28550.9
28700.7
28796
28808.1
28987.7
29014.7
29100.1
29218.1
29319.8
29500.7
29735
30092.1
30324.7
30503.6
30788.3
30766.4
30624.7
30147.8
28792.7
25394.6
16761.9
11552.2
10235.1
10026.4
28400.1
28409.1
28329.7
28427.4
28549.3
28522.2
28559.6
28631.3
28728
28820.9
29017
29104.8
29282.2
29314.2
29314
29325.1
29374.3
29545
30041.3
30649.5
31045
31072.7
31026.4
30624.5
28812
24757
17413.8
11706
10262.1
10029
28426.3
28504.3
28433.2
28438.4
28477.8
28485.6
28613
28662.2
28674.7
28823.7
28946.1
29222.1
29629.9
30216.6
30473.2
30555.8
30744.3
31279.7
31715.6
31960.7
32082.2
32084.4
31848.6
30304.4
27320
24453
18227.8
11864.2
10295.5
10031.8
28431.8
28405
28316.5
28324
28395.8
28471
28488.6
28495.1
28598.2
28669.6
28799.1
29163.6
29495.6
30139.3
31043.8
31908.2
32387.1
32790.6
32921
32917
32837.5
32341
30734.1
28196.5
26578.1
24333.5
19032.7
12024.2
10330.9
10034.7
28153.4
28152.6
28155.3
28145.7
28189.6
28160.3
28254.8
28229.9
28279.9
28362.3
28428.4
28584.4
28871.6
29229.3
30030.8
30867.2
31632.1
31846
31841.3
31752.3
31401.4
30539.3
28510.6
27240.7
26221.8
24341.9
20028.8
12194.6
10366
10037.5
28153
28097.3
28205.9
28131.8
28016.4
27979
27941.7
27926.7
27928.9
27969.4
27933.7
28031.4
28112
28200.9
28455.9
28838.2
29192.8
29334.7
29322.7
29257
29054.8
28542.1
27444.3
26787.8
26060.7
24528.3
20967.2
12385.1
10400.1
10040.2
28212.1
28147.2
28082.6
28014.9
27952.3
27899.5
27844.7
27795.2
27753.5
27755.8
27666.5
27541.6
27547.1
27567.9
27629.1
27730.9
27743.7
27788.6
27802
27776.4
27676.1
27435.6
26941.8
26584.3
26014.8
24764.3
21708
12700.5
10432.5
10042.8
28338.1
28252.8
28217.8
28282.6
28145.4
27954.2
27874.7
27802.3
27747.2
27749.6
27553.9
27346.6
27265.3
27222.8
27220.3
27200.8
27147.6
27153
27149.4
27123.7
27041.7
26879.7
26701.9
26499.9
26063.7
25064
22276.9
13118.4
10463.3
10045.3
28431.8
28354.5
28292.1
28245.2
28267.1
28191.2
27952.6
27854.2
27771.4
27726.3
27599.1
27301.9
27199.3
27133.5
27082.6
26961.5
26917.3
26908.4
26879.3
26831.8
26740.4
26673.8
26606.8
26469.9
26157.3
25378.9
22808.2
13490.8
10491.6
10047.6
28653.1
28559.5
28465.2
28380.2
28300.9
28228.7
28190.9
28196.2
27922.8
27771.3
27670.3
27624
27416.9
27162.5
27000.9
26883.5
26861.5
26811.7
26774.1
26714.1
26663
26625.8
26586
26496.1
26282.1
25713.3
23316.9
13789.2
10516.4
10049.6
28773.5
28791.8
28824.3
28611.3
28554.5
28575.8
28456.7
28352.8
28089.7
27980.6
27909.7
27850.3
27555
27431.8
27129
26998.5
26922.3
26777
26738.5
26669.4
26643.6
26641
26634.9
26612.8
26506.4
26049.5
23713.9
14031.1
10538
10051.4
28945.1
28879.6
28852.5
28919
28808.3
28716.6
28723
28621.2
28404.9
28219
28132.8
28009.1
27910.2
27586.4
27421.2
27307.5
27216.6
26973.1
26893.8
26814.8
26811.3
26812.9
26816.3
26811.4
26739.9
26331.6
24028.4
14225.9
10556.2
10052.9
29125.2
29224.4
29123
28997.3
28979
28987.5
28910
28809.2
28661.4
28569.7
28493.5
28353.1
28088.4
27975.8
27812.5
27626.9
27456.5
27242.1
27156.8
27044
27040.9
27043
27048.5
27046.4
26989.5
26604.7
24303.5
14387.4
10571.3
10054
29301
29384.7
29266.1
29239.6
29238.8
29064
29007.5
28961
28954.9
28849.2
28756.3
28564.6
28453
28357.7
28233.6
27964.4
27762.8
27546.1
27451
27304.2
27291.9
27293.5
27297.3
27296.2
27254.4
26904.5
24606.4
14544.1
10583.1
10054.7
29418.6
29330.7
29325.9
29398.2
29320.6
29224.6
29218.4
29224.7
29188
29130.8
28998.6
28879.9
28746.7
28661.7
28534
28333.6
28200.6
27901.1
27747.1
27607.3
27552.6
27554.3
27560.8
27570.7
27549
27262.9
24988.2
14670.6
10588.6
10054.8
29570
29464.2
29540.2
29513.6
29493.8
29483.3
29323.7
29327.5
29338
29300.5
29213.8
29092
29052.9
28930.4
28828.9
28655.5
28530.5
28426.3
28266.3
28033.8
27875.9
27880.4
27893.5
27907.1
27895.3
27645.8
25335.4
14700.4
10586.6
10054.5
29730.1
29706.9
29695.8
29659.6
29642.6
29630
29524.7
29484.5
29476.9
29469.9
29338.8
29300.7
29316.6
29199.4
29110.4
29059.7
28975.5
28860.7
28708.1
28557.8
28503.1
28388.1
28369
28342.2
28266.8
27915.7
25495.1
14645.5
10581.3
10054
29896.7
29801.9
29875.8
29737.8
29679.4
29717
29697.6
29706.8
29615.1
29573.1
29565.6
29520.1
29528.6
29454.4
29385.5
29389.3
29331.2
29253.7
29221.3
29105.1
28978.2
28942.3
28912.9
28858
28668.8
28103.4
25529.9
14534.9
10575.5
10053.7
29912.2
29923.6
29913.5
29907.7
29881.8
29825
29839.9
29822.9
29799
29801.7
29728.9
29715.6
29727.1
29720.2
29620.7
29616.2
29630
29557.5
29547.3
29542.7
29452.7
29390.2
29318.1
29208.2
28965.7
28336.2
25587.1
14428.6
10572.1
10053.5
30035.3
30016
29862.9
29961.5
29958.5
29970.7
29946.6
29894.6
29916.3
29905.1
29912
29886.4
29835.5
29822.4
29852.8
29811
29817.6
29789
29760.7
29762
29711.5
29680.2
29654.1
29528.8
29205.2
28477.6
25613.3
14372.2
10570.9
10053.4
30110.4
30058.8
29880.1
29958.4
30013.3
30006.5
30020.2
29974.6
29981.6
29950.7
30011.1
29937.8
29919.4
29967.1
29957
29953.3
29927.4
29911.5
29903.7
29908
29858.4
29833.4
29805.8
29707.5
29378.2
28606.5
25648.6
14342.7
10570.6
10053.4
30058.1
30058.3
30073.8
30013.9
30039.5
30020.9
30062.6
30013.7
29986.1
30034.6
30053.9
29999.3
30001
30014.5
30011.4
30012.9
29995.3
30005.8
29976.7
29965.4
29969.5
29929.6
29885.3
29788.7
29475.5
28677.2
25680.8
14329.5
10570.4
10053.4
30086
30066.7
30100.9
30033.7
30061.9
30042.7
30085.4
30044.9
30013.5
30060
30083.6
30035.4
30031.8
30047.6
30046.7
30050.1
30031.8
30046.6
30014.8
30006.6
30013.2
29973.6
29929.2
29835.2
29527
28714.4
25697.9
14322.1
10570.1
10053.4
30103
30076.6
30116.2
30048.8
30077
30056
30100.5
30062.8
30029.2
30074.8
30101.2
30055.8
30049.8
30065.6
30066.6
30069.9
30052.4
30067.6
30036.4
30029.8
30036.5
29996.1
29951.9
29858.8
29552.1
28731.1
25703.8
14317
10569.9
10053.3
30111
30079.6
30124.3
30056.7
30084.1
30062
30107.8
30071.5
30037
30084.3
30111.4
30064.6
30059.1
30075.6
30077
30080.5
30063.2
30078.6
30047.8
30041.5
30048.4
30008
29963.4
29869.7
29562.6
28737.6
25704.8
14313.7
10569.8
10053.3
30112.9
30083.4
30127.2
30059.4
30087.7
30065.5
30111.5
30075.1
30041
30088.4
30115.6
30069.2
30063.5
30080.2
30081.8
30085.3
30068.1
30083.7
30052.9
30046.8
30053.8
30013.2
29968.5
29874.5
29567.1
28740
25704.4
14311.9
10569.7
10053.3
30114.6
30083.6
30128.6
30060.9
30088.8
30066.4
30112.7
30076.6
30042.3
30090
30117.2
30070.8
30065.1
30081.9
30083.6
30087.1
30069.9
30085.5
30054.9
30048.8
30055.8
30015.2
29970.3
29876.1
29568.5
28740.6
25704.1
14311.2
10569.6
10053.3
)
;

boundaryField
{
    inlet
    {
        type            zeroGradient;
    }
    outlet
    {
        type            zeroGradient;
    }
    bottom
    {
        type            symmetryPlane;
    }
    top
    {
        type            symmetryPlane;
    }
    obstacle
    {
        type            zeroGradient;
    }
    defaultFaces
    {
        type            empty;
    }
}


// ************************************************************************* //
