/*--------------------------------*- C++ -*----------------------------------*\
| =========                 |                                                 |
| \\      /  F ield         | OpenFOAM: The Open Source CFD Toolbox           |
|  \\    /   O peration     | Version:  5.x                                   |
|   \\  /    A nd           | Web:      www.OpenFOAM.org                      |
|    \\/     M anipulation  |                                                 |
\*---------------------------------------------------------------------------*/
/*   Windows 32 and 64 bit porting by blueCAPE: http://www.bluecape.com.pt   *\
|  Based on Windows porting (2.0.x v4) by Symscape: http://www.symscape.com   |
\*---------------------------------------------------------------------------*/
FoamFile
{
    version     2.0;
    format      ascii;
    class       volScalarField;
    location    "0.008";
    object      p_0;
}
// * * * * * * * * * * * * * * * * * * * * * * * * * * * * * * * * * * * * * //

dimensions      [1 -1 -2 0 0 0 0];

internalField   nonuniform List<scalar> 
10000
(
99997.5
99988.2
99958.1
99862.8
99606
99001
97764.4
95563.3
92254.2
87990.5
83221.7
78345.4
73670.7
69270.8
65209.5
61419.1
57979.6
54744.7
51855
49142.3
46690.2
44461.7
42430.6
40594.2
38942.8
37469.3
36174.8
35049.5
34066.7
33240.2
32560.1
31965.7
31536.4
31222.3
30958.5
30748.1
30643.2
30542.3
30438.3
30402.2
30390.1
30371.9
30356.1
30355.7
30353.8
30348.2
30340.8
30331.4
30329.2
30326.9
30324.7
30319.9
30289.4
30274.3
30280.3
30320.7
30295
30259.7
30264.5
30292.3
99997.5
99988.2
99958.1
99862.8
99606
99001
97764.4
95563.3
92254.2
87990.5
83221.7
78345.4
73670.7
69270.8
65209.5
61419.1
57979.6
54744.7
51855
49142.3
46690.2
44461.7
42430.6
40594.2
38942.8
37469.3
36174.8
35049.5
34066.7
33240.2
32560.1
31965.7
31536.4
31222.3
30958.5
30748.1
30643.2
30542.3
30438.3
30402.2
30390.1
30371.9
30356.2
30355.6
30353.4
30347.4
30341.2
30330.2
30327.9
30326.6
30324.4
30321.6
30292.4
30277.1
30283.4
30314
30286.5
30264.5
30269.3
30293.8
99997.5
99988.2
99958.1
99862.8
99606
99001
97764.4
95563.3
92254.2
87990.5
83221.7
78345.4
73670.7
69270.8
65209.5
61419.1
57979.6
54744.7
51855
49142.3
46690.2
44461.7
42430.6
40594.2
38942.8
37469.3
36174.8
35049.5
34066.7
33240.2
32560.1
31965.7
31536.4
31222.3
30958.5
30748.1
30643.2
30542.3
30438.3
30402.2
30390.1
30371.9
30356.3
30355.2
30352.7
30345.8
30342.3
30328.6
30326.2
30323.6
30319.3
30316.4
30312
30278
30281.5
30312.7
30285.1
30265.9
30270.2
30295.7
99997.5
99988.2
99958.1
99862.8
99606
99001
97764.4
95563.3
92254.2
87990.5
83221.7
78345.4
73670.7
69270.8
65209.5
61419.1
57979.6
54744.7
51855
49142.3
46690.2
44461.7
42430.6
40594.2
38942.8
37469.3
36174.8
35049.5
34066.7
33240.2
32560.1
31965.7
31536.4
31222.3
30958.5
30748.1
30643.2
30542.3
30438.3
30402.2
30390
30371.8
30356.3
30355.1
30352.1
30345.3
30342.6
30327.5
30324
30324.9
30319.5
30312.7
30314.6
30283.3
30280.9
30313
30284.7
30267.5
30270
30289.3
99997.5
99988.2
99958.1
99862.8
99606
99001
97764.4
95563.3
92254.2
87990.5
83221.7
78345.4
73670.7
69270.8
65209.5
61419.1
57979.6
54744.7
51855
49142.3
46690.2
44461.7
42430.6
40594.2
38942.8
37469.3
36174.8
35049.5
34066.7
33240.2
32560.1
31965.7
31536.4
31222.3
30958.5
30748.1
30643.2
30542.3
30438.3
30402.2
30389.9
30371.6
30356.3
30355
30351.8
30346.1
30342.5
30326.9
30322.5
30324.3
30320.9
30311.9
30314.2
30287.9
30280.6
30312.7
30285.9
30266.8
30272.4
30282
99997.5
99988.2
99958.1
99862.8
99606
99001
97764.4
95563.3
92254.2
87990.5
83221.7
78345.4
73670.7
69270.8
65209.5
61419.1
57979.6
54744.7
51855
49142.3
46690.2
44461.7
42430.6
40594.2
38942.8
37469.3
36174.8
35049.5
34066.7
33240.2
32560.1
31965.7
31536.4
31222.3
30958.5
30748.1
30643.2
30542.3
30438.3
30402.2
30389.8
30371.5
30356.3
30354.8
30351.6
30346.6
30342.6
30326.8
30322.2
30324.9
30321.9
30311.8
30313.5
30290.8
30279.9
30311.4
30287.5
30265.3
30271.8
30284.9
99997.5
99988.2
99958.1
99862.8
99606
99001
97764.4
95563.3
92254.2
87990.5
83221.7
78345.4
73670.7
69270.8
65209.5
61419.1
57979.6
54744.7
51855
49142.3
46690.2
44461.7
42430.6
40594.2
38942.8
37469.3
36174.8
35049.5
34066.7
33240.2
32560.1
31965.7
31536.4
31222.3
30958.5
30748.1
30643.2
30542.3
30438.3
30402.2
30389.8
30371.3
30356.2
30354.8
30351.6
30347
30342.5
30326.9
30322.4
30325.4
30322.4
30311.7
30312.5
30290.7
30278.2
30310.5
30287.3
30264.9
30270.5
30292.5
99997.5
99988.2
99958.1
99862.8
99606
99001
97764.4
95563.3
92254.2
87990.5
83221.7
78345.4
73670.7
69270.8
65209.5
61419.1
57979.6
54744.7
51855
49142.3
46690.2
44461.7
42430.6
40594.2
38942.8
37469.3
36174.8
35049.5
34066.7
33240.2
32560.1
31965.7
31536.4
31222.3
30958.5
30748.1
30643.2
30542.2
30438.3
30402.2
30389.8
30371.3
30356.3
30355
30351.9
30347.5
30341.6
30326.8
30322.7
30325.3
30322.5
30311.2
30311.6
30289.9
30276.4
30309.2
30289.3
30259.7
30263.3
30301.4
99997.5
99988.2
99958.1
99862.8
99606
99001
97764.4
95563.3
92254.2
87990.5
83221.7
78345.4
73670.7
69270.8
65209.5
61419.1
57979.6
54744.7
51855
49142.3
46690.2
44461.7
42430.6
40594.2
38942.8
37469.3
36174.8
35049.5
34066.7
33240.2
32560.1
31965.7
31536.4
31222.3
30958.5
30748
30643.2
30542.2
30438.3
30402.2
30389.8
30371.2
30356.3
30355.2
30351.9
30347.8
30340.4
30326.7
30322.6
30324.9
30322.3
30311.2
30311.9
30288.6
30276.1
30309.3
30290.9
30256.1
30256.9
30300.8
99997.5
99988.2
99958.1
99862.8
99606
99001
97764.4
95563.3
92254.2
87990.5
83221.7
78345.4
73670.7
69270.8
65209.5
61419.1
57979.6
54744.7
51855
49142.3
46690.2
44461.7
42430.6
40594.2
38942.8
37469.3
36174.8
35049.5
34066.7
33240.2
32560.1
31965.7
31536.4
31222.3
30958.5
30748
30643.2
30542.2
30438.3
30402.2
30389.7
30371.2
30356.3
30355.1
30352.1
30347.5
30340
30326.4
30322.4
30324.6
30321.6
30311.5
30313.4
30288.3
30277.1
30311.4
30291.9
30255
30254.8
30294.1
99997.5
99988.2
99958.1
99862.8
99606
99001
97764.4
95563.3
92254.2
87990.5
83221.7
78345.4
73670.7
69270.8
65209.5
61419.1
57979.6
54744.7
51855
49142.3
46690.2
44461.7
42430.6
40594.2
38942.8
37469.3
36174.8
35049.5
34066.7
33240.2
32560.1
31965.7
31536.4
31222.3
30958.5
30748
30643.2
30542.2
30438.3
30402.2
30389.8
30371.2
30356.2
30355.1
30352.3
30347.1
30340.2
30326.4
30322.4
30324.6
30321.3
30312.2
30315.3
30288.5
30277.9
30310.3
30291.2
30253.6
30254.1
30288.8
99997.5
99988.2
99958.1
99862.8
99606
99001
97764.4
95563.3
92254.2
87990.5
83221.7
78345.4
73670.7
69270.8
65209.5
61419.1
57979.6
54744.7
51855
49142.3
46690.2
44461.7
42430.6
40594.2
38942.8
37469.3
36174.8
35049.5
34066.7
33240.2
32560.1
31965.7
31536.4
31222.3
30958.5
30748
30643.1
30542.2
30438.3
30402.2
30389.8
30371.2
30356.3
30355.3
30352.6
30346.9
30340.5
30326.6
30322.3
30324.7
30321.8
30313.3
30316.3
30287.5
30277.7
30308.6
30285.1
30251.3
30251.1
30286.3
99997.5
99988.2
99958.1
99862.8
99606
99001
97764.4
95563.3
92254.2
87990.5
83221.7
78345.4
73670.7
69270.8
65209.5
61419.1
57979.6
54744.7
51855
49142.3
46690.2
44461.7
42430.6
40594.2
38942.8
37469.3
36174.8
35049.5
34066.7
33240.2
32560.1
31965.7
31536.4
31222.3
30958.5
30748
30643.1
30542.2
30438.3
30402.2
30389.8
30371.1
30356.3
30355.2
30352.7
30346.7
30341
30326.6
30322
30324.8
30322.2
30313.7
30315.4
30284.8
30276.9
30307.3
30279.9
30252.7
30246.7
30284.8
99997.5
99988.2
99958.1
99862.8
99606
99001
97764.4
95563.3
92254.2
87990.5
83221.7
78345.4
73670.7
69270.8
65209.5
61419.1
57979.6
54744.7
51855
49142.3
46690.2
44461.7
42430.6
40594.2
38942.8
37469.3
36174.8
35049.5
34066.7
33240.2
32560.1
31965.7
31536.4
31222.3
30958.5
30748
30643.1
30542.2
30438.3
30402.2
30389.9
30371.1
30356.3
30355.1
30352.7
30346.3
30341.8
30326.7
30321.9
30324.8
30321.8
30312.5
30313
30281.2
30275.6
30304.7
30275.9
30252.3
30246.2
30280
99997.5
99988.2
99958.1
99862.8
99606
99001
97764.4
95563.3
92254.2
87990.5
83221.7
78345.4
73670.7
69270.8
65209.5
61419.1
57979.6
54744.7
51855
49142.3
46690.2
44461.7
42430.6
40594.2
38942.8
37469.3
36174.8
35049.5
34066.7
33240.2
32560.1
31965.7
31536.4
31222.3
30958.5
30748
30643.1
30542.2
30438.3
30402.2
30389.9
30371.1
30356.4
30355.1
30352.7
30345.7
30341.9
30327.8
30321.9
30324.4
30320.4
30310.6
30310.5
30277.9
30273.6
30303.1
30271.9
30249.5
30243.1
30275.2
99997.5
99988.2
99958.1
99862.8
99606
99001
97764.4
95563.3
92254.2
87990.5
83221.7
78345.4
73670.7
69270.8
65209.5
61419.1
57979.6
54744.7
51855
49142.3
46690.2
44461.7
42430.6
40594.2
38942.8
37469.3
36174.8
35049.5
34066.7
33240.2
32560.1
31965.7
31536.4
31222.3
30958.5
30748
30643.1
30542.1
30438.3
30402.2
30389.9
30371.1
30356.5
30355.5
30353
30346.3
30341.8
30327.6
30322.2
30324
30319.2
30309.3
30308.1
30275.7
30273.5
30301.6
30273.8
30240.7
30237.8
30271.4
99997.5
99988.2
99958.1
99862.8
99606
99001
97764.4
95563.3
92254.2
87990.5
83221.7
78345.4
73670.7
69270.8
65209.5
61419.1
57979.6
54744.7
51855
49142.3
46690.2
44461.7
42430.6
40594.2
38942.8
37469.3
36174.8
35049.5
34066.7
33240.2
32560.1
31965.7
31536.4
31222.3
30958.5
30748
30643.1
30542.1
30438.2
30402.2
30389.9
30371.1
30356.7
30355.8
30353.6
30347.4
30340.9
30327.7
30323.1
30324.4
30318.8
30309.9
30306.7
30275
30274.2
30301.9
30275.7
30236.5
30233.5
30269.5
99997.5
99988.2
99958.1
99862.8
99606
99001
97764.4
95563.3
92254.2
87990.5
83221.7
78345.4
73670.7
69270.8
65209.5
61419.1
57979.6
54744.7
51855
49142.3
46690.2
44461.7
42430.6
40594.2
38942.8
37469.3
36174.8
35049.5
34066.7
33240.2
32560.1
31965.7
31536.4
31222.3
30958.5
30748
30643.1
30542.1
30438.2
30402.2
30389.9
30371.2
30356.7
30356.1
30354.1
30348.3
30339.9
30328.9
30324.5
30325
30319.7
30312.3
30305.8
30274.2
30274.3
30303
30272.6
30236.9
30234.5
30269.4
99997.5
99988.2
99958.1
99862.8
99606
99001
97764.4
95563.3
92254.2
87990.5
83221.7
78345.4
73670.7
69270.8
65209.5
61419.1
57979.6
54744.7
51855
49142.3
46690.2
44461.7
42430.6
40594.2
38942.8
37469.3
36174.8
35049.5
34066.7
33240.2
32560.1
31965.7
31536.4
31222.3
30958.5
30747.9
30643.1
30542.1
30438.2
30402.2
30389.9
30371.3
30356.8
30356.3
30354.5
30348.4
30340.5
30330.4
30325.4
30325
30320.9
30314.9
30303.6
30271.6
30272.7
30302.9
30271
30236.5
30236.2
30268.3
99997.5
99988.2
99958.1
99862.8
99606
99001
97764.4
95563.3
92254.2
87990.5
83221.7
78345.4
73670.7
69270.8
65209.5
61419.1
57979.6
54744.7
51855
49142.3
46690.2
44461.7
42430.6
40594.2
38942.8
37469.3
36174.8
35049.5
34066.7
33240.2
32560.1
31965.7
31536.4
31222.3
30958.5
30747.9
30643.1
30542.1
30438.2
30402.2
30389.9
30371.5
30356.9
30356.4
30354.5
30348.8
30341.3
30331.5
30325.7
30324.4
30322.4
30317.3
30299.2
30269
30269.7
30300.6
30271.3
30234.5
30232.7
30268.2
99997.5
99988.2
99958.1
99862.8
99606
99001
97764.4
95563.3
92254.2
87990.5
83221.7
78345.4
73670.7
69270.8
65209.5
61419.1
57979.6
54744.7
51855
49142.3
46690.2
44461.7
42430.6
40594.2
38942.8
37469.3
36174.8
35049.5
34066.7
33240.2
32560.1
31965.7
31536.4
31222.3
30958.4
30747.9
30643.1
30542.1
30438.2
30402.2
30389.8
30371.6
30356.9
30356.3
30354.5
30349.2
30341.8
30332.4
30326
30323.9
30322.5
30318.6
30294.8
30266.1
30266.8
30295.9
30269.3
30232.4
30227.8
30267.7
99997.5
99988.2
99958.1
99862.8
99606
99001
97764.4
95563.3
92254.2
87990.5
83221.7
78345.4
73670.7
69270.8
65209.5
61419.1
57979.6
54744.7
51855
49142.3
46690.2
44461.7
42430.6
40594.2
38942.8
37469.3
36174.8
35049.5
34066.7
33240.2
32560.1
31965.7
31536.4
31222.3
30958.4
30747.9
30643
30542.1
30438.2
30402.2
30389.8
30371.6
30356.9
30356.2
30354.4
30349.4
30342.6
30332.9
30326.3
30323.6
30322.1
30318.2
30291
30264.2
30264.1
30293.2
30267.7
30234.9
30227.7
30268.5
99997.5
99988.2
99958.1
99862.8
99606
99001
97764.4
95563.3
92254.2
87990.5
83221.7
78345.4
73670.7
69270.8
65209.5
61419.1
57979.6
54744.7
51855
49142.3
46690.2
44461.7
42430.6
40594.2
38942.8
37469.3
36174.8
35049.5
34066.7
33240.2
32560.1
31965.7
31536.4
31222.3
30958.4
30747.9
30643
30542
30438.2
30402.2
30389.8
30371.7
30356.9
30356.1
30354.3
30349.2
30343.3
30332.9
30326.4
30323.1
30321.4
30317.2
30288.1
30262.3
30262.5
30294.3
30268.8
30238.8
30233.3
30272.2
99997.5
99988.2
99958.1
99862.8
99606
99001
97764.4
95563.3
92254.2
87990.5
83221.7
78345.4
73670.7
69270.8
65209.5
61419.1
57979.6
54744.7
51855
49142.3
46690.2
44461.7
42430.6
40594.2
38942.8
37469.3
36174.8
35049.5
34066.7
33240.2
32560.1
31965.7
31536.4
31222.3
30958.4
30747.9
30643
30542
30438.2
30402.1
30389.7
30371.7
30356.9
30356.1
30354.1
30348.9
30343.9
30332.8
30326.5
30323
30320.3
30314.2
30285.4
30259.2
30260
30294
30266.3
30238.3
30232.1
30277.7
99997.5
99988.2
99958.1
99862.8
99606
99001
97764.4
95563.3
92254.2
87990.5
83221.7
78345.4
73670.7
69270.8
65209.5
61419.1
57979.6
54744.7
51855
49142.3
46690.2
44461.7
42430.6
40594.2
38942.8
37469.3
36174.8
35049.5
34066.7
33240.2
32560.1
31965.7
31536.4
31222.3
30958.4
30747.9
30643
30542
30438.2
30402.1
30389.7
30371.7
30357
30356
30354
30348.7
30343.9
30332.4
30326.2
30322.7
30319.2
30311.9
30283.7
30257.2
30259.8
30292.7
30262.5
30231.8
30220.4
30270.7
99997.5
99988.2
99958.1
99862.8
99606
99001
97764.4
95563.3
92254.2
87990.5
83221.7
78345.4
73670.7
69270.8
65209.5
61419.1
57979.6
54744.7
51855
49142.3
46690.2
44461.7
42430.6
40594.2
38942.8
37469.3
36174.8
35049.5
34066.7
33240.2
32560.1
31965.7
31536.4
31222.3
30958.4
30747.9
30643
30542
30438.1
30402.1
30389.7
30371.8
30357
30355.9
30353.9
30349
30343
30331.8
30325.8
30321.4
30318
30311.2
30282.7
30257.7
30262.2
30293.8
30261.8
30232
30207.4
30243.1
99997.5
99988.2
99958.1
99862.8
99606
99001
97764.4
95563.3
92254.2
87990.5
83221.7
78345.4
73670.7
69270.8
65209.5
61419.1
57979.6
54744.7
51855
49142.3
46690.2
44461.7
42430.6
40594.2
38942.8
37469.3
36174.8
35049.5
34066.7
33240.2
32560.1
31965.7
31536.4
31222.3
30958.4
30747.9
30643
30542
30438.1
30402.1
30389.6
30371.8
30357
30355.7
30353.8
30348.7
30342.3
30331
30325.4
30320.4
30317.3
30311
30282.1
30258.3
30262.8
30294.3
30260.1
30240.1
30205.7
30211.2
99997.5
99988.2
99958.1
99862.8
99606
99001
97764.4
95563.3
92254.2
87990.5
83221.7
78345.4
73670.7
69270.8
65209.5
61419.1
57979.6
54744.7
51855
49142.3
46690.2
44461.7
42430.6
40594.2
38942.8
37469.3
36174.8
35049.5
34066.7
33240.2
32560.1
31965.7
31536.4
31222.3
30958.4
30747.9
30643
30542
30438.1
30402
30389.6
30371.8
30357
30355.7
30353.7
30348.4
30341.5
30330.6
30325.5
30319.3
30316
30310.7
30281.3
30258
30261.9
30290.5
30255.2
30239.9
30219.4
30192
99997.5
99988.2
99958.1
99862.8
99606
99001
97764.4
95563.3
92254.2
87990.5
83221.7
78345.4
73670.7
69270.8
65209.5
61419.1
57979.6
54744.7
51855
49142.3
46690.2
44461.7
42430.6
40594.2
38942.8
37469.3
36174.8
35049.5
34066.7
33240.2
32560.1
31965.7
31536.4
31222.3
30958.4
30747.9
30643
30542
30438.1
30402
30389.5
30371.9
30357
30355.8
30353.6
30348.5
30340.3
30330.2
30325.3
30318.6
30314.2
30309.8
30280.6
30257.1
30261.8
30287
30253.3
30231.6
30226.8
30190.4
99997.5
99988.2
99958.1
99862.8
99606
99001
97764.4
95563.3
92254.2
87990.5
83221.7
78345.4
73670.7
69270.8
65209.5
61419.1
57979.6
54744.7
51855
49142.3
46690.2
44461.7
42430.6
40594.2
38942.8
37469.3
36174.8
35049.5
34066.7
33240.2
32560.1
31965.7
31536.4
31222.3
30958.4
30747.9
30643
30542
30438.1
30402
30389.5
30371.9
30357
30355.7
30353.7
30348.8
30339.1
30329.7
30324.7
30317.4
30313.7
30309.2
30278.8
30255.2
30261.7
30285
30249.5
30224.7
30219.1
30204
99997.5
99988.2
99958.1
99862.8
99606
99001
97764.4
95563.3
92254.2
87990.5
83221.7
78345.4
73670.7
69270.8
65209.5
61419.1
57979.6
54744.7
51855
49142.3
46690.2
44461.7
42430.6
40594.2
38942.8
37469.3
36174.8
35049.5
34066.7
33240.2
32560.1
31965.7
31536.4
31222.2
30958.4
30747.9
30643
30541.9
30438.1
30401.9
30389.4
30371.9
30356.9
30355.7
30353.6
30349.1
30338.3
30329.7
30324.6
30315.8
30313.3
30310.1
30278.1
30254.3
30260.7
30282.7
30243.7
30217.6
30212.2
30215.4
99997.5
99988.2
99958.1
99862.8
99606
99001
97764.4
95563.3
92254.2
87990.5
83221.7
78345.4
73670.7
69270.8
65209.5
61419.1
57979.6
54744.7
51855
49142.3
46690.2
44461.7
42430.6
40594.2
38942.8
37469.3
36174.8
35049.5
34066.7
33240.2
32560.1
31965.7
31536.4
31222.2
30958.4
30747.8
30643
30541.9
30438.1
30401.9
30389.4
30371.8
30356.9
30355.5
30353.5
30349.2
30337.6
30329.5
30324.7
30315.9
30312.5
30310.2
30278
30254.5
30261.5
30282.7
30241.2
30211.3
30204.7
30224.2
99997.5
99988.2
99958.1
99862.8
99606
99001
97764.4
95563.3
92254.2
87990.5
83221.7
78345.4
73670.7
69270.8
65209.5
61419.1
57979.6
54744.7
51855
49142.3
46690.2
44461.7
42430.6
40594.2
38942.8
37469.3
36174.8
35049.5
34066.7
33240.2
32560.1
31965.7
31536.4
31222.2
30958.4
30747.8
30643
30541.9
30438.1
30401.9
30389.3
30371.8
30356.8
30355.3
30353.4
30349.4
30337.1
30329.3
30324.4
30316
30313
30309.9
30276
30254
30261.4
30284.7
30242.3
30205.4
30191.8
30232.6
99997.5
99988.2
99958.1
99862.8
99606
99001
97764.4
95563.3
92254.2
87990.5
83221.7
78345.4
73670.7
69270.8
65209.5
61419.1
57979.6
54744.7
51855
49142.3
46690.2
44461.7
42430.6
40594.2
38942.8
37469.3
36174.8
35049.5
34066.7
33240.2
32560.1
31965.7
31536.4
31222.2
30958.4
30747.8
30642.9
30541.9
30438.1
30401.8
30389.3
30371.8
30356.7
30355.1
30353.3
30349.5
30336.6
30329.3
30324.1
30315.3
30313.9
30310.9
30273
30253.2
30260.7
30284.6
30245
30203.9
30182.1
30226.2
99997.5
99988.2
99958.1
99862.8
99606
99001
97764.4
95563.3
92254.2
87990.5
83221.7
78345.4
73670.7
69270.8
65209.5
61419.1
57979.6
54744.7
51855
49142.3
46690.2
44461.7
42430.6
40594.2
38942.8
37469.3
36174.8
35049.5
34066.7
33240.2
32560.1
31965.7
31536.4
31222.2
30958.4
30747.8
30642.9
30541.9
30438
30401.8
30389.2
30371.7
30356.6
30354.9
30353.2
30349.3
30336.3
30329.2
30323.9
30315
30314.7
30311.5
30268.8
30251.5
30260.1
30281.9
30242.8
30209.7
30181.1
30209.1
99997.5
99988.2
99958.1
99862.8
99606
99001
97764.4
95563.3
92254.2
87990.5
83221.7
78345.4
73670.7
69270.8
65209.5
61419.1
57979.6
54744.7
51855
49142.3
46690.2
44461.7
42430.6
40594.2
38942.8
37469.3
36174.8
35049.5
34066.7
33240.2
32560.1
31965.7
31536.4
31222.2
30958.4
30747.8
30642.9
30541.9
30438
30401.8
30389.1
30371.6
30356.4
30354.7
30353.1
30348.8
30336.4
30329.2
30323.9
30315.1
30315.6
30311.6
30264.9
30250.7
30259.9
30281
30237.5
30210.9
30183.4
30197.5
99997.5
99988.2
99958.1
99862.8
99606
99001
97764.4
95563.3
92254.2
87990.5
83221.7
78345.4
73670.7
69270.8
65209.5
61419.1
57979.6
54744.7
51855
49142.3
46690.2
44461.7
42430.6
40594.2
38942.8
37469.3
36174.8
35049.5
34066.7
33240.2
32560.1
31965.7
31536.4
31222.2
30958.4
30747.8
30642.9
30541.9
30438
30401.8
30389.1
30371.5
30356.2
30354.5
30352.7
30348.2
30337
30329.3
30324.1
30315.3
30316.4
30311.1
30261.8
30250.9
30260
30281.2
30236.2
30210.8
30182.7
30190.5
99997.5
99988.2
99958.1
99862.8
99606
99001
97764.4
95563.3
92254.2
87990.5
83221.7
78345.4
73670.7
69270.8
65209.5
61419.1
57979.6
54744.7
51855
49142.3
46690.2
44461.7
42430.6
40594.2
38942.8
37469.3
36174.8
35049.5
34066.7
33240.2
32560.1
31965.7
31536.4
31222.2
30958.4
30747.8
30642.9
30541.9
30438
30401.7
30389
30371.4
30356.1
30354.3
30352.1
30347.8
30337.7
30329.5
30324.4
30315.8
30317.1
30310.6
30260.3
30251.4
30260.6
30280.8
30236.1
30213.4
30185.3
30183.2
99997.5
99988.2
99958.1
99862.8
99606
99001
97764.4
95563.3
92254.2
87990.5
83221.7
78345.4
73670.7
69270.8
65209.5
61419.1
57979.6
54744.7
51855
49142.3
46690.2
44461.7
42430.6
40594.2
38942.8
37469.3
36174.8
35049.5
34066.7
33240.2
32560.1
31965.7
31536.4
31222.2
30958.4
30747.8
30642.9
30541.9
30438
30401.7
30388.9
30371.4
30355.9
30354.1
30351.6
30347.5
30338.3
30329.6
30324.7
30316.4
30317.1
30309.4
30259.4
30250.9
30260.6
30279.4
30235
30212.8
30186.9
30183.5
99997.5
99988.2
99958.1
99862.8
99606
99001
97764.4
95563.3
92254.2
87990.5
83221.7
78345.4
73670.7
69270.8
65209.5
61419.1
57979.6
54744.7
51855
49142.3
46690.2
44461.7
42430.6
40594.2
38942.8
37469.3
36174.8
35049.5
34066.7
33240.2
32560.1
31965.7
31536.4
31222.2
30958.3
30747.8
30642.9
30541.9
30438
30401.7
30388.9
30371.3
30355.7
30354
30351.1
30347.3
30338.9
30329.9
30325
30317
30317
30307.8
30258.5
30249.2
30259.1
30275.8
30231.6
30209.3
30183.7
30186.5
99997.5
99988.2
99958.1
99862.8
99606
99001
97764.4
95563.3
92254.2
87990.5
83221.7
78345.4
73670.7
69270.8
65209.5
61419.1
57979.6
54744.7
51855
49142.3
46690.2
44461.7
42430.6
40594.2
38942.8
37469.3
36174.8
35049.5
34066.7
33240.2
32560.1
31965.7
31536.4
31222.2
30958.3
30747.8
30642.9
30541.9
30438
30401.7
30388.8
30371.2
30355.5
30353.8
30350.7
30347.2
30339.3
30330.1
30325
30317.6
30317
30305.7
30256.7
30247.4
30257.7
30271.7
30224.8
30201.7
30180.5
30187.8
99997.5
99988.2
99958.1
99862.8
99606
99001
97764.4
95563.3
92254.2
87990.5
83221.7
78345.4
73670.7
69270.8
65209.5
61419.1
57979.6
54744.7
51855
49142.3
46690.2
44461.7
42430.6
40594.2
38942.8
37469.3
36174.8
35049.5
34066.7
33240.2
32560.1
31965.7
31536.4
31222.2
30958.3
30747.8
30642.9
30541.9
30438
30401.6
30388.8
30371.2
30355.4
30353.7
30350.3
30347.3
30339.4
30330.3
30325.1
30317.9
30316.8
30303.8
30255
30246.3
30256.7
30268.9
30219.5
30195.6
30174.7
30187.4
99997.5
99988.2
99958.1
99862.8
99606
99001
97764.4
95563.3
92254.2
87990.5
83221.7
78345.4
73670.7
69270.8
65209.5
61419.1
57979.6
54744.7
51855
49142.3
46690.2
44461.7
42430.6
40594.2
38942.8
37469.3
36174.8
35049.5
34066.7
33240.2
32560.1
31965.7
31536.4
31222.2
30958.3
30747.8
30642.9
30541.8
30438
30401.6
30388.8
30371.2
30355.2
30353.5
30349.9
30347.5
30339.3
30330.4
30325.3
30318.2
30316.4
30302.7
30254.1
30245.8
30256.8
30268.5
30217.1
30192.1
30165.7
30186.7
99997.5
99988.2
99958.1
99862.8
99606
99001
97764.4
95563.3
92254.2
87990.5
83221.7
78345.4
73670.7
69270.8
65209.5
61419.1
57979.6
54744.7
51855
49142.3
46690.2
44461.7
42430.6
40594.2
38942.8
37469.3
36174.8
35049.5
34066.7
33240.2
32560.1
31965.7
31536.4
31222.2
30958.3
30747.8
30642.9
30541.8
30438
30401.6
30388.7
30371.1
30355
30353.4
30349.7
30347.6
30339.1
30330.5
30325.6
30318.1
30316
30302.4
30254.3
30245.6
30258
30269.1
30217.1
30193
30159.2
30185.2
99997.5
99988.2
99958.1
99862.8
99606
99001
97764.4
95563.3
92254.2
87990.5
83221.7
78345.4
73670.7
69270.8
65209.5
61419.1
57979.6
54744.7
51855
49142.3
46690.2
44461.7
42430.6
40594.2
38942.8
37469.3
36174.8
35049.5
34066.7
33240.2
32560.1
31965.7
31536.4
31222.2
30958.3
30747.8
30642.9
30541.8
30437.9
30401.6
30388.7
30371.1
30354.9
30353.2
30349.5
30347.6
30338.9
30330.6
30325.8
30318
30315.8
30302.5
30255
30245.6
30259.2
30269.2
30217.7
30197.7
30158
30181.9
99997.5
99988.2
99958.1
99862.8
99606
99001
97764.4
95563.3
92254.2
87990.5
83221.7
78345.4
73670.7
69270.8
65209.5
61419.1
57979.6
54744.7
51855
49142.3
46690.2
44461.7
42430.6
40594.2
38942.8
37469.3
36174.8
35049.5
34066.7
33240.2
32560.1
31965.7
31536.4
31222.2
30958.3
30747.8
30642.9
30541.8
30437.9
30401.6
30388.7
30371.1
30354.7
30353.1
30349.3
30347.6
30338.7
30330.7
30326
30317.8
30315.6
30302.5
30255.6
30245.5
30259.5
30268.2
30217.4
30201.6
30161.2
30175.7
99997.5
99988.2
99958.1
99862.8
99606
99001
97764.4
95563.3
92254.2
87990.5
83221.7
78345.4
73670.7
69270.8
65209.5
61419.1
57979.6
54744.7
51855
49142.3
46690.2
44461.7
42430.6
40594.2
38942.8
37469.3
36174.8
35049.5
34066.7
33240.2
32560.1
31965.7
31536.4
31222.2
30958.3
30747.8
30642.9
30541.8
30437.9
30401.6
30388.7
30371.1
30354.6
30353
30349.2
30347.6
30338.4
30330.8
30326.1
30317.6
30315.5
30302.6
30255.9
30245.4
30259.6
30267
30216.2
30202.2
30165.3
30166.9
99997.5
99988.2
99958.1
99862.8
99606
99001
97764.4
95563.3
92254.2
87990.5
83221.7
78345.4
73670.7
69270.8
65209.5
61419.1
57979.6
54744.7
51855
49142.3
46690.2
44461.7
42430.6
40594.2
38942.8
37469.3
36174.8
35049.5
34066.7
33240.2
32560.1
31965.7
31536.4
31222.2
30958.3
30747.8
30642.9
30541.8
30437.9
30401.6
30388.6
30371.1
30354.5
30352.9
30349.1
30347.5
30338.1
30330.7
30326.1
30317.5
30315.4
30302.4
30255.8
30245.5
30259.9
30266.4
30215.7
30200.2
30166.2
30159.2
99997.5
99988.2
99958.1
99862.8
99606
99001
97764.4
95563.3
92254.2
87990.5
83221.7
78345.4
73670.7
69270.8
65209.5
61419.1
57979.6
54744.7
51855
49142.3
46690.2
44461.7
42430.6
40594.2
38942.8
37469.3
36174.8
35049.5
34066.7
33240.2
32560.1
31965.7
31536.3
31222.2
30958.3
30747.8
30642.8
30541.8
30437.9
30401.5
30388.6
30371.2
30354.4
30352.8
30349.1
30347.5
30337.8
30330.6
30326
30317.5
30315.1
30301.9
30255.4
30245.9
30260.4
30266.1
30214.2
30196.2
30164.6
30151.7
99997.5
99988.2
99958.1
99862.8
99606
99001
97764.4
95563.3
92254.2
87990.5
83221.7
78345.4
73670.7
69270.8
65209.5
61419.1
57979.6
54744.7
51855
49142.3
46690.2
44461.7
42430.6
40594.2
38942.8
37469.3
36174.8
35049.5
34066.7
33240.2
32560.1
31965.7
31536.3
31222.2
30958.3
30747.8
30642.8
30541.8
30437.9
30401.5
30388.6
30371.2
30354.3
30352.8
30349.1
30347.4
30337.5
30330.6
30325.8
30317.5
30314.8
30301.2
30255
30246.1
30260.6
30265.2
30212.6
30191.9
30160.1
30141.6
99997.5
99988.2
99958.1
99862.8
99606
99001
97764.4
95563.3
92254.2
87990.5
83221.7
78345.4
73670.7
69270.8
65209.5
61419.1
57979.6
54744.7
51855
49142.3
46690.2
44461.7
42430.6
40594.2
38942.8
37469.3
36174.8
35049.5
34066.7
33240.2
32560.1
31965.7
31536.3
31222.2
30958.3
30747.8
30642.8
30541.8
30437.9
30401.5
30388.6
30371.2
30354.2
30352.6
30349.3
30346.8
30337
30330.5
30325.2
30317.4
30314
30299.9
30253.3
30245.5
30261
30262.3
30208.4
30182.4
30147.1
30094.4
99997.5
99988.2
99958.1
99862.8
99606
99001
97764.4
95563.3
92254.2
87990.5
83221.7
78345.4
73670.7
69270.8
65209.5
61419.1
57979.6
54744.7
51855
49142.3
46690.2
44461.7
42430.6
40594.2
38942.8
37469.3
36174.8
35049.5
34066.7
33240.2
32560.1
31965.7
31536.3
31222.2
30958.3
30747.7
30642.8
30541.8
30437.8
30401.4
30388.5
30371.3
30354
30352.3
30348.4
30346.1
30336.3
30329.9
30324.3
30316.9
30314.3
30301.3
30254.7
30245.7
30265
30262.1
30203.2
30181.3
30144.7
30056.6
99997.5
99988.2
99958.1
99862.8
99606
99001
97764.4
95563.3
92254.2
87990.5
83221.7
78345.4
73670.7
69270.8
65209.5
61419.1
57979.6
54744.7
51855
49142.3
46690.2
44461.7
42430.6
40594.2
38942.8
37469.3
36174.8
35049.5
34066.7
33240.2
32560.1
31965.7
31536.3
31222.2
30958.3
30747.7
30642.8
30541.7
30437.8
30401.4
30388.5
30371.3
30354
30352.3
30348.2
30346
30335.3
30329.8
30324.5
30316.2
30314.5
30299.4
30252.9
30245.5
30268.7
30265.3
30198.6
30155.8
30102.4
30055
99997.5
99988.2
99958.1
99862.8
99606
99001
97764.4
95563.3
92254.2
87990.5
83221.7
78345.4
73670.7
69270.8
65209.5
61419.1
57979.6
54744.7
51855
49142.3
46690.2
44461.7
42430.6
40594.2
38942.8
37469.3
36174.8
35049.5
34066.7
33240.2
32560.1
31965.7
31536.3
31222.2
30958.3
30747.7
30642.8
30541.7
30437.7
30401.3
30388.4
30371.3
30354
30352.4
30348.6
30346.1
30335.4
30330
30325
30316.2
30313.1
30295.9
30253.3
30247.8
30269.8
30262.4
30198.4
30160
30107
30046.5
99997.5
99988.2
99958.1
99862.8
99606
99001
97764.4
95563.3
92254.2
87990.5
83221.7
78345.4
73670.7
69270.8
65209.5
61419.1
57979.6
54744.7
51855
49142.3
46690.2
44461.7
42430.6
40594.2
38942.8
37469.3
36174.8
35049.5
34066.7
33240.2
32560.1
31965.7
31536.3
31222.1
30958.2
30747.7
30642.7
30541.6
30437.6
30401.2
30388.3
30371.4
30354.1
30352.8
30349.2
30346.8
30335.8
30330.6
30325.2
30314.8
30309
30292.3
30252.9
30245.4
30269.5
30256.1
30199.7
30170.5
30136.1
30053.1
99997.5
99988.2
99958.1
99862.8
99606
99001
97764.4
95563.3
92254.2
87990.5
83221.7
78345.4
73670.7
69270.8
65209.5
61419.1
57979.6
54744.7
51855
49142.3
46690.2
44461.7
42430.6
40594.2
38942.8
37469.3
36174.8
35049.5
34066.7
33240.2
32560.1
31965.7
31536.3
31222.1
30958.2
30747.7
30642.7
30541.6
30437.6
30401.2
30388.2
30371.4
30354.2
30353.1
30349.8
30347.5
30335.5
30330.5
30324.9
30314.2
30305.8
30289.3
30254.2
30246
30269.4
30253.8
30204
30182.7
30154.5
30007.8
99997.5
99988.2
99958.1
99862.8
99606
99001
97764.4
95563.3
92254.2
87990.5
83221.7
78345.4
73670.7
69270.8
65209.5
61419.1
57979.6
54744.7
51855
49142.3
46690.2
44461.7
42430.6
40594.2
38942.8
37469.3
36174.8
35049.5
34066.7
33240.2
32560.1
31965.7
31536.3
31222.1
30958.2
30747.6
30642.7
30541.6
30437.5
30401.1
30388
30371.4
30354.3
30352.9
30350.4
30347.8
30334.3
30329.5
30324.4
30313.2
30305.8
30289.4
30252.8
30245.3
30266.3
30251.9
30192.2
30157.5
30106.2
30023.9
99997.5
99988.2
99958.1
99862.8
99606
99001
97764.4
95563.3
92254.2
87990.5
83221.7
78345.4
73670.7
69270.8
65209.5
61419.1
57979.6
54744.7
51855
49142.3
46690.2
44461.7
42430.6
40594.2
38942.8
37469.3
36174.8
35049.5
34066.7
33240.2
32560
31965.7
31536.3
31222.1
30958.2
30747.6
30642.6
30541.5
30437.5
30401
30387.8
30371.4
30354.6
30352.9
30350.5
30347.8
30333.6
30328.9
30323.5
30311.7
30307.9
30291.6
30249.5
30242
30262.9
30245.8
30183.4
30148.6
30101.1
30028.6
99997.5
99988.2
99958.1
99862.8
99606
99001
97764.4
95563.3
92254.2
87990.5
83221.7
78345.4
73670.7
69270.8
65209.5
61419.1
57979.6
54744.7
51855
49142.3
46690.2
44461.7
42430.6
40594.2
38942.8
37469.3
36174.8
35049.5
34066.7
33240.2
32560
31965.6
31536.3
31222.1
30958.2
30747.6
30642.6
30541.5
30437.4
30400.9
30387.7
30371.2
30354.8
30352.9
30350.6
30347.4
30333.1
30329
30323.7
30312.1
30309.1
30294.6
30248.1
30240.2
30261.5
30243.4
30179.1
30142.8
30096.9
30026.4
99997.5
99988.2
99958.1
99862.8
99606
99001
97764.4
95563.3
92254.2
87990.5
83221.7
78345.4
73670.7
69270.8
65209.5
61419.1
57979.6
54744.7
51855
49142.3
46690.2
44461.7
42430.6
40594.2
38942.8
37469.3
36174.8
35049.5
34066.7
33240.2
32560
31965.6
31536.3
31222.1
30958.1
30747.6
30642.6
30541.4
30437.3
30400.8
30387.6
30370.9
30354.7
30352.8
30350.7
30347.2
30332.5
30328.8
30324.1
30314.1
30312.1
30296.4
30249.2
30242.7
30262.8
30245.9
30180.7
30139.7
30084.5
30000.8
99997.5
99988.2
99958.1
99862.8
99606
99001
97764.4
95563.3
92254.2
87990.5
83221.7
78345.4
73670.7
69270.8
65209.5
61419.1
57979.6
54744.7
51855
49142.3
46690.2
44461.7
42430.6
40594.2
38942.8
37469.3
36174.8
35049.5
34066.7
33240.2
32560
31965.6
31536.3
31222.1
30958.1
30747.5
30642.5
30541.4
30437.3
30400.7
30387.4
30370.5
30354.3
30352.4
30350.8
30346.7
30332.2
30327.4
30321.8
30310.3
30308.2
30305.4
30262.5
30245.4
30263.4
30248.5
30177.4
30132.2
30082
29998
99997.5
99988.2
99958.1
99862.8
99606
99001
97764.4
95563.3
92254.2
87990.5
83221.7
78345.4
73670.7
69270.8
65209.5
61419.1
57979.6
54744.7
51855
49142.3
46690.2
44461.7
42430.6
40594.2
38942.8
37469.3
36174.8
35049.5
34066.7
33240.2
32560
31965.6
31536.2
31222
30958.1
30747.5
30642.5
30541.3
30437.2
30400.6
30387.3
30370.1
30353.9
30351.6
30350.4
30345.7
30333.5
30327.8
30322.2
30309.6
30306.8
30302.7
30273
30249.6
30267.1
30252.4
30183.5
30131.7
30062.6
29944
99997.5
99988.2
99958.1
99862.8
99606
99001
97764.4
95563.3
92254.2
87990.5
83221.7
78345.4
73670.7
69270.8
65209.5
61419.1
57979.6
54744.7
51855
49142.3
46690.2
44461.7
42430.6
40594.2
38942.8
37469.3
36174.8
35049.5
34066.7
33240.2
32560
31965.6
31536.2
31222
30958.1
30747.5
30642.4
30541.3
30437.2
30400.5
30387.1
30369.7
30353.7
30351.5
30350.3
30344.1
30337.5
30329.2
30322.9
30312.2
30309
30303.5
30253
30240.3
30259.6
30240.7
30166.3
30117.3
30068.3
29954.7
99997.5
99988.2
99958.1
99862.8
99606
99001
97764.4
95563.3
92254.2
87990.5
83221.7
78345.4
73670.7
69270.8
65209.5
61419.1
57979.6
54744.7
51855
49142.3
46690.2
44461.7
42430.6
40594.2
38942.8
37469.3
36174.8
35049.5
34066.7
33240.2
32560
31965.6
31536.2
31222
30958
30747.4
30642.4
30541.2
30437.1
30400.4
30387
30369.4
30353.5
30351.5
30350.8
30345.1
30338
30332.4
30327
30316.8
30310.1
30289.9
30237.5
30232
30251.6
30232.1
30160.5
30113.9
30072.9
29943.6
99997.5
99988.2
99958.1
99862.8
99606
99001
97764.4
95563.3
92254.2
87990.5
83221.7
78345.4
73670.7
69270.8
65209.5
61419.1
57979.6
54744.7
51855
49142.3
46690.2
44461.7
42430.6
40594.2
38942.8
37469.3
36174.8
35049.5
34066.7
33240.2
32560
31965.6
31536.2
31222
30958
30747.4
30642.3
30541.2
30437.1
30400.3
30386.8
30369.2
30353.3
30351.6
30351
30345.8
30337.5
30333.9
30328.8
30317.8
30302.9
30282.2
30240.8
30232.8
30248.3
30228.3
30164.2
30117.2
30027.3
29930.7
99997.5
99988.2
99958.1
99862.8
99606
99001
97764.4
95563.3
92254.2
87990.5
83221.7
78345.4
73670.7
69270.8
65209.5
61419.1
57979.6
54744.7
51855
49142.3
46690.2
44461.7
42430.6
40594.2
38942.8
37469.3
36174.8
35049.5
34066.7
33240.2
32560
31965.6
31536.2
31222
30958
30747.4
30642.3
30541.1
30437.1
30400.3
30386.7
30369.1
30353
30351.2
30350.2
30343.1
30341.7
30335.1
30328
30315.5
30302.7
30282.7
30241.9
30234.6
30250.2
30233
30164.6
30126.1
30042.8
29929.6
99997.5
99988.2
99958.1
99862.8
99606
99001
97764.4
95563.3
92254.2
87990.5
83221.7
78345.4
73670.7
69270.8
65209.5
61419.1
57979.6
54744.7
51855
49142.3
46690.2
44461.7
42430.6
40594.2
38942.8
37469.3
36174.8
35049.5
34066.7
33240.2
32560
31965.6
31536.2
31221.9
30957.9
30747.3
30642.2
30541
30437
30400.3
30386.7
30369.2
30352.5
30350.6
30349.1
30341.6
30341.2
30338.3
30328.5
30314.7
30304.6
30287.3
30247
30239.9
30260
30258.1
30184.9
30116
30022.4
29883.3
99997.5
99988.2
99958.1
99862.8
99606
99001
97764.4
95563.3
92254.2
87990.5
83221.7
78345.4
73670.7
69270.8
65209.5
61419.1
57979.6
54744.7
51855
49142.3
46690.2
44461.7
42430.6
40594.2
38942.8
37469.3
36174.8
35049.5
34066.7
33240.2
32560
31965.6
31536.2
31221.9
30957.9
30747.3
30642.2
30541
30437
30400.4
30386.7
30369.2
30351.9
30349.9
30348.8
30342.4
30341.6
30335.2
30325.9
30317.2
30309
30290.9
30246.1
30240.7
30261.2
30260.4
30187.4
30112.4
29998.7
29851.3
99997.5
99988.2
99958.1
99862.8
99606
99001
97764.4
95563.3
92254.2
87990.5
83221.7
78345.4
73670.7
69270.8
65209.5
61419.1
57979.6
54744.7
51855
49142.3
46690.2
44461.7
42430.6
40594.2
38942.8
37469.3
36174.8
35049.5
34066.7
33240.2
32560
31965.6
31536.1
31221.9
30957.8
30747.2
30642.1
30540.9
30437
30400.4
30386.7
30369.2
30351.4
30349.3
30348.2
30341.4
30339.2
30331.4
30319.2
30311.5
30308.4
30300.1
30238.3
30225.9
30238.8
30224.1
30140.3
30093.8
30045.6
29889.4
99997.5
99988.2
99958.1
99862.8
99606
99001
97764.4
95563.3
92254.2
87990.5
83221.7
78345.4
73670.7
69270.8
65209.5
61419.1
57979.6
54744.7
51855
49142.3
46690.2
44461.7
42430.6
40594.2
38942.8
37469.3
36174.8
35049.5
34066.7
33240.2
32560
31965.6
31536.1
31221.9
30957.8
30747.2
30642.1
30540.8
30436.9
30400.5
30386.8
30369.1
30351.1
30348.8
30347.7
30341
30340.1
30337.3
30327.3
30313.2
30306
30283.8
30227.2
30222.4
30240.9
30215.9
30145.8
30105.3
30066.6
29964.3
99997.5
99988.2
99958.1
99862.8
99606
99001
97764.4
95563.3
92254.2
87990.5
83221.7
78345.4
73670.7
69270.8
65209.5
61419.1
57979.6
54744.7
51855
49142.3
46690.2
44461.7
42430.6
40594.2
38942.8
37469.3
36174.8
35049.5
34066.7
33240.2
32560
31965.6
31536.1
31221.8
30957.8
30747.1
30642
30540.8
30436.9
30400.5
30386.8
30369.3
30351.6
30350
30349.1
30342.6
30341.7
30339.4
30330.1
30316.1
30300.2
30279.5
30229.3
30222.4
30241.3
30217.3
30145.2
30099.4
30046.8
29957.7
99997.5
99988.2
99958.1
99862.8
99606
99001
97764.4
95563.3
92254.2
87990.5
83221.7
78345.4
73670.7
69270.8
65209.5
61419.1
57979.6
54744.7
51855
49142.3
46690.2
44461.7
42430.6
40594.2
38942.8
37469.3
36174.8
35049.5
34066.7
33240.2
32560
31965.6
31536.1
31221.8
30957.7
30747.1
30641.9
30540.7
30436.9
30400.5
30386.8
30369.5
30353
30350.4
30348
30340.4
30338.9
30328.7
30321.8
30310.4
30306.8
30303.7
30257.4
30236.2
30259
30231.5
30162.2
30108.8
30041.3
29943.9
99997.5
99988.2
99958.1
99862.8
99606
99001
97764.4
95563.3
92254.2
87990.5
83221.7
78345.4
73670.7
69270.8
65209.5
61419.1
57979.6
54744.7
51855
49142.3
46690.2
44461.7
42430.6
40594.2
38942.8
37469.3
36174.8
35049.5
34066.7
33240.2
32560
31965.6
31536.1
31221.8
30957.6
30747
30641.8
30540.7
30436.9
30400.4
30386.7
30369.6
30353.7
30351.9
30349.8
30344.8
30335.9
30332.1
30325
30313.3
30309.2
30290.3
30236.4
30228.1
30244.1
30223.9
30148.8
30106.2
30060
29974.5
99997.5
99988.2
99958.1
99862.8
99606
99001
97764.4
95563.3
92254.2
87990.5
83221.7
78345.4
73670.7
69270.8
65209.5
61419.1
57979.6
54744.7
51855
49142.3
46690.2
44461.7
42430.6
40594.2
38942.8
37469.3
36174.8
35049.5
34066.7
33240.2
32560
31965.6
31536.1
31221.7
30957.6
30746.9
30641.7
30540.6
30436.8
30400.4
30386.6
30369.4
30352.6
30350.2
30348.4
30340.6
30335.7
30329.3
30324.3
30317.6
30313.3
30311.4
30280
30253.5
30270.9
30266.1
30190.1
30138
30055.7
29941.4
99997.5
99988.2
99958.1
99862.8
99606
99001
97764.4
95563.3
92254.2
87990.5
83221.7
78345.4
73670.7
69270.8
65209.5
61419.1
57979.6
54744.7
51855
49142.3
46690.2
44461.7
42430.6
40594.2
38942.8
37469.3
36174.8
35049.5
34066.7
33240.2
32560
31965.5
31536.1
31221.7
30957.5
30746.8
30641.6
30540.6
30436.8
30400.3
30386.6
30368.9
30352.3
30349.8
30348.3
30342.7
30333.4
30325
30319.1
30309.6
30308.1
30305.4
30288.2
30253.5
30266.1
30277.7
30207.3
30143.4
30055.7
29944.4
99997.5
99988.2
99958.1
99862.8
99606
99001
97764.4
95563.3
92254.2
87990.5
83221.7
78345.4
73670.7
69270.8
65209.5
61419.1
57979.6
54744.7
51855
49142.3
46690.2
44461.7
42430.6
40594.2
38942.8
37469.3
36174.8
35049.5
34066.7
33240.2
32560
31965.5
31536.1
31221.7
30957.5
30746.7
30641.5
30540.5
30436.7
30400.1
30386.5
30368.5
30351.1
30349.7
30347.9
30345.8
30340.2
30333.9
30322.2
30310.8
30298.2
30280.3
30241.3
30234.1
30236.6
30260.5
30194.7
30124.5
30031.1
29928.9
99997.5
99988.2
99958.1
99862.8
99606
99001
97764.4
95563.3
92254.2
87990.5
83221.7
78345.4
73670.7
69270.8
65209.5
61419.1
57979.6
54744.7
51855
49142.3
46690.2
44461.7
42430.6
40594.2
38942.8
37469.3
36174.8
35049.5
34066.7
33240.2
32560
31965.5
31536.1
31221.6
30957.4
30746.6
30641.3
30540.4
30436.5
30400
30386.4
30368.4
30351.8
30351.5
30349.6
30347.6
30343.6
30331.3
30324.7
30319.5
30314.8
30296.4
30233.1
30231.8
30229.1
30257.4
30208.3
30134.6
30082.3
29974.8
99997.5
99988.2
99958.1
99862.8
99606
99001
97764.4
95563.3
92254.2
87990.5
83221.7
78345.4
73670.7
69270.8
65209.5
61419.1
57979.6
54744.7
51855
49142.3
46690.2
44461.7
42430.6
40594.2
38942.8
37469.3
36174.8
35049.5
34066.7
33240.2
32560
31965.5
31536.1
31221.6
30957.4
30746.5
30641.2
30540.2
30436.3
30399.7
30386.2
30368.5
30351.8
30351.3
30349.4
30348.8
30344.8
30333.3
30327.6
30316.2
30312
30303
30271.6
30239.7
30238.3
30255.6
30201.2
30141.8
30102.7
30081.1
99997.5
99988.2
99958.1
99862.8
99606
99001
97764.4
95563.3
92254.2
87990.5
83221.7
78345.4
73670.7
69270.8
65209.5
61419.1
57979.6
54744.7
51855
49142.3
46690.2
44461.7
42430.6
40594.2
38942.8
37469.3
36174.8
35049.5
34066.7
33240.2
32560
31965.5
31536.1
31221.6
30957.4
30746.5
30641
30540.1
30436.1
30399.5
30386.1
30368.9
30351.9
30351.4
30349
30348.9
30343
30338.5
30340
30322.6
30303.5
30287.9
30255.7
30243.5
30241.9
30259.4
30205.3
30152.7
30122.8
30110.7
99997.5
99988.2
99958.1
99862.8
99606
99001
97764.4
95563.3
92254.2
87990.5
83221.7
78345.4
73670.7
69270.8
65209.5
61419.1
57979.6
54744.7
51855
49142.3
46690.2
44461.7
42430.6
40594.2
38942.8
37469.3
36174.8
35049.5
34066.7
33240.2
32560
31965.5
31536.1
31221.6
30957.4
30746.4
30640.9
30539.8
30435.8
30399.2
30386
30369.6
30352.4
30351.7
30348.8
30344.1
30339.5
30335.7
30338.6
30325
30313.5
30301.1
30293.1
30256.8
30261.5
30268.5
30212.5
30194.4
30171.9
30140.1
99997.5
99988.2
99958.1
99862.8
99606
99001
97764.4
95563.3
92254.2
87990.5
83221.7
78345.4
73670.7
69270.8
65209.5
61419.1
57979.6
54744.7
51855
49142.3
46690.2
44461.7
42430.6
40594.2
38942.8
37469.3
36174.8
35049.5
34066.7
33240.2
32560
31965.5
31536.1
31221.6
30957.4
30746.4
30640.8
30539.6
30435.7
30399
30385.7
30369.5
30352.5
30352.1
30349.8
30350.3
30342.9
30337.7
30341.3
30327.1
30315.6
30300.4
30263.8
30255.7
30278.4
30260.9
30206.5
30189.4
30178.5
30169.6
99997.5
99988.2
99958.1
99862.8
99606
99001
97764.4
95563.3
92254.2
87990.5
83221.7
78345.4
73670.7
69270.8
65209.5
61419.1
57979.6
54744.7
51855
49142.3
46690.2
44461.7
42430.6
40594.2
38942.8
37469.3
36174.8
35049.5
34066.7
33240.2
32560
31965.5
31536.1
31221.6
30957.4
30746.4
30640.8
30539.4
30435.4
30398.7
30385.1
30368.9
30352.9
30352.6
30351.8
30351
30347.1
30339.2
30332.1
30317.9
30315.6
30300.6
30252.3
30246
30270
30263.1
30212.8
30185.6
30160.6
30165.7
99997.5
99988.2
99958.1
99862.8
99606
99001
97764.4
95563.3
92254.2
87990.5
83221.7
78345.4
73670.7
69270.8
65209.5
61419.1
57979.6
54744.7
51855
49142.3
46690.2
44461.7
42430.6
40594.2
38942.8
37469.3
36174.8
35049.5
34066.7
33240.2
32560
31965.6
31536.1
31221.6
30957.4
30746.4
30640.8
30539.4
30435.2
30398.6
30384.6
30368.6
30351.8
30349.9
30347.7
30342.7
30342.1
30344.9
30334.4
30319.3
30318.4
30317.6
30268.6
30270.7
30282.4
30226.2
30211.1
30205.1
30191.9
30171.3
99997.5
99988.2
99958.1
99862.8
99606
99001
97764.4
95563.3
92254.2
87990.5
83221.7
78345.4
73670.7
69270.8
65209.5
61419.1
57979.6
54744.7
51855
49142.3
46690.2
44461.7
42430.6
40594.2
38942.8
37469.3
36174.8
35049.5
34066.7
33240.2
32560
31965.6
31536.1
31221.7
30957.4
30746.4
30640.8
30539.5
30435
30398.3
30384.1
30367.7
30350.8
30350.2
30350
30348.6
30346.7
30345.9
30338.7
30324.6
30318.9
30303.1
30268.5
30274.8
30293.4
30247
30234.2
30222.8
30194.2
30202
99997.5
99988.2
99958.1
99862.8
99606
99001
97764.4
95563.3
92254.2
87990.5
83221.7
78345.4
73670.7
69270.8
65209.5
61419.1
57979.6
54744.7
51855
49142.3
46690.2
44461.7
42430.6
40594.2
38942.8
37469.3
36174.8
35049.5
34066.7
33240.2
32560
31965.6
31536.1
31221.7
30957.4
30746.4
30640.8
30539.5
30435.1
30397.9
30383.8
30366
30349.6
30349.7
30348.1
30348
30346.2
30338.9
30332.6
30320.5
30318.9
30318.5
30290.1
30264.3
30288.2
30279.8
30240
30218.6
30203.8
30213.2
99997.5
99988.2
99958.1
99862.8
99606
99001
97764.4
95563.3
92254.2
87990.5
83221.7
78345.4
73670.7
69270.8
65209.5
61419.1
57979.6
54744.7
51855
49142.3
46690.2
44461.7
42430.6
40594.2
38942.8
37469.3
36174.8
35049.5
34066.7
33240.2
32560
31965.6
31536.1
31221.7
30957.4
30746.4
30640.7
30539.5
30435
30397.7
30383.9
30366.8
30350.9
30349.4
30348.5
30345.1
30341.8
30334.6
30327.9
30317.3
30320.1
30315.8
30274.1
30257.5
30276.7
30282.1
30238.2
30232.9
30214.5
30217.7
99997.5
99988.2
99958.1
99862.8
99606
99001
97764.4
95563.3
92254.2
87990.5
83221.7
78345.4
73670.7
69270.8
65209.5
61419.1
57979.6
54744.7
51855
49142.3
46690.2
44461.7
42430.6
40594.2
38942.8
37469.3
36174.8
35049.5
34066.7
33240.2
32560
31965.6
31536.1
31221.7
30957.5
30746.4
30640.8
30539.4
30435
30397.7
30384.2
30367.3
30351.2
30350.7
30348.1
30347.7
30343.7
30340.6
30343.4
30325.2
30317
30314.5
30288.4
30261.7
30284.7
30285
30244.2
30236.1
30241
30229.7
99997.5
99988.2
99958.1
99862.8
99606
99001
97764.4
95563.3
92254.2
87990.5
83221.7
78345.4
73670.7
69270.8
65209.5
61419.1
57979.6
54744.7
51855
49142.3
46690.2
44461.7
42430.6
40594.2
38942.8
37469.3
36174.8
35049.5
34066.7
33240.2
32560
31965.6
31536.1
31221.7
30957.5
30746.5
30640.8
30539.4
30434.9
30397.8
30384.2
30370
30353.7
30353.2
30353
30351.9
30353.2
30349
30347.2
30342.7
30315.3
30302.1
30279.6
30271.2
30295.8
30285.5
30254.3
30255.7
30256.9
30212.5
99997.5
99988.2
99958.1
99862.8
99606
99001
97764.4
95563.3
92254.2
87990.5
83221.7
78345.4
73670.7
69270.8
65209.5
61419.1
57979.6
54744.7
51855
49142.3
46690.2
44461.7
42430.6
40594.2
38942.8
37469.3
36174.8
35049.5
34066.7
33240.2
32560
31965.6
31536.1
31221.7
30957.5
30746.6
30640.9
30539.5
30434.9
30397.9
30384.3
30367.3
30356.5
30356.1
30354.5
30355
30353.4
30354.3
30349.7
30334.7
30336.3
30337.2
30299.4
30290.9
30318.2
30291.7
30272.4
30262.1
30259.3
30263.5
99997.5
99988.2
99958.1
99862.8
99606
99001
97764.4
95563.3
92254.2
87990.5
83221.7
78345.4
73670.7
69270.8
65209.5
61419.1
57979.6
54744.7
51855
49142.3
46690.2
44461.7
42430.6
40594.2
38942.8
37469.3
36174.8
35049.5
34066.7
33240.2
32560
31965.6
31536.1
31221.8
30957.6
30746.6
30641
30539.6
30435
30398.2
30384.4
30370.6
30357.5
30357.8
30357.6
30356.6
30357.6
30357.2
30348.9
30337.1
30337
30323.7
30291.9
30305.5
30315.8
30278.8
30270
30270.6
30267.3
30272.9
99997.5
99988.2
99958.1
99862.8
99606
99001
97764.4
95563.3
92254.2
87990.5
83221.7
78345.4
73670.7
69270.8
65209.5
61419.1
57979.6
54744.7
51855
49142.3
46690.2
44461.7
42430.6
40594.2
38942.8
37469.3
36174.8
35049.5
34066.7
33240.2
32560
31965.6
31536.1
31221.8
30957.6
30746.7
30641.1
30539.8
30435.3
30398.5
30385
30367.7
30352.9
30353
30353.9
30353.3
30355.4
30352.3
30349.4
30343.2
30339.3
30334.4
30300.8
30290.1
30318.3
30311.5
30278.8
30278.2
30278.6
30282.8
99997.5
99988.2
99958.1
99862.8
99606
99001
97764.4
95563.3
92254.2
87990.5
83221.7
78345.4
73670.7
69270.8
65209.5
61419.1
57979.6
54744.7
51855
49142.3
46690.2
44461.7
42430.6
40594.2
38942.8
37469.3
36174.8
35049.5
34066.7
33240.2
32560
31965.6
31536.1
31221.8
30957.6
30746.7
30641.2
30539.9
30435.6
30399
30385.7
30368.4
30356.6
30356.6
30356.9
30356.4
30357.5
30355
30350.4
30350.2
30325.4
30314.3
30305.4
30296.6
30307.4
30323.3
30279.5
30274.1
30288
30280.5
99997.5
99988.2
99958.1
99862.8
99606
99001
97764.4
95563.3
92254.2
87990.5
83221.7
78345.4
73670.7
69270.8
65209.5
61419.1
57979.6
54744.7
51855
49142.3
46690.2
44461.7
42430.6
40594.2
38942.8
37469.3
36174.8
35049.5
34066.7
33240.2
32560
31965.6
31536.1
31221.8
30957.6
30746.7
30641.2
30540.1
30435.9
30399.4
30386.4
30368.6
30357.7
30358
30357.9
30357.2
30356.8
30354.6
30350.7
30332
30331.2
30330.4
30319
30294.2
30295.6
30330.8
30301.8
30286.4
30286.6
30288.2
99997.5
99988.2
99958.1
99862.8
99606
99001
97764.4
95563.3
92254.2
87990.5
83221.7
78345.4
73670.7
69270.8
65209.5
61419.1
57979.6
54744.7
51855
49142.3
46690.2
44461.7
42430.6
40594.2
38942.8
37469.3
36174.8
35049.5
34066.7
33240.2
32560
31965.6
31536.1
31221.8
30957.6
30746.7
30641.2
30540.1
30436.1
30399.7
30386.9
30368.9
30358.7
30358.6
30357.8
30357.1
30355.6
30351.5
30354.6
30346.2
30335.4
30336.4
30334.2
30296.4
30292.3
30327.5
30314.8
30287.3
30282.7
30301.1
99997.5
99988.2
99958.1
99862.8
99606
99001
97764.4
95563.3
92254.2
87990.5
83221.7
78345.4
73670.7
69270.8
65209.5
61419.1
57979.6
54744.7
51855
49142.3
46690.2
44461.7
42430.6
40594.2
38942.8
37469.3
36174.8
35049.5
34066.7
33240.2
32560
31965.6
31536.1
31221.8
30957.6
30746.7
30641.2
30540.2
30436.2
30400
30387.4
30369.4
30361.7
30361.9
30361.8
30360.5
30359.1
30358
30354.3
30342.8
30336
30334.3
30337.5
30304.8
30292.6
30327.1
30322.7
30300
30288.1
30282
99997.5
99988.2
99958.1
99862.8
99606
99001
97764.4
95563.3
92254.2
87990.5
83221.7
78345.4
73670.7
69270.8
65209.5
61419.1
57979.6
54744.7
51855
49142.3
46690.2
44461.7
42430.6
40594.2
38942.8
37469.3
36174.8
35049.5
34066.7
33240.2
32560
31965.6
31536.1
31221.8
30957.6
30746.7
30641.2
30540.2
30436.2
30400.1
30387.7
30369.6
30362.7
30362.7
30362.7
30361.7
30360.1
30355.8
30357.2
30351.5
30338.6
30335.3
30339.6
30309.3
30293.1
30324.6
30323.1
30296.5
30302.5
30294.5
99997.5
99988.2
99958.1
99862.8
99606
99001
97764.4
95563.3
92254.2
87990.5
83221.7
78345.4
73670.7
69270.8
65209.5
61419.1
57979.6
54744.7
51855
49142.3
46690.2
44461.7
42430.6
40594.2
38942.8
37469.3
36174.8
35049.5
34066.7
33240.2
32560
31965.6
31536.1
31221.8
30957.6
30746.7
30641.2
30540.2
30436.2
30400.2
30387.9
30369.7
30363.2
30363.3
30363.2
30362.2
30360.5
30355.9
30356.8
30353.8
30339.4
30335.8
30340.4
30311.4
30294.4
30326.4
30327
30299.4
30303.1
30300.8
99997.5
99988.2
99958.1
99862.8
99606
99001
97764.4
95563.3
92254.2
87990.5
83221.7
78345.4
73670.7
69270.8
65209.5
61419.1
57979.6
54744.7
51855
49142.3
46690.2
44461.7
42430.6
40594.2
38942.8
37469.3
36174.8
35049.5
34066.7
33240.2
32560
31965.6
31536.1
31221.8
30957.6
30746.7
30641.2
30540.2
30436.2
30400.2
30388
30369.7
30363.5
30363.6
30363.5
30362.5
30360.7
30356.1
30356.6
30355.3
30340.3
30336.7
30341.4
30313
30295.6
30327.7
30329.7
30300.4
30302.6
30301.9
99997.5
99988.2
99958.1
99862.8
99606
99001
97764.4
95563.3
92254.2
87990.5
83221.7
78345.4
73670.7
69270.8
65209.5
61419.1
57979.6
54744.7
51855
49142.3
46690.2
44461.7
42430.6
40594.2
38942.8
37469.3
36174.8
35049.5
34066.7
33240.2
32560
31965.6
31536.1
31221.8
30957.6
30746.7
30641.2
30540.2
30436.2
30400.3
30388
30369.7
30363.8
30363.9
30363.9
30362.8
30361
30356.5
30356.2
30356.3
30341.7
30338
30341.8
30311.1
30294.7
30327.2
30330.2
30298
30302.5
30302.2
99997.5
99988.2
99958.1
99862.8
99606
99001
97764.4
95563.3
92254.2
87990.5
83221.7
78345.4
73670.7
69270.8
65209.5
61419.1
57979.6
54744.7
51855
49142.3
46690.2
44461.7
42430.6
40594.2
38942.8
37469.3
36174.8
35049.5
34066.7
33240.2
32560
31965.6
31536.1
31221.8
30957.6
30746.7
30641.2
30540.2
30436.2
30400.3
30388
30369.7
30363.9
30364
30364
30362.8
30361
30356.6
30356.3
30356.6
30342.2
30338.5
30342.2
30311.4
30294.9
30327.5
30330.6
30298
30302.5
30302.8
29986.7
29834.3
29483
28994.2
28656.4
28425.3
28267
28165.3
28100.1
28061.5
28046.4
28040.9
28033.3
28018.4
28000.2
27980.1
27898.7
27824.8
27755
27695.1
29920.5
29787.1
29541.4
29028
28673.3
28437.5
28272.2
28161.8
28098.3
28066.8
28054.7
28047.1
28039.3
28029.9
28011.5
27976.5
27927.9
27870.6
27810.4
27761.3
29974.3
29835.8
29537
29013.7
28691.2
28448.6
28274.3
28153.4
28093
28068.4
28054.8
28042.9
28030.8
28017.2
28000.2
27974
27933.7
27882.9
27824.7
27783.9
29942.8
29820.6
29418.6
29007.9
28699.9
28456.2
28274.3
28151.1
28096.7
28074.5
28054.2
28033.4
28022
28014.6
28000.6
27976.9
27926.8
27879.5
27851.9
27794.5
29884.2
29635.1
29324.3
29003.6
28705.3
28464.3
28282.1
28152.3
28094.7
28071.6
28046.4
28026.4
28015.3
28004.5
27990
27976.6
27942.1
27919.4
27910.7
27860.7
29782.4
29599.4
29320.3
29007.5
28719.3
28485.2
28300.2
28152.4
28072.7
28047.2
28032.9
28023.7
28020.4
28014.6
28001.7
27987.1
27986.1
27969.7
27926.1
27954.1
29883.3
29663
29307.1
29008.7
28728.8
28498.5
28315.8
28162.5
28057.6
28028
28025.7
28026.6
28023.8
28037.8
28039.4
28035.2
28040.3
28017.5
27991.3
28000.6
29894.5
29663.7
29292.7
28997.5
28724.4
28503.4
28331.9
28206.6
28109.6
28072.5
28063
28056.3
28036.2
28038.3
28085.8
28042.2
28059.4
28115.6
28084.3
27998.9
29891.7
29638.2
29270.6
28976.1
28708.7
28501.5
28352.6
28247.5
28165.4
28109.5
28089.1
28086.9
28087.5
28082.2
28105.8
28065.4
28099.5
28135.1
28005.2
28023
29858.3
29638.2
29245.6
28947.7
28677.1
28457.9
28306.5
28218.4
28185.9
28185.9
28188.5
28180
28170.7
28162.9
28155.9
28146.7
28148.8
28136.6
28112.2
28127.4
29840.7
29555.3
29217.6
28933.1
28655.8
28427.3
28310.9
28267.5
28259.1
28257.5
28253
28224.4
28206.7
28196.1
28181.9
28169.1
28168.4
28168.1
28151.4
28184.5
29770.4
29565.3
29203.2
28919.6
28662.5
28442.3
28273.8
28266.6
28262.3
28293.7
28264.4
28279.6
28369.9
28239.4
28187.8
28190.7
28182.1
28193.3
28194.1
28178.2
29737
29480.5
29211.9
28933.8
28689.5
28472
28358.1
28342.2
28358.7
28361.5
28291.4
28254.6
28228
28216.6
28216.1
28217.6
28219.9
28216.8
28243.1
28209.2
29705.6
29491.5
29236.4
28945.6
28716.7
28592.2
28490.2
28400.7
28348.9
28319.5
28292.7
28264.4
28244.2
28243.3
28244.2
28253.3
28252.3
28249
28296.6
28262.4
29800.3
29648.3
29459.2
28990
28728.4
28546.5
28431.4
28318.2
28261
28247.9
28246.7
28244.2
28240.6
28282.8
28246.4
28292.2
28337
28268.1
28339.1
28401.3
29788.2
29638.4
29362.1
28992.9
28754.3
28565.1
28408
28284.8
28256.1
28256.1
28256.5
28264.1
28274.2
28305.3
28317.3
28329.5
28345.8
28352.1
28377.4
28376
29708.7
29561.9
29307.7
29013.2
28747
28558.3
28433.3
28365.1
28330.6
28314
28315.2
28314.8
28323.5
28319.1
28329.7
28338
28312.6
28365.6
28342.2
28331.3
29665
29510.5
29246.8
28952.6
28731
28596.7
28493.4
28431.2
28381.3
28344
28332.1
28332.1
28330.8
28338.5
28331.6
28346
28343.3
28340.4
28408
28323
29689.5
29535.4
29349.1
29065.8
28924
28846.4
28568.5
28465.8
28426.3
28392
28379.3
28378.4
28375
28380.3
28374.1
28382.3
28383.1
28368.6
28430.1
28357.8
29751.2
29507.2
29266.7
29022.6
28814.6
28649.7
28538
28485.4
28451.8
28421.9
28409.1
28406.9
28406.1
28411.6
28407.5
28407.7
28421.8
28403
28433.4
28418.5
29797.7
29522.2
29236.2
28985.2
28773.9
28618.5
28517.4
28466.2
28427.9
28404.7
28403.4
28404.8
28404
28410.3
28423.4
28441.6
28422
28441.4
28491.5
28379.1
29794.4
29624.1
29245.1
28991.6
28778.8
28634.3
28547.3
28476.6
28419.7
28398.5
28397.1
28395.4
28402.6
28397.7
28434.5
28400.2
28415.3
28498.5
28380.6
28406.7
29826.5
29598.9
29379.9
29146.5
28917.1
28758.2
28649.3
28578.1
28535.9
28498
28454.3
28416
28387.1
28364.8
28354.2
28355.3
28361.6
28365
28388.1
28383.8
29795.4
29671.8
29509.7
29227.5
29005.9
28858.5
28753.2
28670.9
28603.6
28545
28492.9
28445.5
28402.6
28365.5
28337.2
28334.2
28335.8
28341.8
28346.7
28366.2
29804
29686.9
29458.6
29257.9
29065.6
28908.9
28796.3
28716.8
28645.4
28570.7
28503.5
28453.1
28416.7
28395.1
28380.4
28378
28380.2
28386.5
28386.1
28402.6
29800.2
29693.8
29482.9
29285.2
29111.3
28992.8
28908.5
28820.5
28730.5
28645.8
28572.2
28510.2
28460.5
28425.8
28409.8
28405.9
28401.2
28402.3
28419.1
28300.4
29837.9
29722.3
29543.8
29369.2
29208.5
29099.7
29014.6
28926.5
28839.2
28755.4
28674.9
28599.7
28531.9
28473.5
28427
28399.7
28381.5
28363.4
28320.4
28236.6
30027.5
29977.4
29686.6
29459.2
29321.6
29196.8
29093.2
29012.3
28941.5
28871.5
28797.9
28720.4
28639.8
28559.4
28479.1
28404.5
28334.7
28265.5
28210.1
28173.4
30068.2
30020
29742
29571.2
29411.3
29286.2
29202.2
29124.7
29038.1
28946.5
28855.3
28767.7
28682.3
28598
28515.1
28435.9
28364.2
28297
28215.6
28205.4
30072
29913.9
29740.6
29623.6
29512.2
29418.7
29339.7
29257.7
29174.1
29094
29016.2
28937.8
28858.1
28777.2
28694.9
28615.9
28534.6
28449.9
28373.5
28291
30110.3
29935.6
29802.9
29679
29568.8
29470.8
29398.8
29338
29270.5
29193.9
29114
29033.6
28951.3
28870.6
28788.7
28702
28615.2
28538.7
28435.8
28391.4
30146.6
30115.5
29884.4
29758.5
29662.5
29572.3
29496.8
29431.6
29365.2
29295.1
29222.8
29152.2
29079.9
29008.4
28935.5
28851.5
28779.9
28701.3
28619
28543.3
30144.2
30100.6
30069.8
29972.5
29766.3
29685.4
29615.3
29548.9
29484.1
29421.1
29355.2
29290.7
29226.9
29163.7
29098.7
29026.6
28963.7
28889.2
28812.9
28734.6
30188.4
30167.4
29984.3
29880.2
29810.5
29740.2
29687.9
29643.1
29592.6
29528
29462.7
29389.1
29321.8
29258.3
29185.3
29119
29063.1
28990.3
28932.4
28846.4
30206.3
30167.5
30031.2
29957.9
29894.7
29860.3
29829.9
29758.9
29708.4
29657.5
29607.2
29549.9
29493.2
29434.9
29360
29292.8
29211.6
29163.9
29102.9
29037.4
30210.6
30191
30163.9
30011.9
29957
29924.7
29844.9
29782
29731.8
29704
29659.7
29615.4
29578.5
29539.9
29581.6
29539.8
29325.8
29266.1
29238.5
29187.1
30180.1
30132.7
30088.8
30040.2
30023.9
29994.9
29969.5
29902.3
29868
29825.1
29815.9
29909.1
29793
29635.9
29578.7
29524.6
29476.9
29401.8
29359.4
29327.6
30164.4
30144.6
30111.7
30060.3
30026.2
30001
29978.5
30006.7
29982.6
29895.6
29954.9
29904
29752.1
29722.4
29704.5
29643.6
29588.1
29620.4
29663.3
29432.7
30245.3
30174.2
30133.6
30095.5
30066.5
30036.3
30005.2
29974.9
29946
29916
29878.3
29838.9
29805.8
29772.7
29737.8
29760.1
29826.6
29708.7
29667.8
29756.5
30261.9
30201.3
30164.3
30150.4
30121.1
30094.5
30091.1
30100.3
30031.8
29987.2
29956.4
30002.1
30023.5
29893.5
29829.7
29795.7
29756.3
29811.1
29845.7
29700.3
30275.7
30279.6
30221.4
30187.3
30166.4
30153.3
30160.1
30169.9
30114.6
30140.2
30148.2
30008.3
29960.7
29929.2
30018.3
30052.6
29925.6
29831.6
29811
29887.6
30263
30256.2
30239.1
30227.9
30244
30171.7
30146.5
30137.4
30158.3
30129.7
30062.7
30057.2
30122.4
30054.8
29977.6
30012.2
30033.4
29961.2
29971.2
29989.1
30286.9
30274.5
30271.1
30238.2
30201.4
30188
30181.2
30203.9
30171.6
30129.1
30158.6
30163.3
30093
30140.1
30162.6
30005.6
29960.3
30094.4
30098.4
29923.8
30300.2
30290.4
30241.4
30230.6
30219.3
30208.7
30215.3
30208.5
30168.9
30150.1
30165.3
30192.9
30115.1
30115.8
30185.9
30094
30063.5
30162.8
30113.2
30016.2
30275.5
30276.7
30260.1
30269.9
30250.8
30206.6
30202.1
30186.5
30179.5
30209.2
30176.3
30124.9
30117.6
30162.7
30144
30106.7
30160.3
30111.2
30048.4
30143.4
30275.6
30268
30271.8
30251.9
30268.8
30241.3
30202.1
30189.2
30187.4
30214.7
30177.5
30132.8
30122.5
30165.6
30159.6
30116.1
30163
30134.2
30065.1
30143.7
30288.3
30264.4
30264.7
30259.8
30241.3
30267
30223.2
30189
30175.7
30180.7
30207.7
30159.7
30130.2
30168.7
30169.6
30123.6
30168.5
30147.7
30076.2
30147.1
30294.7
30269.5
30261.1
30264.8
30241.4
30261.2
30240.1
30190.9
30175.4
30172.2
30206.1
30177.4
30139
30167.9
30173.6
30128.6
30170.2
30153.8
30083
30149.3
30298.4
30282.4
30275.5
30255.1
30273.6
30245.3
30216
30206.4
30213.4
30217.5
30170
30144.4
30132.2
30174
30176.3
30129.7
30173.7
30155.5
30084.3
30153.1
30300.3
30287.2
30267.1
30255.1
30273.5
30230.1
30217.2
30208
30207
30225.9
30181
30145.4
30133.1
30173.7
30177.3
30130.7
30173.4
30156.9
30086
30153.1
28010.9
28008.8
28000.8
27983.3
27963.3
27935.8
27881.7
27789.7
27714.3
27494.4
27499.7
27644.3
28127
28809.7
29608.8
30344.8
30853.4
31159.7
31433.6
31642.6
31839
31837.7
31809.7
31674.2
31134.1
28769.7
17829.5
10953
10098.4
10007.9
28018.2
28016.2
28008.2
27990.7
27969.9
27943.4
27888.6
27796.8
27718.4
27493.4
27495.8
27632.8
28077.5
28758
29541
30293
30823.2
31152.6
31414.3
31638.5
31832.3
31831.2
31803.7
31669.7
31127.9
28764.8
17839
10953.2
10098.4
10007.9
28034.6
28032.9
28025.6
28008.3
27986.3
27959.1
27903.8
27811.6
27721
27483.4
27481.2
27616.4
28024
28706.4
29500
30240.6
30790.5
31126.9
31398.9
31641.1
31822.1
31824
31797.7
31664
31119.5
28752.6
17846.1
10953.5
10098.4
10007.9
28048.5
28047.2
28040.5
28024
28001.4
27974.2
27918.9
27826.7
27721.4
27467.1
27459.3
27598.9
27981.4
28675.9
29504.9
30210.7
30746.4
31098.1
31378
31643.4
31818.9
31819.5
31796.1
31663.5
31116.3
28736.8
17842.4
10953.6
10098.5
10007.9
28064.1
28063.1
28057.3
28041.9
28019.2
27991
27937.6
27842.2
27715.9
27440.3
27435.8
27579.5
27944.8
28657.9
29468.4
30186.6
30696.2
31060.6
31359.1
31646.2
31816
31824.7
31802.7
31670.3
31122.9
28730.1
17832.7
10953.3
10098.5
10007.9
28067.9
28067.2
28062.9
28049.7
28027.7
27999.3
27946.3
27850.1
27700.2
27406.9
27409.5
27562.4
27943
28683.8
29465.7
30129.2
30645.9
31026
31338.8
31645.1
31814.6
31835
31810.5
31677.7
31131.1
28728.1
17822.8
10952.8
10098.6
10007.9
28066.9
28066.4
28063.3
28052.4
28031
28001.8
27951.9
27849
27673
27371.6
27391
27550
27944
28659.2
29422
30101.8
30609.3
30999.7
31320.5
31637.7
31810.7
31837.5
31812.4
31682.8
31139.8
28728.4
17817.2
10952.1
10098.6
10007.9
28061.1
28060.8
28058.8
28050.1
28029.4
27998.6
27947.3
27838.5
27635.5
27356.4
27385.4
27541.4
27922.6
28562.8
29379.4
30064.6
30581.3
30983.6
31304.5
31627.7
31803.8
31834.8
31809.9
31683.1
31142.3
28726.6
17813.2
10951.4
10098.5
10008
28057.5
28057.2
28056.1
28049.8
28031.3
27997.3
27941
27817.8
27598.4
27326.2
27363.9
27528.5
27897.7
28555.5
29348.5
30053.4
30557.5
30970
31288.2
31614
31792
31824.2
31800.5
31676.8
31137.7
28720
17808.3
10950.5
10098.5
10008
28056.5
28056.2
28055.3
28050.9
28035.2
27998.1
27931.6
27792.1
27563.4
27320.6
27361.4
27532
27914.1
28576.2
29305.5
29979.2
30532
30955.4
31268
31594.9
31774.7
31805.9
31784.9
31664.5
31128.4
28708
17800.2
10949.5
10098.4
10008
28054.4
28054.2
28053.4
28050
28036.8
28000.9
27922.4
27761.7
27549.7
27325.7
27374.5
27535.6
27911.9
28642.4
29359.7
29917.8
30501.1
30939.9
31244.5
31571.1
31751.9
31781.8
31763.8
31646.1
31114.1
28692.9
17787.9
10948.2
10098.4
10008
28050.2
28050
28049
28045.4
28033.5
27998.4
27915.5
27743.8
27533.9
27359.2
27390.5
27542.2
27914.8
28618
29420.6
29943.1
30463.6
30917
31218.6
31544
31725.3
31754.2
31739.2
31623.9
31098.3
28677.7
17772.4
10946.9
10098.3
10008
28043.5
28043.3
28042.1
28038.1
28026.2
27993
27911.5
27733.4
27523.8
27392.4
27415.7
27548.4
27876.9
28534.8
29376.5
29973
30457.1
30890.4
31191.6
31515.7
31698.2
31726.1
31713.5
31601.8
31085.3
28667.8
17756.2
10945.5
10098.3
10008
28037
28036.8
28035.4
28031
28018.8
27987
27909.4
27736.8
27528.3
27422.5
27439.6
27550.6
27855.6
28516.1
29405.4
30003
30459.5
30865.7
31166.2
31489.5
31673.5
31700.1
31689.7
31583
31078.7
28666.9
17743.1
10944.3
10098.2
10008
28030.8
28030.5
28029.1
28024.5
28012.5
27982.7
27911.6
27753.1
27553.8
27453.7
27468.7
27569.4
27865.9
28521
29413
29998.4
30451.1
30845
31143.7
31466.1
31653.7
31677.8
31669.3
31567.7
31075.8
28672.7
17735.7
10943.2
10098.2
10008
28024.8
28024.6
28023.2
28018.8
28007.5
27980.2
27916.6
27775.5
27590.3
27501.9
27516.2
27608.3
27880.6
28495.3
29379.1
29978
30425.8
30826.8
31124.8
31446.7
31637.6
31660.5
31652.6
31554.5
31074.2
28680.6
17734
10942.5
10098.2
10008
28019.7
28019.4
28018.1
28014.2
28003.9
27979.6
27924.2
27802.2
27630.8
27563.1
27574.7
27653.7
27900.3
28461.7
29344
29950
30408.7
30810
31108.1
31431.3
31625
31654.2
31646.5
31549.3
31074.7
28690.1
17736.1
10942
10098.2
10008.1
28013.9
28013.7
28012.6
28009.1
28000.2
27979.3
27932.2
27828.8
27675.8
27618.8
27628
27694
27909.5
28406.6
29364.3
29949.3
30421.9
30800.1
31095.1
31420.1
31615
31649
31641.1
31547.3
31079.9
28703.4
17740.8
10941.8
10098.3
10008.1
28008.5
28008.3
28007.4
28004.4
27997
27979.6
27940.6
27855
27722.7
27669.6
27677.2
27734.4
27929
28403.6
29362.9
29950.8
30417.2
30792.2
31086.2
31412.2
31608.6
31646.9
31638.7
31545.7
31082.6
28712.3
17747.1
10941.8
10098.4
10008.1
28002.6
28002.4
28001.7
27999.3
27993.4
27979.6
27948.6
27880.4
27767.2
27719.8
27727.1
27780.8
27965
28401.3
29349.1
29949.2
30403.6
30784.4
31079.4
31406.3
31604
31645.7
31636.7
31544.5
31081.4
28713.2
17752.2
10942
10098.5
10008.1
27997.1
27997
27996.3
27994.6
27990.1
27979.9
27956.9
27906.6
27811.3
27767.8
27775
27825.1
27995.6
28411.5
29309.3
29944
30391.9
30774.4
31073
31401.3
31600.8
31645.6
31636.1
31544.3
31080.3
28709.6
17753.3
10942.2
10098.6
10008.1
27990.3
27990.2
27989.9
27988.8
27986.2
27979.8
27965
27930.9
27856.6
27813.8
27820.2
27866.9
28024.9
28408.9
29259.4
29933.4
30379.9
30762.6
31064.9
31395.8
31598.6
31646.2
31636.5
31546.6
31083.1
28710.4
17751.9
10942.4
10098.7
10008.1
27979.7
27979.7
27979.6
27979.3
27978.7
27976.8
27970.4
27952
27905.1
27855.9
27861.8
27904.4
28050.6
28412.1
29205.2
29921.1
30366
30750.6
31055
31389.3
31595.9
31646.5
31636.6
31548.6
31086.3
28714.1
17750.9
10942.6
10098.8
10008.2
27969.6
27969.6
27969.8
27970.4
27972
27975.7
27975.4
27968.4
27944.7
27898
27902.5
27938.5
28071.1
28411
29205
29908.8
30349.4
30737.9
31043.6
31381.6
31593.1
31646.2
31636
31549.8
31088.3
28714.4
17749.6
10942.9
10099
10008.2
27966.1
27966.1
27966.5
27967.7
27970.8
27978
27988
27985.7
27974.5
27943.3
27946.4
27976
28094.4
28420
29219.8
29897.5
30332.9
30725.3
31031.3
31372.9
31589.7
31644.7
31634.7
31551
31092.1
28717.8
17747.2
10943.1
10099.1
10008.2
27963.7
27963.8
27964.5
27966.6
27971.8
27983.5
28008.1
28008.6
28004.4
27986.9
27987.5
28012.9
28125.2
28439.9
29187.6
29883.8
30316.4
30712.3
31018.6
31363.9
31585.8
31642.4
31632.7
31551
31094.9
28719.9
17744.6
10943.3
10099.2
10008.2
27960.4
27960.6
27961.6
27964.7
27972.3
27989.7
28028.2
28037
28034.5
28025.5
28026.5
28049.3
28155.3
28473.4
29142.8
29867.7
30299.5
30698.6
31005.6
31354.7
31581.6
31639.4
31630.2
31550.8
31097.1
28720.7
17741.1
10943.5
10099.4
10008.2
27961.4
27961.6
27962.9
27966.7
27976.2
27998.2
28047.1
28067
28065.1
28060.8
28062.1
28086.8
28183.6
28471.7
29110.2
29849.5
30285.5
30685
30992.9
31345.9
31577.3
31635.8
31627.1
31549.9
31098.2
28720.6
17736.7
10943.6
10099.5
10008.3
27969.4
27969.6
27971
27975.4
27986.3
28011.3
28065
28094.4
28094
28092.3
28095.8
28118.1
28223.1
28484.1
29053.9
29831.7
30274.8
30671.7
30980.5
31337.7
31573.3
31631.8
31623.8
31548.5
31098.1
28718.5
17731.9
10943.8
10099.6
10008.3
27990.3
27990.5
27991.8
27996
28007.1
28032.7
28079
28112.4
28117.2
28119.1
28127.6
28150.7
28242.8
28489.9
28987.7
29818.8
30270.6
30658.9
30968.6
31330.1
31569.4
31627.5
31620.4
31546.8
31097.3
28715
17726.1
10943.9
10099.7
10008.3
28022.3
28022.3
28023.6
28028.3
28040.4
28069
28094.1
28117.3
28122.4
28129.3
28148
28183.5
28269
28490.9
28982.7
29819.8
30267.2
30646.7
30957.2
31323.3
31565.3
31622.6
31616.5
31544.3
31095.2
28709.7
17719.4
10944
10099.9
10008.3
28038.8
28039.3
28041.9
28050.1
28071.2
28118.4
28125.4
28123.5
28122.3
28129.7
28151.2
28203.2
28299.2
28505.8
28970.2
29814.2
30260.5
30634.4
30946.3
31316.7
31561.2
31617.3
31612.1
31540.9
31092.1
28702.9
17711.8
10944.1
10100
10008.4
28028.6
28029.6
28033.9
28046.4
28077.2
28149.9
28167.1
28155.7
28129.4
28121.9
28140.9
28212.8
28317.5
28533.9
28929
29797.2
30252.3
30622.4
30935.7
31310.3
31557.1
31611.7
31607.1
31536.5
31087.8
28694.6
17703.7
10944.2
10100.1
10008.4
28011.5
28012.3
28016.8
28030.9
28065.8
28138.9
28171.4
28186.6
28181.6
28141.3
28131.1
28191.7
28331.3
28554.6
28935.2
29774.8
30242.4
30610.6
30925.3
31303.9
31552.4
31605.2
31601.4
31531.1
31082.5
28685.3
17694.9
10944.2
10100.3
10008.4
27997.1
27997.8
28002
28014.6
28045.5
28117.6
28156.7
28171.9
28198.7
28213.3
28172
28161.3
28311.8
28563.4
28935.2
29759.4
30231.8
30599.5
30915.2
31297
31547.2
31597.8
31594.5
31524.5
31075.5
28674.2
17685.9
10944.3
10100.4
10008.4
27972.8
27974
27979.5
27994.6
28031.5
28113.2
28166.2
28170.3
28174.5
28223.8
28242.2
28201.5
28254.4
28563.2
28941.5
29740.1
30221.4
30589.1
30905.4
31289.7
31541.4
31589.7
31586.7
31516.8
31067.3
28662.2
17676.6
10944.3
10100.5
10008.5
27938.9
27940.2
27946.9
27966.4
28011
28107.4
28170.1
28187.9
28196.6
28195.6
28247.3
28265.1
28265.7
28520.8
28948.7
29729.9
30211.6
30579.2
30895.7
31282.2
31535
31580.8
31578.2
31508.2
31057.9
28648.9
17667.1
10944.3
10100.6
10008.5
27912.2
27913.4
27920.7
27943.2
27997.8
28092.3
28155.4
28182.2
28204.8
28213.2
28241.2
28292.4
28327.2
28469.6
28952.9
29721.1
30202.3
30570
30886
31274.6
31528.2
31571.3
31568.9
31498.8
31047.5
28634.8
17657.5
10944.4
10100.8
10008.5
27885.9
27887.8
27897.3
27925
27992.2
28092.5
28143.2
28171.1
28193.5
28225.7
28250.5
28293.2
28361.9
28466.5
28950.1
29711.7
30193.8
30561.3
30876.5
31266.8
31520.9
31561.3
31559
31488.7
31036.3
28619.9
17647.6
10944.4
10100.9
10008.5
27859.9
27862.4
27874
27905
27977
28104.5
28139
28156.8
28183.4
28232.1
28251.6
28288.1
28370.5
28488.2
28944.3
29700.8
30185.7
30552.9
30867.2
31259.1
31513.3
31550.9
31548.7
31478
31024.5
28604.7
17637.8
10944.4
10101
10008.6
27835.4
27838
27849.8
27883.7
27961
28121
28154.3
28153.2
28165.3
28225.4
28257.6
28287.8
28374.3
28510.6
28938.6
29692.1
30178.8
30544.9
30858.3
31251.2
31505.6
31540.4
31538.2
31467
31012.4
28589.8
17628
10944.5
10101.1
10008.6
27812.2
27814
27825.2
27861.6
27948.6
28113.2
28165.6
28177.3
28171.9
28190
28258.6
28294.5
28372.2
28519.1
28937.7
29686.7
30172.9
30537.1
30849.7
31243.3
31497.8
31529.9
31527.7
31456.1
31000.3
28575.1
17618.2
10944.5
10101.2
10008.6
27788.9
27791
27804.2
27844.4
27941.4
28106.8
28155.5
28189.6
28201.9
28173.9
28246.2
28298.3
28373
28522.1
28939.5
29682.6
30167.7
30529.7
30841.3
31235.7
31490.1
31519.6
31517.4
31445.3
30988.4
28560.6
17608.6
10944.5
10101.4
10008.6
27766.3
27768.7
27784
27829
27932.4
28105.4
28156.2
28185.1
28207
28194.5
28225.5
28302.1
28376.3
28524.9
28942.2
29678.5
30163.2
30522.6
30833
31228.4
31482.6
31509.6
31507.3
31434.9
30976.8
28546.6
17599.4
10944.6
10101.5
10008.7
27745
27748.1
27766.7
27819.5
27925.7
28096.9
28154.7
28188.5
28208.5
28210.7
28213.2
28307.3
28383.5
28525.6
28935.2
29672.3
30158.1
30515.7
30825.1
31221.5
31475.4
31500.1
31497.7
31424.9
30965.3
28532.9
17590.5
10944.6
10101.6
10008.7
27725.2
27729
27751.7
27815.4
27914.6
28089.8
28151.2
28188.5
28213.1
28221
28210.8
28306.9
28391.4
28529.1
28916.9
29666
30153.1
30508.9
30817.5
31214.8
31468.4
31491
31488.5
31415.4
30954
28520.3
17582.3
10944.7
10101.7
10008.7
27706.7
27711.7
27739.5
27814.3
27903
28079.5
28150.8
28187.5
28216.1
28228.7
28211.3
28305.2
28400
28533.8
28900.2
29661.5
30148.7
30502.4
30810.1
31208.5
31461.9
31482.5
31479.9
31406.5
30942.9
28509.8
17575
10944.7
10101.8
10008.7
27689.8
27696.7
27729.8
27814.7
27893.3
28069.4
28147.1
28186.3
28218.9
28233.9
28213.5
28303.6
28407.4
28537.2
28886.1
29656.5
30145.8
30495.9
30803
31202.5
31455.7
31474.5
31471.8
31398.3
30933.1
28501.8
17568.6
10944.8
10101.9
10008.7
27673.7
27682.9
27721.3
27813.6
27886.9
28056
28144.5
28185.7
28219.8
28239
28215.1
28305.9
28414.9
28540
28873.5
29652.8
30143.7
30489.7
30796.3
31196.9
31450
31467.1
31464.4
31390.8
30925.3
28495.9
17563
10944.9
10102.1
10008.8
27656.3
27668.2
27711
27807.7
27880.9
28046.3
28140.4
28183.3
28219.8
28242
28216.6
28309.1
28420.5
28546.3
28870
29650.4
30141.6
30484.1
30790.3
31192
31445
31460.5
31457.6
31384.1
30919
28491.7
17558.1
10945
10102.2
10008.8
27633.6
27647.7
27694
27784.1
27867.1
28023.7
28129.2
28176.6
28217.3
28244.1
28221.2
28312.6
28430.9
28567.7
28870.2
29648.6
30131
30469.1
30774.7
31179.6
31432.5
31443.9
31440.7
31367.8
30911.3
28486.3
17547.5
10945.3
10102.5
10008.8
27719.6
27720
27726.1
27753.7
27824
27963
28109.5
28168.7
28208.3
28230.6
28225.9
28287.2
28451.7
28607.3
28885.5
29633.4
30121
30442.7
30749.3
31160.6
31414.3
31424
31420.8
31352.8
30912.6
28504.3
17545.2
10946.2
10103
10009
27741.4
27731.6
27729.9
27747.4
27795.2
27896.7
28057.2
28140.4
28185.3
28212.7
28223.6
28246.5
28450.4
28622
28877.5
29621.9
30126.9
30416.7
30725.6
31144.2
31399.4
31410.4
31407
31345.4
30927.3
28546.7
17556.8
10947.7
10103.6
10009.1
27835.4
27862.9
27794.8
27793.5
27817
27881.6
27944.5
28085.3
28152.5
28191.6
28215.5
28226.5
28443.4
28622.9
28882.4
29628.4
30136.5
30417
30700.5
31127.9
31383.7
31396.9
31392.8
31339
30945.6
28604.4
17579.2
10949.9
10104.4
10009.2
27821.6
27898.4
27848.1
27817.6
27823.4
27855.4
27943.5
28008.6
28095.5
28162.4
28202.1
28220.8
28428.7
28631.8
28922.8
29642.3
30148.6
30428.9
30678
31109.4
31363.1
31377.9
31373.7
31326.9
30953.5
28650.1
17605.9
10952.8
10105.3
10009.4
27898.3
27945
27893.8
27853.6
27856.3
27876.3
27914.7
27980.5
28023.2
28075.5
28168.3
28226.2
28428.3
28614.9
29071.4
29629
30158.2
30447.6
30654.2
31084.8
31334.4
31349.5
31344.8
31301.8
30942.9
28657.6
17614.2
10956.6
10106.4
10009.5
27931.9
27986.5
27916.7
27873
27872.1
27872.1
27896.4
27945.4
27996.7
28037.5
28110.7
28259.6
28443.4
28676.6
29098.9
29639.2
30181.2
30468.1
30660.7
31040.6
31299.1
31313.1
31307.6
31266
30916.1
28649.5
17610
10961.2
10107.7
10009.8
27957
27953.9
27990.9
27914.7
27896.9
27895.9
27891.3
27924.4
27978.8
28057.2
28092.7
28225.5
28520.5
28825.7
29111.3
29638.9
30187.2
30469.5
30671.8
30983.8
31260
31272.5
31266.2
31225.2
30883.5
28627.2
17600.7
10966.8
10109.3
10010
28087.3
28011.8
28021.5
27982.9
27942.7
27955.2
27973.7
27976.3
27995
28112
28162.2
28270.9
28557.5
28908.3
29165.2
29609.3
30189.1
30459.9
30663
30957.6
31224.5
31233.6
31226.3
31183.3
30844.3
28595.3
17588.6
10973.5
10111.1
10010.3
28113.6
28082.6
28113.4
28066.5
28022.6
28045.1
28058.5
28034.6
28125.8
28182.9
28203.9
28410.3
28669.2
28924.9
29233.4
29554.5
30167.4
30446.4
30644
30930
31196.8
31202.7
31194.1
31146.8
30806.2
28555.6
17577.3
10980.7
10113.1
10010.6
28160.1
28145.6
28198
28183.4
28150.1
28143
28173.7
28164.8
28227.8
28280.2
28302.3
28482.8
28824.9
29007.7
29240.9
29548.5
30112.8
30434.2
30633.3
30901.8
31172.9
31177.3
31167.3
31114.7
30771.9
28512.9
17552.1
10988.3
10115.5
10011
28218.1
28184.7
28236.3
28251.4
28255.3
28248
28265
28284.7
28305.6
28396.6
28458.5
28681.9
28794.5
29090.2
29394.6
29638.2
29959.7
30396.4
30609.3
30896.2
31146.5
31148.1
31135.9
31075.2
30730.3
28459.8
17512.4
10996.1
10118.2
10011.4
28239.3
28242.8
28274.5
28271.7
28276.6
28349
28355.8
28379.4
28423.6
28452.9
28635.1
28740.7
28857
29100.3
29452.8
29719.5
29914.2
30339.1
30576.2
30917.2
31118.7
31118.4
31100.9
31022.7
30669.2
28393.4
17470
11004.7
10121.3
10011.8
28285
28280.9
28302.8
28297.6
28344.7
28338.5
28403.6
28414.2
28477.9
28615.1
28743.4
28838.7
28893.6
29188.1
29463
29729.2
29910.8
30302
30532
30944.8
31097.6
31096.3
31071.1
30969.3
30585.8
28305
17437.2
11015.1
10125
10012.4
28323.4
28319.5
28333
28336.4
28377.9
28366.1
28450.1
28490.6
28495.1
28674
28799.8
28909.1
28998.9
29270.7
29475.7
29721.2
29908.9
30290.3
30507.1
30960.2
31075.5
31072.2
31036.5
30904.9
30477.2
28198.9
17426.5
11028.3
10129.4
10013
28344.2
28348.9
28359.1
28360
28386.4
28421
28506.4
28492.3
28641.4
28802.2
28830
28859.7
29102.5
29284.6
29504.7
29728.6
29900.8
30272.2
30502.7
30968.1
31067.4
31063.2
31022.7
30872.6
30417.1
28155.4
17441.3
11046.1
10134.8
10013.7
28390.7
28328.5
28418.6
28392.5
28376.4
28449.4
28573.3
28612.9
28607.5
28758.4
28910.1
28987.2
29158.5
29341.5
29454.9
29739.7
29914.4
30226.7
30498.4
30978.4
31067.5
31062.4
31017.7
30852.4
30379.7
28170.6
17515.4
11070.7
10141.3
10014.5
28413.3
28391
28385.5
28442.3
28421.9
28423.8
28567.7
28637.2
28695.2
28710.5
28857.1
29009.3
29210
29344.2
29510.9
29761.2
29928.7
30330.2
30577.9
31020
31081.2
31072.8
31015.8
30828.6
30341.5
28289.2
17594.2
11103.1
10149
10015.5
28425
28418.6
28408.7
28469.1
28463.1
28447.7
28568.9
28636.5
28659.5
28713.4
28951.4
29047.2
29129.7
29329.7
29547.7
29735.9
29995.8
30402.9
30652.8
31052.7
31074
31063.4
30997
30801.7
30320.8
28401.5
17625.5
11140.5
10157.8
10016.6
28432.9
28435.5
28439.6
28486.5
28475.3
28487.3
28527.2
28655.9
28732.2
28793.8
28839
29059.8
29194.1
29340.8
29518.8
29674.2
29903.4
30167
30447
30911
30977
30966.6
30894.9
30649.5
30032.8
27988.2
17307.7
11180.3
10167.7
10018
28516.4
28433.5
28449
28524.8
28497.2
28524.9
28578.6
28640.3
28712.8
28867.3
28949.3
29047.6
29331.2
29442
29578.3
29756.2
29880.5
30046.1
30316.4
30912.9
31020.2
31005.9
30894.9
30490.6
29439.1
26837.6
16861.3
11235.4
10179.9
10019.7
28499.8
28463
28439.8
28447.2
28514
28522
28576.9
28703.6
28778.7
28892.5
28999.8
29100.8
29321.2
29614.8
29798
29961.8
30376.7
30733.9
31027.8
31306.4
31327.9
31289.1
31070.9
30461.3
29061.6
25984
16624.6
11314.1
10194.7
10021.6
28403.5
28402.4
28464.3
28415
28488.1
28582.7
28591.5
28700.5
28801.7
28902.1
29038.5
29074.4
29151.3
29420.9
29676.5
30010
30587.9
31064
31237.3
31227.7
31172.3
31053.3
30820.8
30246.8
28859.1
25564.2
16565.2
11416.1
10212.2
10023.8
28363.2
28372.9
28383.2
28471.4
28540.3
28566.6
28546.7
28708.8
28791.7
28806.6
28989.4
29012.4
29100.9
29215.6
29316.3
29495.1
29730
30084.6
30316.1
30501.2
30787.6
30765.9
30624.4
30147.5
28787.4
25373.3
16723.2
11543.8
10233.6
10026.2
28399
28402.1
28319.7
28443.4
28546.4
28514.8
28564.5
28629.4
28729.4
28822.4
29016.7
29103.5
29286.4
29318.7
29318.6
29328.4
29377.1
29548.6
30059.1
30662.6
31055.9
31083.4
31036.9
30627.9
28784
24733.6
17384.5
11697.1
10260.4
10028.8
28445.2
28496
28425.3
28439
28473.3
28487.8
28614.3
28658.2
28672.6
28827.1
28945.8
29225.6
29633.7
30223.8
30487.1
30571.9
30768.9
31304.9
31735.9
31976.6
32094
32095.4
31850.4
30267.4
27299.4
24434.8
18203.8
11854.9
10293.5
10031.6
28445.6
28389.5
28312.2
28322.8
28398
28468.1
28482.5
28495.1
28595.8
28662.7
28801.6
29161.2
29493.4
30137.8
31044.8
31915.7
32398.2
32799.6
32925.8
32921
32837.6
32327.7
30693.5
28173
26564.6
24317.7
19009.6
12014.4
10328.6
10034.4
28151.6
28151
28149.7
28146.5
28184
28159.6
28253.5
28222
28282
28357.3
28420.4
28582.6
28863.4
29219.9
30019.3
30849.3
31611.8
31822.5
31817.4
31726.5
31372.1
30508.6
28484.3
27228.6
26213.1
24329.1
20008.7
12184
10363.6
10037.2
28146.2
28105.6
28216.1
28116.5
28014.2
27976.9
27939.2
27923.4
27926.2
27962.2
27927.9
28030.4
28103.8
28188.6
28448
28821.7
29173.2
29312.5
29300.5
29235.4
29033.8
28518
27431.7
26780.9
26054.5
24519.4
20946.2
12372.4
10397.4
10039.9
28211.5
28145.9
28080.2
28012.3
27950.7
27897.9
27843.1
27793.9
27753.2
27760.7
27651.7
27536.5
27543.8
27559.9
27627.7
27721.4
27731.9
27780.9
27792.2
27765.8
27664.8
27425.3
26935.6
26579.8
26009.4
24758.4
21694.1
12678.6
10429.5
10042.5
28338
28254.8
28226.2
28294.7
28125.8
27953.5
27875.1
27803.3
27750.1
27756.3
27536.2
27344.7
27263.4
27220.8
27218.9
27192.4
27142.5
27148.2
27144
27118.5
27036.1
26874.4
26698.7
26497.4
26060.7
25059.6
22263
13093.1
10460
10044.9
28432.7
28356.3
28294.7
28250.6
28281.5
28174.8
27952
27855.9
27775.1
27735.5
27585.4
27300.1
27198.1
27132.6
27083.2
26956.5
26914.9
26905.5
26876
26828.1
26737.2
26671.1
26604.6
26467.9
26155.7
25375.3
22794
13463
10488
10047.2
28653.6
28559.2
28465.3
28381.1
28302.4
28231.9
28199.8
28196.4
27913.6
27773.6
27674.4
27629
27411.1
27161.8
26999.6
26881.9
26859.9
26810.3
26772.8
26712.9
26661.1
26623.9
26584.3
26494.7
26281.3
25711.8
23302.5
13758.6
10512.6
10049.2
28776.8
28809.1
28818.4
28605.5
28560.7
28581.8
28451.5
28350.3
28089.4
27984.4
27916.2
27850.3
27553.7
27434.5
27126.6
26999.3
26922.1
26775.7
26737.4
26668.3
26643.7
26641.1
26635.1
26613.2
26506.6
26047.5
23698.7
13998.7
10534
10051
28945.3
28881
28861.3
28928.2
28798.4
28721.3
28726.9
28616.9
28402.2
28220.8
28135.9
28013.8
27910.3
27585.5
27423.7
27310.5
27218.6
26971.7
26894.2
26815.5
26812.1
26813.7
26817.5
26812.5
26740.4
26329.6
24012.7
14192.1
10552.1
10052.4
29134.7
29235.9
29107.8
29000.3
28983.4
28995.5
28902.4
28809.5
28663.3
28573.1
28499.5
28347
28090.1
27979.2
27813.9
27629.8
27457.8
27243.1
27157.6
27045.1
27042.1
27044.3
27049.9
27047.8
26990.3
26602.8
24287.7
14352.4
10567.1
10053.5
29313.5
29388.9
29258.6
29249.2
29230.6
29061.7
29010
28965.3
28960.7
28844.7
28756.2
28565.5
28455.8
28362.2
28232.2
27967
27764
27547.5
27452.3
27305.3
27293.4
27295
27298.7
27297.6
27255.4
26903
24590.9
14508.1
10578.7
10054.2
29418.8
29323
29338.7
29405.2
29310.3
29225.8
29222.3
29226.5
29189.6
29128.8
29000.6
28880.6
28748.8
28664.8
28533.9
28335.8
28202.1
27902.4
27749
27609
27554.5
27556.1
27562.7
27572.3
27550.4
27262.1
24972.6
14633
10584.1
10054.3
29550.2
29470
29549.1
29510.3
29501.9
29472.6
29323
29332.3
29340.5
29302.5
29211.1
29094.3
29056
28929.4
28829.9
28657.2
28533.2
28428.4
28268.6
28036
27878.4
27883.2
27895.8
27909.2
27897.3
27645.2
25318.4
14661.3
10582.1
10054
29737.4
29704.4
29699
29656.8
29646.1
29628.1
29524.1
29486.7
29482.6
29466.2
29338.6
29304.4
29320.3
29195.7
29112.9
29063.5
28975.2
28862.8
28710.7
28561.3
28507
28390.7
28371.9
28344.7
28268.4
27914.1
25476.6
14606
10576.8
10053.6
29888.7
29805.5
29881.2
29724.7
29684.4
29720.8
29699.7
29708.7
29610.7
29575.3
29566.6
29522.2
29533
29450.8
29388.6
29394.1
29329.5
29256.9
29226.3
29103.5
28981.4
28945.7
28916.2
28861
28667.6
28100.5
25511.1
14495.6
10571.1
10053.2
29913.1
29924.2
29914.7
29909.2
29879.5
29826
29844.5
29820.6
29802.8
29799.2
29728.9
29717.5
29731.8
29717.2
29621.3
29620.3
29630.6
29557.9
29550.6
29544.4
29452.9
29392
29319.8
29209.5
28966.1
28333.4
25567
14389.6
10567.7
10053
30054.7
29992.9
29866.7
29968.8
29957.8
29975.7
29940.8
29896.3
29919.1
29905.1
29914.5
29883.3
29835.6
29825.5
29853.7
29810.9
29819.9
29788.2
29762.5
29763.8
29711.5
29682.1
29656.5
29526.3
29203.8
28474.8
25593.1
14333.7
10566.5
10053
30122.8
30037.6
29876.2
29972.9
30011.7
30010.7
30017.1
29974.7
29980.9
29952.3
30014.4
29930.7
29924
29968.3
29957.3
29953.3
29927.3
29912.3
29905
29908.6
29858
29834.6
29807.8
29706
29375.2
28603.1
25627.8
14304.5
10566.2
10052.9
30046.2
30069.7
30064.4
30016.4
30038.8
30023.2
30063.8
30008.5
29988.9
30037.8
30053.2
29996.4
30003.5
30014.3
30012.3
30012.5
29995.9
30006.3
29975.9
29966.5
29970
29929.1
29886.2
29788.5
29471.9
28672.9
25659.9
14291.4
10566
10052.9
30073.7
30077.8
30092.7
30035.2
30061.4
30044.5
30087.3
30039.5
30016
30063
30083.5
30031.8
30034.2
30047.3
30047.5
30049.5
30032.3
30046.9
30013.7
30007.7
30013.5
29972.9
29929.8
29835.2
29523.1
28709.7
25677
14284
10565.7
10052.9
30090.9
30087
30108.7
30049.8
30076.3
30057.6
30102.8
30057.2
30031.6
30077.8
30101.4
30051.8
30052
30065.4
30067.4
30069.2
30052.9
30067.8
30035.3
30030.8
30036.6
29995.3
29952.4
29858.8
29548.1
28726.1
25682.8
14278.9
10565.5
10052.9
30098.9
30089.9
30117.2
30057.5
30083.4
30063.4
30110.2
30065.7
30039.4
30087.4
30111.5
30060.5
30061.3
30075.3
30077.7
30079.7
30063.6
30078.8
30046.7
30042.6
30048.5
30007.1
29963.8
29869.8
29558.6
28732.5
25683.8
14275.6
10565.4
10052.9
30100.8
30093.7
30119.9
30060.3
30087
30066.9
30113.9
30069.3
30043.4
30091.4
30115.7
30065
30065.8
30079.9
30082.5
30084.5
30068.5
30083.8
30051.8
30047.8
30053.8
30012.3
29968.9
29874.6
29563.1
28734.8
25683.4
14273.9
10565.3
10052.9
30102.5
30093.9
30121.5
30061.7
30088.1
30067.8
30115.1
30070.7
30044.7
30093
30117.3
30066.6
30067.4
30081.6
30084.3
30086.3
30070.3
30085.7
30053.7
30049.8
30055.8
30014.3
29970.7
29876.2
29564.5
28735.4
25683.1
14273.2
10565.3
10052.9
)
;

boundaryField
{
    inlet
    {
        type            zeroGradient;
    }
    outlet
    {
        type            zeroGradient;
    }
    bottom
    {
        type            symmetryPlane;
    }
    top
    {
        type            symmetryPlane;
    }
    obstacle
    {
        type            zeroGradient;
    }
    defaultFaces
    {
        type            empty;
    }
}


// ************************************************************************* //
