/*--------------------------------*- C++ -*----------------------------------*\
| =========                 |                                                 |
| \\      /  F ield         | OpenFOAM: The Open Source CFD Toolbox           |
|  \\    /   O peration     | Version:  5.x                                   |
|   \\  /    A nd           | Web:      www.OpenFOAM.org                      |
|    \\/     M anipulation  |                                                 |
\*---------------------------------------------------------------------------*/
/*   Windows 32 and 64 bit porting by blueCAPE: http://www.bluecape.com.pt   *\
|  Based on Windows porting (2.0.x v4) by Symscape: http://www.symscape.com   |
\*---------------------------------------------------------------------------*/
FoamFile
{
    version     2.0;
    format      ascii;
    class       volScalarField;
    location    "0.008";
    object      T;
}
// * * * * * * * * * * * * * * * * * * * * * * * * * * * * * * * * * * * * * //

dimensions      [0 0 0 1 0 0 0];

internalField   nonuniform List<scalar> 
10000
(
348.429
348.42
348.39
348.295
348.038
347.431
346.187
343.947
340.514
335.957
330.669
325.034
319.4
313.855
308.543
303.287
298.604
293.21
289.99
284.084
280.715
277.993
273.268
268.989
266.916
265.429
262.705
259.044
256.138
254.997
254.934
254.885
254.325
252.505
250.879
250.207
250.192
250.574
251.605
252.699
253.279
253.358
253.075
251.89
250.52
249.595
249.057
248.803
248.74
248.835
249.849
255.172
271.699
293.556
314.425
334.065
349.056
364.625
371.999
385.334
348.429
348.42
348.39
348.295
348.038
347.431
346.187
343.947
340.514
335.957
330.669
325.034
319.4
313.855
308.543
303.287
298.604
293.21
289.99
284.084
280.715
277.993
273.268
268.989
266.916
265.429
262.705
259.044
256.138
254.997
254.934
254.885
254.325
252.505
250.879
250.207
250.192
250.574
251.605
252.699
253.279
253.358
253.075
251.89
250.519
249.593
249.058
248.8
248.737
248.834
249.85
255.194
271.763
293.614
314.45
334.035
349.008
364.624
371.999
385.33
348.429
348.42
348.39
348.295
348.038
347.431
346.187
343.947
340.514
335.957
330.669
325.034
319.4
313.855
308.543
303.287
298.604
293.21
289.99
284.084
280.715
277.993
273.268
268.989
266.916
265.429
262.705
259.044
256.138
254.997
254.934
254.885
254.325
252.505
250.879
250.206
250.192
250.574
251.605
252.699
253.279
253.358
253.075
251.889
250.517
249.589
249.06
248.797
248.733
248.827
249.838
255.186
271.833
293.655
314.489
334.052
349.008
364.628
372.006
385.342
348.429
348.42
348.39
348.295
348.038
347.431
346.187
343.947
340.514
335.957
330.669
325.034
319.4
313.855
308.543
303.287
298.604
293.21
289.99
284.084
280.715
277.993
273.268
268.989
266.916
265.429
262.705
259.044
256.138
254.997
254.934
254.885
254.325
252.505
250.879
250.206
250.192
250.574
251.605
252.698
253.279
253.358
253.075
251.889
250.515
249.588
249.061
248.794
248.728
248.828
249.838
255.161
271.777
293.614
314.454
334.042
349.013
364.641
372.014
385.328
348.429
348.42
348.39
348.295
348.038
347.431
346.187
343.947
340.514
335.957
330.669
325.034
319.4
313.855
308.543
303.287
298.604
293.21
289.99
284.084
280.715
277.993
273.268
268.989
266.916
265.429
262.705
259.044
256.138
254.997
254.934
254.885
254.325
252.505
250.879
250.206
250.192
250.574
251.605
252.698
253.279
253.358
253.075
251.89
250.515
249.59
249.061
248.792
248.725
248.826
249.84
255.152
271.763
293.622
314.451
334.044
349.032
364.653
372.021
385.301
348.429
348.42
348.39
348.295
348.038
347.431
346.187
343.947
340.514
335.957
330.669
325.034
319.4
313.855
308.543
303.287
298.604
293.21
289.99
284.084
280.715
277.993
273.268
268.989
266.916
265.429
262.705
259.044
256.138
254.997
254.934
254.885
254.325
252.505
250.879
250.206
250.192
250.574
251.605
252.698
253.278
253.358
253.075
251.889
250.513
249.591
249.062
248.792
248.725
248.828
249.842
255.145
271.737
293.6
314.42
334.014
349.024
364.642
372.015
385.308
348.429
348.42
348.39
348.295
348.038
347.431
346.187
343.947
340.514
335.957
330.669
325.034
319.4
313.855
308.543
303.287
298.604
293.21
289.99
284.084
280.715
277.993
273.268
268.989
266.916
265.429
262.705
259.044
256.138
254.997
254.934
254.885
254.325
252.505
250.879
250.206
250.192
250.574
251.605
252.698
253.278
253.357
253.075
251.89
250.513
249.592
249.062
248.793
248.725
248.828
249.844
255.156
271.764
293.63
314.44
334.02
349.012
364.623
371.993
385.326
348.429
348.42
348.39
348.295
348.038
347.431
346.187
343.947
340.514
335.957
330.669
325.034
319.4
313.855
308.543
303.287
298.604
293.21
289.99
284.084
280.715
277.993
273.268
268.989
266.916
265.429
262.705
259.044
256.138
254.997
254.934
254.885
254.325
252.505
250.879
250.206
250.192
250.574
251.605
252.698
253.278
253.357
253.075
251.89
250.514
249.594
249.059
248.792
248.726
248.828
249.844
255.159
271.781
293.661
314.462
334.041
349.034
364.6
371.956
385.35
348.429
348.42
348.39
348.295
348.038
347.431
346.187
343.947
340.514
335.957
330.669
325.034
319.4
313.855
308.543
303.287
298.604
293.21
289.99
284.084
280.715
277.993
273.268
268.989
266.916
265.429
262.705
259.044
256.138
254.997
254.934
254.885
254.325
252.505
250.879
250.206
250.192
250.574
251.605
252.698
253.278
253.357
253.075
251.89
250.515
249.594
249.056
248.791
248.725
248.826
249.841
255.143
271.739
293.603
314.411
334.008
349.021
364.593
371.937
385.337
348.429
348.42
348.39
348.295
348.038
347.431
346.187
343.947
340.514
335.957
330.669
325.034
319.4
313.855
308.543
303.287
298.604
293.21
289.99
284.084
280.715
277.993
273.268
268.989
266.916
265.429
262.705
259.044
256.138
254.997
254.934
254.885
254.325
252.505
250.879
250.206
250.192
250.574
251.605
252.697
253.278
253.357
253.075
251.89
250.516
249.594
249.055
248.791
248.724
248.825
249.837
255.133
271.716
293.571
314.386
333.995
349.007
364.578
371.924
385.308
348.429
348.42
348.39
348.295
348.038
347.431
346.187
343.947
340.514
335.957
330.669
325.034
319.4
313.855
308.543
303.287
298.604
293.21
289.99
284.084
280.715
277.993
273.268
268.989
266.916
265.429
262.705
259.044
256.138
254.997
254.934
254.885
254.325
252.505
250.879
250.206
250.192
250.574
251.605
252.697
253.278
253.357
253.075
251.89
250.517
249.594
249.056
248.791
248.724
248.825
249.835
255.133
271.718
293.564
314.372
333.968
348.98
364.552
371.909
385.284
348.429
348.42
348.39
348.295
348.038
347.431
346.187
343.947
340.514
335.957
330.669
325.034
319.4
313.855
308.543
303.287
298.604
293.21
289.99
284.084
280.715
277.993
273.268
268.989
266.916
265.429
262.705
259.044
256.138
254.997
254.934
254.885
254.325
252.505
250.879
250.206
250.192
250.574
251.605
252.697
253.278
253.357
253.075
251.891
250.517
249.593
249.057
248.791
248.723
248.825
249.835
255.133
271.709
293.539
314.352
333.947
348.948
364.535
371.887
385.271
348.429
348.42
348.39
348.295
348.038
347.431
346.187
343.947
340.514
335.957
330.669
325.034
319.4
313.855
308.543
303.287
298.604
293.21
289.99
284.084
280.715
277.993
273.268
268.989
266.916
265.429
262.705
259.044
256.138
254.997
254.934
254.885
254.325
252.505
250.879
250.206
250.192
250.574
251.605
252.697
253.278
253.357
253.075
251.891
250.518
249.593
249.058
248.791
248.723
248.825
249.836
255.135
271.708
293.528
314.344
333.939
348.919
364.523
371.86
385.26
348.429
348.42
348.39
348.295
348.038
347.431
346.187
343.947
340.514
335.957
330.669
325.034
319.4
313.855
308.543
303.287
298.604
293.21
289.99
284.084
280.715
277.993
273.268
268.989
266.916
265.429
262.705
259.044
256.138
254.997
254.934
254.885
254.325
252.505
250.879
250.206
250.192
250.574
251.605
252.697
253.278
253.357
253.075
251.89
250.518
249.592
249.06
248.792
248.722
248.824
249.834
255.132
271.719
293.541
314.356
333.942
348.915
364.538
371.875
385.243
348.429
348.42
348.39
348.295
348.038
347.431
346.187
343.947
340.514
335.957
330.669
325.034
319.4
313.855
308.543
303.287
298.604
293.21
289.99
284.084
280.715
277.993
273.268
268.989
266.916
265.429
262.705
259.044
256.138
254.997
254.934
254.885
254.325
252.505
250.879
250.206
250.192
250.573
251.605
252.697
253.278
253.357
253.076
251.89
250.518
249.591
249.059
248.795
248.722
248.823
249.828
255.111
271.677
293.496
314.318
333.903
348.873
364.506
371.856
385.219
348.429
348.42
348.39
348.295
348.038
347.431
346.187
343.947
340.514
335.957
330.669
325.034
319.4
313.855
308.543
303.287
298.604
293.21
289.99
284.084
280.715
277.993
273.268
268.989
266.916
265.429
262.705
259.044
256.138
254.997
254.934
254.885
254.325
252.505
250.879
250.206
250.192
250.573
251.605
252.697
253.278
253.357
253.076
251.891
250.519
249.593
249.059
248.793
248.721
248.821
249.821
255.088
271.613
293.423
314.243
333.825
348.812
364.425
371.787
385.167
348.429
348.42
348.39
348.295
348.038
347.431
346.187
343.947
340.514
335.957
330.669
325.034
319.4
313.855
308.543
303.287
298.604
293.21
289.99
284.084
280.715
277.993
273.268
268.989
266.916
265.429
262.705
259.044
256.138
254.997
254.934
254.885
254.325
252.505
250.879
250.206
250.191
250.573
251.605
252.697
253.278
253.357
253.076
251.892
250.521
249.596
249.058
248.792
248.723
248.822
249.819
255.089
271.616
293.42
314.223
333.789
348.789
364.384
371.756
385.156
348.429
348.42
348.39
348.295
348.038
347.431
346.187
343.947
340.514
335.957
330.669
325.034
319.4
313.855
308.543
303.287
298.604
293.21
289.99
284.084
280.715
277.993
273.268
268.989
266.916
265.429
262.705
259.044
256.138
254.997
254.934
254.885
254.325
252.505
250.879
250.206
250.191
250.573
251.604
252.697
253.278
253.357
253.076
251.892
250.522
249.598
249.056
248.795
248.725
248.824
249.819
255.086
271.595
293.389
314.186
333.763
348.748
364.352
371.735
385.145
348.429
348.42
348.39
348.295
348.038
347.431
346.187
343.947
340.514
335.957
330.669
325.034
319.4
313.855
308.543
303.287
298.604
293.21
289.99
284.084
280.715
277.993
273.268
268.989
266.916
265.429
262.705
259.044
256.138
254.997
254.934
254.885
254.325
252.505
250.879
250.206
250.191
250.573
251.604
252.697
253.278
253.357
253.076
251.893
250.524
249.598
249.057
248.798
248.727
248.824
249.82
255.083
271.555
293.328
314.147
333.754
348.738
364.333
371.719
385.129
348.429
348.42
348.39
348.295
348.038
347.431
346.187
343.947
340.514
335.957
330.669
325.034
319.4
313.855
308.543
303.287
298.604
293.21
289.99
284.084
280.715
277.993
273.268
268.989
266.916
265.429
262.705
259.044
256.138
254.997
254.934
254.885
254.325
252.505
250.879
250.206
250.191
250.573
251.604
252.697
253.278
253.358
253.077
251.893
250.525
249.599
249.059
248.8
248.727
248.822
249.824
255.089
271.543
293.317
314.148
333.748
348.722
364.313
371.699
385.126
348.429
348.42
348.39
348.295
348.038
347.431
346.187
343.947
340.514
335.957
330.669
325.034
319.4
313.855
308.543
303.287
298.604
293.21
289.99
284.084
280.715
277.993
273.268
268.989
266.916
265.429
262.705
259.044
256.138
254.997
254.934
254.885
254.325
252.505
250.879
250.206
250.191
250.573
251.604
252.697
253.278
253.358
253.077
251.893
250.525
249.601
249.06
248.802
248.727
248.82
249.825
255.096
271.542
293.318
314.133
333.718
348.695
364.299
371.671
385.118
348.429
348.42
348.39
348.295
348.038
347.431
346.187
343.947
340.514
335.957
330.669
325.034
319.4
313.855
308.543
303.287
298.604
293.21
289.99
284.084
280.715
277.993
273.268
268.989
266.916
265.429
262.705
259.044
256.138
254.997
254.934
254.885
254.325
252.505
250.879
250.206
250.191
250.573
251.604
252.697
253.278
253.358
253.077
251.893
250.525
249.601
249.062
248.803
248.728
248.819
249.823
255.096
271.543
293.321
314.113
333.688
348.672
364.287
371.653
385.118
348.429
348.42
348.39
348.295
348.038
347.431
346.187
343.947
340.514
335.957
330.669
325.034
319.4
313.855
308.543
303.287
298.604
293.21
289.99
284.084
280.715
277.993
273.268
268.989
266.916
265.429
262.705
259.044
256.138
254.997
254.934
254.885
254.325
252.505
250.879
250.206
250.191
250.573
251.604
252.697
253.278
253.358
253.077
251.893
250.526
249.601
249.064
248.802
248.728
248.818
249.82
255.098
271.559
293.349
314.151
333.718
348.682
364.303
371.658
385.113
348.429
348.42
348.39
348.295
348.038
347.431
346.187
343.947
340.514
335.957
330.669
325.034
319.4
313.855
308.543
303.287
298.604
293.21
289.99
284.084
280.715
277.993
273.268
268.989
266.916
265.429
262.705
259.044
256.138
254.997
254.934
254.885
254.325
252.504
250.879
250.206
250.191
250.573
251.604
252.697
253.277
253.358
253.077
251.892
250.525
249.601
249.065
248.802
248.727
248.818
249.816
255.084
271.534
293.335
314.158
333.733
348.685
364.301
371.641
385.117
348.429
348.42
348.39
348.295
348.038
347.431
346.187
343.947
340.514
335.957
330.669
325.034
319.4
313.855
308.543
303.287
298.604
293.21
289.99
284.084
280.715
277.993
273.268
268.989
266.916
265.429
262.705
259.044
256.138
254.997
254.934
254.885
254.325
252.504
250.879
250.206
250.191
250.573
251.604
252.697
253.277
253.358
253.077
251.892
250.526
249.601
249.065
248.801
248.726
248.817
249.812
255.071
271.51
293.32
314.159
333.74
348.67
364.272
371.592
385.074
348.429
348.42
348.39
348.295
348.038
347.431
346.187
343.947
340.514
335.957
330.669
325.034
319.4
313.855
308.543
303.287
298.604
293.21
289.99
284.084
280.715
277.993
273.268
268.989
266.916
265.429
262.705
259.044
256.138
254.997
254.934
254.885
254.325
252.504
250.879
250.206
250.191
250.573
251.604
252.697
253.277
253.358
253.077
251.892
250.526
249.602
249.063
248.799
248.725
248.813
249.809
255.069
271.505
293.306
314.133
333.702
348.628
364.249
371.533
384.959
348.429
348.42
348.39
348.295
348.038
347.431
346.187
343.947
340.514
335.957
330.669
325.034
319.4
313.855
308.543
303.287
298.604
293.21
289.99
284.084
280.715
277.993
273.268
268.989
266.916
265.429
262.705
259.044
256.138
254.997
254.934
254.885
254.325
252.504
250.879
250.206
250.191
250.573
251.604
252.697
253.277
253.358
253.077
251.892
250.526
249.601
249.061
248.797
248.724
248.81
249.806
255.068
271.49
293.273
314.079
333.652
348.578
364.246
371.509
384.831
348.429
348.42
348.39
348.295
348.038
347.431
346.187
343.947
340.514
335.957
330.669
325.034
319.4
313.855
308.543
303.287
298.604
293.21
289.99
284.084
280.715
277.993
273.268
268.989
266.916
265.429
262.705
259.044
256.138
254.997
254.934
254.885
254.325
252.504
250.879
250.206
250.191
250.573
251.604
252.696
253.277
253.358
253.077
251.892
250.525
249.6
249.06
248.796
248.723
248.808
249.802
255.059
271.466
293.25
314.047
333.594
348.507
364.202
371.529
384.749
348.429
348.42
348.39
348.295
348.038
347.431
346.187
343.947
340.514
335.957
330.669
325.034
319.4
313.855
308.543
303.287
298.604
293.21
289.99
284.084
280.715
277.993
273.268
268.989
266.916
265.429
262.705
259.044
256.138
254.997
254.934
254.885
254.325
252.504
250.879
250.206
250.191
250.573
251.604
252.696
253.277
253.358
253.077
251.892
250.526
249.6
249.057
248.795
248.722
248.806
249.796
255.05
271.453
293.223
314.008
333.541
348.475
364.143
371.52
384.745
348.429
348.42
348.39
348.295
348.038
347.431
346.187
343.947
340.514
335.957
330.669
325.034
319.4
313.855
308.543
303.287
298.604
293.21
289.99
284.084
280.715
277.993
273.268
268.989
266.916
265.429
262.705
259.044
256.138
254.997
254.934
254.885
254.325
252.504
250.879
250.206
250.191
250.573
251.604
252.696
253.277
253.358
253.077
251.893
250.526
249.601
249.054
248.794
248.721
248.803
249.794
255.047
271.45
293.215
313.998
333.535
348.454
364.098
371.484
384.803
348.429
348.42
348.39
348.295
348.038
347.431
346.187
343.947
340.514
335.957
330.669
325.034
319.4
313.855
308.543
303.287
298.604
293.21
289.99
284.084
280.715
277.993
273.268
268.989
266.916
265.429
262.705
259.044
256.138
254.997
254.934
254.885
254.325
252.504
250.879
250.206
250.191
250.573
251.604
252.696
253.277
253.357
253.077
251.893
250.526
249.602
249.053
248.794
248.721
248.799
249.792
255.053
271.467
293.218
313.986
333.515
348.406
364.048
371.422
384.823
348.429
348.42
348.39
348.295
348.038
347.431
346.187
343.947
340.514
335.957
330.669
325.034
319.4
313.855
308.543
303.287
298.604
293.21
289.99
284.084
280.715
277.993
273.268
268.989
266.916
265.429
262.705
259.044
256.138
254.997
254.934
254.885
254.325
252.504
250.879
250.206
250.191
250.573
251.603
252.696
253.276
253.357
253.077
251.893
250.526
249.602
249.051
248.793
248.721
248.8
249.789
255.049
271.454
293.206
313.969
333.499
348.395
364.024
371.381
384.842
348.429
348.42
348.39
348.295
348.038
347.431
346.187
343.947
340.514
335.957
330.669
325.034
319.4
313.855
308.543
303.287
298.604
293.21
289.99
284.084
280.715
277.993
273.268
268.989
266.916
265.429
262.705
259.044
256.138
254.997
254.934
254.885
254.325
252.504
250.879
250.206
250.191
250.573
251.603
252.696
253.276
253.357
253.077
251.893
250.526
249.603
249.05
248.793
248.72
248.8
249.79
255.041
271.417
293.175
313.948
333.496
348.409
364.015
371.342
384.865
348.429
348.42
348.39
348.295
348.038
347.431
346.187
343.947
340.514
335.957
330.669
325.034
319.4
313.855
308.543
303.287
298.604
293.21
289.99
284.084
280.715
277.993
273.268
268.989
266.916
265.429
262.705
259.044
256.138
254.997
254.934
254.885
254.325
252.504
250.879
250.206
250.191
250.573
251.603
252.696
253.276
253.357
253.076
251.892
250.526
249.603
249.049
248.793
248.719
248.798
249.792
255.041
271.395
293.157
313.926
333.468
348.397
363.994
371.311
384.83
348.429
348.42
348.39
348.295
348.038
347.431
346.187
343.947
340.514
335.957
330.669
325.034
319.4
313.855
308.543
303.287
298.604
293.21
289.99
284.084
280.715
277.993
273.268
268.989
266.916
265.429
262.705
259.044
256.138
254.997
254.934
254.885
254.325
252.504
250.878
250.206
250.191
250.573
251.603
252.696
253.276
253.356
253.076
251.892
250.526
249.603
249.048
248.793
248.718
248.797
249.795
255.047
271.384
293.143
313.912
333.456
348.374
364.004
371.288
384.744
348.429
348.42
348.39
348.295
348.038
347.431
346.187
343.947
340.514
335.957
330.669
325.034
319.4
313.855
308.543
303.287
298.604
293.21
289.99
284.084
280.715
277.993
273.268
268.989
266.916
265.429
262.705
259.044
256.138
254.997
254.934
254.885
254.325
252.504
250.878
250.206
250.191
250.573
251.603
252.696
253.276
253.356
253.076
251.892
250.526
249.602
249.048
248.792
248.718
248.797
249.797
255.048
271.366
293.137
313.915
333.462
348.361
364.008
371.273
384.686
348.429
348.42
348.39
348.295
348.038
347.431
346.187
343.947
340.514
335.957
330.669
325.034
319.4
313.855
308.543
303.287
298.604
293.21
289.99
284.084
280.715
277.993
273.268
268.989
266.916
265.429
262.705
259.044
256.138
254.997
254.934
254.885
254.325
252.504
250.878
250.206
250.191
250.573
251.603
252.695
253.276
253.355
253.075
251.891
250.525
249.601
249.049
248.793
248.718
248.798
249.798
255.046
271.353
293.117
313.907
333.457
348.347
363.998
371.248
384.651
348.429
348.42
348.39
348.295
348.038
347.431
346.187
343.947
340.514
335.957
330.669
325.034
319.4
313.855
308.543
303.287
298.604
293.21
289.99
284.084
280.715
277.993
273.268
268.989
266.916
265.429
262.705
259.044
256.138
254.997
254.934
254.885
254.325
252.504
250.878
250.206
250.191
250.573
251.603
252.695
253.276
253.355
253.075
251.891
250.524
249.599
249.051
248.793
248.719
248.798
249.8
255.041
271.329
293.109
313.896
333.442
348.332
363.992
371.246
384.616
348.429
348.42
348.39
348.295
348.038
347.431
346.187
343.947
340.514
335.957
330.669
325.034
319.4
313.855
308.543
303.287
298.604
293.21
289.99
284.084
280.715
277.993
273.268
268.989
266.916
265.429
262.705
259.044
256.138
254.997
254.934
254.885
254.325
252.504
250.878
250.206
250.191
250.573
251.603
252.695
253.276
253.355
253.075
251.891
250.523
249.599
249.052
248.793
248.719
248.799
249.799
255.033
271.315
293.085
313.871
333.427
348.299
363.979
371.235
384.604
348.429
348.42
348.39
348.295
348.038
347.431
346.187
343.947
340.514
335.957
330.669
325.034
319.4
313.855
308.543
303.287
298.604
293.21
289.99
284.084
280.715
277.993
273.268
268.989
266.916
265.429
262.705
259.044
256.138
254.997
254.934
254.885
254.325
252.504
250.878
250.205
250.191
250.573
251.603
252.695
253.276
253.354
253.074
251.89
250.522
249.598
249.054
248.794
248.72
248.8
249.798
255.021
271.292
293.06
313.843
333.397
348.251
363.946
371.195
384.592
348.429
348.42
348.39
348.295
348.038
347.431
346.187
343.947
340.514
335.957
330.669
325.034
319.4
313.855
308.543
303.287
298.604
293.21
289.99
284.084
280.715
277.993
273.268
268.989
266.916
265.429
262.705
259.044
256.138
254.997
254.934
254.885
254.325
252.504
250.878
250.205
250.191
250.573
251.603
252.695
253.276
253.354
253.074
251.89
250.521
249.598
249.055
248.794
248.72
248.801
249.798
255.013
271.284
293.053
313.825
333.371
348.198
363.886
371.148
384.576
348.429
348.42
348.39
348.295
348.038
347.431
346.187
343.947
340.514
335.957
330.669
325.034
319.4
313.855
308.543
303.287
298.604
293.21
289.99
284.084
280.715
277.993
273.268
268.989
266.916
265.429
262.705
259.044
256.138
254.997
254.934
254.885
254.325
252.504
250.878
250.205
250.191
250.573
251.603
252.695
253.275
253.354
253.074
251.89
250.521
249.599
249.055
248.794
248.72
248.802
249.797
255.008
271.281
293.046
313.807
333.351
348.169
363.865
371.113
384.559
348.429
348.42
348.39
348.295
348.038
347.431
346.187
343.947
340.514
335.957
330.669
325.034
319.4
313.855
308.543
303.287
298.604
293.21
289.99
284.084
280.715
277.993
273.268
268.989
266.916
265.429
262.705
259.044
256.138
254.997
254.934
254.885
254.325
252.504
250.878
250.205
250.191
250.573
251.603
252.695
253.275
253.353
253.073
251.889
250.52
249.599
249.055
248.794
248.721
248.802
249.795
255.004
271.284
293.057
313.806
333.352
348.158
363.859
371.083
384.554
348.429
348.42
348.39
348.295
348.038
347.431
346.187
343.947
340.514
335.957
330.669
325.034
319.4
313.855
308.543
303.287
298.604
293.21
289.99
284.084
280.715
277.993
273.268
268.989
266.916
265.429
262.705
259.044
256.138
254.997
254.934
254.885
254.325
252.504
250.878
250.205
250.191
250.573
251.603
252.695
253.275
253.353
253.073
251.889
250.52
249.599
249.055
248.795
248.721
248.802
249.793
255.002
271.279
293.057
313.804
333.357
348.157
363.861
371.051
384.535
348.429
348.42
348.39
348.295
348.038
347.431
346.187
343.947
340.514
335.957
330.669
325.034
319.4
313.855
308.543
303.287
298.604
293.21
289.99
284.084
280.715
277.993
273.268
268.989
266.916
265.429
262.705
259.044
256.138
254.997
254.934
254.885
254.325
252.504
250.878
250.205
250.191
250.573
251.603
252.695
253.275
253.353
253.073
251.889
250.519
249.6
249.054
248.795
248.722
248.801
249.792
255.003
271.274
293.042
313.796
333.358
348.141
363.862
371.023
384.501
348.429
348.42
348.39
348.295
348.038
347.431
346.187
343.947
340.514
335.957
330.669
325.034
319.4
313.855
308.543
303.287
298.604
293.21
289.99
284.084
280.715
277.993
273.268
268.989
266.916
265.429
262.705
259.044
256.138
254.997
254.934
254.885
254.325
252.504
250.878
250.205
250.191
250.573
251.603
252.695
253.275
253.353
253.072
251.888
250.519
249.599
249.054
248.795
248.722
248.8
249.791
255.007
271.29
293.058
313.813
333.367
348.137
363.869
371.019
384.46
348.429
348.42
348.39
348.295
348.038
347.431
346.187
343.947
340.514
335.957
330.669
325.034
319.4
313.855
308.543
303.287
298.604
293.21
289.99
284.084
280.715
277.993
273.268
268.989
266.916
265.429
262.705
259.044
256.138
254.997
254.934
254.885
254.325
252.504
250.878
250.205
250.191
250.573
251.603
252.695
253.275
253.353
253.072
251.888
250.519
249.599
249.053
248.795
248.722
248.8
249.791
255.01
271.306
293.094
313.85
333.389
348.147
363.866
371.021
384.42
348.429
348.42
348.39
348.295
348.038
347.431
346.187
343.947
340.514
335.957
330.669
325.034
319.4
313.855
308.543
303.287
298.604
293.21
289.99
284.084
280.715
277.993
273.268
268.989
266.916
265.429
262.705
259.044
256.138
254.997
254.934
254.885
254.325
252.504
250.878
250.205
250.191
250.573
251.603
252.695
253.275
253.353
253.072
251.888
250.519
249.599
249.052
248.795
248.722
248.8
249.791
255.009
271.312
293.116
313.868
333.393
348.143
363.842
371.007
384.385
348.429
348.42
348.39
348.295
348.038
347.431
346.187
343.947
340.514
335.957
330.669
325.034
319.4
313.855
308.543
303.287
298.604
293.21
289.99
284.084
280.715
277.993
273.268
268.989
266.916
265.429
262.705
259.044
256.138
254.997
254.934
254.885
254.325
252.504
250.878
250.205
250.191
250.573
251.603
252.694
253.275
253.352
253.072
251.888
250.519
249.599
249.051
248.794
248.722
248.799
249.79
255.007
271.32
293.135
313.877
333.391
348.145
363.812
370.991
384.341
348.429
348.42
348.39
348.295
348.038
347.431
346.187
343.947
340.514
335.957
330.669
325.034
319.4
313.855
308.543
303.287
298.604
293.21
289.99
284.084
280.715
277.993
273.268
268.989
266.916
265.429
262.705
259.044
256.138
254.997
254.934
254.885
254.325
252.504
250.878
250.205
250.191
250.573
251.603
252.694
253.275
253.352
253.072
251.888
250.519
249.599
249.051
248.794
248.721
248.799
249.789
255.008
271.331
293.153
313.875
333.425
348.1
363.861
370.899
384.355
348.429
348.42
348.39
348.295
348.038
347.431
346.187
343.947
340.514
335.957
330.669
325.034
319.4
313.855
308.543
303.287
298.604
293.21
289.99
284.084
280.715
277.993
273.268
268.989
266.916
265.429
262.705
259.044
256.138
254.997
254.934
254.885
254.325
252.504
250.878
250.205
250.191
250.573
251.603
252.694
253.275
253.352
253.071
251.888
250.519
249.598
249.049
248.794
248.719
248.799
249.784
254.991
271.29
292.947
314.122
332.611
349.366
361.608
374.1
379.325
348.429
348.42
348.39
348.295
348.038
347.431
346.187
343.947
340.514
335.957
330.669
325.034
319.4
313.855
308.543
303.287
298.604
293.21
289.99
284.084
280.715
277.993
273.268
268.989
266.916
265.429
262.705
259.044
256.138
254.997
254.934
254.885
254.325
252.504
250.878
250.205
250.191
250.573
251.602
252.694
253.275
253.352
253.071
251.887
250.518
249.596
249.048
248.793
248.716
248.796
249.782
254.993
271.287
292.908
314.154
332.484
349.5
361.301
374.302
379.139
348.429
348.42
348.39
348.295
348.038
347.431
346.187
343.947
340.514
335.957
330.669
325.034
319.4
313.855
308.543
303.287
298.604
293.21
289.99
284.084
280.715
277.993
273.268
268.989
266.916
265.429
262.705
259.044
256.138
254.997
254.934
254.885
254.325
252.504
250.878
250.205
250.191
250.572
251.602
252.694
253.275
253.352
253.071
251.888
250.518
249.596
249.045
248.793
248.717
248.795
249.785
254.999
271.301
292.93
314.188
332.517
349.506
361.248
374.1
379.127
348.429
348.42
348.39
348.295
348.038
347.431
346.187
343.947
340.514
335.957
330.669
325.034
319.4
313.855
308.543
303.287
298.604
293.21
289.99
284.084
280.715
277.993
273.268
268.989
266.916
265.429
262.705
259.044
256.138
254.997
254.934
254.884
254.325
252.504
250.878
250.205
250.191
250.572
251.602
252.694
253.275
253.351
253.071
251.889
250.519
249.596
249.045
248.793
248.718
248.793
249.78
254.985
271.274
292.89
314.142
332.462
349.455
361.255
374.067
379.083
348.429
348.42
348.39
348.295
348.038
347.431
346.187
343.947
340.514
335.957
330.669
325.034
319.4
313.855
308.543
303.287
298.604
293.21
289.99
284.084
280.715
277.993
273.268
268.989
266.916
265.429
262.705
259.044
256.138
254.997
254.934
254.884
254.325
252.504
250.878
250.205
250.19
250.572
251.602
252.693
253.275
253.351
253.071
251.89
250.522
249.598
249.047
248.794
248.717
248.789
249.769
254.962
271.234
292.851
314.097
332.411
349.375
361.229
374.082
379.083
348.429
348.42
348.39
348.295
348.038
347.431
346.187
343.947
340.514
335.957
330.669
325.034
319.4
313.855
308.543
303.287
298.604
293.21
289.99
284.084
280.715
277.993
273.268
268.989
266.916
265.429
262.705
259.044
256.138
254.997
254.934
254.884
254.325
252.504
250.878
250.205
250.19
250.572
251.601
252.693
253.274
253.352
253.072
251.891
250.524
249.601
249.045
248.793
248.716
248.787
249.76
254.94
271.199
292.824
314.053
332.377
349.342
361.241
374.115
378.881
348.429
348.42
348.39
348.295
348.038
347.431
346.187
343.947
340.514
335.957
330.669
325.034
319.4
313.855
308.543
303.287
298.604
293.21
289.99
284.084
280.715
277.993
273.268
268.989
266.916
265.429
262.705
259.044
256.138
254.997
254.934
254.884
254.325
252.504
250.878
250.205
250.19
250.572
251.601
252.693
253.274
253.352
253.072
251.89
250.526
249.603
249.042
248.79
248.714
248.785
249.756
254.934
271.174
292.793
314.013
332.334
349.269
361.153
373.909
378.879
348.429
348.42
348.39
348.295
348.038
347.431
346.187
343.947
340.514
335.957
330.669
325.034
319.4
313.855
308.543
303.287
298.604
293.21
289.99
284.084
280.715
277.993
273.268
268.989
266.916
265.429
262.705
259.044
256.138
254.997
254.934
254.884
254.325
252.504
250.878
250.205
250.19
250.572
251.601
252.692
253.273
253.352
253.072
251.89
250.527
249.603
249.041
248.788
248.711
248.78
249.757
254.931
271.146
292.773
313.986
332.3
349.201
361.097
373.85
378.875
348.429
348.42
348.39
348.295
348.038
347.431
346.187
343.947
340.514
335.957
330.669
325.034
319.4
313.855
308.543
303.287
298.604
293.21
289.99
284.084
280.715
277.993
273.268
268.989
266.916
265.429
262.705
259.044
256.138
254.997
254.934
254.884
254.325
252.504
250.878
250.205
250.19
250.572
251.601
252.692
253.272
253.352
253.073
251.891
250.527
249.604
249.04
248.787
248.712
248.78
249.756
254.924
271.1
292.723
313.925
332.242
349.128
361.021
373.773
378.799
348.429
348.42
348.39
348.295
348.038
347.431
346.187
343.947
340.514
335.957
330.669
325.034
319.4
313.855
308.543
303.287
298.604
293.21
289.99
284.084
280.715
277.993
273.268
268.989
266.916
265.429
262.705
259.044
256.138
254.997
254.934
254.884
254.325
252.504
250.878
250.205
250.19
250.572
251.6
252.691
253.272
253.351
253.072
251.892
250.528
249.605
249.037
248.787
248.712
248.783
249.761
254.93
271.103
292.701
313.872
332.197
349.076
360.979
373.71
378.702
348.429
348.42
348.39
348.295
348.038
347.431
346.187
343.947
340.514
335.957
330.669
325.034
319.4
313.855
308.543
303.287
298.604
293.21
289.99
284.084
280.715
277.993
273.268
268.989
266.916
265.429
262.705
259.044
256.138
254.997
254.934
254.884
254.325
252.504
250.877
250.205
250.19
250.571
251.6
252.691
253.271
253.351
253.071
251.891
250.528
249.604
249.038
248.783
248.706
248.773
249.746
254.942
271.138
292.707
313.861
332.2
349.039
360.955
373.681
378.706
348.429
348.42
348.39
348.295
348.038
347.431
346.187
343.947
340.514
335.957
330.669
325.034
319.4
313.855
308.543
303.287
298.604
293.21
289.99
284.084
280.715
277.993
273.268
268.989
266.916
265.429
262.705
259.044
256.138
254.997
254.934
254.884
254.325
252.504
250.877
250.205
250.19
250.571
251.6
252.691
253.271
253.35
253.07
251.889
250.528
249.603
249.04
248.783
248.709
248.771
249.739
254.921
271.141
292.711
313.856
332.206
349.041
360.94
373.599
378.504
348.429
348.42
348.39
348.295
348.038
347.431
346.187
343.947
340.514
335.957
330.669
325.034
319.4
313.855
308.543
303.287
298.604
293.21
289.99
284.084
280.715
277.993
273.268
268.989
266.916
265.429
262.705
259.044
256.138
254.997
254.934
254.884
254.325
252.504
250.877
250.205
250.19
250.571
251.6
252.69
253.27
253.349
253.069
251.888
250.529
249.6
249.05
248.787
248.709
248.776
249.745
254.931
271.1
292.687
313.831
332.161
348.96
360.87
373.608
378.552
348.429
348.42
348.39
348.295
348.038
347.431
346.187
343.947
340.514
335.957
330.669
325.034
319.4
313.855
308.543
303.287
298.604
293.21
289.99
284.084
280.715
277.993
273.268
268.989
266.916
265.429
262.705
259.044
256.138
254.997
254.934
254.884
254.325
252.504
250.877
250.204
250.19
250.571
251.6
252.69
253.27
253.348
253.069
251.888
250.531
249.602
249.053
248.795
248.717
248.787
249.754
254.901
271.046
292.647
313.791
332.121
348.936
360.868
373.621
378.493
348.429
348.42
348.39
348.295
348.038
347.431
346.187
343.947
340.514
335.957
330.669
325.034
319.4
313.855
308.543
303.287
298.604
293.21
289.99
284.084
280.715
277.993
273.268
268.989
266.916
265.429
262.705
259.044
256.138
254.997
254.934
254.884
254.325
252.504
250.877
250.204
250.19
250.571
251.599
252.69
253.269
253.348
253.069
251.888
250.532
249.604
249.052
248.799
248.72
248.789
249.736
254.87
271.036
292.644
313.789
332.121
348.977
360.915
373.476
378.479
348.429
348.42
348.39
348.295
348.038
347.431
346.187
343.947
340.514
335.957
330.669
325.034
319.4
313.855
308.543
303.287
298.604
293.21
289.99
284.084
280.715
277.993
273.268
268.989
266.916
265.429
262.705
259.044
256.138
254.997
254.934
254.884
254.325
252.504
250.877
250.204
250.19
250.571
251.599
252.69
253.269
253.347
253.068
251.886
250.534
249.597
249.061
248.801
248.718
248.784
249.737
254.868
271.035
292.656
313.822
332.175
349.006
360.96
373.539
378.51
348.429
348.42
348.39
348.295
348.038
347.431
346.187
343.947
340.514
335.957
330.669
325.034
319.4
313.855
308.543
303.287
298.604
293.21
289.99
284.084
280.715
277.993
273.268
268.989
266.916
265.429
262.705
259.044
256.138
254.997
254.934
254.884
254.325
252.504
250.877
250.204
250.189
250.571
251.599
252.69
253.269
253.347
253.067
251.885
250.533
249.595
249.058
248.809
248.719
248.782
249.741
254.881
271.049
292.677
313.843
332.249
349.101
360.943
373.494
378.333
348.429
348.42
348.39
348.295
348.038
347.431
346.187
343.947
340.514
335.957
330.669
325.034
319.4
313.855
308.543
303.287
298.604
293.21
289.99
284.084
280.715
277.993
273.268
268.989
266.916
265.429
262.705
259.044
256.138
254.997
254.934
254.884
254.325
252.504
250.877
250.204
250.189
250.57
251.599
252.69
253.269
253.346
253.065
251.884
250.533
249.598
249.06
248.8
248.713
248.787
249.749
254.894
271.052
292.677
313.841
332.247
349.097
360.907
373.397
378.217
348.429
348.42
348.39
348.295
348.038
347.431
346.187
343.947
340.514
335.957
330.669
325.034
319.4
313.855
308.543
303.287
298.604
293.21
289.99
284.084
280.715
277.993
273.268
268.989
266.916
265.429
262.705
259.044
256.138
254.997
254.934
254.884
254.325
252.504
250.876
250.204
250.189
250.57
251.599
252.69
253.269
253.344
253.064
251.882
250.533
249.597
249.054
248.791
248.696
248.771
249.741
254.915
271.032
292.631
313.759
332.12
348.901
360.818
373.554
378.406
348.429
348.42
348.39
348.295
348.038
347.431
346.187
343.947
340.514
335.957
330.669
325.034
319.4
313.855
308.543
303.287
298.604
293.21
289.99
284.084
280.715
277.993
273.268
268.989
266.916
265.429
262.705
259.044
256.138
254.997
254.934
254.884
254.325
252.504
250.876
250.204
250.189
250.57
251.599
252.69
253.27
253.343
253.062
251.881
250.533
249.596
249.056
248.803
248.717
248.779
249.743
254.892
271.06
292.7
313.859
332.178
348.994
360.928
373.669
378.805
348.429
348.42
348.39
348.295
348.038
347.431
346.187
343.947
340.514
335.957
330.669
325.034
319.4
313.855
308.543
303.287
298.604
293.21
289.99
284.084
280.715
277.993
273.268
268.989
266.916
265.429
262.705
259.044
256.138
254.997
254.934
254.884
254.324
252.503
250.876
250.203
250.189
250.57
251.599
252.691
253.27
253.343
253.063
251.883
250.537
249.6
249.059
248.809
248.722
248.784
249.729
254.878
271.043
292.673
313.822
332.181
349.002
360.952
373.571
378.869
348.429
348.42
348.39
348.295
348.038
347.431
346.187
343.947
340.514
335.957
330.669
325.034
319.4
313.855
308.543
303.287
298.604
293.21
289.99
284.084
280.715
277.993
273.268
268.989
266.916
265.429
262.705
259.044
256.138
254.997
254.934
254.884
254.324
252.503
250.876
250.203
250.189
250.57
251.599
252.691
253.269
253.345
253.065
251.885
250.533
249.595
249.054
248.785
248.703
248.767
249.734
254.914
271.078
292.669
313.845
332.202
349.015
360.98
373.485
378.938
348.429
348.42
348.39
348.295
348.038
347.431
346.187
343.947
340.514
335.957
330.669
325.034
319.4
313.855
308.543
303.287
298.604
293.21
289.99
284.084
280.715
277.993
273.268
268.989
266.916
265.429
262.705
259.044
256.138
254.997
254.934
254.884
254.324
252.503
250.876
250.203
250.189
250.57
251.599
252.691
253.269
253.346
253.066
251.89
250.538
249.604
249.046
248.79
248.713
248.781
249.748
254.893
271.013
292.649
313.774
332.167
348.945
360.945
373.482
379.18
348.429
348.42
348.39
348.295
348.038
347.431
346.187
343.947
340.514
335.957
330.669
325.034
319.4
313.855
308.543
303.287
298.604
293.21
289.99
284.084
280.715
277.993
273.268
268.989
266.916
265.429
262.705
259.044
256.138
254.997
254.934
254.884
254.324
252.503
250.876
250.203
250.188
250.57
251.599
252.69
253.268
253.345
253.065
251.886
250.534
249.595
249.045
248.785
248.711
248.79
249.757
254.948
271.161
292.746
313.889
332.328
349.119
361.102
373.491
379.133
348.429
348.42
348.39
348.295
348.038
347.431
346.187
343.947
340.514
335.957
330.669
325.034
319.4
313.855
308.543
303.287
298.604
293.21
289.99
284.084
280.715
277.993
273.268
268.989
266.916
265.429
262.705
259.044
256.138
254.997
254.934
254.884
254.324
252.503
250.876
250.202
250.188
250.569
251.599
252.69
253.268
253.344
253.064
251.885
250.531
249.602
249.042
248.776
248.697
248.768
249.743
254.951
271.242
292.836
313.956
332.464
349.268
361.241
373.528
379.343
348.429
348.42
348.39
348.295
348.038
347.431
346.187
343.947
340.514
335.957
330.669
325.034
319.4
313.855
308.543
303.287
298.604
293.21
289.99
284.084
280.715
277.993
273.268
268.989
266.916
265.429
262.705
259.044
256.138
254.997
254.934
254.884
254.324
252.503
250.875
250.202
250.188
250.569
251.598
252.689
253.268
253.343
253.063
251.886
250.53
249.608
249.058
248.799
248.705
248.774
249.728
254.893
271.12
292.821
313.883
332.466
349.221
361.311
373.42
379.353
348.429
348.42
348.39
348.295
348.038
347.431
346.187
343.947
340.514
335.957
330.669
325.034
319.4
313.855
308.543
303.287
298.604
293.21
289.99
284.084
280.715
277.993
273.268
268.989
266.916
265.429
262.705
259.044
256.138
254.997
254.934
254.884
254.324
252.503
250.875
250.202
250.188
250.569
251.598
252.689
253.268
253.344
253.064
251.892
250.531
249.612
249.068
248.791
248.71
248.794
249.763
254.928
271.061
292.756
313.816
332.394
349.217
361.344
373.49
379.639
348.429
348.42
348.39
348.295
348.038
347.431
346.187
343.947
340.514
335.957
330.669
325.034
319.4
313.855
308.543
303.287
298.604
293.21
289.99
284.084
280.715
277.993
273.268
268.989
266.916
265.429
262.705
259.044
256.138
254.997
254.934
254.884
254.324
252.503
250.875
250.201
250.187
250.568
251.597
252.688
253.267
253.344
253.065
251.892
250.532
249.615
249.071
248.795
248.717
248.786
249.754
254.935
271.16
292.764
313.809
332.398
349.142
361.414
373.454
380.139
348.429
348.42
348.39
348.295
348.038
347.431
346.187
343.947
340.514
335.957
330.669
325.034
319.4
313.855
308.543
303.287
298.604
293.21
289.99
284.084
280.715
277.993
273.268
268.989
266.916
265.429
262.705
259.044
256.138
254.997
254.934
254.884
254.324
252.503
250.875
250.201
250.187
250.568
251.597
252.687
253.268
253.345
253.066
251.892
250.53
249.615
249.067
248.807
248.746
248.807
249.743
254.929
271.17
292.863
313.885
332.498
349.182
361.529
373.495
380.408
348.429
348.42
348.39
348.295
348.038
347.431
346.187
343.947
340.514
335.957
330.669
325.034
319.4
313.855
308.543
303.287
298.604
293.21
289.99
284.084
280.715
277.993
273.268
268.989
266.916
265.429
262.705
259.044
256.138
254.997
254.934
254.884
254.324
252.503
250.875
250.201
250.186
250.567
251.596
252.687
253.268
253.345
253.067
251.894
250.527
249.604
249.06
248.804
248.741
248.811
249.76
254.951
271.255
292.909
313.972
332.601
349.237
361.797
373.666
380.72
348.429
348.42
348.39
348.295
348.038
347.431
346.187
343.947
340.514
335.957
330.669
325.034
319.4
313.855
308.543
303.287
298.604
293.21
289.99
284.084
280.715
277.993
273.268
268.989
266.916
265.429
262.705
259.044
256.138
254.997
254.934
254.884
254.324
252.503
250.875
250.201
250.186
250.567
251.595
252.686
253.268
253.345
253.065
251.893
250.537
249.617
249.064
248.805
248.75
248.82
249.77
254.959
271.183
292.89
313.979
332.578
349.126
361.847
373.567
380.881
348.429
348.42
348.39
348.295
348.038
347.431
346.187
343.947
340.514
335.957
330.669
325.034
319.4
313.855
308.543
303.287
298.604
293.21
289.99
284.084
280.715
277.993
273.268
268.989
266.916
265.429
262.705
259.044
256.138
254.997
254.934
254.884
254.324
252.503
250.875
250.201
250.186
250.567
251.595
252.685
253.266
253.346
253.066
251.893
250.539
249.62
249.077
248.81
248.728
248.791
249.772
254.964
271.161
292.895
313.962
332.621
349.17
361.842
373.558
380.905
348.429
348.42
348.39
348.295
348.038
347.431
346.187
343.947
340.514
335.957
330.669
325.034
319.4
313.855
308.543
303.287
298.604
293.21
289.99
284.084
280.715
277.993
273.268
268.989
266.916
265.429
262.705
259.044
256.138
254.997
254.934
254.884
254.324
252.503
250.875
250.201
250.186
250.567
251.595
252.686
253.265
253.342
253.062
251.889
250.533
249.598
249.06
248.824
248.739
248.794
249.777
255.016
271.251
293.047
314.107
332.628
349.21
362.083
373.648
381.159
348.429
348.42
348.39
348.295
348.038
347.431
346.187
343.947
340.514
335.957
330.669
325.034
319.4
313.855
308.543
303.287
298.604
293.21
289.99
284.084
280.715
277.993
273.268
268.989
266.916
265.429
262.705
259.044
256.138
254.997
254.934
254.884
254.324
252.503
250.875
250.201
250.186
250.566
251.595
252.685
253.264
253.341
253.06
251.886
250.538
249.611
249.071
248.828
248.748
248.809
249.79
254.984
271.244
293.028
314.099
332.666
349.215
362.182
373.556
381.229
348.429
348.42
348.39
348.295
348.038
347.431
346.187
343.947
340.514
335.957
330.669
325.034
319.4
313.855
308.543
303.287
298.604
293.21
289.99
284.084
280.715
277.993
273.268
268.989
266.916
265.429
262.705
259.044
256.138
254.997
254.934
254.884
254.324
252.503
250.875
250.201
250.186
250.567
251.594
252.684
253.262
253.339
253.06
251.887
250.532
249.608
249.07
248.812
248.734
248.801
249.781
255.022
271.327
293.046
314.1
332.82
349.242
362.251
373.546
381.38
348.429
348.42
348.39
348.295
348.038
347.431
346.187
343.947
340.514
335.957
330.669
325.034
319.4
313.855
308.543
303.287
298.604
293.21
289.99
284.084
280.715
277.993
273.268
268.989
266.916
265.429
262.705
259.044
256.138
254.997
254.934
254.884
254.324
252.503
250.876
250.201
250.186
250.567
251.594
252.683
253.263
253.342
253.063
251.89
250.526
249.603
249.06
248.801
248.724
248.796
249.788
255.021
271.281
293.03
314.071
332.848
349.235
362.369
373.555
381.446
348.429
348.42
348.39
348.295
348.038
347.431
346.187
343.947
340.514
335.957
330.669
325.034
319.4
313.855
308.543
303.287
298.604
293.21
289.99
284.084
280.715
277.993
273.268
268.989
266.916
265.429
262.705
259.044
256.138
254.997
254.934
254.884
254.324
252.503
250.876
250.201
250.186
250.567
251.593
252.682
253.265
253.344
253.066
251.893
250.523
249.606
249.066
248.814
248.76
248.82
249.784
255.033
271.373
293.112
314.183
332.955
349.322
362.492
373.657
381.631
348.429
348.42
348.39
348.295
348.038
347.431
346.187
343.947
340.514
335.957
330.669
325.034
319.4
313.855
308.543
303.287
298.604
293.21
289.99
284.084
280.715
277.993
273.268
268.989
266.916
265.429
262.705
259.044
256.138
254.997
254.934
254.884
254.324
252.503
250.876
250.201
250.186
250.567
251.593
252.682
253.266
253.349
253.07
251.898
250.536
249.616
249.086
248.835
248.768
248.858
249.794
255.006
271.34
293.137
314.193
332.95
349.325
362.569
373.685
381.669
348.429
348.42
348.39
348.295
348.038
347.431
346.187
343.947
340.514
335.957
330.669
325.034
319.4
313.855
308.543
303.287
298.604
293.21
289.99
284.084
280.715
277.993
273.268
268.989
266.916
265.429
262.705
259.044
256.138
254.997
254.934
254.884
254.324
252.503
250.876
250.201
250.186
250.567
251.594
252.683
253.265
253.346
253.074
251.909
250.537
249.622
249.087
248.849
248.778
248.839
249.834
255.101
271.413
293.205
314.303
333.003
349.425
362.643
373.685
381.909
348.429
348.42
348.39
348.295
348.038
347.431
346.187
343.947
340.514
335.957
330.669
325.034
319.4
313.855
308.543
303.287
298.604
293.21
289.99
284.084
280.715
277.993
273.268
268.989
266.916
265.429
262.705
259.044
256.138
254.997
254.934
254.884
254.324
252.503
250.876
250.202
250.187
250.567
251.594
252.684
253.266
253.351
253.077
251.913
250.544
249.626
249.094
248.856
248.776
248.844
249.846
255.081
271.412
293.273
314.335
332.993
349.421
362.715
373.704
381.974
348.429
348.42
348.39
348.295
348.038
347.431
346.187
343.947
340.514
335.957
330.669
325.034
319.4
313.855
308.543
303.287
298.604
293.21
289.99
284.084
280.715
277.993
273.268
268.989
266.916
265.429
262.705
259.044
256.138
254.997
254.934
254.884
254.324
252.503
250.876
250.202
250.187
250.567
251.595
252.685
253.266
253.345
253.069
251.897
250.536
249.618
249.09
248.844
248.774
248.864
249.85
255.111
271.457
293.259
314.345
333.133
349.478
362.767
373.747
382.059
348.429
348.42
348.39
348.295
348.038
347.431
346.187
343.947
340.514
335.957
330.669
325.034
319.4
313.855
308.543
303.287
298.604
293.21
289.99
284.084
280.715
277.993
273.268
268.989
266.916
265.429
262.705
259.044
256.138
254.997
254.934
254.884
254.324
252.503
250.876
250.202
250.187
250.568
251.596
252.687
253.267
253.347
253.077
251.906
250.542
249.624
249.096
248.851
248.777
248.878
249.828
255.066
271.477
293.293
314.318
333.169
349.482
362.755
373.772
382.075
348.429
348.42
348.39
348.295
348.038
347.431
346.187
343.947
340.514
335.957
330.669
325.034
319.4
313.855
308.543
303.287
298.604
293.21
289.99
284.084
280.715
277.993
273.268
268.989
266.916
265.429
262.705
259.044
256.138
254.997
254.934
254.884
254.324
252.503
250.876
250.202
250.187
250.568
251.597
252.688
253.269
253.347
253.078
251.909
250.544
249.626
249.094
248.85
248.781
248.838
249.829
255.103
271.517
293.282
314.277
333.182
349.566
362.806
373.782
382.105
348.429
348.42
348.39
348.295
348.038
347.431
346.187
343.947
340.514
335.957
330.669
325.034
319.4
313.855
308.543
303.287
298.604
293.21
289.99
284.084
280.715
277.993
273.268
268.989
266.916
265.429
262.705
259.044
256.138
254.997
254.934
254.884
254.324
252.503
250.876
250.202
250.187
250.569
251.597
252.689
253.27
253.348
253.08
251.91
250.544
249.625
249.091
248.842
248.788
248.873
249.842
255.122
271.572
293.319
314.3
333.189
349.623
362.83
373.774
382.163
348.429
348.42
348.39
348.295
348.038
347.431
346.187
343.947
340.514
335.957
330.669
325.034
319.4
313.855
308.543
303.287
298.604
293.21
289.99
284.084
280.715
277.993
273.268
268.989
266.916
265.429
262.705
259.044
256.138
254.997
254.934
254.884
254.324
252.503
250.876
250.202
250.187
250.569
251.597
252.69
253.272
253.35
253.085
251.919
250.553
249.633
249.099
248.859
248.789
248.863
249.842
255.117
271.574
293.345
314.3
333.181
349.64
362.871
373.787
382.093
348.429
348.42
348.39
348.295
348.038
347.431
346.187
343.947
340.514
335.957
330.669
325.034
319.4
313.855
308.543
303.287
298.604
293.21
289.99
284.084
280.715
277.993
273.268
268.989
266.916
265.429
262.705
259.044
256.138
254.997
254.934
254.884
254.324
252.503
250.876
250.202
250.187
250.569
251.598
252.69
253.272
253.351
253.087
251.922
250.555
249.635
249.102
248.853
248.795
248.885
249.85
255.12
271.576
293.356
314.301
333.17
349.637
362.856
373.832
382.146
348.429
348.42
348.39
348.295
348.038
347.431
346.187
343.947
340.514
335.957
330.669
325.034
319.4
313.855
308.543
303.287
298.604
293.21
289.99
284.084
280.715
277.993
273.268
268.989
266.916
265.429
262.705
259.044
256.138
254.997
254.934
254.884
254.324
252.503
250.876
250.202
250.187
250.569
251.598
252.69
253.272
253.352
253.088
251.923
250.556
249.637
249.102
248.853
248.794
248.89
249.852
255.121
271.578
293.363
314.307
333.178
349.652
362.869
373.835
382.168
348.429
348.42
348.39
348.295
348.038
347.431
346.187
343.947
340.514
335.957
330.669
325.034
319.4
313.855
308.543
303.287
298.604
293.21
289.99
284.084
280.715
277.993
273.268
268.989
266.916
265.429
262.705
259.044
256.138
254.997
254.934
254.884
254.324
252.503
250.876
250.202
250.187
250.569
251.598
252.69
253.273
253.352
253.088
251.924
250.557
249.637
249.103
248.853
248.794
248.893
249.855
255.124
271.581
293.369
314.312
333.183
349.662
362.875
373.834
382.174
348.429
348.42
348.39
348.295
348.038
347.431
346.187
343.947
340.514
335.957
330.669
325.034
319.4
313.855
308.543
303.287
298.604
293.21
289.99
284.084
280.715
277.993
273.268
268.989
266.916
265.429
262.705
259.044
256.138
254.997
254.934
254.884
254.324
252.503
250.876
250.202
250.187
250.569
251.598
252.69
253.273
253.352
253.089
251.925
250.558
249.638
249.103
248.854
248.793
248.896
249.859
255.127
271.586
293.364
314.31
333.182
349.665
362.866
373.833
382.176
348.429
348.42
348.39
348.295
348.038
347.431
346.187
343.947
340.514
335.957
330.669
325.034
319.4
313.855
308.543
303.287
298.604
293.21
289.99
284.084
280.715
277.993
273.268
268.989
266.916
265.429
262.705
259.044
256.138
254.997
254.934
254.884
254.324
252.503
250.876
250.202
250.187
250.569
251.598
252.69
253.273
253.352
253.089
251.925
250.558
249.638
249.104
248.855
248.793
248.896
249.86
255.129
271.588
293.366
314.312
333.183
349.667
362.866
373.834
382.178
385.599
385.883
385.688
385.215
385.337
385.745
386.213
386.831
387.543
388.281
388.995
389.581
390.143
390.762
391.132
391.427
391.506
391.488
391.539
391.545
384.903
385.348
385.533
385.138
385.163
385.539
386.059
386.699
387.417
388.216
388.95
389.537
390.095
390.686
391.138
391.344
391.58
391.709
391.801
391.882
385.058
385.532
385.799
385.095
385.237
385.572
386.05
386.695
387.401
388.164
388.858
389.455
390.045
390.628
391.034
391.3
391.606
391.777
391.867
391.966
384.938
385.523
385.421
385.1
385.295
385.608
385.996
386.575
387.332
388.18
388.886
389.423
390.025
390.584
391.005
391.343
391.562
391.747
391.952
392.059
384.675
384.794
384.902
385.08
385.271
385.581
385.994
386.565
387.309
388.171
388.901
389.439
389.982
390.516
390.955
391.342
391.622
391.918
392.218
392.41
384.256
384.522
384.899
385.101
385.324
385.655
386.03
386.527
387.221
388.077
388.868
389.452
389.99
390.541
391.029
391.418
391.778
392.125
392.304
392.766
384.641
384.901
384.893
385.146
385.377
385.732
386.141
386.617
387.188
388.005
388.804
389.444
389.997
390.61
391.135
391.604
392.05
392.396
392.561
392.938
384.678
384.929
384.851
385.099
385.361
385.771
386.255
386.821
387.394
388.143
388.95
389.597
390.034
390.517
391.298
391.663
392.096
392.782
393.011
392.935
384.647
384.813
384.721
384.976
385.292
385.753
386.408
386.959
387.476
388.187
389.035
389.784
390.352
390.769
391.356
391.767
392.246
392.91
392.723
392.849
384.417
384.842
384.683
384.885
385.113
385.561
386.216
386.96
387.762
388.547
389.276
390.02
390.624
391.081
391.581
392.092
392.553
392.943
393.118
393.425
384.405
384.478
384.536
384.851
385.051
385.412
386.308
387.249
388.093
388.864
389.573
390.166
390.79
391.313
391.788
392.227
392.587
392.985
393.294
393.694
384.085
384.432
384.457
384.831
385.143
385.482
386.127
387.322
388.179
389.012
389.685
390.316
391.428
391.585
391.802
392.311
392.674
393.13
393.519
393.672
384.032
384.077
384.494
384.855
385.191
385.614
386.561
387.603
388.4
389.333
389.889
390.299
390.72
391.295
391.931
392.467
392.909
393.275
393.728
393.898
383.996
384.202
384.584
384.835
385.356
386.348
387.035
387.69
388.416
389.085
389.667
390.27
390.896
391.516
392.081
392.596
393.033
393.382
393.93
394.105
384.213
384.667
385.527
385.209
385.437
386.003
386.772
387.303
388.094
388.923
389.564
390.167
390.836
391.742
392.226
392.716
393.32
393.323
393.821
394.582
384.217
384.654
385.2
385.151
385.616
386.121
386.561
387.177
388.146
389.018
389.645
390.211
390.892
391.7
392.382
392.927
393.362
393.683
394.067
394.393
384.01
384.46
384.958
385.294
385.554
386.078
386.839
387.601
388.312
389.012
389.744
390.446
391.176
391.882
392.518
393.061
393.27
393.745
394.011
394.093
383.792
384.292
384.646
384.912
385.548
386.389
387.095
387.796
388.429
389.09
389.859
390.606
391.236
391.833
392.37
392.955
393.494
393.818
394.373
394.344
383.913
384.368
385.092
385.471
386.351
387.39
387.418
387.899
388.63
389.311
390.127
390.904
391.475
391.969
392.442
392.973
393.545
393.865
394.39
394.527
384.277
384.302
384.831
385.316
385.888
386.479
387.231
388.058
388.782
389.496
390.252
390.965
391.572
392.148
392.691
393.167
393.689
393.986
394.354
394.677
384.442
384.499
384.701
385.15
385.695
386.427
387.214
387.976
388.651
389.362
390.188
390.976
391.668
392.313
392.833
393.273
393.56
393.941
394.59
394.525
384.336
384.852
384.717
385.106
385.667
386.403
387.188
388.024
388.785
389.474
390.15
390.862
391.635
392.269
392.92
393.227
393.487
394.277
394.257
394.401
384.499
384.656
385.209
385.786
386.188
386.789
387.51
388.365
389.217
389.89
390.421
390.93
391.475
392.025
392.595
393.094
393.468
393.826
394.192
394.506
384.269
384.838
385.721
386.051
386.483
387.18
387.956
388.73
389.444
390.067
390.63
391.15
391.597
391.978
392.386
392.891
393.308
393.745
394.106
394.502
384.325
384.963
385.462
386.173
386.738
387.35
388.207
389.055
389.66
390.112
390.618
391.202
391.738
392.22
392.654
393.098
393.516
393.89
394.282
394.676
384.437
385.182
385.745
386.38
387.139
387.938
388.68
389.293
389.809
390.318
390.868
391.425
391.93
392.374
392.811
393.221
393.654
394.056
394.476
394.394
384.531
385.259
385.959
386.685
387.511
388.277
389.034
389.73
390.295
390.782
391.268
391.754
392.172
392.518
392.828
393.159
393.517
393.867
394.109
393.959
385.218
386.323
386.778
387.064
387.763
388.604
389.452
390.128
390.693
391.254
391.784
392.25
392.612
392.869
393.053
393.203
393.36
393.454
393.596
393.766
385.316
386.461
386.931
387.556
388.171
388.965
389.83
390.546
391.119
391.603
392.031
392.409
392.733
392.998
393.206
393.356
393.476
393.589
393.588
393.835
385.486
386.192
386.878
387.82
388.661
389.472
390.267
390.992
391.667
392.273
392.779
393.196
393.497
393.773
393.96
394.078
394.15
394.203
394.234
394.2
385.566
386.252
387.167
388.032
388.883
389.765
390.621
391.398
392.063
392.624
393.099
393.486
393.802
394.096
394.313
394.455
394.538
394.539
394.48
394.559
385.595
386.923
387.517
388.33
389.275
390.142
390.966
391.762
392.481
393.099
393.613
394.02
394.371
394.707
394.929
395.072
395.231
395.198
395.159
395.211
385.643
386.86
388.121
389.311
389.734
390.627
391.477
392.256
392.981
393.627
394.174
394.613
395.012
395.358
395.617
395.774
395.967
395.985
395.979
395.938
385.804
387.169
388.013
388.914
389.874
390.877
391.87
392.72
393.383
393.93
394.473
394.93
395.361
395.664
395.91
396.131
396.258
396.362
396.423
396.483
385.934
387.258
388.114
389.212
390.346
391.405
392.307
393.007
393.788
394.533
395.155
395.627
396.058
396.377
396.577
396.829
396.859
397.03
397.12
397.198
385.981
387.338
388.737
389.508
390.576
391.659
392.449
393.208
393.923
394.648
395.28
395.827
396.363
396.754
397.352
397.925
397.367
397.433
397.643
397.836
385.905
387.166
388.433
389.628
390.874
391.971
392.966
393.679
394.469
395.162
395.862
396.935
397.368
397.206
397.487
397.722
397.93
398.045
398.159
398.462
385.8
387.23
388.537
389.675
390.822
391.935
392.955
394.027
394.966
395.421
396.362
397.099
397.055
397.504
398.022
398.242
398.418
398.785
399.472
398.9
386.159
387.393
388.645
389.844
391.021
392.098
393.063
393.941
394.767
395.536
396.187
396.744
397.265
397.743
398.154
398.634
399.331
399.309
399.361
400.004
386.188
387.466
388.76
390.086
391.271
392.33
393.372
394.432
395.148
395.808
396.457
397.29
398.152
398.265
398.515
398.859
399.115
399.602
400.116
399.913
386.226
387.785
389.041
390.233
391.42
392.531
393.601
394.701
395.462
396.355
397.266
397.456
397.872
398.337
399.149
399.898
399.834
399.81
400.017
400.464
386.176
387.649
389.066
390.366
391.722
392.636
393.583
394.557
395.585
396.419
396.907
397.548
398.457
398.921
399.08
399.65
400.255
400.319
400.578
401.065
386.267
387.757
389.185
390.457
391.542
392.65
393.713
394.823
395.714
396.38
397.23
398.034
398.411
399.116
399.891
399.784
399.89
400.724
401.172
400.805
386.316
387.841
389.104
390.412
391.606
392.722
393.844
394.897
395.683
396.46
397.263
398.129
398.513
399.016
399.895
400.139
400.312
401.049
401.286
401.046
386.231
387.761
389.163
390.523
391.766
392.727
393.799
394.777
395.682
396.657
397.38
397.856
398.457
399.225
399.799
400.1
400.7
400.975
400.951
401.467
386.243
387.727
389.196
390.478
391.777
392.894
393.804
394.785
395.711
396.688
397.383
397.887
398.483
399.232
399.851
400.15
400.706
401.061
401.035
401.452
386.298
387.723
389.167
390.525
391.678
392.935
393.923
394.788
395.686
396.547
397.452
398.025
398.52
399.242
399.886
400.187
400.726
401.112
401.089
401.46
386.314
387.754
389.158
390.53
391.691
392.901
393.989
394.799
395.688
396.52
397.43
398.093
398.559
399.242
399.896
400.209
400.73
401.134
401.119
401.469
386.327
387.79
389.216
390.483
391.791
392.904
393.86
394.853
395.811
396.727
397.335
397.931
398.527
399.264
399.911
400.212
400.744
401.141
401.123
401.483
386.333
387.812
389.183
390.475
391.805
392.842
393.862
394.86
395.79
396.741
397.391
397.934
398.531
399.264
399.913
400.217
400.742
401.146
401.131
401.483
374.476
374.508
374.896
375.056
374.968
374.773
374.511
373.857
373.367
372.29
372.415
373.128
375.154
377.614
380.496
383.319
385.713
388.778
394.626
403.145
411.111
415.924
417.938
417.675
415.625
406.893
348.461
287.18
279.549
278.81
376.127
376.132
376.479
376.761
376.699
376.317
375.797
375.022
374.355
373.65
373.581
374.224
376.372
379.647
383.008
385.327
386.004
386.099
386.997
391.78
402.003
410.409
414.86
415.575
414.821
407.535
348.93
287.186
279.55
278.81
375.802
375.807
376.076
376.358
376.334
376.005
375.325
374.431
373.696
372.922
373.448
375.646
379.135
382.448
385.85
388.748
390.281
390.184
389.81
390.334
395.366
405.529
412.15
414.015
413.915
407.682
349.265
287.192
279.55
278.81
376.181
376.18
376.373
376.743
376.748
376.467
375.712
374.655
373.748
373.221
376.293
383.864
392.116
396.104
396.102
393.929
392.808
392.022
391.211
391.132
393.074
401.48
409.685
412.762
413.188
407.647
349.466
287.196
279.551
278.81
376.091
376.072
376.228
376.566
376.52
376.105
375.41
374.532
373.585
374.092
383.62
401.097
411.378
414.076
413.586
407.317
399.535
395.895
393.096
391.968
392.499
398.158
407.388
411.617
412.636
407.593
349.583
287.196
279.551
278.81
376.002
375.978
376.017
376.305
376.293
375.909
375.106
374.097
373.521
376.583
396.092
411.46
416.553
417.695
417.447
415.109
407.367
401.384
396.116
392.874
392.495
395.8
405.242
410.52
412.116
407.495
349.64
287.193
279.551
278.81
375.118
375.116
375.055
375.178
375.223
375.088
374.453
373.542
373.497
379.742
399.595
411.991
416.697
417.697
417.319
415.921
410.578
405.131
399.201
394.185
392.609
394.423
403.108
409.463
411.641
407.41
349.683
287.188
279.551
278.81
374.389
374.403
374.365
374.351
374.329
374.209
373.773
372.978
373.22
378.056
393.943
408.961
416.123
417.139
416.706
415.59
411.682
406.845
401.575
395.651
392.794
393.609
401.113
408.352
411.116
407.309
349.696
287.18
279.551
278.81
374.652
374.668
374.668
374.608
374.507
374.292
373.806
372.637
372.368
374.168
387.262
407.216
416.234
417.429
416.054
414.892
412.622
407.983
403.493
397.127
393.076
393.112
399.253
407.172
410.534
407.184
349.687
287.171
279.55
278.81
377.819
377.822
377.831
377.777
377.622
377.048
376.225
373.722
372.667
374.439
387.164
409.816
418.561
418.508
415.845
414.288
413.176
408.993
404.957
398.565
393.504
392.833
397.685
406.076
410.004
407.078
349.654
287.16
279.55
278.81
386.713
386.711
386.704
386.633
386.397
385.626
384.431
380.324
380.264
384.403
402.594
418.136
420.987
419.154
415.496
413.715
413.135
409.586
405.492
399.69
393.972
392.605
396.339
404.978
409.447
406.931
349.582
287.146
279.549
278.81
405.406
405.402
405.388
405.317
405.037
404.434
402.92
399.306
400.214
406.683
416.389
420.958
421.375
417.626
414.039
413.031
412.793
410.024
405.524
400.572
394.396
392.321
395.149
403.798
408.865
406.757
349.48
287.132
279.549
278.81
420.502
420.494
420.481
420.466
420.364
420.099
419.477
417.366
417.124
417.585
419.387
419.714
418.847
415.097
412.458
412.649
412.798
410.2
405.162
401.104
394.841
392.222
394.268
402.674
408.324
406.588
349.363
287.117
279.548
278.811
422.877
422.871
422.847
422.827
422.773
422.607
422.096
420.885
419.331
418.653
418.012
415.164
414.38
412.704
411.556
412.087
412.729
410.407
404.566
401.302
395.372
392.281
393.695
401.615
407.783
406.411
349.263
287.103
279.548
278.811
420.698
420.692
420.671
420.635
420.572
420.411
419.934
418.801
417.379
415.87
412.757
409.293
410.801
410.859
410.761
411.807
412.21
410.366
404.088
401.26
395.856
392.337
393.306
400.736
407.316
406.265
349.199
287.092
279.548
278.811
413.45
413.443
413.426
413.383
413.308
413.14
412.699
411.576
410.584
408.008
406.524
406.091
408.995
409.308
410.062
411.8
411.729
409.874
403.555
400.964
396.354
392.315
392.843
399.801
406.833
406.093
349.179
287.083
279.548
278.811
407.755
407.748
407.733
407.694
407.619
407.467
407.09
406.395
405.482
404.622
404.517
404.481
407.164
407.728
410.146
411.78
411.538
409.158
402.797
400.43
396.93
392.48
392.562
398.85
406.319
405.882
349.19
287.078
279.548
278.811
405.689
405.682
405.669
405.636
405.563
405.431
405.143
404.536
403.868
403.541
402.919
402.848
404.368
406.556
411.336
412.068
411.396
408.243
402.284
400.119
397.446
392.915
392.508
398.015
405.84
405.68
349.235
287.075
279.549
278.811
403.852
403.845
403.833
403.804
403.735
403.62
403.383
402.764
402.34
401.459
400.31
400.428
403.035
407.825
412.117
412.311
410.871
407.032
401.967
400.062
397.781
393.41
392.533
397.352
405.403
405.473
349.306
287.074
279.549
278.811
400.427
400.421
400.411
400.386
400.326
400.236
400.036
399.664
399.081
398.585
398.642
399.472
403.144
409.373
412.839
412.634
409.866
406.203
401.767
400.088
398.088
393.723
392.514
396.79
404.97
405.224
349.373
287.076
279.55
278.811
398.818
398.813
398.805
398.782
398.74
398.685
398.578
398.366
398.078
398.054
398.393
399.454
404.149
411.46
413.667
412.925
408.986
405.616
401.638
400.122
398.417
393.903
392.477
396.329
404.594
404.971
349.411
287.078
279.551
278.812
398.576
398.573
398.567
398.546
398.522
398.492
398.438
398.315
398.178
398.25
398.807
400.211
406.531
413.828
414.678
413.069
408.178
404.928
401.393
400.06
398.731
394.208
392.411
395.818
404.218
404.757
349.448
287.08
279.552
278.812
398.969
398.966
398.961
398.944
398.942
398.938
398.947
398.97
399.073
399.371
400.259
402.369
410.348
415.369
415.178
412.352
407.167
404.325
401.143
399.93
398.924
394.573
392.396
395.311
403.783
404.543
349.489
287.083
279.553
278.812
400.907
400.906
400.898
400.895
400.907
400.938
401.012
401.219
401.495
402.124
403.339
406.298
413.262
415.903
415.337
411.388
406.313
403.709
400.886
399.779
399.07
395.052
392.476
394.889
403.307
404.296
349.507
287.085
279.554
278.812
404.609
404.608
404.6
404.603
404.627
404.678
404.845
405.124
405.43
406.219
407.295
409.457
414.151
415.902
414.618
410.197
405.757
403.203
400.641
399.658
399.168
395.59
392.628
394.566
402.797
404.039
349.506
287.086
279.555
278.812
407.378
407.376
407.373
407.38
407.413
407.48
407.694
407.813
407.971
408.398
408.911
410.321
414.226
415.102
412.907
408.905
405.136
402.733
400.434
399.583
399.219
396.055
392.825
394.355
402.306
403.775
349.49
287.088
279.556
278.812
408.155
408.152
408.154
408.166
408.209
408.306
408.543
408.597
408.692
408.925
409.248
410.542
413.437
413.797
410.853
407.735
404.671
402.365
400.255
399.503
399.25
396.486
393.065
394.256
401.901
403.544
349.456
287.088
279.557
278.813
408.254
408.252
408.255
408.271
408.323
408.449
408.677
408.734
408.817
408.962
409.176
410.378
412.036
411.83
408.708
406.542
404.345
402.137
400.138
399.449
399.281
396.848
393.229
394.175
401.553
403.348
349.413
287.089
279.558
278.813
407.746
407.742
407.746
407.766
407.827
407.971
408.149
408.244
408.268
408.23
408.242
408.99
409.709
409.228
406.907
405.792
404.198
401.864
399.951
399.392
399.33
397.125
393.289
394.061
401.261
403.184
349.358
287.089
279.559
278.813
406.221
406.215
406.219
406.237
406.316
406.415
406.558
406.537
406.456
406.152
405.979
406.143
406.496
406.638
405.916
405.592
404.148
401.585
399.728
399.315
399.387
397.422
393.317
393.903
400.942
403.012
349.289
287.089
279.56
278.813
403.234
403.226
403.229
403.251
403.341
403.441
403.447
403.319
403.127
402.748
402.494
402.48
403.716
405.609
405.706
405.641
404.084
401.242
399.448
399.216
399.458
397.756
393.392
393.785
400.624
402.843
349.213
287.088
279.561
278.813
399.839
399.832
399.842
399.882
399.999
400.252
400.144
399.964
399.878
399.804
399.909
400.445
402.771
405.407
405.688
405.752
404.039
400.863
399.142
399.086
399.506
398.059
393.507
393.696
400.323
402.682
349.13
287.087
279.562
278.814
398.144
398.142
398.159
398.22
398.383
398.742
398.702
398.657
398.583
398.618
398.922
399.813
402.53
405.487
405.759
405.924
404.045
400.544
398.815
398.9
399.511
398.31
393.625
393.609
400.016
402.516
349.042
287.086
279.563
278.814
397.367
397.366
397.384
397.452
397.64
397.999
398.049
398.17
398.297
398.296
398.629
399.488
402.465
405.751
406.112
406.127
404.122
400.48
398.656
398.736
399.457
398.442
393.698
393.47
399.662
402.32
348.945
287.085
279.564
278.814
397.155
397.155
397.173
397.239
397.42
397.765
397.872
398
398.226
398.536
398.841
399.419
402.545
406.194
406.478
406.368
404.257
400.564
398.659
398.695
399.377
398.514
393.777
393.343
399.299
402.101
348.84
287.083
279.565
278.814
397.131
397.136
397.161
397.242
397.457
397.824
398.042
398.125
398.247
398.727
399.355
399.933
402.948
406.676
406.87
406.565
404.501
400.898
398.822
398.746
399.332
398.571
393.866
393.244
398.974
401.889
348.732
287.081
279.566
278.814
397.414
397.421
397.453
397.557
397.798
398.204
398.569
398.646
398.842
399.283
399.983
400.865
403.883
406.808
407.155
406.72
404.815
401.466
399.221
398.939
399.36
398.67
393.969
393.136
398.652
401.676
348.624
287.08
279.567
278.814
398.031
398.04
398.078
398.212
398.432
398.971
399.226
399.3
399.627
400.114
400.601
401.519
404.474
406.699
407.232
406.828
404.931
401.665
399.653
399.248
399.518
398.865
394.146
393.057
398.31
401.445
348.514
287.078
279.568
278.815
398.377
398.391
398.444
398.602
398.854
399.413
399.607
399.663
399.925
400.422
400.846
401.658
404.573
406.723
407.261
407
404.962
401.609
399.761
399.552
399.802
399.202
394.458
393.049
397.978
401.196
348.397
287.076
279.569
278.815
398.403
398.421
398.484
398.656
398.902
399.563
399.698
399.688
399.93
400.461
400.845
401.609
404.445
406.821
407.401
407.254
404.88
401.331
399.686
399.68
400.155
399.674
394.898
393.074
397.672
400.953
348.28
287.074
279.57
278.815
398.268
398.288
398.356
398.539
398.794
399.556
399.719
399.635
399.771
400.307
400.778
401.516
404.281
407.02
407.657
407.491
404.518
400.767
399.427
399.646
400.356
399.998
395.321
393.101
397.364
400.707
348.165
287.072
279.571
278.815
398.004
398.024
398.097
398.288
398.569
399.333
399.624
399.623
399.713
400.063
400.746
401.52
404.235
407.281
407.925
407.772
404.243
400.217
399.023
399.509
400.371
400.056
395.561
393.109
397.071
400.462
348.05
287.07
279.572
278.815
397.85
397.875
397.967
398.177
398.481
399.277
399.609
399.698
399.859
400.113
400.783
401.633
404.476
407.775
408.537
408.187
403.968
399.83
398.691
399.332
400.319
400.039
395.665
393.096
396.816
400.236
347.937
287.068
279.573
278.816
397.878
397.909
398.016
398.233
398.552
399.381
399.814
399.907
400.105
400.604
401.222
402.235
405.311
408.805
409.46
408.691
403.629
399.567
398.517
399.183
400.22
399.985
395.719
393.053
396.594
400.034
347.831
287.066
279.574
278.816
398.16
398.202
398.343
398.637
399.042
399.971
400.63
400.858
401.189
401.924
402.491
403.635
407.235
410.302
410.582
409.014
403.281
399.412
398.448
399.126
400.137
399.937
395.778
392.998
396.391
399.856
347.732
287.065
279.575
278.816
399.222
399.278
399.477
399.904
400.411
401.574
402.415
402.723
402.818
403.073
403.275
404.448
408.783
411.13
410.929
408.802
403.05
399.331
398.416
399.109
400.109
399.923
395.847
392.939
396.195
399.698
347.645
287.064
279.576
278.816
400.536
400.614
400.922
401.439
401.791
402.763
403.403
403.392
402.92
402.514
402.215
403.427
408.541
410.777
410.472
408.182
402.764
399.239
398.385
399.101
400.097
399.934
395.932
392.892
396.004
399.551
347.566
287.063
279.577
278.816
400.406
400.512
400.934
401.194
401.057
401.251
401.139
400.353
398.255
396.721
395.788
397.343
404.706
408.473
408.585
407.079
402.456
399.14
398.351
399.096
400.092
399.948
396.009
392.868
395.851
399.422
347.494
287.062
279.578
278.817
394.94
395.075
395.348
395.087
394.387
394.3
394.111
393.349
392.089
391.146
390.666
391.689
398.143
404.311
405.644
405.469
402.124
399.08
398.337
399.1
400.092
399.967
396.095
392.837
395.736
399.324
347.43
287.061
279.578
278.817
392.053
392.251
392.714
392.877
392.851
393.31
393.56
393.458
393.052
392.326
391.673
391.808
395.764
402.035
403.749
403.802
401.671
399.054
398.323
399.104
400.09
399.986
396.212
392.788
395.617
399.247
347.381
287.06
279.579
278.817
391.721
392.128
393.034
393.562
393.818
394.497
394.862
394.813
394.237
392.354
390.75
390.179
390.942
392.96
395.94
399.451
399.649
398.585
398.193
399.186
400.242
400.206
396.663
392.661
395.189
399.032
347.287
287.06
279.582
278.817
391.97
392.362
392.804
393.382
393.676
394.387
395.131
395.171
394.989
394.373
392.248
390.122
389.243
388.68
391.269
397.028
398.562
398.192
398.105
399.406
400.497
400.506
397.308
392.576
394.488
398.575
347.145
287.062
279.586
278.818
392.11
392.447
392.803
393.275
393.54
394.109
394.94
395.122
394.894
394.418
393.192
390.555
389.204
388.469
390.458
396.331
398.135
397.719
397.786
399.532
400.708
400.817
398.221
392.661
393.903
398.08
347.039
287.066
279.591
278.819
392.47
392.998
392.996
393.328
393.579
394.021
394.481
394.953
394.807
394.309
393.128
390.721
389.541
388.848
390.514
395.98
397.674
397.283
397.377
399.511
400.781
400.986
399.027
392.939
393.411
397.474
346.955
287.075
279.597
278.82
392.488
393.095
393.23
393.327
393.585
393.889
394.449
394.664
394.586
394.182
392.898
390.735
389.748
389.278
390.786
395.796
397.334
396.99
397.07
399.549
400.937
401.227
399.732
393.396
393.115
396.827
346.91
287.092
279.604
278.822
392.868
393.324
393.382
393.426
393.654
393.932
394.292
394.515
394.355
393.789
392.701
390.875
390.005
389.515
391.418
395.577
397.056
396.705
396.703
399.464
401.06
401.393
400.231
393.846
392.829
396.077
346.734
287.115
279.613
278.823
392.948
393.49
393.506
393.49
393.721
393.893
394.184
394.352
394.269
393.631
392.335
391.026
390.285
389.962
391.624
395.387
396.847
396.459
396.497
399.282
401.134
401.474
400.643
394.232
392.404
395.106
346.496
287.146
279.624
278.825
393.099
393.345
393.717
393.686
393.841
393.976
394.1
394.18
394.135
393.721
392.334
390.977
390.665
390.767
391.763
395.206
396.619
396.158
396.254
399.04
401.259
401.562
401.088
394.803
391.883
393.897
346.165
287.185
279.636
278.827
393.587
393.652
393.901
393.983
394.009
394.207
394.403
394.392
394.146
393.888
392.608
391.235
390.88
391.193
391.959
394.782
396.28
395.799
395.952
398.908
401.387
401.59
401.495
395.767
391.661
392.717
345.672
287.228
279.651
278.829
393.759
393.857
394.179
394.297
394.372
394.588
394.737
394.573
394.598
394.171
392.932
391.904
391.445
391.26
392.109
394.34
395.888
395.426
395.611
398.744
401.517
401.645
401.825
396.793
391.621
391.653
345.103
287.273
279.667
278.831
393.947
394.085
394.521
394.725
394.85
394.955
395.144
395.055
394.97
394.578
393.341
392.182
392.105
391.717
392.116
394.137
395.424
395.101
395.358
398.592
401.634
401.753
402.07
397.706
391.622
390.658
344.36
287.318
279.686
278.834
394.16
394.29
394.61
394.908
395.264
395.438
395.523
395.556
395.25
394.92
393.938
393.127
392.034
392.018
392.725
394.512
394.724
394.717
395.029
398.452
401.747
401.895
402.232
398.609
391.324
389.48
343.45
287.361
279.708
278.838
394.235
394.481
394.79
395.074
395.365
395.833
395.908
395.864
395.713
395.101
394.709
393.428
392.349
392.057
392.939
394.663
394.454
394.324
394.733
398.383
401.783
402.009
402.306
399.647
391.168
388.298
342.429
287.408
279.733
278.841
394.431
394.647
394.946
395.131
395.623
395.802
396.053
396.031
395.86
395.684
395.149
393.854
392.433
392.246
392.87
394.617
394.343
394.022
394.38
398.35
401.78
402.124
402.311
400.604
391.484
387.352
341.429
287.467
279.763
278.846
394.618
394.872
395.227
395.393
395.754
395.859
396.193
396.314
395.973
395.965
395.359
394.094
392.747
392.557
392.861
394.344
394.15
393.842
394.128
398.41
401.778
402.21
402.284
401.132
391.938
386.458
340.504
287.549
279.798
278.851
394.63
395.018
395.337
395.5
395.826
396.089
396.464
396.284
396.39
396.506
395.537
393.919
393.145
392.58
392.892
394.295
394.011
393.586
393.863
398.379
401.767
402.34
402.398
401.523
392.522
385.36
339.811
287.671
279.842
278.856
394.829
394.869
395.493
395.712
395.795
396.148
396.723
396.831
396.346
396.179
395.853
394.544
393.235
392.621
392.634
394.306
394.026
393.24
393.59
398.366
401.815
402.478
402.572
401.764
393.466
384.273
339.326
287.843
279.895
278.863
394.773
395.064
395.292
395.915
396.024
396.048
396.617
396.877
396.764
396.064
395.564
394.577
393.276
392.471
392.753
394.425
393.972
393.35
393.61
398.493
401.962
402.661
402.786
401.939
395.192
383.948
339.209
288.078
279.957
278.871
394.966
395.341
395.424
395.915
396.1
396.176
396.677
396.926
396.732
395.954
395.822
394.66
393.011
392.304
392.823
394.166
393.947
393.585
393.844
398.452
402.002
402.783
402.876
402.103
397.045
383.766
338.346
288.337
280.029
278.88
394.969
395.308
395.526
396.011
396.177
396.373
396.524
396.978
396.929
396.295
395.427
394.514
393.217
392.371
392.782
393.819
393.639
392.735
392.736
397.795
401.754
402.589
402.651
401.809
397.14
382.174
334.417
288.582
280.109
278.891
395.307
395.376
395.555
396.18
396.235
396.411
396.744
396.912
396.867
396.503
395.723
394.614
393.67
392.614
392.718
394.034
393.606
391.976
392.148
397.5
402.008
402.859
402.802
401.383
395.351
378.465
330.239
288.977
280.208
278.905
395.269
395.482
395.675
395.861
396.297
396.467
396.737
397.149
397.141
396.646
395.593
394.751
393.58
393.231
393.451
394.72
395.236
394.349
394.807
398.6
403.215
404.067
403.609
401.356
394.334
376.811
328.312
289.605
280.33
278.92
394.926
395.208
395.72
395.728
396.052
396.74
396.902
397.158
397.318
396.622
395.684
394.61
392.7
392.504
393.12
394.852
396.008
395.635
395.451
398.218
402.663
403.551
402.818
400.52
394.058
376.976
327.849
290.442
280.474
278.938
394.788
395.149
395.406
395.888
396.35
396.662
396.657
397.159
397.158
396.134
395.41
394.414
392.605
391.516
391.879
392.753
392.849
392.203
392.087
395.3
401.022
402.722
402.268
400.156
394.026
377.125
328.436
291.502
280.651
278.957
394.905
395.239
395.233
395.797
396.427
396.389
396.663
396.862
396.876
396.125
395.209
394.366
393.661
391.665
391.877
391.956
391.175
389.964
390.703
395.83
401.882
404.041
403.949
402.132
394.385
374.67
333.126
292.837
280.874
278.978
394.941
395.564
395.532
395.755
396.133
396.325
396.988
397.001
396.581
395.884
394.786
394.689
395.016
395.302
396.046
396.551
396.125
396.236
396.974
400.522
405.37
407.873
407.413
401.147
388.15
374.248
339.992
294.327
281.152
279.001
395.013
395.263
395.145
395.371
395.799
396.245
396.414
396.303
396.262
395.283
394.089
394.247
394.267
395.367
398.235
401.562
401.781
401.477
401.16
403.878
407.888
409.053
403.667
392.478
385.298
374.605
346.671
295.849
281.449
279.024
393.962
394.255
394.491
394.619
394.957
394.958
395.472
395.32
394.956
394.005
392.423
391.94
391.57
391.917
394.616
397.897
398.974
398.155
397.45
399.591
403.193
402.524
394.78
388.684
383.992
375.089
353.496
297.482
281.744
279.047
394.013
394.029
394.685
394.631
394.271
394.222
394.201
394.047
393.51
392.363
390.303
389.623
388.617
387.629
388.485
389.991
390.024
388.657
388.17
390.033
394.632
394.641
390.513
386.909
383.42
376.213
359.535
299.469
282.033
279.069
394.218
394.249
394.202
394.108
393.962
393.851
393.762
393.522
392.784
391.269
389.253
387.718
386.372
384.982
385.089
385.486
384.216
382.485
382.235
384.01
389.053
390.273
388.519
386.148
383.269
377.449
364.297
302.73
282.311
279.09
394.692
394.651
394.73
395.198
394.809
394.037
393.869
393.502
392.709
391.25
388.616
386.757
385.086
383.651
383.499
383.367
381.567
379.785
379.544
381.212
386.243
388.19
387.613
385.894
383.445
378.893
368.032
306.927
282.581
279.11
395.104
395.054
395.022
395.006
395.173
395.051
394.199
393.681
392.632
390.959
388.823
386.684
384.765
383.097
382.609
382.161
380.468
378.749
378.446
379.987
384.725
387.379
387.34
385.897
383.866
380.392
371.373
310.662
282.834
279.128
395.987
395.896
395.735
395.581
395.353
395.157
395.132
395.098
393.238
391.076
388.98
387.714
385.498
383.244
382.302
381.926
380.009
378.179
377.95
379.421
384.092
387.229
387.509
386.151
384.342
381.856
374.418
313.626
283.056
279.145
396.49
396.799
397.209
396.495
396.321
396.496
396.175
395.671
393.869
391.817
389.928
388.7
386.139
384.224
382.684
382.084
380.264
377.902
377.776
379.323
383.802
387.121
387.831
386.855
385.296
383.39
376.776
315.994
283.251
279.159
397.145
397.161
397.274
397.724
397.409
397.052
397.19
396.724
395.075
392.707
390.743
389.149
387.589
384.94
383.81
383.194
381.317
378.656
378.453
379.929
384.239
387.61
388.698
388.1
386.266
384.606
378.631
317.895
283.416
279.171
397.855
398.54
398.412
398.01
398.03
398.13
397.949
397.436
396.101
394.043
392.142
390.496
388.155
386.444
385.351
384.407
382.242
379.596
379.448
380.874
385.073
388.365
389.685
389.358
387.382
385.668
380.236
319.498
283.556
279.18
398.569
399.182
398.927
398.928
399.091
398.448
398.27
397.967
397.19
395.206
393.144
391.175
389.52
387.954
386.957
385.668
383.386
380.818
380.553
381.909
386.037
389.153
390.627
390.571
388.866
386.777
381.768
321.069
283.667
279.186
399.033
398.99
399.119
399.595
399.432
399.066
399.073
398.99
398.097
396.141
394.017
392.418
390.669
389.118
388.166
387.104
385.131
382.122
381.492
383.07
387.135
390.027
391.573
391.774
390.555
388.174
383.417
322.285
283.721
279.187
399.682
399.467
400
400.083
400.055
400.117
399.475
399.328
398.646
396.816
394.866
393.18
391.79
390.141
389.259
388.333
386.386
384.282
383.523
384.626
388.382
391.27
392.725
393.144
392.318
389.912
384.771
322.459
283.702
279.185
400.255
400.465
400.606
400.614
400.622
400.648
400.291
399.963
399.118
397.452
395.305
393.963
392.778
391.172
390.331
389.86
388.094
385.978
385.227
386.569
390.859
393.263
394.468
394.757
393.981
391.405
385.409
321.797
283.651
279.181
400.954
400.805
401.294
400.955
400.764
400.973
400.93
400.815
399.649
397.797
396.165
394.792
393.562
392.136
391.369
391.036
389.465
387.507
387.171
388.671
392.675
395.419
396.52
396.706
395.653
392.515
385.55
320.62
283.594
279.178
400.968
401.27
401.455
401.587
401.59
401.398
401.437
401.241
400.322
398.671
396.772
395.523
394.305
393.151
392.253
391.874
390.577
388.652
388.428
390.276
394.523
397.151
398.058
398.012
396.776
393.664
385.935
319.537
283.558
279.176
401.417
401.716
401.237
401.761
401.864
401.934
401.865
401.469
400.791
399.062
397.465
396.157
394.719
393.513
393.111
392.608
391.271
389.544
389.231
391.085
395.5
398.262
399.334
399.252
397.695
394.306
386.139
318.974
283.545
279.176
401.717
401.862
401.323
401.734
402.086
402.076
402.145
401.78
401.032
399.222
397.834
396.354
395.025
394.059
393.505
393.139
391.679
389.998
389.763
391.636
396.054
398.844
399.908
399.923
398.364
394.858
386.358
318.673
283.541
279.176
401.571
401.761
402.088
401.975
402.18
402.146
402.304
401.965
401.026
399.526
397.996
396.576
395.332
394.236
393.706
393.358
391.933
390.351
390.043
391.842
396.475
399.212
400.209
400.222
398.742
395.152
386.527
318.543
283.538
279.176
401.678
401.794
402.188
402.054
402.266
402.232
402.386
402.082
401.13
399.62
398.105
396.712
395.447
394.36
393.838
393.495
392.069
390.503
390.184
391.996
396.64
399.378
400.374
400.397
398.945
395.308
386.608
318.469
283.536
279.175
401.743
401.831
402.244
402.112
402.324
402.282
402.441
402.15
401.19
399.675
398.171
396.789
395.515
394.427
393.912
393.569
392.145
390.581
390.264
392.082
396.728
399.462
400.459
400.486
399.045
395.38
386.632
318.416
283.534
279.175
401.774
401.844
402.274
402.142
402.352
402.306
402.468
402.183
401.219
399.711
398.21
396.822
395.549
394.464
393.951
393.608
392.186
390.622
390.306
392.126
396.774
399.507
400.502
400.527
399.088
395.41
386.635
318.383
283.532
279.175
401.782
401.858
402.285
402.153
402.365
402.319
402.482
402.197
401.233
399.727
398.225
396.839
395.566
394.482
393.969
393.626
392.204
390.641
390.325
392.145
396.794
399.527
400.521
400.545
399.106
395.421
386.632
318.365
283.532
279.175
401.788
401.859
402.29
402.159
402.37
402.323
402.486
402.202
401.239
399.733
398.232
396.845
395.572
394.488
393.975
393.632
392.211
390.648
390.332
392.153
396.801
399.535
400.528
400.552
399.111
395.424
386.63
318.358
283.531
279.175
)
;

boundaryField
{
    inlet
    {
        type            zeroGradient;
    }
    outlet
    {
        type            zeroGradient;
    }
    bottom
    {
        type            symmetryPlane;
    }
    top
    {
        type            symmetryPlane;
    }
    obstacle
    {
        type            zeroGradient;
    }
    defaultFaces
    {
        type            empty;
    }
}


// ************************************************************************* //
