/*--------------------------------*- C++ -*----------------------------------*\
| =========                 |                                                 |
| \\      /  F ield         | OpenFOAM: The Open Source CFD Toolbox           |
|  \\    /   O peration     | Version:  5.x                                   |
|   \\  /    A nd           | Web:      www.OpenFOAM.org                      |
|    \\/     M anipulation  |                                                 |
\*---------------------------------------------------------------------------*/
/*   Windows 32 and 64 bit porting by blueCAPE: http://www.bluecape.com.pt   *\
|  Based on Windows porting (2.0.x v4) by Symscape: http://www.symscape.com   |
\*---------------------------------------------------------------------------*/
FoamFile
{
    version     2.0;
    format      ascii;
    class       faceList;
    location    "constant/polyMesh";
    object      faces;
}
// * * * * * * * * * * * * * * * * * * * * * * * * * * * * * * * * * * * * * //


4553
(
4(1 302 904 603)
4(301 903 904 302)
4(2 303 905 604)
4(302 904 905 303)
4(3 304 906 605)
4(303 905 906 304)
4(4 305 907 606)
4(304 906 907 305)
4(5 306 908 607)
4(305 907 908 306)
4(6 307 909 608)
4(306 908 909 307)
4(7 308 910 609)
4(307 909 910 308)
4(8 309 911 610)
4(308 910 911 309)
4(9 310 912 611)
4(309 911 912 310)
4(10 311 913 612)
4(310 912 913 311)
4(11 312 914 613)
4(311 913 914 312)
4(12 313 915 614)
4(312 914 915 313)
4(13 314 916 615)
4(313 915 916 314)
4(14 315 917 616)
4(314 916 917 315)
4(15 316 918 617)
4(315 917 918 316)
4(16 317 919 618)
4(316 918 919 317)
4(17 318 920 619)
4(317 919 920 318)
4(18 319 921 620)
4(318 920 921 319)
4(19 320 922 621)
4(319 921 922 320)
4(20 321 923 622)
4(320 922 923 321)
4(21 322 924 623)
4(321 923 924 322)
4(22 323 925 624)
4(322 924 925 323)
4(23 324 926 625)
4(323 925 926 324)
4(24 325 927 626)
4(324 926 927 325)
4(25 326 928 627)
4(325 927 928 326)
4(26 327 929 628)
4(326 928 929 327)
4(27 328 930 629)
4(327 929 930 328)
4(28 329 931 630)
4(328 930 931 329)
4(29 330 932 631)
4(329 931 932 330)
4(30 331 933 632)
4(330 932 933 331)
4(31 332 934 633)
4(331 933 934 332)
4(32 333 935 634)
4(332 934 935 333)
4(33 334 936 635)
4(333 935 936 334)
4(34 335 937 636)
4(334 936 937 335)
4(35 336 938 637)
4(335 937 938 336)
4(36 337 939 638)
4(336 938 939 337)
4(37 338 940 639)
4(337 939 940 338)
4(38 339 941 640)
4(338 940 941 339)
4(39 340 942 641)
4(339 941 942 340)
4(40 341 943 642)
4(340 942 943 341)
4(41 342 944 643)
4(341 943 944 342)
4(42 343 945 644)
4(342 944 945 343)
4(43 344 946 645)
4(343 945 946 344)
4(44 345 947 646)
4(344 946 947 345)
4(45 346 948 647)
4(345 947 948 346)
4(46 347 949 648)
4(346 948 949 347)
4(47 348 950 649)
4(347 949 950 348)
4(48 349 951 650)
4(348 950 951 349)
4(49 350 952 651)
4(349 951 952 350)
4(50 351 953 652)
4(350 952 953 351)
4(51 352 954 653)
4(351 953 954 352)
4(52 353 955 654)
4(352 954 955 353)
4(53 354 956 655)
4(353 955 956 354)
4(54 355 957 656)
4(354 956 957 355)
4(55 356 958 657)
4(355 957 958 356)
4(56 357 959 658)
4(356 958 959 357)
4(57 358 960 659)
4(357 959 960 358)
4(58 359 961 660)
4(358 960 961 359)
4(59 360 962 661)
4(359 961 962 360)
4(60 361 963 662)
4(360 962 963 361)
4(61 362 964 663)
4(361 963 964 362)
4(62 363 965 664)
4(362 964 965 363)
4(63 364 966 665)
4(363 965 966 364)
4(64 365 967 666)
4(364 966 967 365)
4(65 366 968 667)
4(365 967 968 366)
4(66 367 969 668)
4(366 968 969 367)
4(67 368 970 669)
4(367 969 970 368)
4(68 369 971 670)
4(368 970 971 369)
4(69 370 972 671)
4(369 971 972 370)
4(70 371 973 672)
4(370 972 973 371)
4(71 372 974 673)
4(371 973 974 372)
4(72 373 975 674)
4(372 974 975 373)
4(73 374 976 675)
4(373 975 976 374)
4(74 375 977 676)
4(374 976 977 375)
4(75 376 978 677)
4(375 977 978 376)
4(76 377 979 678)
4(376 978 979 377)
4(77 378 980 679)
4(377 979 980 378)
4(78 379 981 680)
4(378 980 981 379)
4(79 380 982 681)
4(379 981 982 380)
4(80 381 983 682)
4(380 982 983 381)
4(81 382 984 683)
4(381 983 984 382)
4(82 383 985 684)
4(382 984 985 383)
4(83 384 986 685)
4(383 985 986 384)
4(84 385 987 686)
4(384 986 987 385)
4(85 386 988 687)
4(385 987 988 386)
4(86 387 989 688)
4(386 988 989 387)
4(87 388 990 689)
4(387 989 990 388)
4(88 389 991 690)
4(388 990 991 389)
4(89 390 992 691)
4(389 991 992 390)
4(90 391 993 692)
4(390 992 993 391)
4(91 392 994 693)
4(391 993 994 392)
4(92 393 995 694)
4(392 994 995 393)
4(93 394 996 695)
4(393 995 996 394)
4(94 395 997 696)
4(394 996 997 395)
4(95 396 998 697)
4(395 997 998 396)
4(96 397 999 698)
4(396 998 999 397)
4(97 398 1000 699)
4(397 999 1000 398)
4(98 399 1001 700)
4(398 1000 1001 399)
4(99 400 1002 701)
4(399 1001 1002 400)
4(100 401 1003 702)
4(400 1002 1003 401)
4(101 402 1004 703)
4(401 1003 1004 402)
4(102 403 1005 704)
4(402 1004 1005 403)
4(103 404 1006 705)
4(403 1005 1006 404)
4(104 405 1007 706)
4(404 1006 1007 405)
4(105 406 1008 707)
4(405 1007 1008 406)
4(106 407 1009 708)
4(406 1008 1009 407)
4(107 408 1010 709)
4(407 1009 1010 408)
4(108 409 1011 710)
4(408 1010 1011 409)
4(109 410 1012 711)
4(409 1011 1012 410)
4(110 411 1013 712)
4(410 1012 1013 411)
4(111 412 1014 713)
4(411 1013 1014 412)
4(112 413 1015 714)
4(412 1014 1015 413)
4(113 414 1016 715)
4(413 1015 1016 414)
4(114 415 1017 716)
4(414 1016 1017 415)
4(115 416 1018 717)
4(415 1017 1018 416)
4(116 417 1019 718)
4(416 1018 1019 417)
4(117 418 1020 719)
4(417 1019 1020 418)
4(118 419 1021 720)
4(418 1020 1021 419)
4(119 420 1022 721)
4(419 1021 1022 420)
4(120 421 1023 722)
4(420 1022 1023 421)
4(121 422 1024 723)
4(421 1023 1024 422)
4(122 423 1025 724)
4(422 1024 1025 423)
4(123 424 1026 725)
4(423 1025 1026 424)
4(124 425 1027 726)
4(424 1026 1027 425)
4(125 426 1028 727)
4(425 1027 1028 426)
4(126 427 1029 728)
4(426 1028 1029 427)
4(127 428 1030 729)
4(427 1029 1030 428)
4(128 429 1031 730)
4(428 1030 1031 429)
4(129 430 1032 731)
4(429 1031 1032 430)
4(130 431 1033 732)
4(430 1032 1033 431)
4(131 432 1034 733)
4(431 1033 1034 432)
4(132 433 1035 734)
4(432 1034 1035 433)
4(133 434 1036 735)
4(433 1035 1036 434)
4(134 435 1037 736)
4(434 1036 1037 435)
4(135 436 1038 737)
4(435 1037 1038 436)
4(136 437 1039 738)
4(436 1038 1039 437)
4(137 438 1040 739)
4(437 1039 1040 438)
4(138 439 1041 740)
4(438 1040 1041 439)
4(139 440 1042 741)
4(439 1041 1042 440)
4(140 441 1043 742)
4(440 1042 1043 441)
4(141 442 1044 743)
4(441 1043 1044 442)
4(142 443 1045 744)
4(442 1044 1045 443)
4(143 444 1046 745)
4(443 1045 1046 444)
4(144 445 1047 746)
4(444 1046 1047 445)
4(145 446 1048 747)
4(445 1047 1048 446)
4(146 447 1049 748)
4(446 1048 1049 447)
4(147 448 1050 749)
4(447 1049 1050 448)
4(148 449 1051 750)
4(448 1050 1051 449)
4(149 450 1052 751)
4(449 1051 1052 450)
4(150 451 1053 752)
4(450 1052 1053 451)
4(151 452 1054 753)
4(451 1053 1054 452)
4(152 453 1055 754)
4(452 1054 1055 453)
4(153 454 1056 755)
4(453 1055 1056 454)
4(154 455 1057 756)
4(454 1056 1057 455)
4(155 456 1058 757)
4(455 1057 1058 456)
4(156 457 1059 758)
4(456 1058 1059 457)
4(157 458 1060 759)
4(457 1059 1060 458)
4(158 459 1061 760)
4(458 1060 1061 459)
4(159 460 1062 761)
4(459 1061 1062 460)
4(160 461 1063 762)
4(460 1062 1063 461)
4(161 462 1064 763)
4(461 1063 1064 462)
4(162 463 1065 764)
4(462 1064 1065 463)
4(163 464 1066 765)
4(463 1065 1066 464)
4(164 465 1067 766)
4(464 1066 1067 465)
4(165 466 1068 767)
4(465 1067 1068 466)
4(166 467 1069 768)
4(466 1068 1069 467)
4(167 468 1070 769)
4(467 1069 1070 468)
4(168 469 1071 770)
4(468 1070 1071 469)
4(169 470 1072 771)
4(469 1071 1072 470)
4(170 471 1073 772)
4(470 1072 1073 471)
4(171 472 1074 773)
4(471 1073 1074 472)
4(172 473 1075 774)
4(472 1074 1075 473)
4(173 474 1076 775)
4(473 1075 1076 474)
4(174 475 1077 776)
4(474 1076 1077 475)
4(175 476 1078 777)
4(475 1077 1078 476)
4(176 477 1079 778)
4(476 1078 1079 477)
4(177 478 1080 779)
4(477 1079 1080 478)
4(178 479 1081 780)
4(478 1080 1081 479)
4(179 480 1082 781)
4(479 1081 1082 480)
4(180 481 1083 782)
4(480 1082 1083 481)
4(181 482 1084 783)
4(481 1083 1084 482)
4(182 483 1085 784)
4(482 1084 1085 483)
4(183 484 1086 785)
4(483 1085 1086 484)
4(184 485 1087 786)
4(484 1086 1087 485)
4(185 486 1088 787)
4(485 1087 1088 486)
4(186 487 1089 788)
4(486 1088 1089 487)
4(187 488 1090 789)
4(487 1089 1090 488)
4(188 489 1091 790)
4(488 1090 1091 489)
4(189 490 1092 791)
4(489 1091 1092 490)
4(190 491 1093 792)
4(490 1092 1093 491)
4(191 492 1094 793)
4(491 1093 1094 492)
4(192 493 1095 794)
4(492 1094 1095 493)
4(193 494 1096 795)
4(493 1095 1096 494)
4(194 495 1097 796)
4(494 1096 1097 495)
4(195 496 1098 797)
4(495 1097 1098 496)
4(196 497 1099 798)
4(496 1098 1099 497)
4(197 498 1100 799)
4(497 1099 1100 498)
4(198 499 1101 800)
4(498 1100 1101 499)
4(199 500 1102 801)
4(499 1101 1102 500)
4(200 501 1103 802)
4(500 1102 1103 501)
4(201 502 1104 803)
4(501 1103 1104 502)
4(202 503 1105 804)
4(502 1104 1105 503)
4(203 504 1106 805)
4(503 1105 1106 504)
4(204 505 1107 806)
4(504 1106 1107 505)
4(205 506 1108 807)
4(505 1107 1108 506)
4(206 507 1109 808)
4(506 1108 1109 507)
4(207 508 1110 809)
4(507 1109 1110 508)
4(208 509 1111 810)
4(508 1110 1111 509)
4(209 510 1112 811)
4(509 1111 1112 510)
4(210 511 1113 812)
4(510 1112 1113 511)
4(211 512 1114 813)
4(511 1113 1114 512)
4(212 513 1115 814)
4(512 1114 1115 513)
4(213 514 1116 815)
4(513 1115 1116 514)
4(214 515 1117 816)
4(514 1116 1117 515)
4(215 516 1118 817)
4(515 1117 1118 516)
4(216 517 1119 818)
4(516 1118 1119 517)
4(217 518 1120 819)
4(517 1119 1120 518)
4(218 519 1121 820)
4(518 1120 1121 519)
4(219 520 1122 821)
4(519 1121 1122 520)
4(220 521 1123 822)
4(520 1122 1123 521)
4(221 522 1124 823)
4(521 1123 1124 522)
4(222 523 1125 824)
4(522 1124 1125 523)
4(223 524 1126 825)
4(523 1125 1126 524)
4(224 525 1127 826)
4(524 1126 1127 525)
4(225 526 1128 827)
4(525 1127 1128 526)
4(226 527 1129 828)
4(526 1128 1129 527)
4(227 528 1130 829)
4(527 1129 1130 528)
4(228 529 1131 830)
4(528 1130 1131 529)
4(229 530 1132 831)
4(529 1131 1132 530)
4(230 531 1133 832)
4(530 1132 1133 531)
4(231 532 1134 833)
4(531 1133 1134 532)
4(232 533 1135 834)
4(532 1134 1135 533)
4(233 534 1136 835)
4(533 1135 1136 534)
4(234 535 1137 836)
4(534 1136 1137 535)
4(235 536 1138 837)
4(535 1137 1138 536)
4(236 537 1139 838)
4(536 1138 1139 537)
4(237 538 1140 839)
4(537 1139 1140 538)
4(238 539 1141 840)
4(538 1140 1141 539)
4(239 540 1142 841)
4(539 1141 1142 540)
4(240 541 1143 842)
4(540 1142 1143 541)
4(241 542 1144 843)
4(541 1143 1144 542)
4(242 543 1145 844)
4(542 1144 1145 543)
4(243 544 1146 845)
4(543 1145 1146 544)
4(244 545 1147 846)
4(544 1146 1147 545)
4(245 546 1148 847)
4(545 1147 1148 546)
4(246 547 1149 848)
4(546 1148 1149 547)
4(247 548 1150 849)
4(547 1149 1150 548)
4(248 549 1151 850)
4(548 1150 1151 549)
4(249 550 1152 851)
4(549 1151 1152 550)
4(250 551 1153 852)
4(550 1152 1153 551)
4(251 552 1154 853)
4(551 1153 1154 552)
4(252 553 1155 854)
4(552 1154 1155 553)
4(253 554 1156 855)
4(553 1155 1156 554)
4(254 555 1157 856)
4(554 1156 1157 555)
4(255 556 1158 857)
4(555 1157 1158 556)
4(256 557 1159 858)
4(556 1158 1159 557)
4(257 558 1160 859)
4(557 1159 1160 558)
4(258 559 1161 860)
4(558 1160 1161 559)
4(259 560 1162 861)
4(559 1161 1162 560)
4(260 561 1163 862)
4(560 1162 1163 561)
4(261 562 1164 863)
4(561 1163 1164 562)
4(262 563 1165 864)
4(562 1164 1165 563)
4(263 564 1166 865)
4(563 1165 1166 564)
4(264 565 1167 866)
4(564 1166 1167 565)
4(265 566 1168 867)
4(565 1167 1168 566)
4(266 567 1169 868)
4(566 1168 1169 567)
4(267 568 1170 869)
4(567 1169 1170 568)
4(268 569 1171 870)
4(568 1170 1171 569)
4(269 570 1172 871)
4(569 1171 1172 570)
4(270 571 1173 872)
4(570 1172 1173 571)
4(271 572 1174 873)
4(571 1173 1174 572)
4(272 573 1175 874)
4(572 1174 1175 573)
4(273 574 1176 875)
4(573 1175 1176 574)
4(274 575 1177 876)
4(574 1176 1177 575)
4(275 576 1178 877)
4(575 1177 1178 576)
4(276 577 1179 878)
4(576 1178 1179 577)
4(277 578 1180 879)
4(577 1179 1180 578)
4(278 579 1181 880)
4(578 1180 1181 579)
4(279 580 1182 881)
4(579 1181 1182 580)
4(280 581 1183 882)
4(580 1182 1183 581)
4(281 582 1184 883)
4(581 1183 1184 582)
4(282 583 1185 884)
4(582 1184 1185 583)
4(283 584 1186 885)
4(583 1185 1186 584)
4(284 585 1187 886)
4(584 1186 1187 585)
4(285 586 1188 887)
4(585 1187 1188 586)
4(286 587 1189 888)
4(586 1188 1189 587)
4(287 588 1190 889)
4(587 1189 1190 588)
4(288 589 1191 890)
4(588 1190 1191 589)
4(289 590 1192 891)
4(589 1191 1192 590)
4(290 591 1193 892)
4(590 1192 1193 591)
4(291 592 1194 893)
4(591 1193 1194 592)
4(292 593 1195 894)
4(592 1194 1195 593)
4(293 594 1196 895)
4(593 1195 1196 594)
4(294 595 1197 896)
4(594 1196 1197 595)
4(295 596 1198 897)
4(595 1197 1198 596)
4(296 597 1199 898)
4(596 1198 1199 597)
4(297 598 1200 899)
4(597 1199 1200 598)
4(298 599 1201 900)
4(598 1200 1201 599)
4(299 600 1202 901)
4(599 1201 1202 600)
4(600 1202 1203 601)
4(302 1205 1506 904)
4(303 1206 1507 905)
4(304 1207 1508 906)
4(305 1208 1509 907)
4(306 1209 1510 908)
4(307 1210 1511 909)
4(308 1211 1512 910)
4(309 1212 1513 911)
4(310 1213 1514 912)
4(311 1214 1515 913)
4(312 1215 1516 914)
4(313 1216 1517 915)
4(314 1217 1518 916)
4(315 1218 1519 917)
4(316 1219 1520 918)
4(317 1220 1521 919)
4(318 1221 1522 920)
4(319 1222 1523 921)
4(320 1223 1524 922)
4(321 1224 1525 923)
4(322 1225 1526 924)
4(323 1226 1527 925)
4(324 1227 1528 926)
4(325 1228 1529 927)
4(326 1229 1530 928)
4(327 1230 1531 929)
4(328 1231 1532 930)
4(329 1232 1533 931)
4(330 1233 1534 932)
4(331 1234 1535 933)
4(332 1235 1536 934)
4(333 1236 1537 935)
4(334 1237 1538 936)
4(335 1238 1539 937)
4(336 1239 1540 938)
4(337 1240 1541 939)
4(338 1241 1542 940)
4(339 1242 1543 941)
4(340 1243 1544 942)
4(341 1244 1545 943)
4(342 1245 1546 944)
4(343 1246 1547 945)
4(344 1247 1548 946)
4(345 1248 1549 947)
4(346 1249 1550 948)
4(347 1250 1551 949)
4(348 1251 1552 950)
4(349 1252 1553 951)
4(350 1253 1554 952)
4(351 1254 1555 953)
4(352 1255 1556 954)
4(353 1256 1557 955)
4(354 1257 1558 956)
4(355 1258 1559 957)
4(356 1259 1560 958)
4(357 1260 1561 959)
4(358 1261 1562 960)
4(359 1262 1563 961)
4(360 1263 1564 962)
4(361 1264 1565 963)
4(362 1265 1566 964)
4(363 1266 1567 965)
4(364 1267 1568 966)
4(365 1268 1569 967)
4(366 1269 1570 968)
4(367 1270 1571 969)
4(368 1271 1572 970)
4(369 1272 1573 971)
4(370 1273 1574 972)
4(371 1274 1575 973)
4(372 1275 1576 974)
4(373 1276 1577 975)
4(374 1277 1578 976)
4(375 1278 1579 977)
4(376 1279 1580 978)
4(377 1280 1581 979)
4(378 1281 1582 980)
4(379 1282 1583 981)
4(380 1283 1584 982)
4(381 1284 1585 983)
4(382 1285 1586 984)
4(383 1286 1587 985)
4(384 1287 1588 986)
4(385 1288 1589 987)
4(386 1289 1590 988)
4(387 1290 1591 989)
4(388 1291 1592 990)
4(389 1292 1593 991)
4(390 1293 1594 992)
4(391 1294 1595 993)
4(392 1295 1596 994)
4(393 1296 1597 995)
4(394 1297 1598 996)
4(395 1298 1599 997)
4(396 1299 1600 998)
4(397 1300 1601 999)
4(398 1301 1602 1000)
4(399 1302 1603 1001)
4(400 1303 1604 1002)
4(401 1304 1605 1003)
4(402 1305 1606 1004)
4(403 1306 1607 1005)
4(404 1307 1608 1006)
4(405 1308 1609 1007)
4(406 1309 1610 1008)
4(407 1310 1611 1009)
4(408 1311 1612 1010)
4(409 1312 1613 1011)
4(410 1313 1614 1012)
4(411 1314 1615 1013)
4(412 1315 1616 1014)
4(413 1316 1617 1015)
4(414 1317 1618 1016)
4(415 1318 1619 1017)
4(416 1319 1620 1018)
4(417 1320 1621 1019)
4(418 1321 1622 1020)
4(419 1322 1623 1021)
4(420 1323 1624 1022)
4(421 1324 1625 1023)
4(422 1325 1626 1024)
4(423 1326 1627 1025)
4(424 1327 1628 1026)
4(425 1328 1629 1027)
4(426 1329 1630 1028)
4(427 1330 1631 1029)
4(428 1331 1632 1030)
4(429 1332 1633 1031)
4(430 1333 1634 1032)
4(431 1334 1635 1033)
4(432 1335 1636 1034)
4(433 1336 1637 1035)
4(434 1337 1638 1036)
4(435 1338 1639 1037)
4(436 1339 1640 1038)
4(437 1340 1641 1039)
4(438 1341 1642 1040)
4(439 1342 1643 1041)
4(440 1343 1644 1042)
4(441 1344 1645 1043)
4(442 1345 1646 1044)
4(443 1346 1647 1045)
4(444 1347 1648 1046)
4(445 1348 1649 1047)
4(446 1349 1650 1048)
4(447 1350 1651 1049)
4(448 1351 1652 1050)
4(449 1352 1653 1051)
4(450 1353 1654 1052)
4(451 1354 1655 1053)
4(452 1355 1656 1054)
4(453 1356 1657 1055)
4(454 1357 1658 1056)
4(455 1358 1659 1057)
4(456 1359 1660 1058)
4(457 1360 1661 1059)
4(458 1361 1662 1060)
4(459 1362 1663 1061)
4(460 1363 1664 1062)
4(461 1364 1665 1063)
4(462 1365 1666 1064)
4(463 1366 1667 1065)
4(464 1367 1668 1066)
4(465 1368 1669 1067)
4(466 1369 1670 1068)
4(467 1370 1671 1069)
4(468 1371 1672 1070)
4(469 1372 1673 1071)
4(470 1373 1674 1072)
4(471 1374 1675 1073)
4(472 1375 1676 1074)
4(473 1376 1677 1075)
4(474 1377 1678 1076)
4(475 1378 1679 1077)
4(476 1379 1680 1078)
4(477 1380 1681 1079)
4(478 1381 1682 1080)
4(479 1382 1683 1081)
4(480 1383 1684 1082)
4(481 1384 1685 1083)
4(482 1385 1686 1084)
4(483 1386 1687 1085)
4(484 1387 1688 1086)
4(485 1388 1689 1087)
4(486 1389 1690 1088)
4(487 1390 1691 1089)
4(488 1391 1692 1090)
4(489 1392 1693 1091)
4(490 1393 1694 1092)
4(491 1394 1695 1093)
4(492 1395 1696 1094)
4(493 1396 1697 1095)
4(494 1397 1698 1096)
4(495 1398 1699 1097)
4(496 1399 1700 1098)
4(497 1400 1701 1099)
4(498 1401 1702 1100)
4(499 1402 1703 1101)
4(500 1403 1704 1102)
4(501 1404 1705 1103)
4(502 1405 1706 1104)
4(503 1406 1707 1105)
4(504 1407 1708 1106)
4(505 1408 1709 1107)
4(506 1409 1710 1108)
4(507 1410 1711 1109)
4(508 1411 1712 1110)
4(509 1412 1713 1111)
4(510 1413 1714 1112)
4(511 1414 1715 1113)
4(512 1415 1716 1114)
4(513 1416 1717 1115)
4(514 1417 1718 1116)
4(515 1418 1719 1117)
4(516 1419 1720 1118)
4(517 1420 1721 1119)
4(518 1421 1722 1120)
4(519 1422 1723 1121)
4(520 1423 1724 1122)
4(521 1424 1725 1123)
4(522 1425 1726 1124)
4(523 1426 1727 1125)
4(524 1427 1728 1126)
4(525 1428 1729 1127)
4(526 1429 1730 1128)
4(527 1430 1731 1129)
4(528 1431 1732 1130)
4(529 1432 1733 1131)
4(530 1433 1734 1132)
4(531 1434 1735 1133)
4(532 1435 1736 1134)
4(533 1436 1737 1135)
4(534 1437 1738 1136)
4(535 1438 1739 1137)
4(536 1439 1740 1138)
4(537 1440 1741 1139)
4(538 1441 1742 1140)
4(539 1442 1743 1141)
4(540 1443 1744 1142)
4(541 1444 1745 1143)
4(542 1445 1746 1144)
4(543 1446 1747 1145)
4(544 1447 1748 1146)
4(545 1448 1749 1147)
4(546 1449 1750 1148)
4(547 1450 1751 1149)
4(548 1451 1752 1150)
4(549 1452 1753 1151)
4(550 1453 1754 1152)
4(551 1454 1755 1153)
4(552 1455 1756 1154)
4(553 1456 1757 1155)
4(554 1457 1758 1156)
4(555 1458 1759 1157)
4(556 1459 1760 1158)
4(557 1460 1761 1159)
4(558 1461 1762 1160)
4(559 1462 1763 1161)
4(560 1463 1764 1162)
4(561 1464 1765 1163)
4(562 1465 1766 1164)
4(563 1466 1767 1165)
4(564 1467 1768 1166)
4(565 1468 1769 1167)
4(566 1469 1770 1168)
4(567 1470 1771 1169)
4(568 1471 1772 1170)
4(569 1472 1773 1171)
4(570 1473 1774 1172)
4(571 1474 1775 1173)
4(572 1475 1776 1174)
4(573 1476 1777 1175)
4(574 1477 1778 1176)
4(575 1478 1779 1177)
4(576 1479 1780 1178)
4(577 1480 1781 1179)
4(578 1481 1782 1180)
4(579 1482 1783 1181)
4(580 1483 1784 1182)
4(581 1484 1785 1183)
4(582 1485 1786 1184)
4(583 1486 1787 1185)
4(584 1487 1788 1186)
4(585 1488 1789 1187)
4(586 1489 1790 1188)
4(587 1490 1791 1189)
4(588 1491 1792 1190)
4(589 1492 1793 1191)
4(590 1493 1794 1192)
4(591 1494 1795 1193)
4(592 1495 1796 1194)
4(593 1496 1797 1195)
4(594 1497 1798 1196)
4(595 1498 1799 1197)
4(596 1499 1800 1198)
4(597 1500 1801 1199)
4(598 1501 1802 1200)
4(599 1502 1803 1201)
4(600 1503 1804 1202)
4(601 1504 1805 1203)
4(1806 1906 2106 2006)
4(1807 1907 2107 2007)
4(1808 1908 2108 2008)
4(1809 1909 2109 2009)
4(1810 1910 2110 2010)
4(1811 1911 2111 2011)
4(1812 1912 2112 2012)
4(1813 1913 2113 2013)
4(1814 1914 2114 2014)
4(1815 1915 2115 2015)
4(1816 1916 2116 2016)
4(1817 1917 2117 2017)
4(1818 1918 2118 2018)
4(1819 1919 2119 2019)
4(1820 1920 2120 2020)
4(1821 1921 2121 2021)
4(1822 1922 2122 2022)
4(1823 1923 2123 2023)
4(1824 1924 2124 2024)
4(1825 1925 2125 2025)
4(1826 1926 2126 2026)
4(1827 1927 2127 2027)
4(1828 1928 2128 2028)
4(1829 1929 2129 2029)
4(1830 1930 2130 2030)
4(1831 1931 2131 2031)
4(1832 1932 2132 2032)
4(1833 1933 2133 2033)
4(1834 1934 2134 2034)
4(1835 1935 2135 2035)
4(1836 1936 2136 2036)
4(1837 1937 2137 2037)
4(1838 1938 2138 2038)
4(1839 1939 2139 2039)
4(1840 1940 2140 2040)
4(1841 1941 2141 2041)
4(1842 1942 2142 2042)
4(1843 1943 2143 2043)
4(1844 1944 2144 2044)
4(1845 1945 2145 2045)
4(1846 1946 2146 2046)
4(1847 1947 2147 2047)
4(1848 1948 2148 2048)
4(1849 1949 2149 2049)
4(1850 1950 2150 2050)
4(1851 1951 2151 2051)
4(1852 1952 2152 2052)
4(1853 1953 2153 2053)
4(1854 1954 2154 2054)
4(1855 1955 2155 2055)
4(1856 1956 2156 2056)
4(1857 1957 2157 2057)
4(1858 1958 2158 2058)
4(1859 1959 2159 2059)
4(1860 1960 2160 2060)
4(1861 1961 2161 2061)
4(1862 1962 2162 2062)
4(1863 1963 2163 2063)
4(1864 1964 2164 2064)
4(1865 1965 2165 2065)
4(1866 1966 2166 2066)
4(1867 1967 2167 2067)
4(1868 1968 2168 2068)
4(1869 1969 2169 2069)
4(1870 1970 2170 2070)
4(1871 1971 2171 2071)
4(1872 1972 2172 2072)
4(1873 1973 2173 2073)
4(1874 1974 2174 2074)
4(1875 1975 2175 2075)
4(1876 1976 2176 2076)
4(1877 1977 2177 2077)
4(1878 1978 2178 2078)
4(1879 1979 2179 2079)
4(1880 1980 2180 2080)
4(1881 1981 2181 2081)
4(1882 1982 2182 2082)
4(1883 1983 2183 2083)
4(1884 1984 2184 2084)
4(1885 1985 2185 2085)
4(1886 1986 2186 2086)
4(1887 1987 2187 2087)
4(1888 1988 2188 2088)
4(1889 1989 2189 2089)
4(1890 1990 2190 2090)
4(1891 1991 2191 2091)
4(1892 1992 2192 2092)
4(1893 1993 2193 2093)
4(1894 1994 2194 2094)
4(1895 1995 2195 2095)
4(1896 1996 2196 2096)
4(1897 1997 2197 2097)
4(1898 1998 2198 2098)
4(1899 1999 2199 2099)
4(1900 2000 2200 2100)
4(1901 2001 2201 2101)
4(1902 2002 2202 2102)
4(1903 2003 2203 2103)
4(1904 2004 2204 2104)
4(1905 2005 2205 2105)
4(2207 2357 2658 2508)
4(1905 2105 2658 2357)
4(2208 2358 2659 2509)
4(2357 2658 2659 2358)
4(2209 2359 2660 2510)
4(2358 2659 2660 2359)
4(2210 2360 2661 2511)
4(2359 2660 2661 2360)
4(2211 2361 2662 2512)
4(2360 2661 2662 2361)
4(2212 2362 2663 2513)
4(2361 2662 2663 2362)
4(2213 2363 2664 2514)
4(2362 2663 2664 2363)
4(2214 2364 2665 2515)
4(2363 2664 2665 2364)
4(2215 2365 2666 2516)
4(2364 2665 2666 2365)
4(2216 2366 2667 2517)
4(2365 2666 2667 2366)
4(2217 2367 2668 2518)
4(2366 2667 2668 2367)
4(2218 2368 2669 2519)
4(2367 2668 2669 2368)
4(2219 2369 2670 2520)
4(2368 2669 2670 2369)
4(2220 2370 2671 2521)
4(2369 2670 2671 2370)
4(2221 2371 2672 2522)
4(2370 2671 2672 2371)
4(2222 2372 2673 2523)
4(2371 2672 2673 2372)
4(2223 2373 2674 2524)
4(2372 2673 2674 2373)
4(2224 2374 2675 2525)
4(2373 2674 2675 2374)
4(2225 2375 2676 2526)
4(2374 2675 2676 2375)
4(2226 2376 2677 2527)
4(2375 2676 2677 2376)
4(2227 2377 2678 2528)
4(2376 2677 2678 2377)
4(2228 2378 2679 2529)
4(2377 2678 2679 2378)
4(2229 2379 2680 2530)
4(2378 2679 2680 2379)
4(2230 2380 2681 2531)
4(2379 2680 2681 2380)
4(2231 2381 2682 2532)
4(2380 2681 2682 2381)
4(2232 2382 2683 2533)
4(2381 2682 2683 2382)
4(2233 2383 2684 2534)
4(2382 2683 2684 2383)
4(2234 2384 2685 2535)
4(2383 2684 2685 2384)
4(2235 2385 2686 2536)
4(2384 2685 2686 2385)
4(2236 2386 2687 2537)
4(2385 2686 2687 2386)
4(2237 2387 2688 2538)
4(2386 2687 2688 2387)
4(2238 2388 2689 2539)
4(2387 2688 2689 2388)
4(2239 2389 2690 2540)
4(2388 2689 2690 2389)
4(2240 2390 2691 2541)
4(2389 2690 2691 2390)
4(2241 2391 2692 2542)
4(2390 2691 2692 2391)
4(2242 2392 2693 2543)
4(2391 2692 2693 2392)
4(2243 2393 2694 2544)
4(2392 2693 2694 2393)
4(2244 2394 2695 2545)
4(2393 2694 2695 2394)
4(2245 2395 2696 2546)
4(2394 2695 2696 2395)
4(2246 2396 2697 2547)
4(2395 2696 2697 2396)
4(2247 2397 2698 2548)
4(2396 2697 2698 2397)
4(2248 2398 2699 2549)
4(2397 2698 2699 2398)
4(2249 2399 2700 2550)
4(2398 2699 2700 2399)
4(2250 2400 2701 2551)
4(2399 2700 2701 2400)
4(2251 2401 2702 2552)
4(2400 2701 2702 2401)
4(2252 2402 2703 2553)
4(2401 2702 2703 2402)
4(2253 2403 2704 2554)
4(2402 2703 2704 2403)
4(2254 2404 2705 2555)
4(2403 2704 2705 2404)
4(2255 2405 2706 2556)
4(2404 2705 2706 2405)
4(2256 2406 2707 2557)
4(2405 2706 2707 2406)
4(2257 2407 2708 2558)
4(2406 2707 2708 2407)
4(2258 2408 2709 2559)
4(2407 2708 2709 2408)
4(2259 2409 2710 2560)
4(2408 2709 2710 2409)
4(2260 2410 2711 2561)
4(2409 2710 2711 2410)
4(2261 2411 2712 2562)
4(2410 2711 2712 2411)
4(2262 2412 2713 2563)
4(2411 2712 2713 2412)
4(2263 2413 2714 2564)
4(2412 2713 2714 2413)
4(2264 2414 2715 2565)
4(2413 2714 2715 2414)
4(2265 2415 2716 2566)
4(2414 2715 2716 2415)
4(2266 2416 2717 2567)
4(2415 2716 2717 2416)
4(2267 2417 2718 2568)
4(2416 2717 2718 2417)
4(2268 2418 2719 2569)
4(2417 2718 2719 2418)
4(2269 2419 2720 2570)
4(2418 2719 2720 2419)
4(2270 2420 2721 2571)
4(2419 2720 2721 2420)
4(2271 2421 2722 2572)
4(2420 2721 2722 2421)
4(2272 2422 2723 2573)
4(2421 2722 2723 2422)
4(2273 2423 2724 2574)
4(2422 2723 2724 2423)
4(2274 2424 2725 2575)
4(2423 2724 2725 2424)
4(2275 2425 2726 2576)
4(2424 2725 2726 2425)
4(2276 2426 2727 2577)
4(2425 2726 2727 2426)
4(2277 2427 2728 2578)
4(2426 2727 2728 2427)
4(2278 2428 2729 2579)
4(2427 2728 2729 2428)
4(2279 2429 2730 2580)
4(2428 2729 2730 2429)
4(2280 2430 2731 2581)
4(2429 2730 2731 2430)
4(2281 2431 2732 2582)
4(2430 2731 2732 2431)
4(2282 2432 2733 2583)
4(2431 2732 2733 2432)
4(2283 2433 2734 2584)
4(2432 2733 2734 2433)
4(2284 2434 2735 2585)
4(2433 2734 2735 2434)
4(2285 2435 2736 2586)
4(2434 2735 2736 2435)
4(2286 2436 2737 2587)
4(2435 2736 2737 2436)
4(2287 2437 2738 2588)
4(2436 2737 2738 2437)
4(2288 2438 2739 2589)
4(2437 2738 2739 2438)
4(2289 2439 2740 2590)
4(2438 2739 2740 2439)
4(2290 2440 2741 2591)
4(2439 2740 2741 2440)
4(2291 2441 2742 2592)
4(2440 2741 2742 2441)
4(2292 2442 2743 2593)
4(2441 2742 2743 2442)
4(2293 2443 2744 2594)
4(2442 2743 2744 2443)
4(2294 2444 2745 2595)
4(2443 2744 2745 2444)
4(2295 2445 2746 2596)
4(2444 2745 2746 2445)
4(2296 2446 2747 2597)
4(2445 2746 2747 2446)
4(2297 2447 2748 2598)
4(2446 2747 2748 2447)
4(2298 2448 2749 2599)
4(2447 2748 2749 2448)
4(2299 2449 2750 2600)
4(2448 2749 2750 2449)
4(2300 2450 2751 2601)
4(2449 2750 2751 2450)
4(2301 2451 2752 2602)
4(2450 2751 2752 2451)
4(2302 2452 2753 2603)
4(2451 2752 2753 2452)
4(2303 2453 2754 2604)
4(2452 2753 2754 2453)
4(2304 2454 2755 2605)
4(2453 2754 2755 2454)
4(2305 2455 2756 2606)
4(2454 2755 2756 2455)
4(2306 2456 2757 2607)
4(2455 2756 2757 2456)
4(2307 2457 2758 2608)
4(2456 2757 2758 2457)
4(2308 2458 2759 2609)
4(2457 2758 2759 2458)
4(2309 2459 2760 2610)
4(2458 2759 2760 2459)
4(2310 2460 2761 2611)
4(2459 2760 2761 2460)
4(2311 2461 2762 2612)
4(2460 2761 2762 2461)
4(2312 2462 2763 2613)
4(2461 2762 2763 2462)
4(2313 2463 2764 2614)
4(2462 2763 2764 2463)
4(2314 2464 2765 2615)
4(2463 2764 2765 2464)
4(2315 2465 2766 2616)
4(2464 2765 2766 2465)
4(2316 2466 2767 2617)
4(2465 2766 2767 2466)
4(2317 2467 2768 2618)
4(2466 2767 2768 2467)
4(2318 2468 2769 2619)
4(2467 2768 2769 2468)
4(2319 2469 2770 2620)
4(2468 2769 2770 2469)
4(2320 2470 2771 2621)
4(2469 2770 2771 2470)
4(2321 2471 2772 2622)
4(2470 2771 2772 2471)
4(2322 2472 2773 2623)
4(2471 2772 2773 2472)
4(2323 2473 2774 2624)
4(2472 2773 2774 2473)
4(2324 2474 2775 2625)
4(2473 2774 2775 2474)
4(2325 2475 2776 2626)
4(2474 2775 2776 2475)
4(2326 2476 2777 2627)
4(2475 2776 2777 2476)
4(2327 2477 2778 2628)
4(2476 2777 2778 2477)
4(2328 2478 2779 2629)
4(2477 2778 2779 2478)
4(2329 2479 2780 2630)
4(2478 2779 2780 2479)
4(2330 2480 2781 2631)
4(2479 2780 2781 2480)
4(2331 2481 2782 2632)
4(2480 2781 2782 2481)
4(2332 2482 2783 2633)
4(2481 2782 2783 2482)
4(2333 2483 2784 2634)
4(2482 2783 2784 2483)
4(2334 2484 2785 2635)
4(2483 2784 2785 2484)
4(2335 2485 2786 2636)
4(2484 2785 2786 2485)
4(2336 2486 2787 2637)
4(2485 2786 2787 2486)
4(2337 2487 2788 2638)
4(2486 2787 2788 2487)
4(2338 2488 2789 2639)
4(2487 2788 2789 2488)
4(2339 2489 2790 2640)
4(2488 2789 2790 2489)
4(2340 2490 2791 2641)
4(2489 2790 2791 2490)
4(2341 2491 2792 2642)
4(2490 2791 2792 2491)
4(2342 2492 2793 2643)
4(2491 2792 2793 2492)
4(2343 2493 2794 2644)
4(2492 2793 2794 2493)
4(2344 2494 2795 2645)
4(2493 2794 2795 2494)
4(2345 2495 2796 2646)
4(2494 2795 2796 2495)
4(2346 2496 2797 2647)
4(2495 2796 2797 2496)
4(2347 2497 2798 2648)
4(2496 2797 2798 2497)
4(2348 2498 2799 2649)
4(2497 2798 2799 2498)
4(2349 2499 2800 2650)
4(2498 2799 2800 2499)
4(2350 2500 2801 2651)
4(2499 2800 2801 2500)
4(2351 2501 2802 2652)
4(2500 2801 2802 2501)
4(2352 2502 2803 2653)
4(2501 2802 2803 2502)
4(2353 2503 2804 2654)
4(2502 2803 2804 2503)
4(2354 2504 2805 2655)
4(2503 2804 2805 2504)
4(2355 2505 2806 2656)
4(2504 2805 2806 2505)
4(2505 2806 2807 2506)
4(2357 2808 2958 2658)
4(2358 2809 2959 2659)
4(2359 2810 2960 2660)
4(2360 2811 2961 2661)
4(2361 2812 2962 2662)
4(2362 2813 2963 2663)
4(2363 2814 2964 2664)
4(2364 2815 2965 2665)
4(2365 2816 2966 2666)
4(2366 2817 2967 2667)
4(2367 2818 2968 2668)
4(2368 2819 2969 2669)
4(2369 2820 2970 2670)
4(2370 2821 2971 2671)
4(2371 2822 2972 2672)
4(2372 2823 2973 2673)
4(2373 2824 2974 2674)
4(2374 2825 2975 2675)
4(2375 2826 2976 2676)
4(2376 2827 2977 2677)
4(2377 2828 2978 2678)
4(2378 2829 2979 2679)
4(2379 2830 2980 2680)
4(2380 2831 2981 2681)
4(2381 2832 2982 2682)
4(2382 2833 2983 2683)
4(2383 2834 2984 2684)
4(2384 2835 2985 2685)
4(2385 2836 2986 2686)
4(2386 2837 2987 2687)
4(2387 2838 2988 2688)
4(2388 2839 2989 2689)
4(2389 2840 2990 2690)
4(2390 2841 2991 2691)
4(2391 2842 2992 2692)
4(2392 2843 2993 2693)
4(2393 2844 2994 2694)
4(2394 2845 2995 2695)
4(2395 2846 2996 2696)
4(2396 2847 2997 2697)
4(2397 2848 2998 2698)
4(2398 2849 2999 2699)
4(2399 2850 3000 2700)
4(2400 2851 3001 2701)
4(2401 2852 3002 2702)
4(2402 2853 3003 2703)
4(2403 2854 3004 2704)
4(2404 2855 3005 2705)
4(2405 2856 3006 2706)
4(2406 2857 3007 2707)
4(2407 2858 3008 2708)
4(2408 2859 3009 2709)
4(2409 2860 3010 2710)
4(2410 2861 3011 2711)
4(2411 2862 3012 2712)
4(2412 2863 3013 2713)
4(2413 2864 3014 2714)
4(2414 2865 3015 2715)
4(2415 2866 3016 2716)
4(2416 2867 3017 2717)
4(2417 2868 3018 2718)
4(2418 2869 3019 2719)
4(2419 2870 3020 2720)
4(2420 2871 3021 2721)
4(2421 2872 3022 2722)
4(2422 2873 3023 2723)
4(2423 2874 3024 2724)
4(2424 2875 3025 2725)
4(2425 2876 3026 2726)
4(2426 2877 3027 2727)
4(2427 2878 3028 2728)
4(2428 2879 3029 2729)
4(2429 2880 3030 2730)
4(2430 2881 3031 2731)
4(2431 2882 3032 2732)
4(2432 2883 3033 2733)
4(2433 2884 3034 2734)
4(2434 2885 3035 2735)
4(2435 2886 3036 2736)
4(2436 2887 3037 2737)
4(2437 2888 3038 2738)
4(2438 2889 3039 2739)
4(2439 2890 3040 2740)
4(2440 2891 3041 2741)
4(2441 2892 3042 2742)
4(2442 2893 3043 2743)
4(2443 2894 3044 2744)
4(2444 2895 3045 2745)
4(2445 2896 3046 2746)
4(2446 2897 3047 2747)
4(2447 2898 3048 2748)
4(2448 2899 3049 2749)
4(2449 2900 3050 2750)
4(2450 2901 3051 2751)
4(2451 2902 3052 2752)
4(2452 2903 3053 2753)
4(2453 2904 3054 2754)
4(2454 2905 3055 2755)
4(2455 2906 3056 2756)
4(2456 2907 3057 2757)
4(2457 2908 3058 2758)
4(2458 2909 3059 2759)
4(2459 2910 3060 2760)
4(2460 2911 3061 2761)
4(2461 2912 3062 2762)
4(2462 2913 3063 2763)
4(2463 2914 3064 2764)
4(2464 2915 3065 2765)
4(2465 2916 3066 2766)
4(2466 2917 3067 2767)
4(2467 2918 3068 2768)
4(2468 2919 3069 2769)
4(2469 2920 3070 2770)
4(2470 2921 3071 2771)
4(2471 2922 3072 2772)
4(2472 2923 3073 2773)
4(2473 2924 3074 2774)
4(2474 2925 3075 2775)
4(2475 2926 3076 2776)
4(2476 2927 3077 2777)
4(2477 2928 3078 2778)
4(2478 2929 3079 2779)
4(2479 2930 3080 2780)
4(2480 2931 3081 2781)
4(2481 2932 3082 2782)
4(2482 2933 3083 2783)
4(2483 2934 3084 2784)
4(2484 2935 3085 2785)
4(2485 2936 3086 2786)
4(2486 2937 3087 2787)
4(2487 2938 3088 2788)
4(2488 2939 3089 2789)
4(2489 2940 3090 2790)
4(2490 2941 3091 2791)
4(2491 2942 3092 2792)
4(2492 2943 3093 2793)
4(2493 2944 3094 2794)
4(2494 2945 3095 2795)
4(2495 2946 3096 2796)
4(2496 2947 3097 2797)
4(2497 2948 3098 2798)
4(2498 2949 3099 2799)
4(2499 2950 3100 2800)
4(2500 2951 3101 2801)
4(2501 2952 3102 2802)
4(2502 2953 3103 2803)
4(2503 2954 3104 2804)
4(2504 2955 3105 2805)
4(2505 2956 3106 2806)
4(301 903 1505 1204)
4(0 602 903 301)
4(2506 2957 3107 2807)
4(2356 2506 2807 2657)
4(0 1 603 602)
4(1 2 604 603)
4(2 3 605 604)
4(3 4 606 605)
4(4 5 607 606)
4(5 6 608 607)
4(6 7 609 608)
4(7 8 610 609)
4(8 9 611 610)
4(9 10 612 611)
4(10 11 613 612)
4(11 12 614 613)
4(12 13 615 614)
4(13 14 616 615)
4(14 15 617 616)
4(15 16 618 617)
4(16 17 619 618)
4(17 18 620 619)
4(18 19 621 620)
4(19 20 622 621)
4(20 21 623 622)
4(21 22 624 623)
4(22 23 625 624)
4(23 24 626 625)
4(24 25 627 626)
4(25 26 628 627)
4(26 27 629 628)
4(27 28 630 629)
4(28 29 631 630)
4(29 30 632 631)
4(30 31 633 632)
4(31 32 634 633)
4(32 33 635 634)
4(33 34 636 635)
4(34 35 637 636)
4(35 36 638 637)
4(36 37 639 638)
4(37 38 640 639)
4(38 39 641 640)
4(39 40 642 641)
4(40 41 643 642)
4(41 42 644 643)
4(42 43 645 644)
4(43 44 646 645)
4(44 45 647 646)
4(45 46 648 647)
4(46 47 649 648)
4(47 48 650 649)
4(48 49 651 650)
4(49 50 652 651)
4(50 51 653 652)
4(51 52 654 653)
4(52 53 655 654)
4(53 54 656 655)
4(54 55 657 656)
4(55 56 658 657)
4(56 57 659 658)
4(57 58 660 659)
4(58 59 661 660)
4(59 60 662 661)
4(60 61 663 662)
4(61 62 664 663)
4(62 63 665 664)
4(63 64 666 665)
4(64 65 667 666)
4(65 66 668 667)
4(66 67 669 668)
4(67 68 670 669)
4(68 69 671 670)
4(69 70 672 671)
4(70 71 673 672)
4(71 72 674 673)
4(72 73 675 674)
4(73 74 676 675)
4(74 75 677 676)
4(75 76 678 677)
4(76 77 679 678)
4(77 78 680 679)
4(78 79 681 680)
4(79 80 682 681)
4(80 81 683 682)
4(81 82 684 683)
4(82 83 685 684)
4(83 84 686 685)
4(84 85 687 686)
4(85 86 688 687)
4(86 87 689 688)
4(87 88 690 689)
4(88 89 691 690)
4(89 90 692 691)
4(90 91 693 692)
4(91 92 694 693)
4(92 93 695 694)
4(93 94 696 695)
4(94 95 697 696)
4(95 96 698 697)
4(96 97 699 698)
4(97 98 700 699)
4(98 99 701 700)
4(99 100 702 701)
4(100 101 703 702)
4(101 102 704 703)
4(102 103 705 704)
4(103 104 706 705)
4(104 105 707 706)
4(105 106 708 707)
4(106 107 709 708)
4(107 108 710 709)
4(108 109 711 710)
4(109 110 712 711)
4(110 111 713 712)
4(111 112 714 713)
4(112 113 715 714)
4(113 114 716 715)
4(114 115 717 716)
4(115 116 718 717)
4(116 117 719 718)
4(117 118 720 719)
4(118 119 721 720)
4(119 120 722 721)
4(120 121 723 722)
4(121 122 724 723)
4(122 123 725 724)
4(123 124 726 725)
4(124 125 727 726)
4(125 126 728 727)
4(126 127 729 728)
4(127 128 730 729)
4(128 129 731 730)
4(129 130 732 731)
4(130 131 733 732)
4(131 132 734 733)
4(132 133 735 734)
4(133 134 736 735)
4(134 135 737 736)
4(135 136 738 737)
4(136 137 739 738)
4(137 138 740 739)
4(138 139 741 740)
4(139 140 742 741)
4(140 141 743 742)
4(141 142 744 743)
4(142 143 745 744)
4(143 144 746 745)
4(144 145 747 746)
4(145 146 748 747)
4(146 147 749 748)
4(147 148 750 749)
4(148 149 751 750)
4(149 150 752 751)
4(150 151 753 752)
4(151 152 754 753)
4(152 153 755 754)
4(153 154 756 755)
4(154 155 757 756)
4(155 156 758 757)
4(156 157 759 758)
4(157 158 760 759)
4(158 159 761 760)
4(159 160 762 761)
4(160 161 763 762)
4(161 162 764 763)
4(162 163 765 764)
4(163 164 766 765)
4(164 165 767 766)
4(165 166 768 767)
4(166 167 769 768)
4(167 168 770 769)
4(168 169 771 770)
4(169 170 772 771)
4(170 171 773 772)
4(171 172 774 773)
4(172 173 775 774)
4(173 174 776 775)
4(174 175 777 776)
4(175 176 778 777)
4(176 177 779 778)
4(177 178 780 779)
4(178 179 781 780)
4(179 180 782 781)
4(180 181 783 782)
4(181 182 784 783)
4(182 183 785 784)
4(183 184 786 785)
4(184 185 787 786)
4(185 186 788 787)
4(186 187 789 788)
4(187 188 790 789)
4(188 189 791 790)
4(189 190 792 791)
4(190 191 793 792)
4(191 192 794 793)
4(192 193 795 794)
4(193 194 796 795)
4(194 195 797 796)
4(195 196 798 797)
4(196 197 799 798)
4(197 198 800 799)
4(198 199 801 800)
4(199 200 802 801)
4(200 201 803 802)
4(201 202 804 803)
4(202 203 805 804)
4(203 204 806 805)
4(204 205 807 806)
4(205 206 808 807)
4(206 207 809 808)
4(207 208 810 809)
4(208 209 811 810)
4(209 210 812 811)
4(210 211 813 812)
4(211 212 814 813)
4(212 213 815 814)
4(213 214 816 815)
4(214 215 817 816)
4(215 216 818 817)
4(216 217 819 818)
4(217 218 820 819)
4(218 219 821 820)
4(219 220 822 821)
4(220 221 823 822)
4(221 222 824 823)
4(222 223 825 824)
4(223 224 826 825)
4(224 225 827 826)
4(225 226 828 827)
4(226 227 829 828)
4(227 228 830 829)
4(228 229 831 830)
4(229 230 832 831)
4(230 231 833 832)
4(231 232 834 833)
4(232 233 835 834)
4(233 234 836 835)
4(234 235 837 836)
4(235 236 838 837)
4(236 237 839 838)
4(237 238 840 839)
4(238 239 841 840)
4(239 240 842 841)
4(240 241 843 842)
4(241 242 844 843)
4(242 243 845 844)
4(243 244 846 845)
4(244 245 847 846)
4(245 246 848 847)
4(246 247 849 848)
4(247 248 850 849)
4(248 249 851 850)
4(249 250 852 851)
4(250 251 853 852)
4(251 252 854 853)
4(252 253 855 854)
4(253 254 856 855)
4(254 255 857 856)
4(255 256 858 857)
4(256 257 859 858)
4(257 258 860 859)
4(258 259 861 860)
4(259 260 862 861)
4(260 261 863 862)
4(261 262 864 863)
4(262 263 865 864)
4(263 264 866 865)
4(264 265 867 866)
4(265 266 868 867)
4(266 267 869 868)
4(267 268 870 869)
4(268 269 871 870)
4(269 270 872 871)
4(270 271 873 872)
4(271 272 874 873)
4(272 273 875 874)
4(273 274 876 875)
4(274 275 877 876)
4(275 276 878 877)
4(276 277 879 878)
4(277 278 880 879)
4(278 279 881 880)
4(279 280 882 881)
4(280 281 883 882)
4(281 282 884 883)
4(282 283 885 884)
4(283 284 886 885)
4(284 285 887 886)
4(285 286 888 887)
4(286 287 889 888)
4(287 288 890 889)
4(288 289 891 890)
4(289 290 892 891)
4(290 291 893 892)
4(291 292 894 893)
4(292 293 895 894)
4(293 294 896 895)
4(294 295 897 896)
4(295 296 898 897)
4(296 297 899 898)
4(297 298 900 899)
4(298 299 901 900)
4(299 300 902 901)
4(2206 2207 2508 2507)
4(2207 2208 2509 2508)
4(2208 2209 2510 2509)
4(2209 2210 2511 2510)
4(2210 2211 2512 2511)
4(2211 2212 2513 2512)
4(2212 2213 2514 2513)
4(2213 2214 2515 2514)
4(2214 2215 2516 2515)
4(2215 2216 2517 2516)
4(2216 2217 2518 2517)
4(2217 2218 2519 2518)
4(2218 2219 2520 2519)
4(2219 2220 2521 2520)
4(2220 2221 2522 2521)
4(2221 2222 2523 2522)
4(2222 2223 2524 2523)
4(2223 2224 2525 2524)
4(2224 2225 2526 2525)
4(2225 2226 2527 2526)
4(2226 2227 2528 2527)
4(2227 2228 2529 2528)
4(2228 2229 2530 2529)
4(2229 2230 2531 2530)
4(2230 2231 2532 2531)
4(2231 2232 2533 2532)
4(2232 2233 2534 2533)
4(2233 2234 2535 2534)
4(2234 2235 2536 2535)
4(2235 2236 2537 2536)
4(2236 2237 2538 2537)
4(2237 2238 2539 2538)
4(2238 2239 2540 2539)
4(2239 2240 2541 2540)
4(2240 2241 2542 2541)
4(2241 2242 2543 2542)
4(2242 2243 2544 2543)
4(2243 2244 2545 2544)
4(2244 2245 2546 2545)
4(2245 2246 2547 2546)
4(2246 2247 2548 2547)
4(2247 2248 2549 2548)
4(2248 2249 2550 2549)
4(2249 2250 2551 2550)
4(2250 2251 2552 2551)
4(2251 2252 2553 2552)
4(2252 2253 2554 2553)
4(2253 2254 2555 2554)
4(2254 2255 2556 2555)
4(2255 2256 2557 2556)
4(2256 2257 2558 2557)
4(2257 2258 2559 2558)
4(2258 2259 2560 2559)
4(2259 2260 2561 2560)
4(2260 2261 2562 2561)
4(2261 2262 2563 2562)
4(2262 2263 2564 2563)
4(2263 2264 2565 2564)
4(2264 2265 2566 2565)
4(2265 2266 2567 2566)
4(2266 2267 2568 2567)
4(2267 2268 2569 2568)
4(2268 2269 2570 2569)
4(2269 2270 2571 2570)
4(2270 2271 2572 2571)
4(2271 2272 2573 2572)
4(2272 2273 2574 2573)
4(2273 2274 2575 2574)
4(2274 2275 2576 2575)
4(2275 2276 2577 2576)
4(2276 2277 2578 2577)
4(2277 2278 2579 2578)
4(2278 2279 2580 2579)
4(2279 2280 2581 2580)
4(2280 2281 2582 2581)
4(2281 2282 2583 2582)
4(2282 2283 2584 2583)
4(2283 2284 2585 2584)
4(2284 2285 2586 2585)
4(2285 2286 2587 2586)
4(2286 2287 2588 2587)
4(2287 2288 2589 2588)
4(2288 2289 2590 2589)
4(2289 2290 2591 2590)
4(2290 2291 2592 2591)
4(2291 2292 2593 2592)
4(2292 2293 2594 2593)
4(2293 2294 2595 2594)
4(2294 2295 2596 2595)
4(2295 2296 2597 2596)
4(2296 2297 2598 2597)
4(2297 2298 2599 2598)
4(2298 2299 2600 2599)
4(2299 2300 2601 2600)
4(2300 2301 2602 2601)
4(2301 2302 2603 2602)
4(2302 2303 2604 2603)
4(2303 2304 2605 2604)
4(2304 2305 2606 2605)
4(2305 2306 2607 2606)
4(2306 2307 2608 2607)
4(2307 2308 2609 2608)
4(2308 2309 2610 2609)
4(2309 2310 2611 2610)
4(2310 2311 2612 2611)
4(2311 2312 2613 2612)
4(2312 2313 2614 2613)
4(2313 2314 2615 2614)
4(2314 2315 2616 2615)
4(2315 2316 2617 2616)
4(2316 2317 2618 2617)
4(2317 2318 2619 2618)
4(2318 2319 2620 2619)
4(2319 2320 2621 2620)
4(2320 2321 2622 2621)
4(2321 2322 2623 2622)
4(2322 2323 2624 2623)
4(2323 2324 2625 2624)
4(2324 2325 2626 2625)
4(2325 2326 2627 2626)
4(2326 2327 2628 2627)
4(2327 2328 2629 2628)
4(2328 2329 2630 2629)
4(2329 2330 2631 2630)
4(2330 2331 2632 2631)
4(2331 2332 2633 2632)
4(2332 2333 2634 2633)
4(2333 2334 2635 2634)
4(2334 2335 2636 2635)
4(2335 2336 2637 2636)
4(2336 2337 2638 2637)
4(2337 2338 2639 2638)
4(2338 2339 2640 2639)
4(2339 2340 2641 2640)
4(2340 2341 2642 2641)
4(2341 2342 2643 2642)
4(2342 2343 2644 2643)
4(2343 2344 2645 2644)
4(2344 2345 2646 2645)
4(2345 2346 2647 2646)
4(2346 2347 2648 2647)
4(2347 2348 2649 2648)
4(2348 2349 2650 2649)
4(2349 2350 2651 2650)
4(2350 2351 2652 2651)
4(2351 2352 2653 2652)
4(2352 2353 2654 2653)
4(2353 2354 2655 2654)
4(2354 2355 2656 2655)
4(2355 2356 2657 2656)
4(1204 1505 1506 1205)
4(1205 1506 1507 1206)
4(1206 1507 1508 1207)
4(1207 1508 1509 1208)
4(1208 1509 1510 1209)
4(1209 1510 1511 1210)
4(1210 1511 1512 1211)
4(1211 1512 1513 1212)
4(1212 1513 1514 1213)
4(1213 1514 1515 1214)
4(1214 1515 1516 1215)
4(1215 1516 1517 1216)
4(1216 1517 1518 1217)
4(1217 1518 1519 1218)
4(1218 1519 1520 1219)
4(1219 1520 1521 1220)
4(1220 1521 1522 1221)
4(1221 1522 1523 1222)
4(1222 1523 1524 1223)
4(1223 1524 1525 1224)
4(1224 1525 1526 1225)
4(1225 1526 1527 1226)
4(1226 1527 1528 1227)
4(1227 1528 1529 1228)
4(1228 1529 1530 1229)
4(1229 1530 1531 1230)
4(1230 1531 1532 1231)
4(1231 1532 1533 1232)
4(1232 1533 1534 1233)
4(1233 1534 1535 1234)
4(1234 1535 1536 1235)
4(1235 1536 1537 1236)
4(1236 1537 1538 1237)
4(1237 1538 1539 1238)
4(1238 1539 1540 1239)
4(1239 1540 1541 1240)
4(1240 1541 1542 1241)
4(1241 1542 1543 1242)
4(1242 1543 1544 1243)
4(1243 1544 1545 1244)
4(1244 1545 1546 1245)
4(1245 1546 1547 1246)
4(1246 1547 1548 1247)
4(1247 1548 1549 1248)
4(1248 1549 1550 1249)
4(1249 1550 1551 1250)
4(1250 1551 1552 1251)
4(1251 1552 1553 1252)
4(1252 1553 1554 1253)
4(1253 1554 1555 1254)
4(1254 1555 1556 1255)
4(1255 1556 1557 1256)
4(1256 1557 1558 1257)
4(1257 1558 1559 1258)
4(1258 1559 1560 1259)
4(1259 1560 1561 1260)
4(1260 1561 1562 1261)
4(1261 1562 1563 1262)
4(1262 1563 1564 1263)
4(1263 1564 1565 1264)
4(1264 1565 1566 1265)
4(1265 1566 1567 1266)
4(1266 1567 1568 1267)
4(1267 1568 1569 1268)
4(1268 1569 1570 1269)
4(1269 1570 1571 1270)
4(1270 1571 1572 1271)
4(1271 1572 1573 1272)
4(1272 1573 1574 1273)
4(1273 1574 1575 1274)
4(1274 1575 1576 1275)
4(1275 1576 1577 1276)
4(1276 1577 1578 1277)
4(1277 1578 1579 1278)
4(1278 1579 1580 1279)
4(1279 1580 1581 1280)
4(1280 1581 1582 1281)
4(1281 1582 1583 1282)
4(1282 1583 1584 1283)
4(1283 1584 1585 1284)
4(1284 1585 1586 1285)
4(1285 1586 1587 1286)
4(1286 1587 1588 1287)
4(1287 1588 1589 1288)
4(1288 1589 1590 1289)
4(1289 1590 1591 1290)
4(1290 1591 1592 1291)
4(1291 1592 1593 1292)
4(1292 1593 1594 1293)
4(1293 1594 1595 1294)
4(1294 1595 1596 1295)
4(1295 1596 1597 1296)
4(1296 1597 1598 1297)
4(1297 1598 1599 1298)
4(1298 1599 1600 1299)
4(1299 1600 1601 1300)
4(1300 1601 1602 1301)
4(1301 1602 1603 1302)
4(1302 1603 1604 1303)
4(1303 1604 1605 1304)
4(1304 1605 1606 1305)
4(1305 1606 1607 1306)
4(1306 1607 1608 1307)
4(1307 1608 1609 1308)
4(1308 1609 1610 1309)
4(1309 1610 1611 1310)
4(1310 1611 1612 1311)
4(1311 1612 1613 1312)
4(1312 1613 1614 1313)
4(1313 1614 1615 1314)
4(1314 1615 1616 1315)
4(1315 1616 1617 1316)
4(1316 1617 1618 1317)
4(1317 1618 1619 1318)
4(1318 1619 1620 1319)
4(1319 1620 1621 1320)
4(1320 1621 1622 1321)
4(1321 1622 1623 1322)
4(1322 1623 1624 1323)
4(1323 1624 1625 1324)
4(1324 1625 1626 1325)
4(1325 1626 1627 1326)
4(1326 1627 1628 1327)
4(1327 1628 1629 1328)
4(1328 1629 1630 1329)
4(1329 1630 1631 1330)
4(1330 1631 1632 1331)
4(1331 1632 1633 1332)
4(1332 1633 1634 1333)
4(1333 1634 1635 1334)
4(1334 1635 1636 1335)
4(1335 1636 1637 1336)
4(1336 1637 1638 1337)
4(1337 1638 1639 1338)
4(1338 1639 1640 1339)
4(1339 1640 1641 1340)
4(1340 1641 1642 1341)
4(1341 1642 1643 1342)
4(1342 1643 1644 1343)
4(1343 1644 1645 1344)
4(1344 1645 1646 1345)
4(1345 1646 1647 1346)
4(1346 1647 1648 1347)
4(1347 1648 1649 1348)
4(1348 1649 1650 1349)
4(1349 1650 1651 1350)
4(1350 1651 1652 1351)
4(1351 1652 1653 1352)
4(1352 1653 1654 1353)
4(1353 1654 1655 1354)
4(1354 1655 1656 1355)
4(1355 1656 1657 1356)
4(1356 1657 1658 1357)
4(1357 1658 1659 1358)
4(1358 1659 1660 1359)
4(1359 1660 1661 1360)
4(1360 1661 1662 1361)
4(1361 1662 1663 1362)
4(1362 1663 1664 1363)
4(1363 1664 1665 1364)
4(1364 1665 1666 1365)
4(1365 1666 1667 1366)
4(1366 1667 1668 1367)
4(1367 1668 1669 1368)
4(1368 1669 1670 1369)
4(1369 1670 1671 1370)
4(1370 1671 1672 1371)
4(1371 1672 1673 1372)
4(1372 1673 1674 1373)
4(1373 1674 1675 1374)
4(1374 1675 1676 1375)
4(1375 1676 1677 1376)
4(1376 1677 1678 1377)
4(1377 1678 1679 1378)
4(1378 1679 1680 1379)
4(1379 1680 1681 1380)
4(1380 1681 1682 1381)
4(1381 1682 1683 1382)
4(1382 1683 1684 1383)
4(1383 1684 1685 1384)
4(1384 1685 1686 1385)
4(1385 1686 1687 1386)
4(1386 1687 1688 1387)
4(1387 1688 1689 1388)
4(1388 1689 1690 1389)
4(1389 1690 1691 1390)
4(1390 1691 1692 1391)
4(1391 1692 1693 1392)
4(1392 1693 1694 1393)
4(1393 1694 1695 1394)
4(1394 1695 1696 1395)
4(1395 1696 1697 1396)
4(1396 1697 1698 1397)
4(1397 1698 1699 1398)
4(1398 1699 1700 1399)
4(1399 1700 1701 1400)
4(1400 1701 1702 1401)
4(1401 1702 1703 1402)
4(1402 1703 1704 1403)
4(1403 1704 1705 1404)
4(1404 1705 1706 1405)
4(1405 1706 1707 1406)
4(1406 1707 1708 1407)
4(1407 1708 1709 1408)
4(1408 1709 1710 1409)
4(1409 1710 1711 1410)
4(1410 1711 1712 1411)
4(1411 1712 1713 1412)
4(1412 1713 1714 1413)
4(1413 1714 1715 1414)
4(1414 1715 1716 1415)
4(1415 1716 1717 1416)
4(1416 1717 1718 1417)
4(1417 1718 1719 1418)
4(1418 1719 1720 1419)
4(1419 1720 1721 1420)
4(1420 1721 1722 1421)
4(1421 1722 1723 1422)
4(1422 1723 1724 1423)
4(1423 1724 1725 1424)
4(1424 1725 1726 1425)
4(1425 1726 1727 1426)
4(1426 1727 1728 1427)
4(1427 1728 1729 1428)
4(1428 1729 1730 1429)
4(1429 1730 1731 1430)
4(1430 1731 1732 1431)
4(1431 1732 1733 1432)
4(1432 1733 1734 1433)
4(1433 1734 1735 1434)
4(1434 1735 1736 1435)
4(1435 1736 1737 1436)
4(1436 1737 1738 1437)
4(1437 1738 1739 1438)
4(1438 1739 1740 1439)
4(1439 1740 1741 1440)
4(1440 1741 1742 1441)
4(1441 1742 1743 1442)
4(1442 1743 1744 1443)
4(1443 1744 1745 1444)
4(1444 1745 1746 1445)
4(1445 1746 1747 1446)
4(1446 1747 1748 1447)
4(1447 1748 1749 1448)
4(1448 1749 1750 1449)
4(1449 1750 1751 1450)
4(1450 1751 1752 1451)
4(1451 1752 1753 1452)
4(1452 1753 1754 1453)
4(1453 1754 1755 1454)
4(1454 1755 1756 1455)
4(1455 1756 1757 1456)
4(1456 1757 1758 1457)
4(1457 1758 1759 1458)
4(1458 1759 1760 1459)
4(1459 1760 1761 1460)
4(1460 1761 1762 1461)
4(1461 1762 1763 1462)
4(1462 1763 1764 1463)
4(1463 1764 1765 1464)
4(1464 1765 1766 1465)
4(1465 1766 1767 1466)
4(1466 1767 1768 1467)
4(1467 1768 1769 1468)
4(1468 1769 1770 1469)
4(1469 1770 1771 1470)
4(1470 1771 1772 1471)
4(1471 1772 1773 1472)
4(1472 1773 1774 1473)
4(1473 1774 1775 1474)
4(1474 1775 1776 1475)
4(1475 1776 1777 1476)
4(1476 1777 1778 1477)
4(1477 1778 1779 1478)
4(1478 1779 1780 1479)
4(1479 1780 1781 1480)
4(1480 1781 1782 1481)
4(1481 1782 1783 1482)
4(1482 1783 1784 1483)
4(1483 1784 1785 1484)
4(1484 1785 1786 1485)
4(1485 1786 1787 1486)
4(1486 1787 1788 1487)
4(1487 1788 1789 1488)
4(1488 1789 1790 1489)
4(1489 1790 1791 1490)
4(1490 1791 1792 1491)
4(1491 1792 1793 1492)
4(1492 1793 1794 1493)
4(1493 1794 1795 1494)
4(1494 1795 1796 1495)
4(1495 1796 1797 1496)
4(1496 1797 1798 1497)
4(1497 1798 1799 1498)
4(1498 1799 1800 1499)
4(1499 1800 1801 1500)
4(1500 1801 1802 1501)
4(1501 1802 1803 1502)
4(1502 1803 1804 1503)
4(1503 1804 1805 1504)
4(1504 1805 2106 1906)
4(1906 2106 2107 1907)
4(1907 2107 2108 1908)
4(1908 2108 2109 1909)
4(1909 2109 2110 1910)
4(1910 2110 2111 1911)
4(1911 2111 2112 1912)
4(1912 2112 2113 1913)
4(1913 2113 2114 1914)
4(1914 2114 2115 1915)
4(1915 2115 2116 1916)
4(1916 2116 2117 1917)
4(1917 2117 2118 1918)
4(1918 2118 2119 1919)
4(1919 2119 2120 1920)
4(1920 2120 2121 1921)
4(1921 2121 2122 1922)
4(1922 2122 2123 1923)
4(1923 2123 2124 1924)
4(1924 2124 2125 1925)
4(1925 2125 2126 1926)
4(1926 2126 2127 1927)
4(1927 2127 2128 1928)
4(1928 2128 2129 1929)
4(1929 2129 2130 1930)
4(1930 2130 2131 1931)
4(1931 2131 2132 1932)
4(1932 2132 2133 1933)
4(1933 2133 2134 1934)
4(1934 2134 2135 1935)
4(1935 2135 2136 1936)
4(1936 2136 2137 1937)
4(1937 2137 2138 1938)
4(1938 2138 2139 1939)
4(1939 2139 2140 1940)
4(1940 2140 2141 1941)
4(1941 2141 2142 1942)
4(1942 2142 2143 1943)
4(1943 2143 2144 1944)
4(1944 2144 2145 1945)
4(1945 2145 2146 1946)
4(1946 2146 2147 1947)
4(1947 2147 2148 1948)
4(1948 2148 2149 1949)
4(1949 2149 2150 1950)
4(1950 2150 2151 1951)
4(1951 2151 2152 1952)
4(1952 2152 2153 1953)
4(1953 2153 2154 1954)
4(1954 2154 2155 1955)
4(1955 2155 2156 1956)
4(1956 2156 2157 1957)
4(1957 2157 2158 1958)
4(1958 2158 2159 1959)
4(1959 2159 2160 1960)
4(1960 2160 2161 1961)
4(1961 2161 2162 1962)
4(1962 2162 2163 1963)
4(1963 2163 2164 1964)
4(1964 2164 2165 1965)
4(1965 2165 2166 1966)
4(1966 2166 2167 1967)
4(1967 2167 2168 1968)
4(1968 2168 2169 1969)
4(1969 2169 2170 1970)
4(1970 2170 2171 1971)
4(1971 2171 2172 1972)
4(1972 2172 2173 1973)
4(1973 2173 2174 1974)
4(1974 2174 2175 1975)
4(1975 2175 2176 1976)
4(1976 2176 2177 1977)
4(1977 2177 2178 1978)
4(1978 2178 2179 1979)
4(1979 2179 2180 1980)
4(1980 2180 2181 1981)
4(1981 2181 2182 1982)
4(1982 2182 2183 1983)
4(1983 2183 2184 1984)
4(1984 2184 2185 1985)
4(1985 2185 2186 1986)
4(1986 2186 2187 1987)
4(1987 2187 2188 1988)
4(1988 2188 2189 1989)
4(1989 2189 2190 1990)
4(1990 2190 2191 1991)
4(1991 2191 2192 1992)
4(1992 2192 2193 1993)
4(1993 2193 2194 1994)
4(1994 2194 2195 1995)
4(1995 2195 2196 1996)
4(1996 2196 2197 1997)
4(1997 2197 2198 1998)
4(1998 2198 2199 1999)
4(1999 2199 2200 2000)
4(2000 2200 2201 2001)
4(2001 2201 2202 2002)
4(2002 2202 2203 2003)
4(2003 2203 2204 2004)
4(2004 2204 2205 2005)
4(2005 2205 2958 2808)
4(2808 2958 2959 2809)
4(2809 2959 2960 2810)
4(2810 2960 2961 2811)
4(2811 2961 2962 2812)
4(2812 2962 2963 2813)
4(2813 2963 2964 2814)
4(2814 2964 2965 2815)
4(2815 2965 2966 2816)
4(2816 2966 2967 2817)
4(2817 2967 2968 2818)
4(2818 2968 2969 2819)
4(2819 2969 2970 2820)
4(2820 2970 2971 2821)
4(2821 2971 2972 2822)
4(2822 2972 2973 2823)
4(2823 2973 2974 2824)
4(2824 2974 2975 2825)
4(2825 2975 2976 2826)
4(2826 2976 2977 2827)
4(2827 2977 2978 2828)
4(2828 2978 2979 2829)
4(2829 2979 2980 2830)
4(2830 2980 2981 2831)
4(2831 2981 2982 2832)
4(2832 2982 2983 2833)
4(2833 2983 2984 2834)
4(2834 2984 2985 2835)
4(2835 2985 2986 2836)
4(2836 2986 2987 2837)
4(2837 2987 2988 2838)
4(2838 2988 2989 2839)
4(2839 2989 2990 2840)
4(2840 2990 2991 2841)
4(2841 2991 2992 2842)
4(2842 2992 2993 2843)
4(2843 2993 2994 2844)
4(2844 2994 2995 2845)
4(2845 2995 2996 2846)
4(2846 2996 2997 2847)
4(2847 2997 2998 2848)
4(2848 2998 2999 2849)
4(2849 2999 3000 2850)
4(2850 3000 3001 2851)
4(2851 3001 3002 2852)
4(2852 3002 3003 2853)
4(2853 3003 3004 2854)
4(2854 3004 3005 2855)
4(2855 3005 3006 2856)
4(2856 3006 3007 2857)
4(2857 3007 3008 2858)
4(2858 3008 3009 2859)
4(2859 3009 3010 2860)
4(2860 3010 3011 2861)
4(2861 3011 3012 2862)
4(2862 3012 3013 2863)
4(2863 3013 3014 2864)
4(2864 3014 3015 2865)
4(2865 3015 3016 2866)
4(2866 3016 3017 2867)
4(2867 3017 3018 2868)
4(2868 3018 3019 2869)
4(2869 3019 3020 2870)
4(2870 3020 3021 2871)
4(2871 3021 3022 2872)
4(2872 3022 3023 2873)
4(2873 3023 3024 2874)
4(2874 3024 3025 2875)
4(2875 3025 3026 2876)
4(2876 3026 3027 2877)
4(2877 3027 3028 2878)
4(2878 3028 3029 2879)
4(2879 3029 3030 2880)
4(2880 3030 3031 2881)
4(2881 3031 3032 2882)
4(2882 3032 3033 2883)
4(2883 3033 3034 2884)
4(2884 3034 3035 2885)
4(2885 3035 3036 2886)
4(2886 3036 3037 2887)
4(2887 3037 3038 2888)
4(2888 3038 3039 2889)
4(2889 3039 3040 2890)
4(2890 3040 3041 2891)
4(2891 3041 3042 2892)
4(2892 3042 3043 2893)
4(2893 3043 3044 2894)
4(2894 3044 3045 2895)
4(2895 3045 3046 2896)
4(2896 3046 3047 2897)
4(2897 3047 3048 2898)
4(2898 3048 3049 2899)
4(2899 3049 3050 2900)
4(2900 3050 3051 2901)
4(2901 3051 3052 2902)
4(2902 3052 3053 2903)
4(2903 3053 3054 2904)
4(2904 3054 3055 2905)
4(2905 3055 3056 2906)
4(2906 3056 3057 2907)
4(2907 3057 3058 2908)
4(2908 3058 3059 2909)
4(2909 3059 3060 2910)
4(2910 3060 3061 2911)
4(2911 3061 3062 2912)
4(2912 3062 3063 2913)
4(2913 3063 3064 2914)
4(2914 3064 3065 2915)
4(2915 3065 3066 2916)
4(2916 3066 3067 2917)
4(2917 3067 3068 2918)
4(2918 3068 3069 2919)
4(2919 3069 3070 2920)
4(2920 3070 3071 2921)
4(2921 3071 3072 2922)
4(2922 3072 3073 2923)
4(2923 3073 3074 2924)
4(2924 3074 3075 2925)
4(2925 3075 3076 2926)
4(2926 3076 3077 2927)
4(2927 3077 3078 2928)
4(2928 3078 3079 2929)
4(2929 3079 3080 2930)
4(2930 3080 3081 2931)
4(2931 3081 3082 2932)
4(2932 3082 3083 2933)
4(2933 3083 3084 2934)
4(2934 3084 3085 2935)
4(2935 3085 3086 2936)
4(2936 3086 3087 2937)
4(2937 3087 3088 2938)
4(2938 3088 3089 2939)
4(2939 3089 3090 2940)
4(2940 3090 3091 2941)
4(2941 3091 3092 2942)
4(2942 3092 3093 2943)
4(2943 3093 3094 2944)
4(2944 3094 3095 2945)
4(2945 3095 3096 2946)
4(2946 3096 3097 2947)
4(2947 3097 3098 2948)
4(2948 3098 3099 2949)
4(2949 3099 3100 2950)
4(2950 3100 3101 2951)
4(2951 3101 3102 2952)
4(2952 3102 3103 2953)
4(2953 3103 3104 2954)
4(2954 3104 3105 2955)
4(2955 3105 3106 2956)
4(2956 3106 3107 2957)
4(300 601 1203 902)
4(2206 2507 2105 1905)
4(601 1806 2006 1203)
4(1806 1807 2007 2006)
4(1807 1808 2008 2007)
4(1808 1809 2009 2008)
4(1809 1810 2010 2009)
4(1810 1811 2011 2010)
4(1811 1812 2012 2011)
4(1812 1813 2013 2012)
4(1813 1814 2014 2013)
4(1814 1815 2015 2014)
4(1815 1816 2016 2015)
4(1816 1817 2017 2016)
4(1817 1818 2018 2017)
4(1818 1819 2019 2018)
4(1819 1820 2020 2019)
4(1820 1821 2021 2020)
4(1821 1822 2022 2021)
4(1822 1823 2023 2022)
4(1823 1824 2024 2023)
4(1824 1825 2025 2024)
4(1825 1826 2026 2025)
4(1826 1827 2027 2026)
4(1827 1828 2028 2027)
4(1828 1829 2029 2028)
4(1829 1830 2030 2029)
4(1830 1831 2031 2030)
4(1831 1832 2032 2031)
4(1832 1833 2033 2032)
4(1833 1834 2034 2033)
4(1834 1835 2035 2034)
4(1835 1836 2036 2035)
4(1836 1837 2037 2036)
4(1837 1838 2038 2037)
4(1838 1839 2039 2038)
4(1839 1840 2040 2039)
4(1840 1841 2041 2040)
4(1841 1842 2042 2041)
4(1842 1843 2043 2042)
4(1843 1844 2044 2043)
4(1844 1845 2045 2044)
4(1845 1846 2046 2045)
4(1846 1847 2047 2046)
4(1847 1848 2048 2047)
4(1848 1849 2049 2048)
4(1849 1850 2050 2049)
4(1850 1851 2051 2050)
4(1851 1852 2052 2051)
4(1852 1853 2053 2052)
4(1853 1854 2054 2053)
4(1854 1855 2055 2054)
4(1855 1856 2056 2055)
4(1856 1857 2057 2056)
4(1857 1858 2058 2057)
4(1858 1859 2059 2058)
4(1859 1860 2060 2059)
4(1860 1861 2061 2060)
4(1861 1862 2062 2061)
4(1862 1863 2063 2062)
4(1863 1864 2064 2063)
4(1864 1865 2065 2064)
4(1865 1866 2066 2065)
4(1866 1867 2067 2066)
4(1867 1868 2068 2067)
4(1868 1869 2069 2068)
4(1869 1870 2070 2069)
4(1870 1871 2071 2070)
4(1871 1872 2072 2071)
4(1872 1873 2073 2072)
4(1873 1874 2074 2073)
4(1874 1875 2075 2074)
4(1875 1876 2076 2075)
4(1876 1877 2077 2076)
4(1877 1878 2078 2077)
4(1878 1879 2079 2078)
4(1879 1880 2080 2079)
4(1880 1881 2081 2080)
4(1881 1882 2082 2081)
4(1882 1883 2083 2082)
4(1883 1884 2084 2083)
4(1884 1885 2085 2084)
4(1885 1886 2086 2085)
4(1886 1887 2087 2086)
4(1887 1888 2088 2087)
4(1888 1889 2089 2088)
4(1889 1890 2090 2089)
4(1890 1891 2091 2090)
4(1891 1892 2092 2091)
4(1892 1893 2093 2092)
4(1893 1894 2094 2093)
4(1894 1895 2095 2094)
4(1895 1896 2096 2095)
4(1896 1897 2097 2096)
4(1897 1898 2098 2097)
4(1898 1899 2099 2098)
4(1899 1900 2100 2099)
4(1900 1901 2101 2100)
4(1901 1902 2102 2101)
4(1902 1903 2103 2102)
4(1903 1904 2104 2103)
4(1904 1905 2105 2104)
4(0 301 302 1)
4(1 302 303 2)
4(2 303 304 3)
4(3 304 305 4)
4(4 305 306 5)
4(5 306 307 6)
4(6 307 308 7)
4(7 308 309 8)
4(8 309 310 9)
4(9 310 311 10)
4(10 311 312 11)
4(11 312 313 12)
4(12 313 314 13)
4(13 314 315 14)
4(14 315 316 15)
4(15 316 317 16)
4(16 317 318 17)
4(17 318 319 18)
4(18 319 320 19)
4(19 320 321 20)
4(20 321 322 21)
4(21 322 323 22)
4(22 323 324 23)
4(23 324 325 24)
4(24 325 326 25)
4(25 326 327 26)
4(26 327 328 27)
4(27 328 329 28)
4(28 329 330 29)
4(29 330 331 30)
4(30 331 332 31)
4(31 332 333 32)
4(32 333 334 33)
4(33 334 335 34)
4(34 335 336 35)
4(35 336 337 36)
4(36 337 338 37)
4(37 338 339 38)
4(38 339 340 39)
4(39 340 341 40)
4(40 341 342 41)
4(41 342 343 42)
4(42 343 344 43)
4(43 344 345 44)
4(44 345 346 45)
4(45 346 347 46)
4(46 347 348 47)
4(47 348 349 48)
4(48 349 350 49)
4(49 350 351 50)
4(50 351 352 51)
4(51 352 353 52)
4(52 353 354 53)
4(53 354 355 54)
4(54 355 356 55)
4(55 356 357 56)
4(56 357 358 57)
4(57 358 359 58)
4(58 359 360 59)
4(59 360 361 60)
4(60 361 362 61)
4(61 362 363 62)
4(62 363 364 63)
4(63 364 365 64)
4(64 365 366 65)
4(65 366 367 66)
4(66 367 368 67)
4(67 368 369 68)
4(68 369 370 69)
4(69 370 371 70)
4(70 371 372 71)
4(71 372 373 72)
4(72 373 374 73)
4(73 374 375 74)
4(74 375 376 75)
4(75 376 377 76)
4(76 377 378 77)
4(77 378 379 78)
4(78 379 380 79)
4(79 380 381 80)
4(80 381 382 81)
4(81 382 383 82)
4(82 383 384 83)
4(83 384 385 84)
4(84 385 386 85)
4(85 386 387 86)
4(86 387 388 87)
4(87 388 389 88)
4(88 389 390 89)
4(89 390 391 90)
4(90 391 392 91)
4(91 392 393 92)
4(92 393 394 93)
4(93 394 395 94)
4(94 395 396 95)
4(95 396 397 96)
4(96 397 398 97)
4(97 398 399 98)
4(98 399 400 99)
4(99 400 401 100)
4(100 401 402 101)
4(101 402 403 102)
4(102 403 404 103)
4(103 404 405 104)
4(104 405 406 105)
4(105 406 407 106)
4(106 407 408 107)
4(107 408 409 108)
4(108 409 410 109)
4(109 410 411 110)
4(110 411 412 111)
4(111 412 413 112)
4(112 413 414 113)
4(113 414 415 114)
4(114 415 416 115)
4(115 416 417 116)
4(116 417 418 117)
4(117 418 419 118)
4(118 419 420 119)
4(119 420 421 120)
4(120 421 422 121)
4(121 422 423 122)
4(122 423 424 123)
4(123 424 425 124)
4(124 425 426 125)
4(125 426 427 126)
4(126 427 428 127)
4(127 428 429 128)
4(128 429 430 129)
4(129 430 431 130)
4(130 431 432 131)
4(131 432 433 132)
4(132 433 434 133)
4(133 434 435 134)
4(134 435 436 135)
4(135 436 437 136)
4(136 437 438 137)
4(137 438 439 138)
4(138 439 440 139)
4(139 440 441 140)
4(140 441 442 141)
4(141 442 443 142)
4(142 443 444 143)
4(143 444 445 144)
4(144 445 446 145)
4(145 446 447 146)
4(146 447 448 147)
4(147 448 449 148)
4(148 449 450 149)
4(149 450 451 150)
4(150 451 452 151)
4(151 452 453 152)
4(152 453 454 153)
4(153 454 455 154)
4(154 455 456 155)
4(155 456 457 156)
4(156 457 458 157)
4(157 458 459 158)
4(158 459 460 159)
4(159 460 461 160)
4(160 461 462 161)
4(161 462 463 162)
4(162 463 464 163)
4(163 464 465 164)
4(164 465 466 165)
4(165 466 467 166)
4(166 467 468 167)
4(167 468 469 168)
4(168 469 470 169)
4(169 470 471 170)
4(170 471 472 171)
4(171 472 473 172)
4(172 473 474 173)
4(173 474 475 174)
4(174 475 476 175)
4(175 476 477 176)
4(176 477 478 177)
4(177 478 479 178)
4(178 479 480 179)
4(179 480 481 180)
4(180 481 482 181)
4(181 482 483 182)
4(182 483 484 183)
4(183 484 485 184)
4(184 485 486 185)
4(185 486 487 186)
4(186 487 488 187)
4(187 488 489 188)
4(188 489 490 189)
4(189 490 491 190)
4(190 491 492 191)
4(191 492 493 192)
4(192 493 494 193)
4(193 494 495 194)
4(194 495 496 195)
4(195 496 497 196)
4(196 497 498 197)
4(197 498 499 198)
4(198 499 500 199)
4(199 500 501 200)
4(200 501 502 201)
4(201 502 503 202)
4(202 503 504 203)
4(203 504 505 204)
4(204 505 506 205)
4(205 506 507 206)
4(206 507 508 207)
4(207 508 509 208)
4(208 509 510 209)
4(209 510 511 210)
4(210 511 512 211)
4(211 512 513 212)
4(212 513 514 213)
4(213 514 515 214)
4(214 515 516 215)
4(215 516 517 216)
4(216 517 518 217)
4(217 518 519 218)
4(218 519 520 219)
4(219 520 521 220)
4(220 521 522 221)
4(221 522 523 222)
4(222 523 524 223)
4(223 524 525 224)
4(224 525 526 225)
4(225 526 527 226)
4(226 527 528 227)
4(227 528 529 228)
4(228 529 530 229)
4(229 530 531 230)
4(230 531 532 231)
4(231 532 533 232)
4(232 533 534 233)
4(233 534 535 234)
4(234 535 536 235)
4(235 536 537 236)
4(236 537 538 237)
4(237 538 539 238)
4(238 539 540 239)
4(239 540 541 240)
4(240 541 542 241)
4(241 542 543 242)
4(242 543 544 243)
4(243 544 545 244)
4(244 545 546 245)
4(245 546 547 246)
4(246 547 548 247)
4(247 548 549 248)
4(248 549 550 249)
4(249 550 551 250)
4(250 551 552 251)
4(251 552 553 252)
4(252 553 554 253)
4(253 554 555 254)
4(254 555 556 255)
4(255 556 557 256)
4(256 557 558 257)
4(257 558 559 258)
4(258 559 560 259)
4(259 560 561 260)
4(260 561 562 261)
4(261 562 563 262)
4(262 563 564 263)
4(263 564 565 264)
4(264 565 566 265)
4(265 566 567 266)
4(266 567 568 267)
4(267 568 569 268)
4(268 569 570 269)
4(269 570 571 270)
4(270 571 572 271)
4(271 572 573 272)
4(272 573 574 273)
4(273 574 575 274)
4(274 575 576 275)
4(275 576 577 276)
4(276 577 578 277)
4(277 578 579 278)
4(278 579 580 279)
4(279 580 581 280)
4(280 581 582 281)
4(281 582 583 282)
4(282 583 584 283)
4(283 584 585 284)
4(284 585 586 285)
4(285 586 587 286)
4(286 587 588 287)
4(287 588 589 288)
4(288 589 590 289)
4(289 590 591 290)
4(290 591 592 291)
4(291 592 593 292)
4(292 593 594 293)
4(293 594 595 294)
4(294 595 596 295)
4(295 596 597 296)
4(296 597 598 297)
4(297 598 599 298)
4(298 599 600 299)
4(299 600 601 300)
4(602 603 904 903)
4(603 604 905 904)
4(604 605 906 905)
4(605 606 907 906)
4(606 607 908 907)
4(607 608 909 908)
4(608 609 910 909)
4(609 610 911 910)
4(610 611 912 911)
4(611 612 913 912)
4(612 613 914 913)
4(613 614 915 914)
4(614 615 916 915)
4(615 616 917 916)
4(616 617 918 917)
4(617 618 919 918)
4(618 619 920 919)
4(619 620 921 920)
4(620 621 922 921)
4(621 622 923 922)
4(622 623 924 923)
4(623 624 925 924)
4(624 625 926 925)
4(625 626 927 926)
4(626 627 928 927)
4(627 628 929 928)
4(628 629 930 929)
4(629 630 931 930)
4(630 631 932 931)
4(631 632 933 932)
4(632 633 934 933)
4(633 634 935 934)
4(634 635 936 935)
4(635 636 937 936)
4(636 637 938 937)
4(637 638 939 938)
4(638 639 940 939)
4(639 640 941 940)
4(640 641 942 941)
4(641 642 943 942)
4(642 643 944 943)
4(643 644 945 944)
4(644 645 946 945)
4(645 646 947 946)
4(646 647 948 947)
4(647 648 949 948)
4(648 649 950 949)
4(649 650 951 950)
4(650 651 952 951)
4(651 652 953 952)
4(652 653 954 953)
4(653 654 955 954)
4(654 655 956 955)
4(655 656 957 956)
4(656 657 958 957)
4(657 658 959 958)
4(658 659 960 959)
4(659 660 961 960)
4(660 661 962 961)
4(661 662 963 962)
4(662 663 964 963)
4(663 664 965 964)
4(664 665 966 965)
4(665 666 967 966)
4(666 667 968 967)
4(667 668 969 968)
4(668 669 970 969)
4(669 670 971 970)
4(670 671 972 971)
4(671 672 973 972)
4(672 673 974 973)
4(673 674 975 974)
4(674 675 976 975)
4(675 676 977 976)
4(676 677 978 977)
4(677 678 979 978)
4(678 679 980 979)
4(679 680 981 980)
4(680 681 982 981)
4(681 682 983 982)
4(682 683 984 983)
4(683 684 985 984)
4(684 685 986 985)
4(685 686 987 986)
4(686 687 988 987)
4(687 688 989 988)
4(688 689 990 989)
4(689 690 991 990)
4(690 691 992 991)
4(691 692 993 992)
4(692 693 994 993)
4(693 694 995 994)
4(694 695 996 995)
4(695 696 997 996)
4(696 697 998 997)
4(697 698 999 998)
4(698 699 1000 999)
4(699 700 1001 1000)
4(700 701 1002 1001)
4(701 702 1003 1002)
4(702 703 1004 1003)
4(703 704 1005 1004)
4(704 705 1006 1005)
4(705 706 1007 1006)
4(706 707 1008 1007)
4(707 708 1009 1008)
4(708 709 1010 1009)
4(709 710 1011 1010)
4(710 711 1012 1011)
4(711 712 1013 1012)
4(712 713 1014 1013)
4(713 714 1015 1014)
4(714 715 1016 1015)
4(715 716 1017 1016)
4(716 717 1018 1017)
4(717 718 1019 1018)
4(718 719 1020 1019)
4(719 720 1021 1020)
4(720 721 1022 1021)
4(721 722 1023 1022)
4(722 723 1024 1023)
4(723 724 1025 1024)
4(724 725 1026 1025)
4(725 726 1027 1026)
4(726 727 1028 1027)
4(727 728 1029 1028)
4(728 729 1030 1029)
4(729 730 1031 1030)
4(730 731 1032 1031)
4(731 732 1033 1032)
4(732 733 1034 1033)
4(733 734 1035 1034)
4(734 735 1036 1035)
4(735 736 1037 1036)
4(736 737 1038 1037)
4(737 738 1039 1038)
4(738 739 1040 1039)
4(739 740 1041 1040)
4(740 741 1042 1041)
4(741 742 1043 1042)
4(742 743 1044 1043)
4(743 744 1045 1044)
4(744 745 1046 1045)
4(745 746 1047 1046)
4(746 747 1048 1047)
4(747 748 1049 1048)
4(748 749 1050 1049)
4(749 750 1051 1050)
4(750 751 1052 1051)
4(751 752 1053 1052)
4(752 753 1054 1053)
4(753 754 1055 1054)
4(754 755 1056 1055)
4(755 756 1057 1056)
4(756 757 1058 1057)
4(757 758 1059 1058)
4(758 759 1060 1059)
4(759 760 1061 1060)
4(760 761 1062 1061)
4(761 762 1063 1062)
4(762 763 1064 1063)
4(763 764 1065 1064)
4(764 765 1066 1065)
4(765 766 1067 1066)
4(766 767 1068 1067)
4(767 768 1069 1068)
4(768 769 1070 1069)
4(769 770 1071 1070)
4(770 771 1072 1071)
4(771 772 1073 1072)
4(772 773 1074 1073)
4(773 774 1075 1074)
4(774 775 1076 1075)
4(775 776 1077 1076)
4(776 777 1078 1077)
4(777 778 1079 1078)
4(778 779 1080 1079)
4(779 780 1081 1080)
4(780 781 1082 1081)
4(781 782 1083 1082)
4(782 783 1084 1083)
4(783 784 1085 1084)
4(784 785 1086 1085)
4(785 786 1087 1086)
4(786 787 1088 1087)
4(787 788 1089 1088)
4(788 789 1090 1089)
4(789 790 1091 1090)
4(790 791 1092 1091)
4(791 792 1093 1092)
4(792 793 1094 1093)
4(793 794 1095 1094)
4(794 795 1096 1095)
4(795 796 1097 1096)
4(796 797 1098 1097)
4(797 798 1099 1098)
4(798 799 1100 1099)
4(799 800 1101 1100)
4(800 801 1102 1101)
4(801 802 1103 1102)
4(802 803 1104 1103)
4(803 804 1105 1104)
4(804 805 1106 1105)
4(805 806 1107 1106)
4(806 807 1108 1107)
4(807 808 1109 1108)
4(808 809 1110 1109)
4(809 810 1111 1110)
4(810 811 1112 1111)
4(811 812 1113 1112)
4(812 813 1114 1113)
4(813 814 1115 1114)
4(814 815 1116 1115)
4(815 816 1117 1116)
4(816 817 1118 1117)
4(817 818 1119 1118)
4(818 819 1120 1119)
4(819 820 1121 1120)
4(820 821 1122 1121)
4(821 822 1123 1122)
4(822 823 1124 1123)
4(823 824 1125 1124)
4(824 825 1126 1125)
4(825 826 1127 1126)
4(826 827 1128 1127)
4(827 828 1129 1128)
4(828 829 1130 1129)
4(829 830 1131 1130)
4(830 831 1132 1131)
4(831 832 1133 1132)
4(832 833 1134 1133)
4(833 834 1135 1134)
4(834 835 1136 1135)
4(835 836 1137 1136)
4(836 837 1138 1137)
4(837 838 1139 1138)
4(838 839 1140 1139)
4(839 840 1141 1140)
4(840 841 1142 1141)
4(841 842 1143 1142)
4(842 843 1144 1143)
4(843 844 1145 1144)
4(844 845 1146 1145)
4(845 846 1147 1146)
4(846 847 1148 1147)
4(847 848 1149 1148)
4(848 849 1150 1149)
4(849 850 1151 1150)
4(850 851 1152 1151)
4(851 852 1153 1152)
4(852 853 1154 1153)
4(853 854 1155 1154)
4(854 855 1156 1155)
4(855 856 1157 1156)
4(856 857 1158 1157)
4(857 858 1159 1158)
4(858 859 1160 1159)
4(859 860 1161 1160)
4(860 861 1162 1161)
4(861 862 1163 1162)
4(862 863 1164 1163)
4(863 864 1165 1164)
4(864 865 1166 1165)
4(865 866 1167 1166)
4(866 867 1168 1167)
4(867 868 1169 1168)
4(868 869 1170 1169)
4(869 870 1171 1170)
4(870 871 1172 1171)
4(871 872 1173 1172)
4(872 873 1174 1173)
4(873 874 1175 1174)
4(874 875 1176 1175)
4(875 876 1177 1176)
4(876 877 1178 1177)
4(877 878 1179 1178)
4(878 879 1180 1179)
4(879 880 1181 1180)
4(880 881 1182 1181)
4(881 882 1183 1182)
4(882 883 1184 1183)
4(883 884 1185 1184)
4(884 885 1186 1185)
4(885 886 1187 1186)
4(886 887 1188 1187)
4(887 888 1189 1188)
4(888 889 1190 1189)
4(889 890 1191 1190)
4(890 891 1192 1191)
4(891 892 1193 1192)
4(892 893 1194 1193)
4(893 894 1195 1194)
4(894 895 1196 1195)
4(895 896 1197 1196)
4(896 897 1198 1197)
4(897 898 1199 1198)
4(898 899 1200 1199)
4(899 900 1201 1200)
4(900 901 1202 1201)
4(901 902 1203 1202)
4(301 1204 1205 302)
4(302 1205 1206 303)
4(303 1206 1207 304)
4(304 1207 1208 305)
4(305 1208 1209 306)
4(306 1209 1210 307)
4(307 1210 1211 308)
4(308 1211 1212 309)
4(309 1212 1213 310)
4(310 1213 1214 311)
4(311 1214 1215 312)
4(312 1215 1216 313)
4(313 1216 1217 314)
4(314 1217 1218 315)
4(315 1218 1219 316)
4(316 1219 1220 317)
4(317 1220 1221 318)
4(318 1221 1222 319)
4(319 1222 1223 320)
4(320 1223 1224 321)
4(321 1224 1225 322)
4(322 1225 1226 323)
4(323 1226 1227 324)
4(324 1227 1228 325)
4(325 1228 1229 326)
4(326 1229 1230 327)
4(327 1230 1231 328)
4(328 1231 1232 329)
4(329 1232 1233 330)
4(330 1233 1234 331)
4(331 1234 1235 332)
4(332 1235 1236 333)
4(333 1236 1237 334)
4(334 1237 1238 335)
4(335 1238 1239 336)
4(336 1239 1240 337)
4(337 1240 1241 338)
4(338 1241 1242 339)
4(339 1242 1243 340)
4(340 1243 1244 341)
4(341 1244 1245 342)
4(342 1245 1246 343)
4(343 1246 1247 344)
4(344 1247 1248 345)
4(345 1248 1249 346)
4(346 1249 1250 347)
4(347 1250 1251 348)
4(348 1251 1252 349)
4(349 1252 1253 350)
4(350 1253 1254 351)
4(351 1254 1255 352)
4(352 1255 1256 353)
4(353 1256 1257 354)
4(354 1257 1258 355)
4(355 1258 1259 356)
4(356 1259 1260 357)
4(357 1260 1261 358)
4(358 1261 1262 359)
4(359 1262 1263 360)
4(360 1263 1264 361)
4(361 1264 1265 362)
4(362 1265 1266 363)
4(363 1266 1267 364)
4(364 1267 1268 365)
4(365 1268 1269 366)
4(366 1269 1270 367)
4(367 1270 1271 368)
4(368 1271 1272 369)
4(369 1272 1273 370)
4(370 1273 1274 371)
4(371 1274 1275 372)
4(372 1275 1276 373)
4(373 1276 1277 374)
4(374 1277 1278 375)
4(375 1278 1279 376)
4(376 1279 1280 377)
4(377 1280 1281 378)
4(378 1281 1282 379)
4(379 1282 1283 380)
4(380 1283 1284 381)
4(381 1284 1285 382)
4(382 1285 1286 383)
4(383 1286 1287 384)
4(384 1287 1288 385)
4(385 1288 1289 386)
4(386 1289 1290 387)
4(387 1290 1291 388)
4(388 1291 1292 389)
4(389 1292 1293 390)
4(390 1293 1294 391)
4(391 1294 1295 392)
4(392 1295 1296 393)
4(393 1296 1297 394)
4(394 1297 1298 395)
4(395 1298 1299 396)
4(396 1299 1300 397)
4(397 1300 1301 398)
4(398 1301 1302 399)
4(399 1302 1303 400)
4(400 1303 1304 401)
4(401 1304 1305 402)
4(402 1305 1306 403)
4(403 1306 1307 404)
4(404 1307 1308 405)
4(405 1308 1309 406)
4(406 1309 1310 407)
4(407 1310 1311 408)
4(408 1311 1312 409)
4(409 1312 1313 410)
4(410 1313 1314 411)
4(411 1314 1315 412)
4(412 1315 1316 413)
4(413 1316 1317 414)
4(414 1317 1318 415)
4(415 1318 1319 416)
4(416 1319 1320 417)
4(417 1320 1321 418)
4(418 1321 1322 419)
4(419 1322 1323 420)
4(420 1323 1324 421)
4(421 1324 1325 422)
4(422 1325 1326 423)
4(423 1326 1327 424)
4(424 1327 1328 425)
4(425 1328 1329 426)
4(426 1329 1330 427)
4(427 1330 1331 428)
4(428 1331 1332 429)
4(429 1332 1333 430)
4(430 1333 1334 431)
4(431 1334 1335 432)
4(432 1335 1336 433)
4(433 1336 1337 434)
4(434 1337 1338 435)
4(435 1338 1339 436)
4(436 1339 1340 437)
4(437 1340 1341 438)
4(438 1341 1342 439)
4(439 1342 1343 440)
4(440 1343 1344 441)
4(441 1344 1345 442)
4(442 1345 1346 443)
4(443 1346 1347 444)
4(444 1347 1348 445)
4(445 1348 1349 446)
4(446 1349 1350 447)
4(447 1350 1351 448)
4(448 1351 1352 449)
4(449 1352 1353 450)
4(450 1353 1354 451)
4(451 1354 1355 452)
4(452 1355 1356 453)
4(453 1356 1357 454)
4(454 1357 1358 455)
4(455 1358 1359 456)
4(456 1359 1360 457)
4(457 1360 1361 458)
4(458 1361 1362 459)
4(459 1362 1363 460)
4(460 1363 1364 461)
4(461 1364 1365 462)
4(462 1365 1366 463)
4(463 1366 1367 464)
4(464 1367 1368 465)
4(465 1368 1369 466)
4(466 1369 1370 467)
4(467 1370 1371 468)
4(468 1371 1372 469)
4(469 1372 1373 470)
4(470 1373 1374 471)
4(471 1374 1375 472)
4(472 1375 1376 473)
4(473 1376 1377 474)
4(474 1377 1378 475)
4(475 1378 1379 476)
4(476 1379 1380 477)
4(477 1380 1381 478)
4(478 1381 1382 479)
4(479 1382 1383 480)
4(480 1383 1384 481)
4(481 1384 1385 482)
4(482 1385 1386 483)
4(483 1386 1387 484)
4(484 1387 1388 485)
4(485 1388 1389 486)
4(486 1389 1390 487)
4(487 1390 1391 488)
4(488 1391 1392 489)
4(489 1392 1393 490)
4(490 1393 1394 491)
4(491 1394 1395 492)
4(492 1395 1396 493)
4(493 1396 1397 494)
4(494 1397 1398 495)
4(495 1398 1399 496)
4(496 1399 1400 497)
4(497 1400 1401 498)
4(498 1401 1402 499)
4(499 1402 1403 500)
4(500 1403 1404 501)
4(501 1404 1405 502)
4(502 1405 1406 503)
4(503 1406 1407 504)
4(504 1407 1408 505)
4(505 1408 1409 506)
4(506 1409 1410 507)
4(507 1410 1411 508)
4(508 1411 1412 509)
4(509 1412 1413 510)
4(510 1413 1414 511)
4(511 1414 1415 512)
4(512 1415 1416 513)
4(513 1416 1417 514)
4(514 1417 1418 515)
4(515 1418 1419 516)
4(516 1419 1420 517)
4(517 1420 1421 518)
4(518 1421 1422 519)
4(519 1422 1423 520)
4(520 1423 1424 521)
4(521 1424 1425 522)
4(522 1425 1426 523)
4(523 1426 1427 524)
4(524 1427 1428 525)
4(525 1428 1429 526)
4(526 1429 1430 527)
4(527 1430 1431 528)
4(528 1431 1432 529)
4(529 1432 1433 530)
4(530 1433 1434 531)
4(531 1434 1435 532)
4(532 1435 1436 533)
4(533 1436 1437 534)
4(534 1437 1438 535)
4(535 1438 1439 536)
4(536 1439 1440 537)
4(537 1440 1441 538)
4(538 1441 1442 539)
4(539 1442 1443 540)
4(540 1443 1444 541)
4(541 1444 1445 542)
4(542 1445 1446 543)
4(543 1446 1447 544)
4(544 1447 1448 545)
4(545 1448 1449 546)
4(546 1449 1450 547)
4(547 1450 1451 548)
4(548 1451 1452 549)
4(549 1452 1453 550)
4(550 1453 1454 551)
4(551 1454 1455 552)
4(552 1455 1456 553)
4(553 1456 1457 554)
4(554 1457 1458 555)
4(555 1458 1459 556)
4(556 1459 1460 557)
4(557 1460 1461 558)
4(558 1461 1462 559)
4(559 1462 1463 560)
4(560 1463 1464 561)
4(561 1464 1465 562)
4(562 1465 1466 563)
4(563 1466 1467 564)
4(564 1467 1468 565)
4(565 1468 1469 566)
4(566 1469 1470 567)
4(567 1470 1471 568)
4(568 1471 1472 569)
4(569 1472 1473 570)
4(570 1473 1474 571)
4(571 1474 1475 572)
4(572 1475 1476 573)
4(573 1476 1477 574)
4(574 1477 1478 575)
4(575 1478 1479 576)
4(576 1479 1480 577)
4(577 1480 1481 578)
4(578 1481 1482 579)
4(579 1482 1483 580)
4(580 1483 1484 581)
4(581 1484 1485 582)
4(582 1485 1486 583)
4(583 1486 1487 584)
4(584 1487 1488 585)
4(585 1488 1489 586)
4(586 1489 1490 587)
4(587 1490 1491 588)
4(588 1491 1492 589)
4(589 1492 1493 590)
4(590 1493 1494 591)
4(591 1494 1495 592)
4(592 1495 1496 593)
4(593 1496 1497 594)
4(594 1497 1498 595)
4(595 1498 1499 596)
4(596 1499 1500 597)
4(597 1500 1501 598)
4(598 1501 1502 599)
4(599 1502 1503 600)
4(600 1503 1504 601)
4(903 904 1506 1505)
4(904 905 1507 1506)
4(905 906 1508 1507)
4(906 907 1509 1508)
4(907 908 1510 1509)
4(908 909 1511 1510)
4(909 910 1512 1511)
4(910 911 1513 1512)
4(911 912 1514 1513)
4(912 913 1515 1514)
4(913 914 1516 1515)
4(914 915 1517 1516)
4(915 916 1518 1517)
4(916 917 1519 1518)
4(917 918 1520 1519)
4(918 919 1521 1520)
4(919 920 1522 1521)
4(920 921 1523 1522)
4(921 922 1524 1523)
4(922 923 1525 1524)
4(923 924 1526 1525)
4(924 925 1527 1526)
4(925 926 1528 1527)
4(926 927 1529 1528)
4(927 928 1530 1529)
4(928 929 1531 1530)
4(929 930 1532 1531)
4(930 931 1533 1532)
4(931 932 1534 1533)
4(932 933 1535 1534)
4(933 934 1536 1535)
4(934 935 1537 1536)
4(935 936 1538 1537)
4(936 937 1539 1538)
4(937 938 1540 1539)
4(938 939 1541 1540)
4(939 940 1542 1541)
4(940 941 1543 1542)
4(941 942 1544 1543)
4(942 943 1545 1544)
4(943 944 1546 1545)
4(944 945 1547 1546)
4(945 946 1548 1547)
4(946 947 1549 1548)
4(947 948 1550 1549)
4(948 949 1551 1550)
4(949 950 1552 1551)
4(950 951 1553 1552)
4(951 952 1554 1553)
4(952 953 1555 1554)
4(953 954 1556 1555)
4(954 955 1557 1556)
4(955 956 1558 1557)
4(956 957 1559 1558)
4(957 958 1560 1559)
4(958 959 1561 1560)
4(959 960 1562 1561)
4(960 961 1563 1562)
4(961 962 1564 1563)
4(962 963 1565 1564)
4(963 964 1566 1565)
4(964 965 1567 1566)
4(965 966 1568 1567)
4(966 967 1569 1568)
4(967 968 1570 1569)
4(968 969 1571 1570)
4(969 970 1572 1571)
4(970 971 1573 1572)
4(971 972 1574 1573)
4(972 973 1575 1574)
4(973 974 1576 1575)
4(974 975 1577 1576)
4(975 976 1578 1577)
4(976 977 1579 1578)
4(977 978 1580 1579)
4(978 979 1581 1580)
4(979 980 1582 1581)
4(980 981 1583 1582)
4(981 982 1584 1583)
4(982 983 1585 1584)
4(983 984 1586 1585)
4(984 985 1587 1586)
4(985 986 1588 1587)
4(986 987 1589 1588)
4(987 988 1590 1589)
4(988 989 1591 1590)
4(989 990 1592 1591)
4(990 991 1593 1592)
4(991 992 1594 1593)
4(992 993 1595 1594)
4(993 994 1596 1595)
4(994 995 1597 1596)
4(995 996 1598 1597)
4(996 997 1599 1598)
4(997 998 1600 1599)
4(998 999 1601 1600)
4(999 1000 1602 1601)
4(1000 1001 1603 1602)
4(1001 1002 1604 1603)
4(1002 1003 1605 1604)
4(1003 1004 1606 1605)
4(1004 1005 1607 1606)
4(1005 1006 1608 1607)
4(1006 1007 1609 1608)
4(1007 1008 1610 1609)
4(1008 1009 1611 1610)
4(1009 1010 1612 1611)
4(1010 1011 1613 1612)
4(1011 1012 1614 1613)
4(1012 1013 1615 1614)
4(1013 1014 1616 1615)
4(1014 1015 1617 1616)
4(1015 1016 1618 1617)
4(1016 1017 1619 1618)
4(1017 1018 1620 1619)
4(1018 1019 1621 1620)
4(1019 1020 1622 1621)
4(1020 1021 1623 1622)
4(1021 1022 1624 1623)
4(1022 1023 1625 1624)
4(1023 1024 1626 1625)
4(1024 1025 1627 1626)
4(1025 1026 1628 1627)
4(1026 1027 1629 1628)
4(1027 1028 1630 1629)
4(1028 1029 1631 1630)
4(1029 1030 1632 1631)
4(1030 1031 1633 1632)
4(1031 1032 1634 1633)
4(1032 1033 1635 1634)
4(1033 1034 1636 1635)
4(1034 1035 1637 1636)
4(1035 1036 1638 1637)
4(1036 1037 1639 1638)
4(1037 1038 1640 1639)
4(1038 1039 1641 1640)
4(1039 1040 1642 1641)
4(1040 1041 1643 1642)
4(1041 1042 1644 1643)
4(1042 1043 1645 1644)
4(1043 1044 1646 1645)
4(1044 1045 1647 1646)
4(1045 1046 1648 1647)
4(1046 1047 1649 1648)
4(1047 1048 1650 1649)
4(1048 1049 1651 1650)
4(1049 1050 1652 1651)
4(1050 1051 1653 1652)
4(1051 1052 1654 1653)
4(1052 1053 1655 1654)
4(1053 1054 1656 1655)
4(1054 1055 1657 1656)
4(1055 1056 1658 1657)
4(1056 1057 1659 1658)
4(1057 1058 1660 1659)
4(1058 1059 1661 1660)
4(1059 1060 1662 1661)
4(1060 1061 1663 1662)
4(1061 1062 1664 1663)
4(1062 1063 1665 1664)
4(1063 1064 1666 1665)
4(1064 1065 1667 1666)
4(1065 1066 1668 1667)
4(1066 1067 1669 1668)
4(1067 1068 1670 1669)
4(1068 1069 1671 1670)
4(1069 1070 1672 1671)
4(1070 1071 1673 1672)
4(1071 1072 1674 1673)
4(1072 1073 1675 1674)
4(1073 1074 1676 1675)
4(1074 1075 1677 1676)
4(1075 1076 1678 1677)
4(1076 1077 1679 1678)
4(1077 1078 1680 1679)
4(1078 1079 1681 1680)
4(1079 1080 1682 1681)
4(1080 1081 1683 1682)
4(1081 1082 1684 1683)
4(1082 1083 1685 1684)
4(1083 1084 1686 1685)
4(1084 1085 1687 1686)
4(1085 1086 1688 1687)
4(1086 1087 1689 1688)
4(1087 1088 1690 1689)
4(1088 1089 1691 1690)
4(1089 1090 1692 1691)
4(1090 1091 1693 1692)
4(1091 1092 1694 1693)
4(1092 1093 1695 1694)
4(1093 1094 1696 1695)
4(1094 1095 1697 1696)
4(1095 1096 1698 1697)
4(1096 1097 1699 1698)
4(1097 1098 1700 1699)
4(1098 1099 1701 1700)
4(1099 1100 1702 1701)
4(1100 1101 1703 1702)
4(1101 1102 1704 1703)
4(1102 1103 1705 1704)
4(1103 1104 1706 1705)
4(1104 1105 1707 1706)
4(1105 1106 1708 1707)
4(1106 1107 1709 1708)
4(1107 1108 1710 1709)
4(1108 1109 1711 1710)
4(1109 1110 1712 1711)
4(1110 1111 1713 1712)
4(1111 1112 1714 1713)
4(1112 1113 1715 1714)
4(1113 1114 1716 1715)
4(1114 1115 1717 1716)
4(1115 1116 1718 1717)
4(1116 1117 1719 1718)
4(1117 1118 1720 1719)
4(1118 1119 1721 1720)
4(1119 1120 1722 1721)
4(1120 1121 1723 1722)
4(1121 1122 1724 1723)
4(1122 1123 1725 1724)
4(1123 1124 1726 1725)
4(1124 1125 1727 1726)
4(1125 1126 1728 1727)
4(1126 1127 1729 1728)
4(1127 1128 1730 1729)
4(1128 1129 1731 1730)
4(1129 1130 1732 1731)
4(1130 1131 1733 1732)
4(1131 1132 1734 1733)
4(1132 1133 1735 1734)
4(1133 1134 1736 1735)
4(1134 1135 1737 1736)
4(1135 1136 1738 1737)
4(1136 1137 1739 1738)
4(1137 1138 1740 1739)
4(1138 1139 1741 1740)
4(1139 1140 1742 1741)
4(1140 1141 1743 1742)
4(1141 1142 1744 1743)
4(1142 1143 1745 1744)
4(1143 1144 1746 1745)
4(1144 1145 1747 1746)
4(1145 1146 1748 1747)
4(1146 1147 1749 1748)
4(1147 1148 1750 1749)
4(1148 1149 1751 1750)
4(1149 1150 1752 1751)
4(1150 1151 1753 1752)
4(1151 1152 1754 1753)
4(1152 1153 1755 1754)
4(1153 1154 1756 1755)
4(1154 1155 1757 1756)
4(1155 1156 1758 1757)
4(1156 1157 1759 1758)
4(1157 1158 1760 1759)
4(1158 1159 1761 1760)
4(1159 1160 1762 1761)
4(1160 1161 1763 1762)
4(1161 1162 1764 1763)
4(1162 1163 1765 1764)
4(1163 1164 1766 1765)
4(1164 1165 1767 1766)
4(1165 1166 1768 1767)
4(1166 1167 1769 1768)
4(1167 1168 1770 1769)
4(1168 1169 1771 1770)
4(1169 1170 1772 1771)
4(1170 1171 1773 1772)
4(1171 1172 1774 1773)
4(1172 1173 1775 1774)
4(1173 1174 1776 1775)
4(1174 1175 1777 1776)
4(1175 1176 1778 1777)
4(1176 1177 1779 1778)
4(1177 1178 1780 1779)
4(1178 1179 1781 1780)
4(1179 1180 1782 1781)
4(1180 1181 1783 1782)
4(1181 1182 1784 1783)
4(1182 1183 1785 1784)
4(1183 1184 1786 1785)
4(1184 1185 1787 1786)
4(1185 1186 1788 1787)
4(1186 1187 1789 1788)
4(1187 1188 1790 1789)
4(1188 1189 1791 1790)
4(1189 1190 1792 1791)
4(1190 1191 1793 1792)
4(1191 1192 1794 1793)
4(1192 1193 1795 1794)
4(1193 1194 1796 1795)
4(1194 1195 1797 1796)
4(1195 1196 1798 1797)
4(1196 1197 1799 1798)
4(1197 1198 1800 1799)
4(1198 1199 1801 1800)
4(1199 1200 1802 1801)
4(1200 1201 1803 1802)
4(1201 1202 1804 1803)
4(1202 1203 1805 1804)
4(601 1504 1906 1806)
4(1806 1906 1907 1807)
4(1807 1907 1908 1808)
4(1808 1908 1909 1809)
4(1809 1909 1910 1810)
4(1810 1910 1911 1811)
4(1811 1911 1912 1812)
4(1812 1912 1913 1813)
4(1813 1913 1914 1814)
4(1814 1914 1915 1815)
4(1815 1915 1916 1816)
4(1816 1916 1917 1817)
4(1817 1917 1918 1818)
4(1818 1918 1919 1819)
4(1819 1919 1920 1820)
4(1820 1920 1921 1821)
4(1821 1921 1922 1822)
4(1822 1922 1923 1823)
4(1823 1923 1924 1824)
4(1824 1924 1925 1825)
4(1825 1925 1926 1826)
4(1826 1926 1927 1827)
4(1827 1927 1928 1828)
4(1828 1928 1929 1829)
4(1829 1929 1930 1830)
4(1830 1930 1931 1831)
4(1831 1931 1932 1832)
4(1832 1932 1933 1833)
4(1833 1933 1934 1834)
4(1834 1934 1935 1835)
4(1835 1935 1936 1836)
4(1836 1936 1937 1837)
4(1837 1937 1938 1838)
4(1838 1938 1939 1839)
4(1839 1939 1940 1840)
4(1840 1940 1941 1841)
4(1841 1941 1942 1842)
4(1842 1942 1943 1843)
4(1843 1943 1944 1844)
4(1844 1944 1945 1845)
4(1845 1945 1946 1846)
4(1846 1946 1947 1847)
4(1847 1947 1948 1848)
4(1848 1948 1949 1849)
4(1849 1949 1950 1850)
4(1850 1950 1951 1851)
4(1851 1951 1952 1852)
4(1852 1952 1953 1853)
4(1853 1953 1954 1854)
4(1854 1954 1955 1855)
4(1855 1955 1956 1856)
4(1856 1956 1957 1857)
4(1857 1957 1958 1858)
4(1858 1958 1959 1859)
4(1859 1959 1960 1860)
4(1860 1960 1961 1861)
4(1861 1961 1962 1862)
4(1862 1962 1963 1863)
4(1863 1963 1964 1864)
4(1864 1964 1965 1865)
4(1865 1965 1966 1866)
4(1866 1966 1967 1867)
4(1867 1967 1968 1868)
4(1868 1968 1969 1869)
4(1869 1969 1970 1870)
4(1870 1970 1971 1871)
4(1871 1971 1972 1872)
4(1872 1972 1973 1873)
4(1873 1973 1974 1874)
4(1874 1974 1975 1875)
4(1875 1975 1976 1876)
4(1876 1976 1977 1877)
4(1877 1977 1978 1878)
4(1878 1978 1979 1879)
4(1879 1979 1980 1880)
4(1880 1980 1981 1881)
4(1881 1981 1982 1882)
4(1882 1982 1983 1883)
4(1883 1983 1984 1884)
4(1884 1984 1985 1885)
4(1885 1985 1986 1886)
4(1886 1986 1987 1887)
4(1887 1987 1988 1888)
4(1888 1988 1989 1889)
4(1889 1989 1990 1890)
4(1890 1990 1991 1891)
4(1891 1991 1992 1892)
4(1892 1992 1993 1893)
4(1893 1993 1994 1894)
4(1894 1994 1995 1895)
4(1895 1995 1996 1896)
4(1896 1996 1997 1897)
4(1897 1997 1998 1898)
4(1898 1998 1999 1899)
4(1899 1999 2000 1900)
4(1900 2000 2001 1901)
4(1901 2001 2002 1902)
4(1902 2002 2003 1903)
4(1903 2003 2004 1904)
4(1904 2004 2005 1905)
4(1203 2006 2106 1805)
4(2006 2007 2107 2106)
4(2007 2008 2108 2107)
4(2008 2009 2109 2108)
4(2009 2010 2110 2109)
4(2010 2011 2111 2110)
4(2011 2012 2112 2111)
4(2012 2013 2113 2112)
4(2013 2014 2114 2113)
4(2014 2015 2115 2114)
4(2015 2016 2116 2115)
4(2016 2017 2117 2116)
4(2017 2018 2118 2117)
4(2018 2019 2119 2118)
4(2019 2020 2120 2119)
4(2020 2021 2121 2120)
4(2021 2022 2122 2121)
4(2022 2023 2123 2122)
4(2023 2024 2124 2123)
4(2024 2025 2125 2124)
4(2025 2026 2126 2125)
4(2026 2027 2127 2126)
4(2027 2028 2128 2127)
4(2028 2029 2129 2128)
4(2029 2030 2130 2129)
4(2030 2031 2131 2130)
4(2031 2032 2132 2131)
4(2032 2033 2133 2132)
4(2033 2034 2134 2133)
4(2034 2035 2135 2134)
4(2035 2036 2136 2135)
4(2036 2037 2137 2136)
4(2037 2038 2138 2137)
4(2038 2039 2139 2138)
4(2039 2040 2140 2139)
4(2040 2041 2141 2140)
4(2041 2042 2142 2141)
4(2042 2043 2143 2142)
4(2043 2044 2144 2143)
4(2044 2045 2145 2144)
4(2045 2046 2146 2145)
4(2046 2047 2147 2146)
4(2047 2048 2148 2147)
4(2048 2049 2149 2148)
4(2049 2050 2150 2149)
4(2050 2051 2151 2150)
4(2051 2052 2152 2151)
4(2052 2053 2153 2152)
4(2053 2054 2154 2153)
4(2054 2055 2155 2154)
4(2055 2056 2156 2155)
4(2056 2057 2157 2156)
4(2057 2058 2158 2157)
4(2058 2059 2159 2158)
4(2059 2060 2160 2159)
4(2060 2061 2161 2160)
4(2061 2062 2162 2161)
4(2062 2063 2163 2162)
4(2063 2064 2164 2163)
4(2064 2065 2165 2164)
4(2065 2066 2166 2165)
4(2066 2067 2167 2166)
4(2067 2068 2168 2167)
4(2068 2069 2169 2168)
4(2069 2070 2170 2169)
4(2070 2071 2171 2170)
4(2071 2072 2172 2171)
4(2072 2073 2173 2172)
4(2073 2074 2174 2173)
4(2074 2075 2175 2174)
4(2075 2076 2176 2175)
4(2076 2077 2177 2176)
4(2077 2078 2178 2177)
4(2078 2079 2179 2178)
4(2079 2080 2180 2179)
4(2080 2081 2181 2180)
4(2081 2082 2182 2181)
4(2082 2083 2183 2182)
4(2083 2084 2184 2183)
4(2084 2085 2185 2184)
4(2085 2086 2186 2185)
4(2086 2087 2187 2186)
4(2087 2088 2188 2187)
4(2088 2089 2189 2188)
4(2089 2090 2190 2189)
4(2090 2091 2191 2190)
4(2091 2092 2192 2191)
4(2092 2093 2193 2192)
4(2093 2094 2194 2193)
4(2094 2095 2195 2194)
4(2095 2096 2196 2195)
4(2096 2097 2197 2196)
4(2097 2098 2198 2197)
4(2098 2099 2199 2198)
4(2099 2100 2200 2199)
4(2100 2101 2201 2200)
4(2101 2102 2202 2201)
4(2102 2103 2203 2202)
4(2103 2104 2204 2203)
4(2104 2105 2205 2204)
4(2206 1905 2357 2207)
4(2207 2357 2358 2208)
4(2208 2358 2359 2209)
4(2209 2359 2360 2210)
4(2210 2360 2361 2211)
4(2211 2361 2362 2212)
4(2212 2362 2363 2213)
4(2213 2363 2364 2214)
4(2214 2364 2365 2215)
4(2215 2365 2366 2216)
4(2216 2366 2367 2217)
4(2217 2367 2368 2218)
4(2218 2368 2369 2219)
4(2219 2369 2370 2220)
4(2220 2370 2371 2221)
4(2221 2371 2372 2222)
4(2222 2372 2373 2223)
4(2223 2373 2374 2224)
4(2224 2374 2375 2225)
4(2225 2375 2376 2226)
4(2226 2376 2377 2227)
4(2227 2377 2378 2228)
4(2228 2378 2379 2229)
4(2229 2379 2380 2230)
4(2230 2380 2381 2231)
4(2231 2381 2382 2232)
4(2232 2382 2383 2233)
4(2233 2383 2384 2234)
4(2234 2384 2385 2235)
4(2235 2385 2386 2236)
4(2236 2386 2387 2237)
4(2237 2387 2388 2238)
4(2238 2388 2389 2239)
4(2239 2389 2390 2240)
4(2240 2390 2391 2241)
4(2241 2391 2392 2242)
4(2242 2392 2393 2243)
4(2243 2393 2394 2244)
4(2244 2394 2395 2245)
4(2245 2395 2396 2246)
4(2246 2396 2397 2247)
4(2247 2397 2398 2248)
4(2248 2398 2399 2249)
4(2249 2399 2400 2250)
4(2250 2400 2401 2251)
4(2251 2401 2402 2252)
4(2252 2402 2403 2253)
4(2253 2403 2404 2254)
4(2254 2404 2405 2255)
4(2255 2405 2406 2256)
4(2256 2406 2407 2257)
4(2257 2407 2408 2258)
4(2258 2408 2409 2259)
4(2259 2409 2410 2260)
4(2260 2410 2411 2261)
4(2261 2411 2412 2262)
4(2262 2412 2413 2263)
4(2263 2413 2414 2264)
4(2264 2414 2415 2265)
4(2265 2415 2416 2266)
4(2266 2416 2417 2267)
4(2267 2417 2418 2268)
4(2268 2418 2419 2269)
4(2269 2419 2420 2270)
4(2270 2420 2421 2271)
4(2271 2421 2422 2272)
4(2272 2422 2423 2273)
4(2273 2423 2424 2274)
4(2274 2424 2425 2275)
4(2275 2425 2426 2276)
4(2276 2426 2427 2277)
4(2277 2427 2428 2278)
4(2278 2428 2429 2279)
4(2279 2429 2430 2280)
4(2280 2430 2431 2281)
4(2281 2431 2432 2282)
4(2282 2432 2433 2283)
4(2283 2433 2434 2284)
4(2284 2434 2435 2285)
4(2285 2435 2436 2286)
4(2286 2436 2437 2287)
4(2287 2437 2438 2288)
4(2288 2438 2439 2289)
4(2289 2439 2440 2290)
4(2290 2440 2441 2291)
4(2291 2441 2442 2292)
4(2292 2442 2443 2293)
4(2293 2443 2444 2294)
4(2294 2444 2445 2295)
4(2295 2445 2446 2296)
4(2296 2446 2447 2297)
4(2297 2447 2448 2298)
4(2298 2448 2449 2299)
4(2299 2449 2450 2300)
4(2300 2450 2451 2301)
4(2301 2451 2452 2302)
4(2302 2452 2453 2303)
4(2303 2453 2454 2304)
4(2304 2454 2455 2305)
4(2305 2455 2456 2306)
4(2306 2456 2457 2307)
4(2307 2457 2458 2308)
4(2308 2458 2459 2309)
4(2309 2459 2460 2310)
4(2310 2460 2461 2311)
4(2311 2461 2462 2312)
4(2312 2462 2463 2313)
4(2313 2463 2464 2314)
4(2314 2464 2465 2315)
4(2315 2465 2466 2316)
4(2316 2466 2467 2317)
4(2317 2467 2468 2318)
4(2318 2468 2469 2319)
4(2319 2469 2470 2320)
4(2320 2470 2471 2321)
4(2321 2471 2472 2322)
4(2322 2472 2473 2323)
4(2323 2473 2474 2324)
4(2324 2474 2475 2325)
4(2325 2475 2476 2326)
4(2326 2476 2477 2327)
4(2327 2477 2478 2328)
4(2328 2478 2479 2329)
4(2329 2479 2480 2330)
4(2330 2480 2481 2331)
4(2331 2481 2482 2332)
4(2332 2482 2483 2333)
4(2333 2483 2484 2334)
4(2334 2484 2485 2335)
4(2335 2485 2486 2336)
4(2336 2486 2487 2337)
4(2337 2487 2488 2338)
4(2338 2488 2489 2339)
4(2339 2489 2490 2340)
4(2340 2490 2491 2341)
4(2341 2491 2492 2342)
4(2342 2492 2493 2343)
4(2343 2493 2494 2344)
4(2344 2494 2495 2345)
4(2345 2495 2496 2346)
4(2346 2496 2497 2347)
4(2347 2497 2498 2348)
4(2348 2498 2499 2349)
4(2349 2499 2500 2350)
4(2350 2500 2501 2351)
4(2351 2501 2502 2352)
4(2352 2502 2503 2353)
4(2353 2503 2504 2354)
4(2354 2504 2505 2355)
4(2355 2505 2506 2356)
4(2507 2508 2658 2105)
4(2508 2509 2659 2658)
4(2509 2510 2660 2659)
4(2510 2511 2661 2660)
4(2511 2512 2662 2661)
4(2512 2513 2663 2662)
4(2513 2514 2664 2663)
4(2514 2515 2665 2664)
4(2515 2516 2666 2665)
4(2516 2517 2667 2666)
4(2517 2518 2668 2667)
4(2518 2519 2669 2668)
4(2519 2520 2670 2669)
4(2520 2521 2671 2670)
4(2521 2522 2672 2671)
4(2522 2523 2673 2672)
4(2523 2524 2674 2673)
4(2524 2525 2675 2674)
4(2525 2526 2676 2675)
4(2526 2527 2677 2676)
4(2527 2528 2678 2677)
4(2528 2529 2679 2678)
4(2529 2530 2680 2679)
4(2530 2531 2681 2680)
4(2531 2532 2682 2681)
4(2532 2533 2683 2682)
4(2533 2534 2684 2683)
4(2534 2535 2685 2684)
4(2535 2536 2686 2685)
4(2536 2537 2687 2686)
4(2537 2538 2688 2687)
4(2538 2539 2689 2688)
4(2539 2540 2690 2689)
4(2540 2541 2691 2690)
4(2541 2542 2692 2691)
4(2542 2543 2693 2692)
4(2543 2544 2694 2693)
4(2544 2545 2695 2694)
4(2545 2546 2696 2695)
4(2546 2547 2697 2696)
4(2547 2548 2698 2697)
4(2548 2549 2699 2698)
4(2549 2550 2700 2699)
4(2550 2551 2701 2700)
4(2551 2552 2702 2701)
4(2552 2553 2703 2702)
4(2553 2554 2704 2703)
4(2554 2555 2705 2704)
4(2555 2556 2706 2705)
4(2556 2557 2707 2706)
4(2557 2558 2708 2707)
4(2558 2559 2709 2708)
4(2559 2560 2710 2709)
4(2560 2561 2711 2710)
4(2561 2562 2712 2711)
4(2562 2563 2713 2712)
4(2563 2564 2714 2713)
4(2564 2565 2715 2714)
4(2565 2566 2716 2715)
4(2566 2567 2717 2716)
4(2567 2568 2718 2717)
4(2568 2569 2719 2718)
4(2569 2570 2720 2719)
4(2570 2571 2721 2720)
4(2571 2572 2722 2721)
4(2572 2573 2723 2722)
4(2573 2574 2724 2723)
4(2574 2575 2725 2724)
4(2575 2576 2726 2725)
4(2576 2577 2727 2726)
4(2577 2578 2728 2727)
4(2578 2579 2729 2728)
4(2579 2580 2730 2729)
4(2580 2581 2731 2730)
4(2581 2582 2732 2731)
4(2582 2583 2733 2732)
4(2583 2584 2734 2733)
4(2584 2585 2735 2734)
4(2585 2586 2736 2735)
4(2586 2587 2737 2736)
4(2587 2588 2738 2737)
4(2588 2589 2739 2738)
4(2589 2590 2740 2739)
4(2590 2591 2741 2740)
4(2591 2592 2742 2741)
4(2592 2593 2743 2742)
4(2593 2594 2744 2743)
4(2594 2595 2745 2744)
4(2595 2596 2746 2745)
4(2596 2597 2747 2746)
4(2597 2598 2748 2747)
4(2598 2599 2749 2748)
4(2599 2600 2750 2749)
4(2600 2601 2751 2750)
4(2601 2602 2752 2751)
4(2602 2603 2753 2752)
4(2603 2604 2754 2753)
4(2604 2605 2755 2754)
4(2605 2606 2756 2755)
4(2606 2607 2757 2756)
4(2607 2608 2758 2757)
4(2608 2609 2759 2758)
4(2609 2610 2760 2759)
4(2610 2611 2761 2760)
4(2611 2612 2762 2761)
4(2612 2613 2763 2762)
4(2613 2614 2764 2763)
4(2614 2615 2765 2764)
4(2615 2616 2766 2765)
4(2616 2617 2767 2766)
4(2617 2618 2768 2767)
4(2618 2619 2769 2768)
4(2619 2620 2770 2769)
4(2620 2621 2771 2770)
4(2621 2622 2772 2771)
4(2622 2623 2773 2772)
4(2623 2624 2774 2773)
4(2624 2625 2775 2774)
4(2625 2626 2776 2775)
4(2626 2627 2777 2776)
4(2627 2628 2778 2777)
4(2628 2629 2779 2778)
4(2629 2630 2780 2779)
4(2630 2631 2781 2780)
4(2631 2632 2782 2781)
4(2632 2633 2783 2782)
4(2633 2634 2784 2783)
4(2634 2635 2785 2784)
4(2635 2636 2786 2785)
4(2636 2637 2787 2786)
4(2637 2638 2788 2787)
4(2638 2639 2789 2788)
4(2639 2640 2790 2789)
4(2640 2641 2791 2790)
4(2641 2642 2792 2791)
4(2642 2643 2793 2792)
4(2643 2644 2794 2793)
4(2644 2645 2795 2794)
4(2645 2646 2796 2795)
4(2646 2647 2797 2796)
4(2647 2648 2798 2797)
4(2648 2649 2799 2798)
4(2649 2650 2800 2799)
4(2650 2651 2801 2800)
4(2651 2652 2802 2801)
4(2652 2653 2803 2802)
4(2653 2654 2804 2803)
4(2654 2655 2805 2804)
4(2655 2656 2806 2805)
4(2656 2657 2807 2806)
4(1905 2005 2808 2357)
4(2357 2808 2809 2358)
4(2358 2809 2810 2359)
4(2359 2810 2811 2360)
4(2360 2811 2812 2361)
4(2361 2812 2813 2362)
4(2362 2813 2814 2363)
4(2363 2814 2815 2364)
4(2364 2815 2816 2365)
4(2365 2816 2817 2366)
4(2366 2817 2818 2367)
4(2367 2818 2819 2368)
4(2368 2819 2820 2369)
4(2369 2820 2821 2370)
4(2370 2821 2822 2371)
4(2371 2822 2823 2372)
4(2372 2823 2824 2373)
4(2373 2824 2825 2374)
4(2374 2825 2826 2375)
4(2375 2826 2827 2376)
4(2376 2827 2828 2377)
4(2377 2828 2829 2378)
4(2378 2829 2830 2379)
4(2379 2830 2831 2380)
4(2380 2831 2832 2381)
4(2381 2832 2833 2382)
4(2382 2833 2834 2383)
4(2383 2834 2835 2384)
4(2384 2835 2836 2385)
4(2385 2836 2837 2386)
4(2386 2837 2838 2387)
4(2387 2838 2839 2388)
4(2388 2839 2840 2389)
4(2389 2840 2841 2390)
4(2390 2841 2842 2391)
4(2391 2842 2843 2392)
4(2392 2843 2844 2393)
4(2393 2844 2845 2394)
4(2394 2845 2846 2395)
4(2395 2846 2847 2396)
4(2396 2847 2848 2397)
4(2397 2848 2849 2398)
4(2398 2849 2850 2399)
4(2399 2850 2851 2400)
4(2400 2851 2852 2401)
4(2401 2852 2853 2402)
4(2402 2853 2854 2403)
4(2403 2854 2855 2404)
4(2404 2855 2856 2405)
4(2405 2856 2857 2406)
4(2406 2857 2858 2407)
4(2407 2858 2859 2408)
4(2408 2859 2860 2409)
4(2409 2860 2861 2410)
4(2410 2861 2862 2411)
4(2411 2862 2863 2412)
4(2412 2863 2864 2413)
4(2413 2864 2865 2414)
4(2414 2865 2866 2415)
4(2415 2866 2867 2416)
4(2416 2867 2868 2417)
4(2417 2868 2869 2418)
4(2418 2869 2870 2419)
4(2419 2870 2871 2420)
4(2420 2871 2872 2421)
4(2421 2872 2873 2422)
4(2422 2873 2874 2423)
4(2423 2874 2875 2424)
4(2424 2875 2876 2425)
4(2425 2876 2877 2426)
4(2426 2877 2878 2427)
4(2427 2878 2879 2428)
4(2428 2879 2880 2429)
4(2429 2880 2881 2430)
4(2430 2881 2882 2431)
4(2431 2882 2883 2432)
4(2432 2883 2884 2433)
4(2433 2884 2885 2434)
4(2434 2885 2886 2435)
4(2435 2886 2887 2436)
4(2436 2887 2888 2437)
4(2437 2888 2889 2438)
4(2438 2889 2890 2439)
4(2439 2890 2891 2440)
4(2440 2891 2892 2441)
4(2441 2892 2893 2442)
4(2442 2893 2894 2443)
4(2443 2894 2895 2444)
4(2444 2895 2896 2445)
4(2445 2896 2897 2446)
4(2446 2897 2898 2447)
4(2447 2898 2899 2448)
4(2448 2899 2900 2449)
4(2449 2900 2901 2450)
4(2450 2901 2902 2451)
4(2451 2902 2903 2452)
4(2452 2903 2904 2453)
4(2453 2904 2905 2454)
4(2454 2905 2906 2455)
4(2455 2906 2907 2456)
4(2456 2907 2908 2457)
4(2457 2908 2909 2458)
4(2458 2909 2910 2459)
4(2459 2910 2911 2460)
4(2460 2911 2912 2461)
4(2461 2912 2913 2462)
4(2462 2913 2914 2463)
4(2463 2914 2915 2464)
4(2464 2915 2916 2465)
4(2465 2916 2917 2466)
4(2466 2917 2918 2467)
4(2467 2918 2919 2468)
4(2468 2919 2920 2469)
4(2469 2920 2921 2470)
4(2470 2921 2922 2471)
4(2471 2922 2923 2472)
4(2472 2923 2924 2473)
4(2473 2924 2925 2474)
4(2474 2925 2926 2475)
4(2475 2926 2927 2476)
4(2476 2927 2928 2477)
4(2477 2928 2929 2478)
4(2478 2929 2930 2479)
4(2479 2930 2931 2480)
4(2480 2931 2932 2481)
4(2481 2932 2933 2482)
4(2482 2933 2934 2483)
4(2483 2934 2935 2484)
4(2484 2935 2936 2485)
4(2485 2936 2937 2486)
4(2486 2937 2938 2487)
4(2487 2938 2939 2488)
4(2488 2939 2940 2489)
4(2489 2940 2941 2490)
4(2490 2941 2942 2491)
4(2491 2942 2943 2492)
4(2492 2943 2944 2493)
4(2493 2944 2945 2494)
4(2494 2945 2946 2495)
4(2495 2946 2947 2496)
4(2496 2947 2948 2497)
4(2497 2948 2949 2498)
4(2498 2949 2950 2499)
4(2499 2950 2951 2500)
4(2500 2951 2952 2501)
4(2501 2952 2953 2502)
4(2502 2953 2954 2503)
4(2503 2954 2955 2504)
4(2504 2955 2956 2505)
4(2505 2956 2957 2506)
4(2105 2658 2958 2205)
4(2658 2659 2959 2958)
4(2659 2660 2960 2959)
4(2660 2661 2961 2960)
4(2661 2662 2962 2961)
4(2662 2663 2963 2962)
4(2663 2664 2964 2963)
4(2664 2665 2965 2964)
4(2665 2666 2966 2965)
4(2666 2667 2967 2966)
4(2667 2668 2968 2967)
4(2668 2669 2969 2968)
4(2669 2670 2970 2969)
4(2670 2671 2971 2970)
4(2671 2672 2972 2971)
4(2672 2673 2973 2972)
4(2673 2674 2974 2973)
4(2674 2675 2975 2974)
4(2675 2676 2976 2975)
4(2676 2677 2977 2976)
4(2677 2678 2978 2977)
4(2678 2679 2979 2978)
4(2679 2680 2980 2979)
4(2680 2681 2981 2980)
4(2681 2682 2982 2981)
4(2682 2683 2983 2982)
4(2683 2684 2984 2983)
4(2684 2685 2985 2984)
4(2685 2686 2986 2985)
4(2686 2687 2987 2986)
4(2687 2688 2988 2987)
4(2688 2689 2989 2988)
4(2689 2690 2990 2989)
4(2690 2691 2991 2990)
4(2691 2692 2992 2991)
4(2692 2693 2993 2992)
4(2693 2694 2994 2993)
4(2694 2695 2995 2994)
4(2695 2696 2996 2995)
4(2696 2697 2997 2996)
4(2697 2698 2998 2997)
4(2698 2699 2999 2998)
4(2699 2700 3000 2999)
4(2700 2701 3001 3000)
4(2701 2702 3002 3001)
4(2702 2703 3003 3002)
4(2703 2704 3004 3003)
4(2704 2705 3005 3004)
4(2705 2706 3006 3005)
4(2706 2707 3007 3006)
4(2707 2708 3008 3007)
4(2708 2709 3009 3008)
4(2709 2710 3010 3009)
4(2710 2711 3011 3010)
4(2711 2712 3012 3011)
4(2712 2713 3013 3012)
4(2713 2714 3014 3013)
4(2714 2715 3015 3014)
4(2715 2716 3016 3015)
4(2716 2717 3017 3016)
4(2717 2718 3018 3017)
4(2718 2719 3019 3018)
4(2719 2720 3020 3019)
4(2720 2721 3021 3020)
4(2721 2722 3022 3021)
4(2722 2723 3023 3022)
4(2723 2724 3024 3023)
4(2724 2725 3025 3024)
4(2725 2726 3026 3025)
4(2726 2727 3027 3026)
4(2727 2728 3028 3027)
4(2728 2729 3029 3028)
4(2729 2730 3030 3029)
4(2730 2731 3031 3030)
4(2731 2732 3032 3031)
4(2732 2733 3033 3032)
4(2733 2734 3034 3033)
4(2734 2735 3035 3034)
4(2735 2736 3036 3035)
4(2736 2737 3037 3036)
4(2737 2738 3038 3037)
4(2738 2739 3039 3038)
4(2739 2740 3040 3039)
4(2740 2741 3041 3040)
4(2741 2742 3042 3041)
4(2742 2743 3043 3042)
4(2743 2744 3044 3043)
4(2744 2745 3045 3044)
4(2745 2746 3046 3045)
4(2746 2747 3047 3046)
4(2747 2748 3048 3047)
4(2748 2749 3049 3048)
4(2749 2750 3050 3049)
4(2750 2751 3051 3050)
4(2751 2752 3052 3051)
4(2752 2753 3053 3052)
4(2753 2754 3054 3053)
4(2754 2755 3055 3054)
4(2755 2756 3056 3055)
4(2756 2757 3057 3056)
4(2757 2758 3058 3057)
4(2758 2759 3059 3058)
4(2759 2760 3060 3059)
4(2760 2761 3061 3060)
4(2761 2762 3062 3061)
4(2762 2763 3063 3062)
4(2763 2764 3064 3063)
4(2764 2765 3065 3064)
4(2765 2766 3066 3065)
4(2766 2767 3067 3066)
4(2767 2768 3068 3067)
4(2768 2769 3069 3068)
4(2769 2770 3070 3069)
4(2770 2771 3071 3070)
4(2771 2772 3072 3071)
4(2772 2773 3073 3072)
4(2773 2774 3074 3073)
4(2774 2775 3075 3074)
4(2775 2776 3076 3075)
4(2776 2777 3077 3076)
4(2777 2778 3078 3077)
4(2778 2779 3079 3078)
4(2779 2780 3080 3079)
4(2780 2781 3081 3080)
4(2781 2782 3082 3081)
4(2782 2783 3083 3082)
4(2783 2784 3084 3083)
4(2784 2785 3085 3084)
4(2785 2786 3086 3085)
4(2786 2787 3087 3086)
4(2787 2788 3088 3087)
4(2788 2789 3089 3088)
4(2789 2790 3090 3089)
4(2790 2791 3091 3090)
4(2791 2792 3092 3091)
4(2792 2793 3093 3092)
4(2793 2794 3094 3093)
4(2794 2795 3095 3094)
4(2795 2796 3096 3095)
4(2796 2797 3097 3096)
4(2797 2798 3098 3097)
4(2798 2799 3099 3098)
4(2799 2800 3100 3099)
4(2800 2801 3101 3100)
4(2801 2802 3102 3101)
4(2802 2803 3103 3102)
4(2803 2804 3104 3103)
4(2804 2805 3105 3104)
4(2805 2806 3106 3105)
4(2806 2807 3107 3106)
)


// ************************************************************************* //
