/*--------------------------------*- C++ -*----------------------------------*\
| =========                 |                                                 |
| \\      /  F ield         | OpenFOAM: The Open Source CFD Toolbox           |
|  \\    /   O peration     | Version:  5.x                                   |
|   \\  /    A nd           | Web:      www.OpenFOAM.org                      |
|    \\/     M anipulation  |                                                 |
\*---------------------------------------------------------------------------*/
/*   Windows 32 and 64 bit porting by blueCAPE: http://www.bluecape.com.pt   *\
|  Based on Windows porting (2.0.x v4) by Symscape: http://www.symscape.com   |
\*---------------------------------------------------------------------------*/
FoamFile
{
    version     2.0;
    format      ascii;
    class       vectorField;
    location    "constant/polyMesh";
    object      points;
}
// * * * * * * * * * * * * * * * * * * * * * * * * * * * * * * * * * * * * * //


3108
(
(0 0 0)
(0.025 0 0)
(0.05 0 0)
(0.075 0 0)
(0.1 0 0)
(0.125 0 0)
(0.15 0 0)
(0.175 0 0)
(0.2 0 0)
(0.225 0 0)
(0.25 0 0)
(0.275 0 0)
(0.3 0 0)
(0.325 0 0)
(0.35 0 0)
(0.375 0 0)
(0.4 0 0)
(0.425 0 0)
(0.45 0 0)
(0.475 0 0)
(0.5 0 0)
(0.525 0 0)
(0.55 0 0)
(0.575 0 0)
(0.6 0 0)
(0.625 0 0)
(0.65 0 0)
(0.675 0 0)
(0.7 0 0)
(0.725 0 0)
(0.75 0 0)
(0.775 0 0)
(0.8 0 0)
(0.825 0 0)
(0.85 0 0)
(0.875 0 0)
(0.9 0 0)
(0.925 0 0)
(0.95 0 0)
(0.975 0 0)
(1 0 0)
(1.025 0 0)
(1.05 0 0)
(1.075 0 0)
(1.1 0 0)
(1.125 0 0)
(1.15 0 0)
(1.175 0 0)
(1.2 0 0)
(1.225 0 0)
(1.25 0 0)
(1.275 0 0)
(1.3 0 0)
(1.325 0 0)
(1.35 0 0)
(1.375 0 0)
(1.4 0 0)
(1.425 0 0)
(1.45 0 0)
(1.475 0 0)
(1.5 0 0)
(1.525 0 0)
(1.55 0 0)
(1.575 0 0)
(1.6 0 0)
(1.625 0 0)
(1.65 0 0)
(1.675 0 0)
(1.7 0 0)
(1.725 0 0)
(1.75 0 0)
(1.775 0 0)
(1.8 0 0)
(1.825 0 0)
(1.85 0 0)
(1.875 0 0)
(1.9 0 0)
(1.925 0 0)
(1.95 0 0)
(1.975 0 0)
(2 0 0)
(2.025 0 0)
(2.05 0 0)
(2.075 0 0)
(2.1 0 0)
(2.125 0 0)
(2.15 0 0)
(2.175 0 0)
(2.2 0 0)
(2.225 0 0)
(2.25 0 0)
(2.275 0 0)
(2.3 0 0)
(2.325 0 0)
(2.35 0 0)
(2.375 0 0)
(2.4 0 0)
(2.425 0 0)
(2.45 0 0)
(2.475 0 0)
(2.5 0 0)
(2.525 0 0)
(2.55 0 0)
(2.575 0 0)
(2.6 0 0)
(2.625 0 0)
(2.65 0 0)
(2.675 0 0)
(2.7 0 0)
(2.725 0 0)
(2.75 0 0)
(2.775 0 0)
(2.8 0 0)
(2.825 0 0)
(2.85 0 0)
(2.875 0 0)
(2.9 0 0)
(2.925 0 0)
(2.95 0 0)
(2.975 0 0)
(3 0 0)
(3.025 0 0)
(3.05 0 0)
(3.075 0 0)
(3.1 0 0)
(3.125 0 0)
(3.15 0 0)
(3.175 0 0)
(3.2 0 0)
(3.225 0 0)
(3.25 0 0)
(3.275 0 0)
(3.3 0 0)
(3.325 0 0)
(3.35 0 0)
(3.375 0 0)
(3.4 0 0)
(3.425 0 0)
(3.45 0 0)
(3.475 0 0)
(3.5 0 0)
(3.525 0 0)
(3.55 0 0)
(3.575 0 0)
(3.6 0 0)
(3.625 0 0)
(3.65 0 0)
(3.675 0 0)
(3.7 0 0)
(3.725 0 0)
(3.75 0 0)
(3.775 0 0)
(3.8 0 0)
(3.825 0 0)
(3.85 0 0)
(3.875 0 0)
(3.9 0 0)
(3.925 0 0)
(3.95 0 0)
(3.975 0 0)
(4 0 0)
(4.025 0 0)
(4.05 0 0)
(4.075 0 0)
(4.1 0 0)
(4.125 0 0)
(4.15 0 0)
(4.175 0 0)
(4.2 0 0)
(4.225 0 0)
(4.25 0 0)
(4.275 0 0)
(4.3 0 0)
(4.325 0 0)
(4.35 0 0)
(4.375 0 0)
(4.4 0 0)
(4.425 0 0)
(4.45 0 0)
(4.475 0 0)
(4.5 0 0)
(4.525 0 0)
(4.55 0 0)
(4.575 0 0)
(4.6 0 0)
(4.625 0 0)
(4.65 0 0)
(4.675 0 0)
(4.7 0 0)
(4.725 0 0)
(4.75 0 0)
(4.775 0 0)
(4.8 0 0)
(4.825 0 0)
(4.85 0 0)
(4.875 0 0)
(4.9 0 0)
(4.925 0 0)
(4.95 0 0)
(4.975 0 0)
(5 0 0)
(5.025 0 0)
(5.05 0 0)
(5.075 0 0)
(5.1 0 0)
(5.125 0 0)
(5.15 0 0)
(5.175 0 0)
(5.2 0 0)
(5.225 0 0)
(5.25 0 0)
(5.275 0 0)
(5.3 0 0)
(5.325 0 0)
(5.35 0 0)
(5.375 0 0)
(5.4 0 0)
(5.425 0 0)
(5.45 0 0)
(5.475 0 0)
(5.5 0 0)
(5.525 0 0)
(5.55 0 0)
(5.575 0 0)
(5.6 0 0)
(5.625 0 0)
(5.65 0 0)
(5.675 0 0)
(5.7 0 0)
(5.725 0 0)
(5.75 0 0)
(5.775 0 0)
(5.8 0 0)
(5.825 0 0)
(5.85 0 0)
(5.875 0 0)
(5.9 0 0)
(5.925 0 0)
(5.95 0 0)
(5.975 0 0)
(6 0 0)
(6.025 0 0)
(6.05 0 0)
(6.075 0 0)
(6.1 0 0)
(6.125 0 0)
(6.15 0 0)
(6.175 0 0)
(6.2 0 0)
(6.225 0 0)
(6.25 0 0)
(6.275 0 0)
(6.3 0 0)
(6.325 0 0)
(6.35 0 0)
(6.375 0 0)
(6.4 0 0)
(6.425 0 0)
(6.45 0 0)
(6.475 0 0)
(6.5 0 0)
(6.525 0 0)
(6.55 0 0)
(6.575 0 0)
(6.6 0 0)
(6.625 0 0)
(6.65 0 0)
(6.675 0 0)
(6.7 0 0)
(6.725 0 0)
(6.75 0 0)
(6.775 0 0)
(6.8 0 0)
(6.825 0 0)
(6.85 0 0)
(6.875 0 0)
(6.9 0 0)
(6.925 0 0)
(6.95 0 0)
(6.975 0 0)
(7 0 0)
(7.025 0 0)
(7.05 0 0)
(7.075 0 0)
(7.1 0 0)
(7.125 0 0)
(7.15 0 0)
(7.175 0 0)
(7.2 0 0)
(7.225 0 0)
(7.25 0 0)
(7.275 0 0)
(7.3 0 0)
(7.325 0 0)
(7.35 0 0)
(7.375 0 0)
(7.4 0 0)
(7.425 0 0)
(7.45 0 0)
(7.475 0 0)
(7.5 0 0)
(0 0.75 0)
(0.02416666667 0.7483333333 0)
(0.04833333333 0.7466666667 0)
(0.0725 0.745 0)
(0.09666666667 0.7433333333 0)
(0.1208333333 0.7416666667 0)
(0.145 0.74 0)
(0.1691666667 0.7383333333 0)
(0.1933333333 0.7366666667 0)
(0.2175 0.735 0)
(0.2416666667 0.7333333333 0)
(0.2658333333 0.7316666667 0)
(0.29 0.73 0)
(0.3141666667 0.7283333333 0)
(0.3383333333 0.7266666667 0)
(0.3625 0.725 0)
(0.3866666667 0.7233333333 0)
(0.4108333333 0.7216666667 0)
(0.435 0.72 0)
(0.4591666667 0.7183333333 0)
(0.4833333333 0.7166666667 0)
(0.5075 0.715 0)
(0.5316666667 0.7133333333 0)
(0.5558333333 0.7116666667 0)
(0.58 0.71 0)
(0.6041666667 0.7083333333 0)
(0.6283333333 0.7066666667 0)
(0.6525 0.705 0)
(0.6766666667 0.7033333333 0)
(0.7008333333 0.7016666667 0)
(0.725 0.7 0)
(0.7491666667 0.6983333333 0)
(0.7733333333 0.6966666667 0)
(0.7975 0.695 0)
(0.8216666667 0.6933333333 0)
(0.8458333333 0.6916666667 0)
(0.87 0.69 0)
(0.8941666667 0.6883333333 0)
(0.9183333333 0.6866666667 0)
(0.9425 0.685 0)
(0.9666666667 0.6833333333 0)
(0.9908333333 0.6816666667 0)
(1.015 0.68 0)
(1.039166667 0.6783333333 0)
(1.063333333 0.6766666667 0)
(1.0875 0.675 0)
(1.111666667 0.6733333333 0)
(1.135833333 0.6716666667 0)
(1.16 0.67 0)
(1.184166667 0.6683333333 0)
(1.208333333 0.6666666667 0)
(1.2325 0.665 0)
(1.256666667 0.6633333333 0)
(1.280833333 0.6616666667 0)
(1.305 0.66 0)
(1.329166667 0.6583333333 0)
(1.353333333 0.6566666667 0)
(1.3775 0.655 0)
(1.401666667 0.6533333333 0)
(1.425833333 0.6516666667 0)
(1.45 0.65 0)
(1.474166667 0.6483333333 0)
(1.498333333 0.6466666667 0)
(1.5225 0.645 0)
(1.546666667 0.6433333333 0)
(1.570833333 0.6416666667 0)
(1.595 0.64 0)
(1.619166667 0.6383333333 0)
(1.643333333 0.6366666667 0)
(1.6675 0.635 0)
(1.691666667 0.6333333333 0)
(1.715833333 0.6316666667 0)
(1.74 0.63 0)
(1.764166667 0.6283333333 0)
(1.788333333 0.6266666667 0)
(1.8125 0.625 0)
(1.836666667 0.6233333333 0)
(1.860833333 0.6216666667 0)
(1.885 0.62 0)
(1.909166667 0.6183333333 0)
(1.933333333 0.6166666667 0)
(1.9575 0.615 0)
(1.981666667 0.6133333333 0)
(2.005833333 0.6116666667 0)
(2.03 0.61 0)
(2.054166667 0.6083333333 0)
(2.078333333 0.6066666667 0)
(2.1025 0.605 0)
(2.126666667 0.6033333333 0)
(2.150833333 0.6016666667 0)
(2.175 0.6 0)
(2.199166667 0.5983333333 0)
(2.223333333 0.5966666667 0)
(2.2475 0.595 0)
(2.271666667 0.5933333333 0)
(2.295833333 0.5916666667 0)
(2.32 0.59 0)
(2.344166667 0.5883333333 0)
(2.368333333 0.5866666667 0)
(2.3925 0.585 0)
(2.416666667 0.5833333333 0)
(2.440833333 0.5816666667 0)
(2.465 0.58 0)
(2.489166667 0.5783333333 0)
(2.513333333 0.5766666667 0)
(2.5375 0.575 0)
(2.561666667 0.5733333333 0)
(2.585833333 0.5716666667 0)
(2.61 0.57 0)
(2.634166667 0.5683333333 0)
(2.658333333 0.5666666667 0)
(2.6825 0.565 0)
(2.706666667 0.5633333333 0)
(2.730833333 0.5616666667 0)
(2.755 0.56 0)
(2.779166667 0.5583333333 0)
(2.803333333 0.5566666667 0)
(2.8275 0.555 0)
(2.851666667 0.5533333333 0)
(2.875833333 0.5516666667 0)
(2.9 0.55 0)
(2.924166667 0.5483333333 0)
(2.948333333 0.5466666667 0)
(2.9725 0.545 0)
(2.996666667 0.5433333333 0)
(3.020833333 0.5416666667 0)
(3.045 0.54 0)
(3.069166667 0.5383333333 0)
(3.093333333 0.5366666667 0)
(3.1175 0.535 0)
(3.141666667 0.5333333333 0)
(3.165833333 0.5316666667 0)
(3.19 0.53 0)
(3.214166667 0.5283333333 0)
(3.238333333 0.5266666667 0)
(3.2625 0.525 0)
(3.286666667 0.5233333333 0)
(3.310833333 0.5216666667 0)
(3.335 0.52 0)
(3.359166667 0.5183333333 0)
(3.383333333 0.5166666667 0)
(3.4075 0.515 0)
(3.431666667 0.5133333333 0)
(3.455833333 0.5116666667 0)
(3.48 0.51 0)
(3.504166667 0.5083333333 0)
(3.528333333 0.5066666667 0)
(3.5525 0.505 0)
(3.576666667 0.5033333333 0)
(3.600833333 0.5016666667 0)
(3.625 0.5 0)
(3.649166667 0.4983333333 0)
(3.673333333 0.4966666667 0)
(3.6975 0.495 0)
(3.721666667 0.4933333333 0)
(3.745833333 0.4916666667 0)
(3.77 0.49 0)
(3.794166667 0.4883333333 0)
(3.818333333 0.4866666667 0)
(3.8425 0.485 0)
(3.866666667 0.4833333333 0)
(3.890833333 0.4816666667 0)
(3.915 0.48 0)
(3.939166667 0.4783333333 0)
(3.963333333 0.4766666667 0)
(3.9875 0.475 0)
(4.011666667 0.4733333333 0)
(4.035833333 0.4716666667 0)
(4.06 0.47 0)
(4.084166667 0.4683333333 0)
(4.108333333 0.4666666667 0)
(4.1325 0.465 0)
(4.156666667 0.4633333333 0)
(4.180833333 0.4616666667 0)
(4.205 0.46 0)
(4.229166667 0.4583333333 0)
(4.253333333 0.4566666667 0)
(4.2775 0.455 0)
(4.301666667 0.4533333333 0)
(4.325833333 0.4516666667 0)
(4.35 0.45 0)
(4.374166667 0.4483333333 0)
(4.398333333 0.4466666667 0)
(4.4225 0.445 0)
(4.446666667 0.4433333333 0)
(4.470833333 0.4416666667 0)
(4.495 0.44 0)
(4.519166667 0.4383333333 0)
(4.543333333 0.4366666667 0)
(4.5675 0.435 0)
(4.591666667 0.4333333333 0)
(4.615833333 0.4316666667 0)
(4.64 0.43 0)
(4.664166667 0.4283333333 0)
(4.688333333 0.4266666667 0)
(4.7125 0.425 0)
(4.736666667 0.4233333333 0)
(4.760833333 0.4216666667 0)
(4.785 0.42 0)
(4.809166667 0.4183333333 0)
(4.833333333 0.4166666667 0)
(4.8575 0.415 0)
(4.881666667 0.4133333333 0)
(4.905833333 0.4116666667 0)
(4.93 0.41 0)
(4.954166667 0.4083333333 0)
(4.978333333 0.4066666667 0)
(5.0025 0.405 0)
(5.026666667 0.4033333333 0)
(5.050833333 0.4016666667 0)
(5.075 0.4 0)
(5.099166667 0.3983333333 0)
(5.123333333 0.3966666667 0)
(5.1475 0.395 0)
(5.171666667 0.3933333333 0)
(5.195833333 0.3916666667 0)
(5.22 0.39 0)
(5.244166667 0.3883333333 0)
(5.268333333 0.3866666667 0)
(5.2925 0.385 0)
(5.316666667 0.3833333333 0)
(5.340833333 0.3816666667 0)
(5.365 0.38 0)
(5.389166667 0.3783333333 0)
(5.413333333 0.3766666667 0)
(5.4375 0.375 0)
(5.461666667 0.3733333333 0)
(5.485833333 0.3716666667 0)
(5.51 0.37 0)
(5.534166667 0.3683333333 0)
(5.558333333 0.3666666667 0)
(5.5825 0.365 0)
(5.606666667 0.3633333333 0)
(5.630833333 0.3616666667 0)
(5.655 0.36 0)
(5.679166667 0.3583333333 0)
(5.703333333 0.3566666667 0)
(5.7275 0.355 0)
(5.751666667 0.3533333333 0)
(5.775833333 0.3516666667 0)
(5.8 0.35 0)
(5.824166667 0.3483333333 0)
(5.848333333 0.3466666667 0)
(5.8725 0.345 0)
(5.896666667 0.3433333333 0)
(5.920833333 0.3416666667 0)
(5.945 0.34 0)
(5.969166667 0.3383333333 0)
(5.993333333 0.3366666667 0)
(6.0175 0.335 0)
(6.041666667 0.3333333333 0)
(6.065833333 0.3316666667 0)
(6.09 0.33 0)
(6.114166667 0.3283333333 0)
(6.138333333 0.3266666667 0)
(6.1625 0.325 0)
(6.186666667 0.3233333333 0)
(6.210833333 0.3216666667 0)
(6.235 0.32 0)
(6.259166667 0.3183333333 0)
(6.283333333 0.3166666667 0)
(6.3075 0.315 0)
(6.331666667 0.3133333333 0)
(6.355833333 0.3116666667 0)
(6.38 0.31 0)
(6.404166667 0.3083333333 0)
(6.428333333 0.3066666667 0)
(6.4525 0.305 0)
(6.476666667 0.3033333333 0)
(6.500833333 0.3016666667 0)
(6.525 0.3 0)
(6.549166667 0.2983333333 0)
(6.573333333 0.2966666667 0)
(6.5975 0.295 0)
(6.621666667 0.2933333333 0)
(6.645833333 0.2916666667 0)
(6.67 0.29 0)
(6.694166667 0.2883333333 0)
(6.718333333 0.2866666667 0)
(6.7425 0.285 0)
(6.766666667 0.2833333333 0)
(6.790833333 0.2816666667 0)
(6.815 0.28 0)
(6.839166667 0.2783333333 0)
(6.863333333 0.2766666667 0)
(6.8875 0.275 0)
(6.911666667 0.2733333333 0)
(6.935833333 0.2716666667 0)
(6.96 0.27 0)
(6.984166667 0.2683333333 0)
(7.008333333 0.2666666667 0)
(7.0325 0.265 0)
(7.056666667 0.2633333333 0)
(7.080833333 0.2616666667 0)
(7.105 0.26 0)
(7.129166667 0.2583333333 0)
(7.153333333 0.2566666667 0)
(7.1775 0.255 0)
(7.201666667 0.2533333333 0)
(7.225833333 0.2516666667 0)
(7.25 0.25 0)
(0 0 2)
(0.025 0 2)
(0.05 0 2)
(0.075 0 2)
(0.1 0 2)
(0.125 0 2)
(0.15 0 2)
(0.175 0 2)
(0.2 0 2)
(0.225 0 2)
(0.25 0 2)
(0.275 0 2)
(0.3 0 2)
(0.325 0 2)
(0.35 0 2)
(0.375 0 2)
(0.4 0 2)
(0.425 0 2)
(0.45 0 2)
(0.475 0 2)
(0.5 0 2)
(0.525 0 2)
(0.55 0 2)
(0.575 0 2)
(0.6 0 2)
(0.625 0 2)
(0.65 0 2)
(0.675 0 2)
(0.7 0 2)
(0.725 0 2)
(0.75 0 2)
(0.775 0 2)
(0.8 0 2)
(0.825 0 2)
(0.85 0 2)
(0.875 0 2)
(0.9 0 2)
(0.925 0 2)
(0.95 0 2)
(0.975 0 2)
(1 0 2)
(1.025 0 2)
(1.05 0 2)
(1.075 0 2)
(1.1 0 2)
(1.125 0 2)
(1.15 0 2)
(1.175 0 2)
(1.2 0 2)
(1.225 0 2)
(1.25 0 2)
(1.275 0 2)
(1.3 0 2)
(1.325 0 2)
(1.35 0 2)
(1.375 0 2)
(1.4 0 2)
(1.425 0 2)
(1.45 0 2)
(1.475 0 2)
(1.5 0 2)
(1.525 0 2)
(1.55 0 2)
(1.575 0 2)
(1.6 0 2)
(1.625 0 2)
(1.65 0 2)
(1.675 0 2)
(1.7 0 2)
(1.725 0 2)
(1.75 0 2)
(1.775 0 2)
(1.8 0 2)
(1.825 0 2)
(1.85 0 2)
(1.875 0 2)
(1.9 0 2)
(1.925 0 2)
(1.95 0 2)
(1.975 0 2)
(2 0 2)
(2.025 0 2)
(2.05 0 2)
(2.075 0 2)
(2.1 0 2)
(2.125 0 2)
(2.15 0 2)
(2.175 0 2)
(2.2 0 2)
(2.225 0 2)
(2.25 0 2)
(2.275 0 2)
(2.3 0 2)
(2.325 0 2)
(2.35 0 2)
(2.375 0 2)
(2.4 0 2)
(2.425 0 2)
(2.45 0 2)
(2.475 0 2)
(2.5 0 2)
(2.525 0 2)
(2.55 0 2)
(2.575 0 2)
(2.6 0 2)
(2.625 0 2)
(2.65 0 2)
(2.675 0 2)
(2.7 0 2)
(2.725 0 2)
(2.75 0 2)
(2.775 0 2)
(2.8 0 2)
(2.825 0 2)
(2.85 0 2)
(2.875 0 2)
(2.9 0 2)
(2.925 0 2)
(2.95 0 2)
(2.975 0 2)
(3 0 2)
(3.025 0 2)
(3.05 0 2)
(3.075 0 2)
(3.1 0 2)
(3.125 0 2)
(3.15 0 2)
(3.175 0 2)
(3.2 0 2)
(3.225 0 2)
(3.25 0 2)
(3.275 0 2)
(3.3 0 2)
(3.325 0 2)
(3.35 0 2)
(3.375 0 2)
(3.4 0 2)
(3.425 0 2)
(3.45 0 2)
(3.475 0 2)
(3.5 0 2)
(3.525 0 2)
(3.55 0 2)
(3.575 0 2)
(3.6 0 2)
(3.625 0 2)
(3.65 0 2)
(3.675 0 2)
(3.7 0 2)
(3.725 0 2)
(3.75 0 2)
(3.775 0 2)
(3.8 0 2)
(3.825 0 2)
(3.85 0 2)
(3.875 0 2)
(3.9 0 2)
(3.925 0 2)
(3.95 0 2)
(3.975 0 2)
(4 0 2)
(4.025 0 2)
(4.05 0 2)
(4.075 0 2)
(4.1 0 2)
(4.125 0 2)
(4.15 0 2)
(4.175 0 2)
(4.2 0 2)
(4.225 0 2)
(4.25 0 2)
(4.275 0 2)
(4.3 0 2)
(4.325 0 2)
(4.35 0 2)
(4.375 0 2)
(4.4 0 2)
(4.425 0 2)
(4.45 0 2)
(4.475 0 2)
(4.5 0 2)
(4.525 0 2)
(4.55 0 2)
(4.575 0 2)
(4.6 0 2)
(4.625 0 2)
(4.65 0 2)
(4.675 0 2)
(4.7 0 2)
(4.725 0 2)
(4.75 0 2)
(4.775 0 2)
(4.8 0 2)
(4.825 0 2)
(4.85 0 2)
(4.875 0 2)
(4.9 0 2)
(4.925 0 2)
(4.95 0 2)
(4.975 0 2)
(5 0 2)
(5.025 0 2)
(5.05 0 2)
(5.075 0 2)
(5.1 0 2)
(5.125 0 2)
(5.15 0 2)
(5.175 0 2)
(5.2 0 2)
(5.225 0 2)
(5.25 0 2)
(5.275 0 2)
(5.3 0 2)
(5.325 0 2)
(5.35 0 2)
(5.375 0 2)
(5.4 0 2)
(5.425 0 2)
(5.45 0 2)
(5.475 0 2)
(5.5 0 2)
(5.525 0 2)
(5.55 0 2)
(5.575 0 2)
(5.6 0 2)
(5.625 0 2)
(5.65 0 2)
(5.675 0 2)
(5.7 0 2)
(5.725 0 2)
(5.75 0 2)
(5.775 0 2)
(5.8 0 2)
(5.825 0 2)
(5.85 0 2)
(5.875 0 2)
(5.9 0 2)
(5.925 0 2)
(5.95 0 2)
(5.975 0 2)
(6 0 2)
(6.025 0 2)
(6.05 0 2)
(6.075 0 2)
(6.1 0 2)
(6.125 0 2)
(6.15 0 2)
(6.175 0 2)
(6.2 0 2)
(6.225 0 2)
(6.25 0 2)
(6.275 0 2)
(6.3 0 2)
(6.325 0 2)
(6.35 0 2)
(6.375 0 2)
(6.4 0 2)
(6.425 0 2)
(6.45 0 2)
(6.475 0 2)
(6.5 0 2)
(6.525 0 2)
(6.55 0 2)
(6.575 0 2)
(6.6 0 2)
(6.625 0 2)
(6.65 0 2)
(6.675 0 2)
(6.7 0 2)
(6.725 0 2)
(6.75 0 2)
(6.775 0 2)
(6.8 0 2)
(6.825 0 2)
(6.85 0 2)
(6.875 0 2)
(6.9 0 2)
(6.925 0 2)
(6.95 0 2)
(6.975 0 2)
(7 0 2)
(7.025 0 2)
(7.05 0 2)
(7.075 0 2)
(7.1 0 2)
(7.125 0 2)
(7.15 0 2)
(7.175 0 2)
(7.2 0 2)
(7.225 0 2)
(7.25 0 2)
(7.275 0 2)
(7.3 0 2)
(7.325 0 2)
(7.35 0 2)
(7.375 0 2)
(7.4 0 2)
(7.425 0 2)
(7.45 0 2)
(7.475 0 2)
(7.5 0 2)
(0 0.75 2)
(0.02416666667 0.7483333333 2)
(0.04833333333 0.7466666667 2)
(0.0725 0.745 2)
(0.09666666667 0.7433333333 2)
(0.1208333333 0.7416666667 2)
(0.145 0.74 2)
(0.1691666667 0.7383333333 2)
(0.1933333333 0.7366666667 2)
(0.2175 0.735 2)
(0.2416666667 0.7333333333 2)
(0.2658333333 0.7316666667 2)
(0.29 0.73 2)
(0.3141666667 0.7283333333 2)
(0.3383333333 0.7266666667 2)
(0.3625 0.725 2)
(0.3866666667 0.7233333333 2)
(0.4108333333 0.7216666667 2)
(0.435 0.72 2)
(0.4591666667 0.7183333333 2)
(0.4833333333 0.7166666667 2)
(0.5075 0.715 2)
(0.5316666667 0.7133333333 2)
(0.5558333333 0.7116666667 2)
(0.58 0.71 2)
(0.6041666667 0.7083333333 2)
(0.6283333333 0.7066666667 2)
(0.6525 0.705 2)
(0.6766666667 0.7033333333 2)
(0.7008333333 0.7016666667 2)
(0.725 0.7 2)
(0.7491666667 0.6983333333 2)
(0.7733333333 0.6966666667 2)
(0.7975 0.695 2)
(0.8216666667 0.6933333333 2)
(0.8458333333 0.6916666667 2)
(0.87 0.69 2)
(0.8941666667 0.6883333333 2)
(0.9183333333 0.6866666667 2)
(0.9425 0.685 2)
(0.9666666667 0.6833333333 2)
(0.9908333333 0.6816666667 2)
(1.015 0.68 2)
(1.039166667 0.6783333333 2)
(1.063333333 0.6766666667 2)
(1.0875 0.675 2)
(1.111666667 0.6733333333 2)
(1.135833333 0.6716666667 2)
(1.16 0.67 2)
(1.184166667 0.6683333333 2)
(1.208333333 0.6666666667 2)
(1.2325 0.665 2)
(1.256666667 0.6633333333 2)
(1.280833333 0.6616666667 2)
(1.305 0.66 2)
(1.329166667 0.6583333333 2)
(1.353333333 0.6566666667 2)
(1.3775 0.655 2)
(1.401666667 0.6533333333 2)
(1.425833333 0.6516666667 2)
(1.45 0.65 2)
(1.474166667 0.6483333333 2)
(1.498333333 0.6466666667 2)
(1.5225 0.645 2)
(1.546666667 0.6433333333 2)
(1.570833333 0.6416666667 2)
(1.595 0.64 2)
(1.619166667 0.6383333333 2)
(1.643333333 0.6366666667 2)
(1.6675 0.635 2)
(1.691666667 0.6333333333 2)
(1.715833333 0.6316666667 2)
(1.74 0.63 2)
(1.764166667 0.6283333333 2)
(1.788333333 0.6266666667 2)
(1.8125 0.625 2)
(1.836666667 0.6233333333 2)
(1.860833333 0.6216666667 2)
(1.885 0.62 2)
(1.909166667 0.6183333333 2)
(1.933333333 0.6166666667 2)
(1.9575 0.615 2)
(1.981666667 0.6133333333 2)
(2.005833333 0.6116666667 2)
(2.03 0.61 2)
(2.054166667 0.6083333333 2)
(2.078333333 0.6066666667 2)
(2.1025 0.605 2)
(2.126666667 0.6033333333 2)
(2.150833333 0.6016666667 2)
(2.175 0.6 2)
(2.199166667 0.5983333333 2)
(2.223333333 0.5966666667 2)
(2.2475 0.595 2)
(2.271666667 0.5933333333 2)
(2.295833333 0.5916666667 2)
(2.32 0.59 2)
(2.344166667 0.5883333333 2)
(2.368333333 0.5866666667 2)
(2.3925 0.585 2)
(2.416666667 0.5833333333 2)
(2.440833333 0.5816666667 2)
(2.465 0.58 2)
(2.489166667 0.5783333333 2)
(2.513333333 0.5766666667 2)
(2.5375 0.575 2)
(2.561666667 0.5733333333 2)
(2.585833333 0.5716666667 2)
(2.61 0.57 2)
(2.634166667 0.5683333333 2)
(2.658333333 0.5666666667 2)
(2.6825 0.565 2)
(2.706666667 0.5633333333 2)
(2.730833333 0.5616666667 2)
(2.755 0.56 2)
(2.779166667 0.5583333333 2)
(2.803333333 0.5566666667 2)
(2.8275 0.555 2)
(2.851666667 0.5533333333 2)
(2.875833333 0.5516666667 2)
(2.9 0.55 2)
(2.924166667 0.5483333333 2)
(2.948333333 0.5466666667 2)
(2.9725 0.545 2)
(2.996666667 0.5433333333 2)
(3.020833333 0.5416666667 2)
(3.045 0.54 2)
(3.069166667 0.5383333333 2)
(3.093333333 0.5366666667 2)
(3.1175 0.535 2)
(3.141666667 0.5333333333 2)
(3.165833333 0.5316666667 2)
(3.19 0.53 2)
(3.214166667 0.5283333333 2)
(3.238333333 0.5266666667 2)
(3.2625 0.525 2)
(3.286666667 0.5233333333 2)
(3.310833333 0.5216666667 2)
(3.335 0.52 2)
(3.359166667 0.5183333333 2)
(3.383333333 0.5166666667 2)
(3.4075 0.515 2)
(3.431666667 0.5133333333 2)
(3.455833333 0.5116666667 2)
(3.48 0.51 2)
(3.504166667 0.5083333333 2)
(3.528333333 0.5066666667 2)
(3.5525 0.505 2)
(3.576666667 0.5033333333 2)
(3.600833333 0.5016666667 2)
(3.625 0.5 2)
(3.649166667 0.4983333333 2)
(3.673333333 0.4966666667 2)
(3.6975 0.495 2)
(3.721666667 0.4933333333 2)
(3.745833333 0.4916666667 2)
(3.77 0.49 2)
(3.794166667 0.4883333333 2)
(3.818333333 0.4866666667 2)
(3.8425 0.485 2)
(3.866666667 0.4833333333 2)
(3.890833333 0.4816666667 2)
(3.915 0.48 2)
(3.939166667 0.4783333333 2)
(3.963333333 0.4766666667 2)
(3.9875 0.475 2)
(4.011666667 0.4733333333 2)
(4.035833333 0.4716666667 2)
(4.06 0.47 2)
(4.084166667 0.4683333333 2)
(4.108333333 0.4666666667 2)
(4.1325 0.465 2)
(4.156666667 0.4633333333 2)
(4.180833333 0.4616666667 2)
(4.205 0.46 2)
(4.229166667 0.4583333333 2)
(4.253333333 0.4566666667 2)
(4.2775 0.455 2)
(4.301666667 0.4533333333 2)
(4.325833333 0.4516666667 2)
(4.35 0.45 2)
(4.374166667 0.4483333333 2)
(4.398333333 0.4466666667 2)
(4.4225 0.445 2)
(4.446666667 0.4433333333 2)
(4.470833333 0.4416666667 2)
(4.495 0.44 2)
(4.519166667 0.4383333333 2)
(4.543333333 0.4366666667 2)
(4.5675 0.435 2)
(4.591666667 0.4333333333 2)
(4.615833333 0.4316666667 2)
(4.64 0.43 2)
(4.664166667 0.4283333333 2)
(4.688333333 0.4266666667 2)
(4.7125 0.425 2)
(4.736666667 0.4233333333 2)
(4.760833333 0.4216666667 2)
(4.785 0.42 2)
(4.809166667 0.4183333333 2)
(4.833333333 0.4166666667 2)
(4.8575 0.415 2)
(4.881666667 0.4133333333 2)
(4.905833333 0.4116666667 2)
(4.93 0.41 2)
(4.954166667 0.4083333333 2)
(4.978333333 0.4066666667 2)
(5.0025 0.405 2)
(5.026666667 0.4033333333 2)
(5.050833333 0.4016666667 2)
(5.075 0.4 2)
(5.099166667 0.3983333333 2)
(5.123333333 0.3966666667 2)
(5.1475 0.395 2)
(5.171666667 0.3933333333 2)
(5.195833333 0.3916666667 2)
(5.22 0.39 2)
(5.244166667 0.3883333333 2)
(5.268333333 0.3866666667 2)
(5.2925 0.385 2)
(5.316666667 0.3833333333 2)
(5.340833333 0.3816666667 2)
(5.365 0.38 2)
(5.389166667 0.3783333333 2)
(5.413333333 0.3766666667 2)
(5.4375 0.375 2)
(5.461666667 0.3733333333 2)
(5.485833333 0.3716666667 2)
(5.51 0.37 2)
(5.534166667 0.3683333333 2)
(5.558333333 0.3666666667 2)
(5.5825 0.365 2)
(5.606666667 0.3633333333 2)
(5.630833333 0.3616666667 2)
(5.655 0.36 2)
(5.679166667 0.3583333333 2)
(5.703333333 0.3566666667 2)
(5.7275 0.355 2)
(5.751666667 0.3533333333 2)
(5.775833333 0.3516666667 2)
(5.8 0.35 2)
(5.824166667 0.3483333333 2)
(5.848333333 0.3466666667 2)
(5.8725 0.345 2)
(5.896666667 0.3433333333 2)
(5.920833333 0.3416666667 2)
(5.945 0.34 2)
(5.969166667 0.3383333333 2)
(5.993333333 0.3366666667 2)
(6.0175 0.335 2)
(6.041666667 0.3333333333 2)
(6.065833333 0.3316666667 2)
(6.09 0.33 2)
(6.114166667 0.3283333333 2)
(6.138333333 0.3266666667 2)
(6.1625 0.325 2)
(6.186666667 0.3233333333 2)
(6.210833333 0.3216666667 2)
(6.235 0.32 2)
(6.259166667 0.3183333333 2)
(6.283333333 0.3166666667 2)
(6.3075 0.315 2)
(6.331666667 0.3133333333 2)
(6.355833333 0.3116666667 2)
(6.38 0.31 2)
(6.404166667 0.3083333333 2)
(6.428333333 0.3066666667 2)
(6.4525 0.305 2)
(6.476666667 0.3033333333 2)
(6.500833333 0.3016666667 2)
(6.525 0.3 2)
(6.549166667 0.2983333333 2)
(6.573333333 0.2966666667 2)
(6.5975 0.295 2)
(6.621666667 0.2933333333 2)
(6.645833333 0.2916666667 2)
(6.67 0.29 2)
(6.694166667 0.2883333333 2)
(6.718333333 0.2866666667 2)
(6.7425 0.285 2)
(6.766666667 0.2833333333 2)
(6.790833333 0.2816666667 2)
(6.815 0.28 2)
(6.839166667 0.2783333333 2)
(6.863333333 0.2766666667 2)
(6.8875 0.275 2)
(6.911666667 0.2733333333 2)
(6.935833333 0.2716666667 2)
(6.96 0.27 2)
(6.984166667 0.2683333333 2)
(7.008333333 0.2666666667 2)
(7.0325 0.265 2)
(7.056666667 0.2633333333 2)
(7.080833333 0.2616666667 2)
(7.105 0.26 2)
(7.129166667 0.2583333333 2)
(7.153333333 0.2566666667 2)
(7.1775 0.255 2)
(7.201666667 0.2533333333 2)
(7.225833333 0.2516666667 2)
(7.25 0.25 2)
(0 2 0)
(0.02416666667 2 0)
(0.04833333333 2 0)
(0.0725 2 0)
(0.09666666667 2 0)
(0.1208333333 2 0)
(0.145 2 0)
(0.1691666667 2 0)
(0.1933333333 2 0)
(0.2175 2 0)
(0.2416666667 2 0)
(0.2658333333 2 0)
(0.29 2 0)
(0.3141666667 2 0)
(0.3383333333 2 0)
(0.3625 2 0)
(0.3866666667 2 0)
(0.4108333333 2 0)
(0.435 2 0)
(0.4591666667 2 0)
(0.4833333333 2 0)
(0.5075 2 0)
(0.5316666667 2 0)
(0.5558333333 2 0)
(0.58 2 0)
(0.6041666667 2 0)
(0.6283333333 2 0)
(0.6525 2 0)
(0.6766666667 2 0)
(0.7008333333 2 0)
(0.725 2 0)
(0.7491666667 2 0)
(0.7733333333 2 0)
(0.7975 2 0)
(0.8216666667 2 0)
(0.8458333333 2 0)
(0.87 2 0)
(0.8941666667 2 0)
(0.9183333333 2 0)
(0.9425 2 0)
(0.9666666667 2 0)
(0.9908333333 2 0)
(1.015 2 0)
(1.039166667 2 0)
(1.063333333 2 0)
(1.0875 2 0)
(1.111666667 2 0)
(1.135833333 2 0)
(1.16 2 0)
(1.184166667 2 0)
(1.208333333 2 0)
(1.2325 2 0)
(1.256666667 2 0)
(1.280833333 2 0)
(1.305 2 0)
(1.329166667 2 0)
(1.353333333 2 0)
(1.3775 2 0)
(1.401666667 2 0)
(1.425833333 2 0)
(1.45 2 0)
(1.474166667 2 0)
(1.498333333 2 0)
(1.5225 2 0)
(1.546666667 2 0)
(1.570833333 2 0)
(1.595 2 0)
(1.619166667 2 0)
(1.643333333 2 0)
(1.6675 2 0)
(1.691666667 2 0)
(1.715833333 2 0)
(1.74 2 0)
(1.764166667 2 0)
(1.788333333 2 0)
(1.8125 2 0)
(1.836666667 2 0)
(1.860833333 2 0)
(1.885 2 0)
(1.909166667 2 0)
(1.933333333 2 0)
(1.9575 2 0)
(1.981666667 2 0)
(2.005833333 2 0)
(2.03 2 0)
(2.054166667 2 0)
(2.078333333 2 0)
(2.1025 2 0)
(2.126666667 2 0)
(2.150833333 2 0)
(2.175 2 0)
(2.199166667 2 0)
(2.223333333 2 0)
(2.2475 2 0)
(2.271666667 2 0)
(2.295833333 2 0)
(2.32 2 0)
(2.344166667 2 0)
(2.368333333 2 0)
(2.3925 2 0)
(2.416666667 2 0)
(2.440833333 2 0)
(2.465 2 0)
(2.489166667 2 0)
(2.513333333 2 0)
(2.5375 2 0)
(2.561666667 2 0)
(2.585833333 2 0)
(2.61 2 0)
(2.634166667 2 0)
(2.658333333 2 0)
(2.6825 2 0)
(2.706666667 2 0)
(2.730833333 2 0)
(2.755 2 0)
(2.779166667 2 0)
(2.803333333 2 0)
(2.8275 2 0)
(2.851666667 2 0)
(2.875833333 2 0)
(2.9 2 0)
(2.924166667 2 0)
(2.948333333 2 0)
(2.9725 2 0)
(2.996666667 2 0)
(3.020833333 2 0)
(3.045 2 0)
(3.069166667 2 0)
(3.093333333 2 0)
(3.1175 2 0)
(3.141666667 2 0)
(3.165833333 2 0)
(3.19 2 0)
(3.214166667 2 0)
(3.238333333 2 0)
(3.2625 2 0)
(3.286666667 2 0)
(3.310833333 2 0)
(3.335 2 0)
(3.359166667 2 0)
(3.383333333 2 0)
(3.4075 2 0)
(3.431666667 2 0)
(3.455833333 2 0)
(3.48 2 0)
(3.504166667 2 0)
(3.528333333 2 0)
(3.5525 2 0)
(3.576666667 2 0)
(3.600833333 2 0)
(3.625 2 0)
(3.649166667 2 0)
(3.673333333 2 0)
(3.6975 2 0)
(3.721666667 2 0)
(3.745833333 2 0)
(3.77 2 0)
(3.794166667 2 0)
(3.818333333 2 0)
(3.8425 2 0)
(3.866666667 2 0)
(3.890833333 2 0)
(3.915 2 0)
(3.939166667 2 0)
(3.963333333 2 0)
(3.9875 2 0)
(4.011666667 2 0)
(4.035833333 2 0)
(4.06 2 0)
(4.084166667 2 0)
(4.108333333 2 0)
(4.1325 2 0)
(4.156666667 2 0)
(4.180833333 2 0)
(4.205 2 0)
(4.229166667 2 0)
(4.253333333 2 0)
(4.2775 2 0)
(4.301666667 2 0)
(4.325833333 2 0)
(4.35 2 0)
(4.374166667 2 0)
(4.398333333 2 0)
(4.4225 2 0)
(4.446666667 2 0)
(4.470833333 2 0)
(4.495 2 0)
(4.519166667 2 0)
(4.543333333 2 0)
(4.5675 2 0)
(4.591666667 2 0)
(4.615833333 2 0)
(4.64 2 0)
(4.664166667 2 0)
(4.688333333 2 0)
(4.7125 2 0)
(4.736666667 2 0)
(4.760833333 2 0)
(4.785 2 0)
(4.809166667 2 0)
(4.833333333 2 0)
(4.8575 2 0)
(4.881666667 2 0)
(4.905833333 2 0)
(4.93 2 0)
(4.954166667 2 0)
(4.978333333 2 0)
(5.0025 2 0)
(5.026666667 2 0)
(5.050833333 2 0)
(5.075 2 0)
(5.099166667 2 0)
(5.123333333 2 0)
(5.1475 2 0)
(5.171666667 2 0)
(5.195833333 2 0)
(5.22 2 0)
(5.244166667 2 0)
(5.268333333 2 0)
(5.2925 2 0)
(5.316666667 2 0)
(5.340833333 2 0)
(5.365 2 0)
(5.389166667 2 0)
(5.413333333 2 0)
(5.4375 2 0)
(5.461666667 2 0)
(5.485833333 2 0)
(5.51 2 0)
(5.534166667 2 0)
(5.558333333 2 0)
(5.5825 2 0)
(5.606666667 2 0)
(5.630833333 2 0)
(5.655 2 0)
(5.679166667 2 0)
(5.703333333 2 0)
(5.7275 2 0)
(5.751666667 2 0)
(5.775833333 2 0)
(5.8 2 0)
(5.824166667 2 0)
(5.848333333 2 0)
(5.8725 2 0)
(5.896666667 2 0)
(5.920833333 2 0)
(5.945 2 0)
(5.969166667 2 0)
(5.993333333 2 0)
(6.0175 2 0)
(6.041666667 2 0)
(6.065833333 2 0)
(6.09 2 0)
(6.114166667 2 0)
(6.138333333 2 0)
(6.1625 2 0)
(6.186666667 2 0)
(6.210833333 2 0)
(6.235 2 0)
(6.259166667 2 0)
(6.283333333 2 0)
(6.3075 2 0)
(6.331666667 2 0)
(6.355833333 2 0)
(6.38 2 0)
(6.404166667 2 0)
(6.428333333 2 0)
(6.4525 2 0)
(6.476666667 2 0)
(6.500833333 2 0)
(6.525 2 0)
(6.549166667 2 0)
(6.573333333 2 0)
(6.5975 2 0)
(6.621666667 2 0)
(6.645833333 2 0)
(6.67 2 0)
(6.694166667 2 0)
(6.718333333 2 0)
(6.7425 2 0)
(6.766666667 2 0)
(6.790833333 2 0)
(6.815 2 0)
(6.839166667 2 0)
(6.863333333 2 0)
(6.8875 2 0)
(6.911666667 2 0)
(6.935833333 2 0)
(6.96 2 0)
(6.984166667 2 0)
(7.008333333 2 0)
(7.0325 2 0)
(7.056666667 2 0)
(7.080833333 2 0)
(7.105 2 0)
(7.129166667 2 0)
(7.153333333 2 0)
(7.1775 2 0)
(7.201666667 2 0)
(7.225833333 2 0)
(7.25 2 0)
(0 2 2)
(0.02416666667 2 2)
(0.04833333333 2 2)
(0.0725 2 2)
(0.09666666667 2 2)
(0.1208333333 2 2)
(0.145 2 2)
(0.1691666667 2 2)
(0.1933333333 2 2)
(0.2175 2 2)
(0.2416666667 2 2)
(0.2658333333 2 2)
(0.29 2 2)
(0.3141666667 2 2)
(0.3383333333 2 2)
(0.3625 2 2)
(0.3866666667 2 2)
(0.4108333333 2 2)
(0.435 2 2)
(0.4591666667 2 2)
(0.4833333333 2 2)
(0.5075 2 2)
(0.5316666667 2 2)
(0.5558333333 2 2)
(0.58 2 2)
(0.6041666667 2 2)
(0.6283333333 2 2)
(0.6525 2 2)
(0.6766666667 2 2)
(0.7008333333 2 2)
(0.725 2 2)
(0.7491666667 2 2)
(0.7733333333 2 2)
(0.7975 2 2)
(0.8216666667 2 2)
(0.8458333333 2 2)
(0.87 2 2)
(0.8941666667 2 2)
(0.9183333333 2 2)
(0.9425 2 2)
(0.9666666667 2 2)
(0.9908333333 2 2)
(1.015 2 2)
(1.039166667 2 2)
(1.063333333 2 2)
(1.0875 2 2)
(1.111666667 2 2)
(1.135833333 2 2)
(1.16 2 2)
(1.184166667 2 2)
(1.208333333 2 2)
(1.2325 2 2)
(1.256666667 2 2)
(1.280833333 2 2)
(1.305 2 2)
(1.329166667 2 2)
(1.353333333 2 2)
(1.3775 2 2)
(1.401666667 2 2)
(1.425833333 2 2)
(1.45 2 2)
(1.474166667 2 2)
(1.498333333 2 2)
(1.5225 2 2)
(1.546666667 2 2)
(1.570833333 2 2)
(1.595 2 2)
(1.619166667 2 2)
(1.643333333 2 2)
(1.6675 2 2)
(1.691666667 2 2)
(1.715833333 2 2)
(1.74 2 2)
(1.764166667 2 2)
(1.788333333 2 2)
(1.8125 2 2)
(1.836666667 2 2)
(1.860833333 2 2)
(1.885 2 2)
(1.909166667 2 2)
(1.933333333 2 2)
(1.9575 2 2)
(1.981666667 2 2)
(2.005833333 2 2)
(2.03 2 2)
(2.054166667 2 2)
(2.078333333 2 2)
(2.1025 2 2)
(2.126666667 2 2)
(2.150833333 2 2)
(2.175 2 2)
(2.199166667 2 2)
(2.223333333 2 2)
(2.2475 2 2)
(2.271666667 2 2)
(2.295833333 2 2)
(2.32 2 2)
(2.344166667 2 2)
(2.368333333 2 2)
(2.3925 2 2)
(2.416666667 2 2)
(2.440833333 2 2)
(2.465 2 2)
(2.489166667 2 2)
(2.513333333 2 2)
(2.5375 2 2)
(2.561666667 2 2)
(2.585833333 2 2)
(2.61 2 2)
(2.634166667 2 2)
(2.658333333 2 2)
(2.6825 2 2)
(2.706666667 2 2)
(2.730833333 2 2)
(2.755 2 2)
(2.779166667 2 2)
(2.803333333 2 2)
(2.8275 2 2)
(2.851666667 2 2)
(2.875833333 2 2)
(2.9 2 2)
(2.924166667 2 2)
(2.948333333 2 2)
(2.9725 2 2)
(2.996666667 2 2)
(3.020833333 2 2)
(3.045 2 2)
(3.069166667 2 2)
(3.093333333 2 2)
(3.1175 2 2)
(3.141666667 2 2)
(3.165833333 2 2)
(3.19 2 2)
(3.214166667 2 2)
(3.238333333 2 2)
(3.2625 2 2)
(3.286666667 2 2)
(3.310833333 2 2)
(3.335 2 2)
(3.359166667 2 2)
(3.383333333 2 2)
(3.4075 2 2)
(3.431666667 2 2)
(3.455833333 2 2)
(3.48 2 2)
(3.504166667 2 2)
(3.528333333 2 2)
(3.5525 2 2)
(3.576666667 2 2)
(3.600833333 2 2)
(3.625 2 2)
(3.649166667 2 2)
(3.673333333 2 2)
(3.6975 2 2)
(3.721666667 2 2)
(3.745833333 2 2)
(3.77 2 2)
(3.794166667 2 2)
(3.818333333 2 2)
(3.8425 2 2)
(3.866666667 2 2)
(3.890833333 2 2)
(3.915 2 2)
(3.939166667 2 2)
(3.963333333 2 2)
(3.9875 2 2)
(4.011666667 2 2)
(4.035833333 2 2)
(4.06 2 2)
(4.084166667 2 2)
(4.108333333 2 2)
(4.1325 2 2)
(4.156666667 2 2)
(4.180833333 2 2)
(4.205 2 2)
(4.229166667 2 2)
(4.253333333 2 2)
(4.2775 2 2)
(4.301666667 2 2)
(4.325833333 2 2)
(4.35 2 2)
(4.374166667 2 2)
(4.398333333 2 2)
(4.4225 2 2)
(4.446666667 2 2)
(4.470833333 2 2)
(4.495 2 2)
(4.519166667 2 2)
(4.543333333 2 2)
(4.5675 2 2)
(4.591666667 2 2)
(4.615833333 2 2)
(4.64 2 2)
(4.664166667 2 2)
(4.688333333 2 2)
(4.7125 2 2)
(4.736666667 2 2)
(4.760833333 2 2)
(4.785 2 2)
(4.809166667 2 2)
(4.833333333 2 2)
(4.8575 2 2)
(4.881666667 2 2)
(4.905833333 2 2)
(4.93 2 2)
(4.954166667 2 2)
(4.978333333 2 2)
(5.0025 2 2)
(5.026666667 2 2)
(5.050833333 2 2)
(5.075 2 2)
(5.099166667 2 2)
(5.123333333 2 2)
(5.1475 2 2)
(5.171666667 2 2)
(5.195833333 2 2)
(5.22 2 2)
(5.244166667 2 2)
(5.268333333 2 2)
(5.2925 2 2)
(5.316666667 2 2)
(5.340833333 2 2)
(5.365 2 2)
(5.389166667 2 2)
(5.413333333 2 2)
(5.4375 2 2)
(5.461666667 2 2)
(5.485833333 2 2)
(5.51 2 2)
(5.534166667 2 2)
(5.558333333 2 2)
(5.5825 2 2)
(5.606666667 2 2)
(5.630833333 2 2)
(5.655 2 2)
(5.679166667 2 2)
(5.703333333 2 2)
(5.7275 2 2)
(5.751666667 2 2)
(5.775833333 2 2)
(5.8 2 2)
(5.824166667 2 2)
(5.848333333 2 2)
(5.8725 2 2)
(5.896666667 2 2)
(5.920833333 2 2)
(5.945 2 2)
(5.969166667 2 2)
(5.993333333 2 2)
(6.0175 2 2)
(6.041666667 2 2)
(6.065833333 2 2)
(6.09 2 2)
(6.114166667 2 2)
(6.138333333 2 2)
(6.1625 2 2)
(6.186666667 2 2)
(6.210833333 2 2)
(6.235 2 2)
(6.259166667 2 2)
(6.283333333 2 2)
(6.3075 2 2)
(6.331666667 2 2)
(6.355833333 2 2)
(6.38 2 2)
(6.404166667 2 2)
(6.428333333 2 2)
(6.4525 2 2)
(6.476666667 2 2)
(6.500833333 2 2)
(6.525 2 2)
(6.549166667 2 2)
(6.573333333 2 2)
(6.5975 2 2)
(6.621666667 2 2)
(6.645833333 2 2)
(6.67 2 2)
(6.694166667 2 2)
(6.718333333 2 2)
(6.7425 2 2)
(6.766666667 2 2)
(6.790833333 2 2)
(6.815 2 2)
(6.839166667 2 2)
(6.863333333 2 2)
(6.8875 2 2)
(6.911666667 2 2)
(6.935833333 2 2)
(6.96 2 2)
(6.984166667 2 2)
(7.008333333 2 2)
(7.0325 2 2)
(7.056666667 2 2)
(7.080833333 2 2)
(7.105 2 2)
(7.129166667 2 2)
(7.153333333 2 2)
(7.1775 2 2)
(7.201666667 2 2)
(7.225833333 2 2)
(7.25 2 2)
(7.2525 0.25 0)
(7.255 0.25 0)
(7.2575 0.25 0)
(7.26 0.25 0)
(7.2625 0.25 0)
(7.265 0.25 0)
(7.2675 0.25 0)
(7.27 0.25 0)
(7.2725 0.25 0)
(7.275 0.25 0)
(7.2775 0.25 0)
(7.28 0.25 0)
(7.2825 0.25 0)
(7.285 0.25 0)
(7.2875 0.25 0)
(7.29 0.25 0)
(7.2925 0.25 0)
(7.295 0.25 0)
(7.2975 0.25 0)
(7.3 0.25 0)
(7.3025 0.25 0)
(7.305 0.25 0)
(7.3075 0.25 0)
(7.31 0.25 0)
(7.3125 0.25 0)
(7.315 0.25 0)
(7.3175 0.25 0)
(7.32 0.25 0)
(7.3225 0.25 0)
(7.325 0.25 0)
(7.3275 0.25 0)
(7.33 0.25 0)
(7.3325 0.25 0)
(7.335 0.25 0)
(7.3375 0.25 0)
(7.34 0.25 0)
(7.3425 0.25 0)
(7.345 0.25 0)
(7.3475 0.25 0)
(7.35 0.25 0)
(7.3525 0.25 0)
(7.355 0.25 0)
(7.3575 0.25 0)
(7.36 0.25 0)
(7.3625 0.25 0)
(7.365 0.25 0)
(7.3675 0.25 0)
(7.37 0.25 0)
(7.3725 0.25 0)
(7.375 0.25 0)
(7.3775 0.25 0)
(7.38 0.25 0)
(7.3825 0.25 0)
(7.385 0.25 0)
(7.3875 0.25 0)
(7.39 0.25 0)
(7.3925 0.25 0)
(7.395 0.25 0)
(7.3975 0.25 0)
(7.4 0.25 0)
(7.4025 0.25 0)
(7.405 0.25 0)
(7.4075 0.25 0)
(7.41 0.25 0)
(7.4125 0.25 0)
(7.415 0.25 0)
(7.4175 0.25 0)
(7.42 0.25 0)
(7.4225 0.25 0)
(7.425 0.25 0)
(7.4275 0.25 0)
(7.43 0.25 0)
(7.4325 0.25 0)
(7.435 0.25 0)
(7.4375 0.25 0)
(7.44 0.25 0)
(7.4425 0.25 0)
(7.445 0.25 0)
(7.4475 0.25 0)
(7.45 0.25 0)
(7.4525 0.25 0)
(7.455 0.25 0)
(7.4575 0.25 0)
(7.46 0.25 0)
(7.4625 0.25 0)
(7.465 0.25 0)
(7.4675 0.25 0)
(7.47 0.25 0)
(7.4725 0.25 0)
(7.475 0.25 0)
(7.4775 0.25 0)
(7.48 0.25 0)
(7.4825 0.25 0)
(7.485 0.25 0)
(7.4875 0.25 0)
(7.49 0.25 0)
(7.4925 0.25 0)
(7.495 0.25 0)
(7.4975 0.25 0)
(7.5 0.25 0)
(7.2525 2 0)
(7.255 2 0)
(7.2575 2 0)
(7.26 2 0)
(7.2625 2 0)
(7.265 2 0)
(7.2675 2 0)
(7.27 2 0)
(7.2725 2 0)
(7.275 2 0)
(7.2775 2 0)
(7.28 2 0)
(7.2825 2 0)
(7.285 2 0)
(7.2875 2 0)
(7.29 2 0)
(7.2925 2 0)
(7.295 2 0)
(7.2975 2 0)
(7.3 2 0)
(7.3025 2 0)
(7.305 2 0)
(7.3075 2 0)
(7.31 2 0)
(7.3125 2 0)
(7.315 2 0)
(7.3175 2 0)
(7.32 2 0)
(7.3225 2 0)
(7.325 2 0)
(7.3275 2 0)
(7.33 2 0)
(7.3325 2 0)
(7.335 2 0)
(7.3375 2 0)
(7.34 2 0)
(7.3425 2 0)
(7.345 2 0)
(7.3475 2 0)
(7.35 2 0)
(7.3525 2 0)
(7.355 2 0)
(7.3575 2 0)
(7.36 2 0)
(7.3625 2 0)
(7.365 2 0)
(7.3675 2 0)
(7.37 2 0)
(7.3725 2 0)
(7.375 2 0)
(7.3775 2 0)
(7.38 2 0)
(7.3825 2 0)
(7.385 2 0)
(7.3875 2 0)
(7.39 2 0)
(7.3925 2 0)
(7.395 2 0)
(7.3975 2 0)
(7.4 2 0)
(7.4025 2 0)
(7.405 2 0)
(7.4075 2 0)
(7.41 2 0)
(7.4125 2 0)
(7.415 2 0)
(7.4175 2 0)
(7.42 2 0)
(7.4225 2 0)
(7.425 2 0)
(7.4275 2 0)
(7.43 2 0)
(7.4325 2 0)
(7.435 2 0)
(7.4375 2 0)
(7.44 2 0)
(7.4425 2 0)
(7.445 2 0)
(7.4475 2 0)
(7.45 2 0)
(7.4525 2 0)
(7.455 2 0)
(7.4575 2 0)
(7.46 2 0)
(7.4625 2 0)
(7.465 2 0)
(7.4675 2 0)
(7.47 2 0)
(7.4725 2 0)
(7.475 2 0)
(7.4775 2 0)
(7.48 2 0)
(7.4825 2 0)
(7.485 2 0)
(7.4875 2 0)
(7.49 2 0)
(7.4925 2 0)
(7.495 2 0)
(7.4975 2 0)
(7.5 2 0)
(7.2525 0.25 2)
(7.255 0.25 2)
(7.2575 0.25 2)
(7.26 0.25 2)
(7.2625 0.25 2)
(7.265 0.25 2)
(7.2675 0.25 2)
(7.27 0.25 2)
(7.2725 0.25 2)
(7.275 0.25 2)
(7.2775 0.25 2)
(7.28 0.25 2)
(7.2825 0.25 2)
(7.285 0.25 2)
(7.2875 0.25 2)
(7.29 0.25 2)
(7.2925 0.25 2)
(7.295 0.25 2)
(7.2975 0.25 2)
(7.3 0.25 2)
(7.3025 0.25 2)
(7.305 0.25 2)
(7.3075 0.25 2)
(7.31 0.25 2)
(7.3125 0.25 2)
(7.315 0.25 2)
(7.3175 0.25 2)
(7.32 0.25 2)
(7.3225 0.25 2)
(7.325 0.25 2)
(7.3275 0.25 2)
(7.33 0.25 2)
(7.3325 0.25 2)
(7.335 0.25 2)
(7.3375 0.25 2)
(7.34 0.25 2)
(7.3425 0.25 2)
(7.345 0.25 2)
(7.3475 0.25 2)
(7.35 0.25 2)
(7.3525 0.25 2)
(7.355 0.25 2)
(7.3575 0.25 2)
(7.36 0.25 2)
(7.3625 0.25 2)
(7.365 0.25 2)
(7.3675 0.25 2)
(7.37 0.25 2)
(7.3725 0.25 2)
(7.375 0.25 2)
(7.3775 0.25 2)
(7.38 0.25 2)
(7.3825 0.25 2)
(7.385 0.25 2)
(7.3875 0.25 2)
(7.39 0.25 2)
(7.3925 0.25 2)
(7.395 0.25 2)
(7.3975 0.25 2)
(7.4 0.25 2)
(7.4025 0.25 2)
(7.405 0.25 2)
(7.4075 0.25 2)
(7.41 0.25 2)
(7.4125 0.25 2)
(7.415 0.25 2)
(7.4175 0.25 2)
(7.42 0.25 2)
(7.4225 0.25 2)
(7.425 0.25 2)
(7.4275 0.25 2)
(7.43 0.25 2)
(7.4325 0.25 2)
(7.435 0.25 2)
(7.4375 0.25 2)
(7.44 0.25 2)
(7.4425 0.25 2)
(7.445 0.25 2)
(7.4475 0.25 2)
(7.45 0.25 2)
(7.4525 0.25 2)
(7.455 0.25 2)
(7.4575 0.25 2)
(7.46 0.25 2)
(7.4625 0.25 2)
(7.465 0.25 2)
(7.4675 0.25 2)
(7.47 0.25 2)
(7.4725 0.25 2)
(7.475 0.25 2)
(7.4775 0.25 2)
(7.48 0.25 2)
(7.4825 0.25 2)
(7.485 0.25 2)
(7.4875 0.25 2)
(7.49 0.25 2)
(7.4925 0.25 2)
(7.495 0.25 2)
(7.4975 0.25 2)
(7.5 0.25 2)
(7.2525 2 2)
(7.255 2 2)
(7.2575 2 2)
(7.26 2 2)
(7.2625 2 2)
(7.265 2 2)
(7.2675 2 2)
(7.27 2 2)
(7.2725 2 2)
(7.275 2 2)
(7.2775 2 2)
(7.28 2 2)
(7.2825 2 2)
(7.285 2 2)
(7.2875 2 2)
(7.29 2 2)
(7.2925 2 2)
(7.295 2 2)
(7.2975 2 2)
(7.3 2 2)
(7.3025 2 2)
(7.305 2 2)
(7.3075 2 2)
(7.31 2 2)
(7.3125 2 2)
(7.315 2 2)
(7.3175 2 2)
(7.32 2 2)
(7.3225 2 2)
(7.325 2 2)
(7.3275 2 2)
(7.33 2 2)
(7.3325 2 2)
(7.335 2 2)
(7.3375 2 2)
(7.34 2 2)
(7.3425 2 2)
(7.345 2 2)
(7.3475 2 2)
(7.35 2 2)
(7.3525 2 2)
(7.355 2 2)
(7.3575 2 2)
(7.36 2 2)
(7.3625 2 2)
(7.365 2 2)
(7.3675 2 2)
(7.37 2 2)
(7.3725 2 2)
(7.375 2 2)
(7.3775 2 2)
(7.38 2 2)
(7.3825 2 2)
(7.385 2 2)
(7.3875 2 2)
(7.39 2 2)
(7.3925 2 2)
(7.395 2 2)
(7.3975 2 2)
(7.4 2 2)
(7.4025 2 2)
(7.405 2 2)
(7.4075 2 2)
(7.41 2 2)
(7.4125 2 2)
(7.415 2 2)
(7.4175 2 2)
(7.42 2 2)
(7.4225 2 2)
(7.425 2 2)
(7.4275 2 2)
(7.43 2 2)
(7.4325 2 2)
(7.435 2 2)
(7.4375 2 2)
(7.44 2 2)
(7.4425 2 2)
(7.445 2 2)
(7.4475 2 2)
(7.45 2 2)
(7.4525 2 2)
(7.455 2 2)
(7.4575 2 2)
(7.46 2 2)
(7.4625 2 2)
(7.465 2 2)
(7.4675 2 2)
(7.47 2 2)
(7.4725 2 2)
(7.475 2 2)
(7.4775 2 2)
(7.48 2 2)
(7.4825 2 2)
(7.485 2 2)
(7.4875 2 2)
(7.49 2 2)
(7.4925 2 2)
(7.495 2 2)
(7.4975 2 2)
(7.5 2 2)
(7.75 0 0)
(7.765 0 0)
(7.78 0 0)
(7.795 0 0)
(7.81 0 0)
(7.825 0 0)
(7.84 0 0)
(7.855 0 0)
(7.87 0 0)
(7.885 0 0)
(7.9 0 0)
(7.915 0 0)
(7.93 0 0)
(7.945 0 0)
(7.96 0 0)
(7.975 0 0)
(7.99 0 0)
(8.005 0 0)
(8.02 0 0)
(8.035 0 0)
(8.05 0 0)
(8.065 0 0)
(8.08 0 0)
(8.095 0 0)
(8.11 0 0)
(8.125 0 0)
(8.14 0 0)
(8.155 0 0)
(8.17 0 0)
(8.185 0 0)
(8.2 0 0)
(8.215 0 0)
(8.23 0 0)
(8.245 0 0)
(8.26 0 0)
(8.275 0 0)
(8.29 0 0)
(8.305 0 0)
(8.32 0 0)
(8.335 0 0)
(8.35 0 0)
(8.365 0 0)
(8.38 0 0)
(8.395 0 0)
(8.41 0 0)
(8.425 0 0)
(8.44 0 0)
(8.455 0 0)
(8.47 0 0)
(8.485 0 0)
(8.5 0 0)
(8.515 0 0)
(8.53 0 0)
(8.545 0 0)
(8.56 0 0)
(8.575 0 0)
(8.59 0 0)
(8.605 0 0)
(8.62 0 0)
(8.635 0 0)
(8.65 0 0)
(8.665 0 0)
(8.68 0 0)
(8.695 0 0)
(8.71 0 0)
(8.725 0 0)
(8.74 0 0)
(8.755 0 0)
(8.77 0 0)
(8.785 0 0)
(8.8 0 0)
(8.815 0 0)
(8.83 0 0)
(8.845 0 0)
(8.86 0 0)
(8.875 0 0)
(8.89 0 0)
(8.905 0 0)
(8.92 0 0)
(8.935 0 0)
(8.95 0 0)
(8.965 0 0)
(8.98 0 0)
(8.995 0 0)
(9.01 0 0)
(9.025 0 0)
(9.04 0 0)
(9.055 0 0)
(9.07 0 0)
(9.085 0 0)
(9.1 0 0)
(9.115 0 0)
(9.13 0 0)
(9.145 0 0)
(9.16 0 0)
(9.175 0 0)
(9.19 0 0)
(9.205 0 0)
(9.22 0 0)
(9.235 0 0)
(9.25 0 0)
(9.265 0 0)
(9.28 0 0)
(9.295 0 0)
(9.31 0 0)
(9.325 0 0)
(9.34 0 0)
(9.355 0 0)
(9.37 0 0)
(9.385 0 0)
(9.4 0 0)
(9.415 0 0)
(9.43 0 0)
(9.445 0 0)
(9.46 0 0)
(9.475 0 0)
(9.49 0 0)
(9.505 0 0)
(9.52 0 0)
(9.535 0 0)
(9.55 0 0)
(9.565 0 0)
(9.58 0 0)
(9.595 0 0)
(9.61 0 0)
(9.625 0 0)
(9.64 0 0)
(9.655 0 0)
(9.67 0 0)
(9.685 0 0)
(9.7 0 0)
(9.715 0 0)
(9.73 0 0)
(9.745 0 0)
(9.76 0 0)
(9.775 0 0)
(9.79 0 0)
(9.805 0 0)
(9.82 0 0)
(9.835 0 0)
(9.85 0 0)
(9.865 0 0)
(9.88 0 0)
(9.895 0 0)
(9.91 0 0)
(9.925 0 0)
(9.94 0 0)
(9.955 0 0)
(9.97 0 0)
(9.985 0 0)
(10 0 0)
(7.516666667 0.2533333333 0)
(7.533333333 0.2566666667 0)
(7.55 0.26 0)
(7.566666667 0.2633333333 0)
(7.583333333 0.2666666667 0)
(7.6 0.27 0)
(7.616666667 0.2733333333 0)
(7.633333333 0.2766666667 0)
(7.65 0.28 0)
(7.666666667 0.2833333333 0)
(7.683333333 0.2866666667 0)
(7.7 0.29 0)
(7.716666667 0.2933333333 0)
(7.733333333 0.2966666667 0)
(7.75 0.3 0)
(7.766666667 0.3033333333 0)
(7.783333333 0.3066666667 0)
(7.8 0.31 0)
(7.816666667 0.3133333333 0)
(7.833333333 0.3166666667 0)
(7.85 0.32 0)
(7.866666667 0.3233333333 0)
(7.883333333 0.3266666667 0)
(7.9 0.33 0)
(7.916666667 0.3333333333 0)
(7.933333333 0.3366666667 0)
(7.95 0.34 0)
(7.966666667 0.3433333333 0)
(7.983333333 0.3466666667 0)
(8 0.35 0)
(8.016666667 0.3533333333 0)
(8.033333333 0.3566666667 0)
(8.05 0.36 0)
(8.066666667 0.3633333333 0)
(8.083333333 0.3666666667 0)
(8.1 0.37 0)
(8.116666667 0.3733333333 0)
(8.133333333 0.3766666667 0)
(8.15 0.38 0)
(8.166666667 0.3833333333 0)
(8.183333333 0.3866666667 0)
(8.2 0.39 0)
(8.216666667 0.3933333333 0)
(8.233333333 0.3966666667 0)
(8.25 0.4 0)
(8.266666667 0.4033333333 0)
(8.283333333 0.4066666667 0)
(8.3 0.41 0)
(8.316666667 0.4133333333 0)
(8.333333333 0.4166666667 0)
(8.35 0.42 0)
(8.366666667 0.4233333333 0)
(8.383333333 0.4266666667 0)
(8.4 0.43 0)
(8.416666667 0.4333333333 0)
(8.433333333 0.4366666667 0)
(8.45 0.44 0)
(8.466666667 0.4433333333 0)
(8.483333333 0.4466666667 0)
(8.5 0.45 0)
(8.516666667 0.4533333333 0)
(8.533333333 0.4566666667 0)
(8.55 0.46 0)
(8.566666667 0.4633333333 0)
(8.583333333 0.4666666667 0)
(8.6 0.47 0)
(8.616666667 0.4733333333 0)
(8.633333333 0.4766666667 0)
(8.65 0.48 0)
(8.666666667 0.4833333333 0)
(8.683333333 0.4866666667 0)
(8.7 0.49 0)
(8.716666667 0.4933333333 0)
(8.733333333 0.4966666667 0)
(8.75 0.5 0)
(8.766666667 0.5033333333 0)
(8.783333333 0.5066666667 0)
(8.8 0.51 0)
(8.816666667 0.5133333333 0)
(8.833333333 0.5166666667 0)
(8.85 0.52 0)
(8.866666667 0.5233333333 0)
(8.883333333 0.5266666667 0)
(8.9 0.53 0)
(8.916666667 0.5333333333 0)
(8.933333333 0.5366666667 0)
(8.95 0.54 0)
(8.966666667 0.5433333333 0)
(8.983333333 0.5466666667 0)
(9 0.55 0)
(9.016666667 0.5533333333 0)
(9.033333333 0.5566666667 0)
(9.05 0.56 0)
(9.066666667 0.5633333333 0)
(9.083333333 0.5666666667 0)
(9.1 0.57 0)
(9.116666667 0.5733333333 0)
(9.133333333 0.5766666667 0)
(9.15 0.58 0)
(9.166666667 0.5833333333 0)
(9.183333333 0.5866666667 0)
(9.2 0.59 0)
(9.216666667 0.5933333333 0)
(9.233333333 0.5966666667 0)
(9.25 0.6 0)
(9.266666667 0.6033333333 0)
(9.283333333 0.6066666667 0)
(9.3 0.61 0)
(9.316666667 0.6133333333 0)
(9.333333333 0.6166666667 0)
(9.35 0.62 0)
(9.366666667 0.6233333333 0)
(9.383333333 0.6266666667 0)
(9.4 0.63 0)
(9.416666667 0.6333333333 0)
(9.433333333 0.6366666667 0)
(9.45 0.64 0)
(9.466666667 0.6433333333 0)
(9.483333333 0.6466666667 0)
(9.5 0.65 0)
(9.516666667 0.6533333333 0)
(9.533333333 0.6566666667 0)
(9.55 0.66 0)
(9.566666667 0.6633333333 0)
(9.583333333 0.6666666667 0)
(9.6 0.67 0)
(9.616666667 0.6733333333 0)
(9.633333333 0.6766666667 0)
(9.65 0.68 0)
(9.666666667 0.6833333333 0)
(9.683333333 0.6866666667 0)
(9.7 0.69 0)
(9.716666667 0.6933333333 0)
(9.733333333 0.6966666667 0)
(9.75 0.7 0)
(9.766666667 0.7033333333 0)
(9.783333333 0.7066666667 0)
(9.8 0.71 0)
(9.816666667 0.7133333333 0)
(9.833333333 0.7166666667 0)
(9.85 0.72 0)
(9.866666667 0.7233333333 0)
(9.883333333 0.7266666667 0)
(9.9 0.73 0)
(9.916666667 0.7333333333 0)
(9.933333333 0.7366666667 0)
(9.95 0.74 0)
(9.966666667 0.7433333333 0)
(9.983333333 0.7466666667 0)
(10 0.75 0)
(7.75 0 2)
(7.765 0 2)
(7.78 0 2)
(7.795 0 2)
(7.81 0 2)
(7.825 0 2)
(7.84 0 2)
(7.855 0 2)
(7.87 0 2)
(7.885 0 2)
(7.9 0 2)
(7.915 0 2)
(7.93 0 2)
(7.945 0 2)
(7.96 0 2)
(7.975 0 2)
(7.99 0 2)
(8.005 0 2)
(8.02 0 2)
(8.035 0 2)
(8.05 0 2)
(8.065 0 2)
(8.08 0 2)
(8.095 0 2)
(8.11 0 2)
(8.125 0 2)
(8.14 0 2)
(8.155 0 2)
(8.17 0 2)
(8.185 0 2)
(8.2 0 2)
(8.215 0 2)
(8.23 0 2)
(8.245 0 2)
(8.26 0 2)
(8.275 0 2)
(8.29 0 2)
(8.305 0 2)
(8.32 0 2)
(8.335 0 2)
(8.35 0 2)
(8.365 0 2)
(8.38 0 2)
(8.395 0 2)
(8.41 0 2)
(8.425 0 2)
(8.44 0 2)
(8.455 0 2)
(8.47 0 2)
(8.485 0 2)
(8.5 0 2)
(8.515 0 2)
(8.53 0 2)
(8.545 0 2)
(8.56 0 2)
(8.575 0 2)
(8.59 0 2)
(8.605 0 2)
(8.62 0 2)
(8.635 0 2)
(8.65 0 2)
(8.665 0 2)
(8.68 0 2)
(8.695 0 2)
(8.71 0 2)
(8.725 0 2)
(8.74 0 2)
(8.755 0 2)
(8.77 0 2)
(8.785 0 2)
(8.8 0 2)
(8.815 0 2)
(8.83 0 2)
(8.845 0 2)
(8.86 0 2)
(8.875 0 2)
(8.89 0 2)
(8.905 0 2)
(8.92 0 2)
(8.935 0 2)
(8.95 0 2)
(8.965 0 2)
(8.98 0 2)
(8.995 0 2)
(9.01 0 2)
(9.025 0 2)
(9.04 0 2)
(9.055 0 2)
(9.07 0 2)
(9.085 0 2)
(9.1 0 2)
(9.115 0 2)
(9.13 0 2)
(9.145 0 2)
(9.16 0 2)
(9.175 0 2)
(9.19 0 2)
(9.205 0 2)
(9.22 0 2)
(9.235 0 2)
(9.25 0 2)
(9.265 0 2)
(9.28 0 2)
(9.295 0 2)
(9.31 0 2)
(9.325 0 2)
(9.34 0 2)
(9.355 0 2)
(9.37 0 2)
(9.385 0 2)
(9.4 0 2)
(9.415 0 2)
(9.43 0 2)
(9.445 0 2)
(9.46 0 2)
(9.475 0 2)
(9.49 0 2)
(9.505 0 2)
(9.52 0 2)
(9.535 0 2)
(9.55 0 2)
(9.565 0 2)
(9.58 0 2)
(9.595 0 2)
(9.61 0 2)
(9.625 0 2)
(9.64 0 2)
(9.655 0 2)
(9.67 0 2)
(9.685 0 2)
(9.7 0 2)
(9.715 0 2)
(9.73 0 2)
(9.745 0 2)
(9.76 0 2)
(9.775 0 2)
(9.79 0 2)
(9.805 0 2)
(9.82 0 2)
(9.835 0 2)
(9.85 0 2)
(9.865 0 2)
(9.88 0 2)
(9.895 0 2)
(9.91 0 2)
(9.925 0 2)
(9.94 0 2)
(9.955 0 2)
(9.97 0 2)
(9.985 0 2)
(10 0 2)
(7.516666667 0.2533333333 2)
(7.533333333 0.2566666667 2)
(7.55 0.26 2)
(7.566666667 0.2633333333 2)
(7.583333333 0.2666666667 2)
(7.6 0.27 2)
(7.616666667 0.2733333333 2)
(7.633333333 0.2766666667 2)
(7.65 0.28 2)
(7.666666667 0.2833333333 2)
(7.683333333 0.2866666667 2)
(7.7 0.29 2)
(7.716666667 0.2933333333 2)
(7.733333333 0.2966666667 2)
(7.75 0.3 2)
(7.766666667 0.3033333333 2)
(7.783333333 0.3066666667 2)
(7.8 0.31 2)
(7.816666667 0.3133333333 2)
(7.833333333 0.3166666667 2)
(7.85 0.32 2)
(7.866666667 0.3233333333 2)
(7.883333333 0.3266666667 2)
(7.9 0.33 2)
(7.916666667 0.3333333333 2)
(7.933333333 0.3366666667 2)
(7.95 0.34 2)
(7.966666667 0.3433333333 2)
(7.983333333 0.3466666667 2)
(8 0.35 2)
(8.016666667 0.3533333333 2)
(8.033333333 0.3566666667 2)
(8.05 0.36 2)
(8.066666667 0.3633333333 2)
(8.083333333 0.3666666667 2)
(8.1 0.37 2)
(8.116666667 0.3733333333 2)
(8.133333333 0.3766666667 2)
(8.15 0.38 2)
(8.166666667 0.3833333333 2)
(8.183333333 0.3866666667 2)
(8.2 0.39 2)
(8.216666667 0.3933333333 2)
(8.233333333 0.3966666667 2)
(8.25 0.4 2)
(8.266666667 0.4033333333 2)
(8.283333333 0.4066666667 2)
(8.3 0.41 2)
(8.316666667 0.4133333333 2)
(8.333333333 0.4166666667 2)
(8.35 0.42 2)
(8.366666667 0.4233333333 2)
(8.383333333 0.4266666667 2)
(8.4 0.43 2)
(8.416666667 0.4333333333 2)
(8.433333333 0.4366666667 2)
(8.45 0.44 2)
(8.466666667 0.4433333333 2)
(8.483333333 0.4466666667 2)
(8.5 0.45 2)
(8.516666667 0.4533333333 2)
(8.533333333 0.4566666667 2)
(8.55 0.46 2)
(8.566666667 0.4633333333 2)
(8.583333333 0.4666666667 2)
(8.6 0.47 2)
(8.616666667 0.4733333333 2)
(8.633333333 0.4766666667 2)
(8.65 0.48 2)
(8.666666667 0.4833333333 2)
(8.683333333 0.4866666667 2)
(8.7 0.49 2)
(8.716666667 0.4933333333 2)
(8.733333333 0.4966666667 2)
(8.75 0.5 2)
(8.766666667 0.5033333333 2)
(8.783333333 0.5066666667 2)
(8.8 0.51 2)
(8.816666667 0.5133333333 2)
(8.833333333 0.5166666667 2)
(8.85 0.52 2)
(8.866666667 0.5233333333 2)
(8.883333333 0.5266666667 2)
(8.9 0.53 2)
(8.916666667 0.5333333333 2)
(8.933333333 0.5366666667 2)
(8.95 0.54 2)
(8.966666667 0.5433333333 2)
(8.983333333 0.5466666667 2)
(9 0.55 2)
(9.016666667 0.5533333333 2)
(9.033333333 0.5566666667 2)
(9.05 0.56 2)
(9.066666667 0.5633333333 2)
(9.083333333 0.5666666667 2)
(9.1 0.57 2)
(9.116666667 0.5733333333 2)
(9.133333333 0.5766666667 2)
(9.15 0.58 2)
(9.166666667 0.5833333333 2)
(9.183333333 0.5866666667 2)
(9.2 0.59 2)
(9.216666667 0.5933333333 2)
(9.233333333 0.5966666667 2)
(9.25 0.6 2)
(9.266666667 0.6033333333 2)
(9.283333333 0.6066666667 2)
(9.3 0.61 2)
(9.316666667 0.6133333333 2)
(9.333333333 0.6166666667 2)
(9.35 0.62 2)
(9.366666667 0.6233333333 2)
(9.383333333 0.6266666667 2)
(9.4 0.63 2)
(9.416666667 0.6333333333 2)
(9.433333333 0.6366666667 2)
(9.45 0.64 2)
(9.466666667 0.6433333333 2)
(9.483333333 0.6466666667 2)
(9.5 0.65 2)
(9.516666667 0.6533333333 2)
(9.533333333 0.6566666667 2)
(9.55 0.66 2)
(9.566666667 0.6633333333 2)
(9.583333333 0.6666666667 2)
(9.6 0.67 2)
(9.616666667 0.6733333333 2)
(9.633333333 0.6766666667 2)
(9.65 0.68 2)
(9.666666667 0.6833333333 2)
(9.683333333 0.6866666667 2)
(9.7 0.69 2)
(9.716666667 0.6933333333 2)
(9.733333333 0.6966666667 2)
(9.75 0.7 2)
(9.766666667 0.7033333333 2)
(9.783333333 0.7066666667 2)
(9.8 0.71 2)
(9.816666667 0.7133333333 2)
(9.833333333 0.7166666667 2)
(9.85 0.72 2)
(9.866666667 0.7233333333 2)
(9.883333333 0.7266666667 2)
(9.9 0.73 2)
(9.916666667 0.7333333333 2)
(9.933333333 0.7366666667 2)
(9.95 0.74 2)
(9.966666667 0.7433333333 2)
(9.983333333 0.7466666667 2)
(10 0.75 2)
(7.516666667 2 0)
(7.533333333 2 0)
(7.55 2 0)
(7.566666667 2 0)
(7.583333333 2 0)
(7.6 2 0)
(7.616666667 2 0)
(7.633333333 2 0)
(7.65 2 0)
(7.666666667 2 0)
(7.683333333 2 0)
(7.7 2 0)
(7.716666667 2 0)
(7.733333333 2 0)
(7.75 2 0)
(7.766666667 2 0)
(7.783333333 2 0)
(7.8 2 0)
(7.816666667 2 0)
(7.833333333 2 0)
(7.85 2 0)
(7.866666667 2 0)
(7.883333333 2 0)
(7.9 2 0)
(7.916666667 2 0)
(7.933333333 2 0)
(7.95 2 0)
(7.966666667 2 0)
(7.983333333 2 0)
(8 2 0)
(8.016666667 2 0)
(8.033333333 2 0)
(8.05 2 0)
(8.066666667 2 0)
(8.083333333 2 0)
(8.1 2 0)
(8.116666667 2 0)
(8.133333333 2 0)
(8.15 2 0)
(8.166666667 2 0)
(8.183333333 2 0)
(8.2 2 0)
(8.216666667 2 0)
(8.233333333 2 0)
(8.25 2 0)
(8.266666667 2 0)
(8.283333333 2 0)
(8.3 2 0)
(8.316666667 2 0)
(8.333333333 2 0)
(8.35 2 0)
(8.366666667 2 0)
(8.383333333 2 0)
(8.4 2 0)
(8.416666667 2 0)
(8.433333333 2 0)
(8.45 2 0)
(8.466666667 2 0)
(8.483333333 2 0)
(8.5 2 0)
(8.516666667 2 0)
(8.533333333 2 0)
(8.55 2 0)
(8.566666667 2 0)
(8.583333333 2 0)
(8.6 2 0)
(8.616666667 2 0)
(8.633333333 2 0)
(8.65 2 0)
(8.666666667 2 0)
(8.683333333 2 0)
(8.7 2 0)
(8.716666667 2 0)
(8.733333333 2 0)
(8.75 2 0)
(8.766666667 2 0)
(8.783333333 2 0)
(8.8 2 0)
(8.816666667 2 0)
(8.833333333 2 0)
(8.85 2 0)
(8.866666667 2 0)
(8.883333333 2 0)
(8.9 2 0)
(8.916666667 2 0)
(8.933333333 2 0)
(8.95 2 0)
(8.966666667 2 0)
(8.983333333 2 0)
(9 2 0)
(9.016666667 2 0)
(9.033333333 2 0)
(9.05 2 0)
(9.066666667 2 0)
(9.083333333 2 0)
(9.1 2 0)
(9.116666667 2 0)
(9.133333333 2 0)
(9.15 2 0)
(9.166666667 2 0)
(9.183333333 2 0)
(9.2 2 0)
(9.216666667 2 0)
(9.233333333 2 0)
(9.25 2 0)
(9.266666667 2 0)
(9.283333333 2 0)
(9.3 2 0)
(9.316666667 2 0)
(9.333333333 2 0)
(9.35 2 0)
(9.366666667 2 0)
(9.383333333 2 0)
(9.4 2 0)
(9.416666667 2 0)
(9.433333333 2 0)
(9.45 2 0)
(9.466666667 2 0)
(9.483333333 2 0)
(9.5 2 0)
(9.516666667 2 0)
(9.533333333 2 0)
(9.55 2 0)
(9.566666667 2 0)
(9.583333333 2 0)
(9.6 2 0)
(9.616666667 2 0)
(9.633333333 2 0)
(9.65 2 0)
(9.666666667 2 0)
(9.683333333 2 0)
(9.7 2 0)
(9.716666667 2 0)
(9.733333333 2 0)
(9.75 2 0)
(9.766666667 2 0)
(9.783333333 2 0)
(9.8 2 0)
(9.816666667 2 0)
(9.833333333 2 0)
(9.85 2 0)
(9.866666667 2 0)
(9.883333333 2 0)
(9.9 2 0)
(9.916666667 2 0)
(9.933333333 2 0)
(9.95 2 0)
(9.966666667 2 0)
(9.983333333 2 0)
(10 2 0)
(7.516666667 2 2)
(7.533333333 2 2)
(7.55 2 2)
(7.566666667 2 2)
(7.583333333 2 2)
(7.6 2 2)
(7.616666667 2 2)
(7.633333333 2 2)
(7.65 2 2)
(7.666666667 2 2)
(7.683333333 2 2)
(7.7 2 2)
(7.716666667 2 2)
(7.733333333 2 2)
(7.75 2 2)
(7.766666667 2 2)
(7.783333333 2 2)
(7.8 2 2)
(7.816666667 2 2)
(7.833333333 2 2)
(7.85 2 2)
(7.866666667 2 2)
(7.883333333 2 2)
(7.9 2 2)
(7.916666667 2 2)
(7.933333333 2 2)
(7.95 2 2)
(7.966666667 2 2)
(7.983333333 2 2)
(8 2 2)
(8.016666667 2 2)
(8.033333333 2 2)
(8.05 2 2)
(8.066666667 2 2)
(8.083333333 2 2)
(8.1 2 2)
(8.116666667 2 2)
(8.133333333 2 2)
(8.15 2 2)
(8.166666667 2 2)
(8.183333333 2 2)
(8.2 2 2)
(8.216666667 2 2)
(8.233333333 2 2)
(8.25 2 2)
(8.266666667 2 2)
(8.283333333 2 2)
(8.3 2 2)
(8.316666667 2 2)
(8.333333333 2 2)
(8.35 2 2)
(8.366666667 2 2)
(8.383333333 2 2)
(8.4 2 2)
(8.416666667 2 2)
(8.433333333 2 2)
(8.45 2 2)
(8.466666667 2 2)
(8.483333333 2 2)
(8.5 2 2)
(8.516666667 2 2)
(8.533333333 2 2)
(8.55 2 2)
(8.566666667 2 2)
(8.583333333 2 2)
(8.6 2 2)
(8.616666667 2 2)
(8.633333333 2 2)
(8.65 2 2)
(8.666666667 2 2)
(8.683333333 2 2)
(8.7 2 2)
(8.716666667 2 2)
(8.733333333 2 2)
(8.75 2 2)
(8.766666667 2 2)
(8.783333333 2 2)
(8.8 2 2)
(8.816666667 2 2)
(8.833333333 2 2)
(8.85 2 2)
(8.866666667 2 2)
(8.883333333 2 2)
(8.9 2 2)
(8.916666667 2 2)
(8.933333333 2 2)
(8.95 2 2)
(8.966666667 2 2)
(8.983333333 2 2)
(9 2 2)
(9.016666667 2 2)
(9.033333333 2 2)
(9.05 2 2)
(9.066666667 2 2)
(9.083333333 2 2)
(9.1 2 2)
(9.116666667 2 2)
(9.133333333 2 2)
(9.15 2 2)
(9.166666667 2 2)
(9.183333333 2 2)
(9.2 2 2)
(9.216666667 2 2)
(9.233333333 2 2)
(9.25 2 2)
(9.266666667 2 2)
(9.283333333 2 2)
(9.3 2 2)
(9.316666667 2 2)
(9.333333333 2 2)
(9.35 2 2)
(9.366666667 2 2)
(9.383333333 2 2)
(9.4 2 2)
(9.416666667 2 2)
(9.433333333 2 2)
(9.45 2 2)
(9.466666667 2 2)
(9.483333333 2 2)
(9.5 2 2)
(9.516666667 2 2)
(9.533333333 2 2)
(9.55 2 2)
(9.566666667 2 2)
(9.583333333 2 2)
(9.6 2 2)
(9.616666667 2 2)
(9.633333333 2 2)
(9.65 2 2)
(9.666666667 2 2)
(9.683333333 2 2)
(9.7 2 2)
(9.716666667 2 2)
(9.733333333 2 2)
(9.75 2 2)
(9.766666667 2 2)
(9.783333333 2 2)
(9.8 2 2)
(9.816666667 2 2)
(9.833333333 2 2)
(9.85 2 2)
(9.866666667 2 2)
(9.883333333 2 2)
(9.9 2 2)
(9.916666667 2 2)
(9.933333333 2 2)
(9.95 2 2)
(9.966666667 2 2)
(9.983333333 2 2)
(10 2 2)
)


// ************************************************************************* //
