/*--------------------------------*- C++ -*----------------------------------*\
| =========                 |                                                 |
| \\      /  F ield         | OpenFOAM: The Open Source CFD Toolbox           |
|  \\    /   O peration     | Version:  5.x                                   |
|   \\  /    A nd           | Web:      www.OpenFOAM.org                      |
|    \\/     M anipulation  |                                                 |
\*---------------------------------------------------------------------------*/
/*   Windows 32 and 64 bit porting by blueCAPE: http://www.bluecape.com.pt   *\
|  Based on Windows porting (2.0.x v4) by Symscape: http://www.symscape.com   |
\*---------------------------------------------------------------------------*/
FoamFile
{
    version     2.0;
    format      ascii;
    class       volScalarField;
    location    "0.008";
    object      mag(U);
}
// * * * * * * * * * * * * * * * * * * * * * * * * * * * * * * * * * * * * * //

dimensions      [0 1 -1 0 0 0 0];

internalField   nonuniform List<scalar> 
10000
(
0.00397845
0.0194229
0.072485
0.248095
0.747725
1.98536
4.65804
9.68898
17.8352
29.1946
43.0726
58.3265
74.0385
89.6546
104.971
119.902
134.415
148.449
162.01
175.007
187.514
199.435
210.689
221.323
231.361
240.677
249.144
256.766
263.613
269.699
274.989
279.358
282.749
285.362
287.428
289
290.109
290.885
291.388
291.63
291.75
291.885
292.071
292.383
292.859
293.514
294.359
295.388
296.591
297.951
299.459
301.114
302.916
304.825
306.633
308.511
310.57
312.633
314.698
316.502
0.00394607
0.0192046
0.0714511
0.244149
0.73515
1.95135
4.57927
9.53345
17.5724
28.8107
42.5785
57.7491
73.4064
88.9903
104.291
119.219
133.742
147.801
161.394
174.438
187.007
198.988
210.313
221.048
231.195
240.617
249.193
256.945
263.951
270.212
275.671
280.199
283.755
286.499
288.704
290.445
291.71
292.619
293.259
293.623
293.807
293.946
294.11
294.345
294.644
295.035
295.534
296.13
296.812
297.575
298.414
299.341
300.376
301.518
302.553
303.613
304.781
305.93
307.057
307.815
0.00394342
0.019188
0.0713825
0.243938
0.734667
1.95054
4.57847
9.53362
17.5757
28.8188
42.5905
57.7599
73.4088
88.9752
104.249
119.143
133.618
147.634
161.143
174.161
186.627
198.519
209.82
220.474
230.479
239.798
248.336
256.051
262.958
269.078
274.417
278.881
282.401
285.127
287.281
288.941
290.135
290.967
291.536
291.831
291.948
292.05
292.152
292.259
292.425
292.683
293.009
293.388
293.808
294.268
294.775
295.347
296.011
296.78
297.44
298.114
298.92
299.707
300.555
301.182
0.00391741
0.0190129
0.0705451
0.240712
0.724255
1.92202
4.51152
9.39988
17.3471
28.4813
42.1518
57.2435
72.8398
88.3744
103.631
118.521
133.003
147.046
160.567
173.666
186.147
198.081
209.501
220.245
230.283
239.673
248.373
256.276
263.329
269.536
274.936
279.516
283.228
286.126
288.465
290.311
291.612
292.515
293.18
293.571
293.736
293.851
293.961
294.063
294.13
294.191
294.26
294.313
294.343
294.354
294.362
294.404
294.519
294.714
294.833
294.926
295.136
295.319
295.515
295.498
0.00390949
0.0189675
0.0703613
0.24011
0.722671
1.91857
4.50528
9.39036
17.3358
28.4707
42.1427
57.2324
72.8217
88.341
103.574
118.434
132.874
146.872
160.334
173.37
185.797
197.658
209.003
219.684
229.652
238.951
247.553
255.378
262.365
268.508
273.847
278.354
281.99
284.832
287.091
288.865
290.133
290.978
291.568
291.894
291.994
292.064
292.127
292.163
292.203
292.283
292.394
292.51
292.613
292.697
292.772
292.867
293.021
293.242
293.388
293.449
293.556
293.608
293.679
293.562
0.00388779
0.0188233
0.0696715
0.237439
0.713984
1.89453
4.44821
9.27515
17.1367
28.1731
41.752
56.7693
72.3082
87.7965
103.013
117.865
132.313
146.325
159.823
172.892
185.356
197.285
208.686
219.414
229.469
238.895
247.62
255.531
262.601
268.86
274.336
279.019
282.828
285.762
288.133
290.018
291.35
292.297
293.021
293.457
293.627
293.738
293.832
293.895
293.915
293.94
293.979
294.004
294.005
293.983
293.951
293.936
293.979
294.091
294.142
294.082
294.095
294.015
293.822
293.43
0.00387677
0.0187604
0.0694153
0.23658
0.711643
1.88919
4.43792
9.25822
17.114
28.1477
41.7265
56.7412
72.2741
87.749
102.945
117.771
132.181
146.153
159.593
172.606
185.025
196.883
208.219
218.899
228.887
238.219
246.85
254.698
261.72
267.927
273.349
277.954
281.693
284.577
286.872
288.715
290.039
290.921
291.559
291.929
292.045
292.122
292.189
292.23
292.276
292.387
292.558
292.763
292.98
293.196
293.417
293.662
293.962
294.326
294.613
294.79
295.013
295.117
295.096
294.86
0.00385793
0.0186379
0.0688347
0.234333
0.704314
1.86879
4.38903
9.15863
16.9401
27.8851
41.3777
56.3246
71.8094
87.2541
102.433
117.249
131.665
145.65
159.123
172.167
184.615
196.534
207.921
218.641
228.706
238.153
246.899
254.831
261.929
268.233
273.764
278.527
282.424
285.405
287.812
289.737
291.102
292.084
292.856
293.331
293.511
293.632
293.744
293.82
293.869
293.956
294.079
294.218
294.36
294.5
294.642
294.81
295.038
295.342
295.568
295.706
295.914
296.042
296.017
295.716
0.00384529
0.0185657
0.0685377
0.23332
0.70149
1.86216
4.37587
9.13623
16.9086
27.848
41.3393
56.2835
71.7633
87.1964
102.357
117.151
131.533
145.48
158.899
171.894
184.303
196.155
207.485
218.166
228.17
237.527
246.184
254.058
261.116
267.383
272.875
277.564
281.393
284.323
286.663
288.571
289.946
290.868
291.544
291.946
292.083
292.172
292.239
292.271
292.313
292.44
292.644
292.897
293.176
293.469
293.774
294.104
294.491
294.957
295.349
295.633
295.965
296.244
296.379
296.248
0.0038284
0.0184587
0.0680382
0.231395
0.695223
1.84467
4.33372
9.04977
16.7564
27.6158
41.0274
55.9079
71.3415
86.7453
101.888
116.672
131.058
145.016
158.467
171.488
183.917
195.828
207.204
217.917
227.987
237.45
246.218
254.174
261.3
267.642
273.218
278.048
282.029
285.068
287.51
289.466
290.868
291.885
292.693
293.199
293.383
293.499
293.605
293.665
293.692
293.766
293.891
294.044
294.208
294.38
294.563
294.77
295.035
295.387
295.695
295.93
296.198
296.426
296.534
296.376
0.00381509
0.0183825
0.0677223
0.230303
0.692125
1.83725
4.31863
9.02352
16.7185
27.5697
40.9789
55.8568
71.2868
86.6804
101.807
116.572
130.927
144.851
158.248
171.229
183.626
195.471
206.798
217.484
227.495
236.869
245.553
253.461
260.558
266.873
272.418
277.178
281.088
284.076
286.469
288.438
289.866
290.827
291.539
291.979
292.144
292.243
292.306
292.329
292.356
292.471
292.67
292.924
293.205
293.501
293.81
294.14
294.523
294.983
295.399
295.719
296.019
296.286
296.454
296.375
0.0037996
0.0182868
0.0672836
0.228624
0.686692
1.82211
4.28203
8.94804
16.5847
27.3639
40.6995
55.5174
70.9026
86.2679
101.377
116.13
130.488
144.422
157.852
170.852
183.262
195.165
206.532
217.239
227.311
236.784
245.574
253.557
260.71
267.084
272.698
277.584
281.641
284.745
287.225
289.209
290.649
291.706
292.547
293.086
293.29
293.412
293.527
293.59
293.612
293.684
293.823
293.999
294.19
294.394
294.617
294.861
295.154
295.528
295.895
296.194
296.442
296.641
296.719
296.583
0.0037862
0.0182101
0.0669635
0.227505
0.683472
1.81426
4.26578
8.91929
16.5423
27.3113
40.6434
55.4589
70.8419
86.1984
101.294
116.031
130.361
144.262
157.639
170.607
182.992
194.829
206.155
216.845
226.863
236.249
244.959
252.9
260.035
266.393
271.982
276.803
280.79
283.839
286.286
288.309
289.787
290.785
291.531
292.015
292.219
292.335
292.407
292.447
292.493
292.627
292.86
293.162
293.5
293.86
294.245
294.652
295.099
295.613
296.127
296.54
296.869
297.088
297.194
297.153
0.00377178
0.018123
0.0665716
0.226019
0.678697
1.80101
4.23373
8.85299
16.4242
27.1283
40.3926
55.1516
70.4912
85.8202
100.898
115.622
129.955
143.865
157.277
170.255
182.646
194.543
205.901
216.603
226.676
236.158
244.966
252.975
260.155
266.558
272.207
277.142
281.265
284.437
286.957
288.966
290.444
291.543
292.411
292.983
293.219
293.362
293.502
293.596
293.646
293.757
293.957
294.214
294.5
294.818
295.172
295.553
295.98
296.482
297.021
297.475
297.827
298.036
298.154
298.131
0.00375864
0.0180478
0.0662566
0.224907
0.675462
1.79302
4.21692
8.82281
16.379
27.0712
40.3311
55.0878
70.4265
85.7482
100.815
115.525
129.832
143.71
157.071
170.025
182.398
194.23
205.553
216.246
226.269
235.668
244.402
252.374
259.541
265.937
271.568
276.448
280.507
283.617
286.112
288.18
289.703
290.741
291.523
292.055
292.306
292.453
292.548
292.628
292.723
292.912
293.219
293.612
294.059
294.55
295.081
295.642
296.243
296.905
297.609
298.246
298.666
298.916
299.173
299.256
0.00374512
0.0179677
0.0659017
0.223573
0.671214
1.78129
4.18862
8.76419
16.2742
26.9079
40.1053
54.8089
70.1056
85.4003
100.449
115.145
129.455
143.342
156.737
169.694
182.068
193.961
205.31
216.004
226.078
235.571
244.397
252.426
259.627
266.059
271.746
276.726
280.909
284.146
286.705
288.734
290.248
291.39
292.287
292.891
293.167
293.341
293.515
293.648
293.745
293.916
294.199
294.557
294.967
295.434
295.954
296.513
297.12
297.798
298.538
299.26
299.742
300.035
300.364
300.49
0.00373244
0.0178952
0.0655975
0.222493
0.668037
1.77335
4.1717
8.73342
16.2274
26.848
40.0401
54.7416
70.0386
85.3274
100.367
115.052
129.337
143.194
156.54
169.481
181.84
193.67
204.99
215.681
225.711
235.126
243.881
251.878
259.073
265.503
271.175
276.114
280.24
283.408
285.947
288.05
289.612
290.691
291.51
292.087
292.387
292.566
292.687
292.807
292.956
293.207
293.59
294.074
294.63
295.25
295.924
296.636
297.392
298.21
299.088
299.964
300.534
300.878
301.337
301.578
0.00371972
0.0178209
0.0652729
0.221283
0.664217
1.76287
4.1465
8.68123
16.1339
26.7018
39.8364
54.4879
69.7442
85.0068
100.027
114.698
128.986
142.852
156.232
169.167
181.525
193.416
204.754
215.44
225.517
235.02
243.862
251.908
259.128
265.587
271.31
276.334
280.572
283.871
286.466
288.513
290.059
291.242
292.167
292.799
293.115
293.318
293.519
293.683
293.819
294.041
294.386
294.818
295.321
295.896
296.537
297.226
297.966
298.777
299.673
300.618
301.267
301.667
302.194
302.5
0.00370759
0.0177518
0.0649825
0.220246
0.661147
1.75512
4.1298
8.65053
16.0867
26.6404
39.769
54.4185
69.6762
84.934
99.948
114.61
128.874
142.71
156.044
168.971
181.318
193.147
204.462
215.151
225.188
234.617
243.393
251.412
258.631
265.093
270.805
275.797
279.981
283.209
285.794
287.922
289.515
290.636
291.491
292.106
292.445
292.652
292.79
292.933
293.115
293.4
293.817
294.338
294.938
295.608
296.339
297.114
297.938
298.829
299.81
300.84
301.564
302.028
302.635
303.04
0.00369561
0.0176826
0.0646836
0.219139
0.65768
1.74567
4.10717
8.60373
16.0028
26.5089
39.5847
54.1872
69.4056
84.6379
99.6325
114.279
128.547
142.392
155.757
168.673
181.015
192.905
204.233
214.911
224.99
234.504
243.359
251.42
258.658
265.14
270.898
275.965
280.255
283.611
286.24
288.305
289.878
291.099
292.048
292.702
293.052
293.278
293.486
293.653
293.798
294.026
294.368
294.794
295.296
295.872
296.514
297.21
297.964
298.795
299.744
300.793
301.595
302.131
302.796
303.279
0.0036841
0.0176172
0.0644087
0.218154
0.654745
1.73821
4.09093
8.57359
15.9559
26.4473
39.5165
54.1171
69.3376
84.5663
99.5564
114.196
128.441
142.257
155.581
168.494
180.827
192.659
203.968
214.653
224.696
234.141
242.937
250.975
258.215
264.706
270.455
275.497
279.734
283.022
285.652
287.797
289.417
290.578
291.467
292.109
292.478
292.7
292.831
292.961
293.128
293.383
293.753
294.209
294.738
295.334
295.986
296.686
297.44
298.27
299.227
300.283
301.145
301.738
302.437
303.022
0.00367282
0.0175526
0.064132
0.217136
0.651576
1.72962
4.07047
8.53134
15.8802
26.3284
39.349
53.9055
69.0884
84.2922
99.2622
113.887
128.136
141.961
155.313
168.21
180.537
192.426
203.744
214.413
224.496
234.02
242.888
250.961
258.214
264.719
270.511
275.619
279.958
283.369
286.031
288.111
289.709
290.967
291.937
292.605
292.98
293.216
293.404
293.536
293.641
293.808
294.062
294.382
294.77
295.226
295.742
296.314
296.948
297.666
298.524
299.518
300.403
301.022
301.731
302.4
0.00366193
0.0174909
0.063873
0.216206
0.648794
1.7225
4.05485
8.50212
15.8344
26.2676
39.2811
53.8357
69.0212
84.2225
99.1903
113.809
128.037
141.833
155.149
168.046
180.368
192.205
203.506
214.183
224.237
233.701
242.513
250.564
257.82
264.339
270.131
275.223
279.511
282.859
285.531
287.685
289.327
290.531
291.455
292.117
292.512
292.743
292.849
292.94
293.055
293.231
293.49
293.814
294.203
294.648
295.136
295.668
296.253
296.917
297.719
298.645
299.523
300.112
300.734
301.429
0.00365131
0.0174305
0.0636161
0.215264
0.64588
1.71464
4.03621
8.46373
15.7657
26.1595
39.1284
53.6417
68.7912
83.9683
98.9152
113.518
127.752
141.553
154.905
167.759
180.108
191.982
203.263
213.955
224.066
233.576
242.424
250.515
257.815
264.363
270.183
275.311
279.679
283.141
285.848
287.958
289.591
290.891
291.884
292.565
292.967
293.221
293.392
293.494
293.565
293.668
293.829
294.04
294.303
294.618
294.976
295.377
295.832
296.365
297.043
297.861
298.681
299.223
299.788
300.458
0.00364105
0.0173726
0.063373
0.21439
0.643257
1.7079
4.02132
8.4357
15.7213
26.1003
39.0616
53.573
68.7256
83.9011
98.8479
113.447
127.66
141.432
154.763
167.59
179.98
191.785
203.013
213.757
223.883
233.294
242.032
250.112
257.485
264.101
269.907
274.957
279.214
282.608
285.366
287.597
289.31
290.574
291.525
292.179
292.574
292.804
292.89
292.963
293.067
293.21
293.403
293.646
293.938
294.259
294.598
294.957
295.349
295.808
296.408
297.152
297.91
298.376
298.858
299.481
0.00363108
0.0173161
0.0631339
0.213517
0.640565
1.70067
4.00424
8.40059
15.6585
26.0015
38.9218
53.3946
68.5127
83.6647
98.5902
113.173
127.392
141.17
154.525
167.329
179.709
191.569
202.787
213.512
223.684
233.16
241.936
250.036
257.43
264.07
269.909
274.991
279.315
282.805
285.589
287.784
289.495
290.848
291.854
292.52
292.918
293.167
293.316
293.401
293.471
293.564
293.69
293.848
294.044
294.262
294.492
294.735
295.004
295.334
295.801
296.429
297.1
297.519
297.955
298.511
0.00362143
0.0172617
0.0629062
0.212698
0.638103
1.69432
3.99015
8.37392
15.616
25.9444
38.8569
53.3278
68.4493
83.6005
98.5276
113.107
127.306
141.061
154.387
167.197
179.576
191.391
202.599
213.336
223.486
232.912
241.638
249.717
257.127
263.793
269.635
274.702
278.967
282.395
285.197
287.461
289.214
290.532
291.519
292.179
292.587
292.828
292.909
292.974
293.075
293.202
293.356
293.538
293.749
293.967
294.172
294.366
294.566
294.809
295.178
295.721
296.303
296.635
296.994
297.475
0.00361206
0.0172089
0.0626834
0.211886
0.635607
1.68763
3.9744
8.34161
15.5584
25.8537
38.7283
53.1631
68.2518
83.3802
98.2856
112.85
127.053
140.813
154.159
166.947
179.315
191.176
202.381
213.099
223.279
232.764
241.54
249.642
257.056
263.727
269.598
274.703
279.046
282.572
285.39
287.608
289.348
290.738
291.772
292.455
292.879
293.152
293.301
293.38
293.449
293.527
293.616
293.717
293.838
293.96
294.066
294.156
294.246
294.368
294.608
295.033
295.504
295.763
296.05
296.43
0.003603
0.017158
0.0624706
0.21112
0.633303
1.68168
3.96115
8.31642
15.518
25.7991
38.6659
53.0988
68.1911
83.3194
98.2278
112.79
126.975
140.715
154.033
166.83
179.198
191.016
202.219
212.951
223.107
232.544
241.28
249.371
256.799
263.49
269.362
274.459
278.753
282.225
285.063
287.342
289.114
290.472
291.495
292.171
292.602
292.863
292.948
293.013
293.109
293.218
293.333
293.458
293.594
293.72
293.811
293.866
293.904
293.956
294.113
294.457
294.843
295.004
295.176
295.443
0.00359422
0.0171086
0.0622626
0.210363
0.630981
1.67547
3.94655
8.28653
15.4648
25.7154
38.5472
52.9462
68.0074
83.1137
98.0004
112.548
126.736
140.479
153.814
166.59
178.947
190.804
202.004
212.717
222.897
232.386
241.169
249.283
256.712
263.402
269.296
274.427
278.795
282.363
285.22
287.455
289.218
290.636
291.69
292.389
292.838
293.135
293.287
293.365
293.435
293.504
293.567
293.628
293.698
293.757
293.782
293.771
293.738
293.71
293.779
294.03
294.326
294.411
294.482
294.621
0.00358573
0.0170611
0.0620639
0.209649
0.628832
1.66991
3.93416
8.26289
15.4268
25.6636
38.4878
52.8849
67.9497
83.0565
97.9474
112.493
126.665
140.391
153.701
166.488
178.845
190.663
201.864
212.593
222.75
232.194
240.945
249.054
256.499
263.204
269.096
274.222
278.552
282.073
284.951
287.242
289.028
290.419
291.471
292.162
292.616
292.901
292.995
293.066
293.166
293.269
293.365
293.458
293.556
293.637
293.674
293.663
293.618
293.565
293.596
293.799
294.048
294.056
294.012
294.026
0.0035775
0.0170148
0.0618696
0.208942
0.626665
1.66412
3.92056
8.23508
15.3773
25.586
38.3777
52.7432
67.7785
82.864
97.7331
112.264
126.439
140.167
153.491
166.257
178.602
190.454
201.65
212.361
222.538
232.029
240.822
248.95
256.393
263.096
269.009
274.164
278.56
282.169
285.066
287.317
289.098
290.541
291.612
292.327
292.802
293.124
293.286
293.369
293.45
293.526
293.588
293.643
293.707
293.76
293.775
293.746
293.681
293.606
293.605
293.764
293.976
293.933
293.806
293.7
0.00356955
0.0169704
0.0616844
0.208278
0.624667
1.65895
3.90902
8.21302
15.3417
25.5373
38.3215
52.6851
67.724
82.8106
97.685
112.215
126.375
140.088
153.391
166.168
178.514
190.331
201.531
212.259
222.414
231.864
240.631
248.758
256.217
262.935
268.844
273.996
278.361
281.929
284.846
287.149
288.945
290.365
291.443
292.147
292.623
292.932
293.04
293.124
293.236
293.352
293.456
293.556
293.667
293.766
293.825
293.835
293.802
293.748
293.758
293.915
294.132
294.058
293.86
293.652
0.00356184
0.0169271
0.0615025
0.207616
0.622637
1.65353
3.89629
8.18701
15.2955
25.4649
38.219
52.553
67.564
82.6301
97.4828
111.999
126.161
139.874
153.188
165.945
178.279
190.125
201.319
212.029
222.201
231.691
240.496
248.64
256.097
262.809
268.735
273.913
278.339
281.991
284.929
287.192
288.988
290.452
291.535
292.266
292.767
293.114
293.288
293.386
293.488
293.589
293.676
293.761
293.864
293.964
294.035
294.066
294.055
294.022
294.046
294.207
294.436
294.365
294.141
293.853
0.00355441
0.0168857
0.0613303
0.206999
0.620785
1.64874
3.8856
8.16655
15.2623
25.4195
38.1663
52.4984
67.513
82.5806
97.4394
111.955
126.104
139.804
153.1
165.868
178.205
190.02
201.22
211.946
222.099
231.553
240.336
248.482
255.954
262.679
268.603
273.781
278.182
281.797
284.751
287.063
288.867
290.313
291.411
292.129
292.628
292.962
293.088
293.19
293.325
293.466
293.597
293.731
293.886
294.039
294.165
294.251
294.293
294.306
294.37
294.565
294.84
294.803
294.582
294.248
0.00354719
0.0168451
0.0611597
0.206378
0.618878
1.64364
3.87364
8.14211
15.219
25.3517
38.0704
52.3749
67.3632
82.4109
97.2484
111.75
125.9
139.599
152.904
165.652
177.976
189.816
201.01
211.718
221.885
231.375
240.19
248.351
255.82
262.538
268.477
273.678
278.132
281.825
284.801
287.076
288.883
290.364
291.46
292.207
292.731
293.103
293.291
293.404
293.53
293.66
293.779
293.904
294.057
294.218
294.361
294.473
294.547
294.593
294.689
294.913
295.235
295.257
295.083
294.743
0.00354026
0.0168066
0.0609999
0.205807
0.617168
1.63923
3.86379
8.12324
15.1884
25.3095
38.0213
52.3239
67.3157
82.3654
97.2096
111.711
125.85
139.539
152.828
165.588
177.915
189.729
200.929
211.653
221.803
231.262
240.059
248.222
255.706
262.438
268.375
273.578
278.013
281.671
284.661
286.979
288.789
290.258
291.373
292.105
292.626
292.981
293.122
293.238
293.389
293.55
293.701
293.862
294.054
294.252
294.436
294.589
294.705
294.79
294.923
295.188
295.569
295.664
295.558
295.25
0.00353349
0.0167685
0.0608394
0.205222
0.615368
1.63441
3.85248
8.10015
15.1475
25.2457
37.9314
52.2081
67.175
82.2056
97.0287
111.517
125.656
139.342
152.637
165.379
177.692
189.527
200.719
211.426
221.589
231.079
239.904
248.078
255.558
262.284
268.235
273.459
277.938
281.667
284.679
286.964
288.779
290.277
291.385
292.145
292.689
293.078
293.272
293.393
293.531
293.678
293.813
293.958
294.141
294.336
294.524
294.689
294.821
294.925
295.079
295.368
295.795
295.963
295.942
295.693
0.00352703
0.0167328
0.0606917
0.204696
0.613796
1.63036
3.84345
8.08285
15.1194
25.2069
37.8859
52.1609
67.1312
82.1641
96.9945
111.483
125.612
139.291
152.574
165.325
177.643
189.457
200.656
211.378
221.527
230.989
239.8
247.978
255.472
262.211
268.162
273.388
277.852
281.549
284.573
286.897
288.715
290.205
291.333
292.075
292.611
292.982
293.13
293.251
293.406
293.572
293.727
293.892
294.094
294.308
294.513
294.697
294.846
294.967
295.139
295.45
295.92
296.155
296.216
296.037
0.00352067
0.0166969
0.0605401
0.204142
0.612089
1.62579
3.83271
8.06094
15.0806
25.1465
37.8012
52.0519
66.9988
82.0133
96.8231
111.298
125.427
139.101
152.388
165.122
177.427
189.257
200.447
211.152
221.312
230.802
239.635
247.821
255.312
262.047
268.011
273.254
277.755
281.515
284.561
286.858
288.682
290.196
291.317
292.086
292.643
293.043
293.239
293.361
293.503
293.653
293.789
293.935
294.121
294.321
294.517
294.695
294.842
294.961
295.134
295.45
295.943
296.237
296.38
296.27
0.00351468
0.0166639
0.0604043
0.20366
0.610655
1.6221
3.8245
8.04519
15.055
25.111
37.7595
52.0085
66.9586
81.9758
96.7931
111.27
125.39
139.058
152.335
165.079
177.389
189.202
200.4
211.119
221.268
230.736
239.556
247.745
255.25
261.999
267.965
273.211
277.699
281.429
284.485
286.817
288.646
290.156
291.295
292.047
292.595
292.978
293.131
293.251
293.404
293.566
293.712
293.865
294.055
294.258
294.455
294.631
294.775
294.891
295.061
295.378
295.891
296.235
296.447
296.399
0.00350869
0.01663
0.0602602
0.203133
0.609024
1.61773
3.81424
8.0243
15.0181
25.0538
37.6793
51.9057
66.8338
81.8331
96.6305
111.094
125.212
138.875
152.154
164.882
177.178
189.004
200.192
210.895
221.052
230.543
239.383
247.579
255.08
261.824
267.801
273.063
277.583
281.37
284.448
286.758
288.592
290.121
291.254
292.032
292.602
293.012
293.207
293.327
293.467
293.614
293.74
293.871
294.039
294.221
294.398
294.557
294.685
294.784
294.941
295.247
295.761
296.146
296.428
296.435
0.00350317
0.0165997
0.0601366
0.202696
0.607729
1.6144
3.80683
8.01007
14.9949
25.0215
37.6413
51.866
66.7972
81.7996
96.6047
111.07
125.181
138.84
152.112
164.849
177.151
188.963
200.16
210.877
221.024
230.496
239.327
247.529
255.043
261.799
267.777
273.043
277.555
281.318
284.403
286.742
288.58
290.108
291.258
292.02
292.58
292.974
293.132
293.248
293.392
293.542
293.668
293.795
293.956
294.127
294.291
294.435
294.546
294.628
294.767
295.06
295.576
295.996
296.335
296.39
0.00349747
0.0165673
0.0599982
0.202189
0.606159
1.61019
3.79697
7.99003
14.9596
24.967
37.5653
51.7687
66.6792
81.6643
96.4501
110.902
125.011
138.663
151.935
164.657
176.944
188.765
199.954
210.655
220.807
230.299
239.148
247.356
254.864
261.614
267.601
272.881
277.423
281.239
284.347
286.668
288.507
290.048
291.195
291.982
292.563
292.982
293.176
293.291
293.422
293.554
293.659
293.761
293.896
294.041
294.179
294.298
294.385
294.442
294.557
294.827
295.33
295.777
296.174
296.271
0.00349245
0.01654
0.0598874
0.201798
0.605005
1.60723
3.79037
7.9773
14.9387
24.9379
37.5308
51.7328
66.6463
81.6348
96.4283
110.883
124.987
138.637
151.903
164.634
176.928
188.738
199.937
210.652
220.795
230.271
239.114
247.328
254.849
261.608
267.598
272.883
277.42
281.216
284.329
286.673
288.517
290.059
291.219
291.992
292.562
292.966
293.125
293.231
293.358
293.486
293.581
293.67
293.788
293.915
294.033
294.129
294.194
294.227
294.316
294.562
295.051
295.519
295.961
296.091
0.00348697
0.0165086
0.0597527
0.201305
0.603477
1.60314
3.78082
7.95799
14.9049
24.8858
37.4586
51.6405
66.5345
81.5062
96.2812
110.723
124.823
138.465
151.729
164.446
176.726
188.542
199.731
210.43
220.578
230.07
238.927
247.146
254.662
261.416
267.413
272.711
277.275
281.118
284.252
286.583
288.426
289.978
291.137
291.932
292.521
292.946
293.133
293.236
293.35
293.461
293.536
293.601
293.695
293.798
293.892
293.963
294.002
294.008
294.066
294.282
294.743
295.22
295.705
295.863
0.00348249
0.0164845
0.0596557
0.200963
0.602469
1.60055
3.77502
7.94674
14.8864
24.8598
37.4276
51.6082
66.505
81.4805
96.2633
110.708
124.804
138.446
151.708
164.432
176.719
188.529
199.726
210.439
220.582
230.061
238.913
247.137
254.665
261.43
267.43
272.733
277.292
281.117
284.255
286.605
288.454
290.01
291.18
291.961
292.538
292.949
293.104
293.195
293.302
293.404
293.467
293.518
293.595
293.681
293.756
293.806
293.823
293.802
293.83
294.014
294.446
294.927
295.435
295.602
0.00347709
0.0164534
0.0595223
0.200476
0.600964
1.59654
3.76572
7.92803
14.8537
24.8099
37.3587
51.5205
66.3989
81.3581
96.1229
110.554
124.646
138.279
151.537
164.248
176.521
188.334
199.521
210.217
220.364
229.857
238.719
246.945
254.47
261.232
267.24
272.554
277.135
280.999
284.159
286.504
288.354
289.919
291.092
291.892
292.486
292.916
293.096
293.187
293.285
293.377
293.428
293.463
293.525
293.593
293.651
293.683
293.677
293.631
293.628
293.774
294.169
294.638
295.164
295.33
0.00347328
0.0164332
0.0594409
0.200189
0.600113
1.59433
3.76071
7.91822
14.8374
24.7868
37.3309
51.4914
66.3725
81.3357
96.108
110.544
124.632
138.266
151.523
164.241
176.522
188.332
199.527
210.237
220.381
229.864
238.724
246.956
254.493
261.268
267.282
272.601
277.178
281.029
284.195
286.558
288.419
289.991
291.174
291.963
292.545
292.961
293.114
293.193
293.284
293.37
293.411
293.433
293.482
293.538
293.581
293.596
293.571
293.503
293.473
293.588
293.947
294.406
294.931
295.071
0.00346777
0.0164013
0.0593053
0.199698
0.598605
1.59035
3.7515
7.8997
14.805
24.7369
37.2618
51.403
66.2651
81.2111
95.965
110.386
124.469
138.093
151.342
164.049
176.314
188.124
199.31
210.006
220.152
229.646
238.514
246.75
254.286
261.06
267.081
272.41
277.006
280.893
284.081
286.445
288.308
289.888
291.076
291.881
292.479
292.916
293.095
293.182
293.275
293.362
293.402
293.419
293.458
293.503
293.534
293.534
293.494
293.41
293.357
293.445
293.771
294.214
294.741
294.853
0.00345762
0.0163496
0.0591007
0.198973
0.596441
1.58462
3.73837
7.87358
14.761
24.6729
37.1815
51.313
66.1751
81.1234
95.8897
110.313
124.385
138.004
151.255
163.975
176.256
188.06
199.268
209.995
220.132
229.601
238.459
246.711
254.281
261.086
267.119
272.455
277.033
280.891
284.102
286.508
288.396
290
291.217
292.008
292.592
293.013
293.151
293.23
293.325
293.412
293.443
293.439
293.458
293.483
293.497
293.482
293.429
293.337
293.267
293.344
293.633
294.109
294.702
296.24
0.00345461
0.0163559
0.0592087
0.199543
0.598687
1.59164
3.75645
7.91241
14.8313
24.782
37.3275
51.4858
66.3601
81.314
96.0745
110.5
124.603
138.233
151.489
164.198
176.466
188.279
199.455
210.145
220.308
229.823
238.694
246.92
254.446
261.215
267.237
272.56
277.156
281.05
284.226
286.563
288.41
289.981
291.146
291.926
292.506
292.926
293.072
293.11
293.154
293.193
293.179
293.134
293.128
293.141
293.148
293.127
293.071
292.989
292.942
293.053
293.405
294.005
294.687
296.26
0.00344248
0.0162977
0.0589848
0.198734
0.596159
1.58458
3.73913
7.87568
14.7646
24.6775
37.1846
51.313
66.1707
81.1169
95.8797
110.303
124.377
137.992
151.257
163.97
176.244
188.068
199.272
209.99
220.132
229.608
238.466
246.715
254.284
261.086
267.124
272.456
277.028
280.907
284.127
286.51
288.385
289.996
291.21
291.995
292.578
292.999
293.125
293.175
293.249
293.314
293.312
293.263
293.24
293.236
293.227
293.189
293.12
293.027
292.971
293.071
293.422
294.106
294.875
296.453
0.00343502
0.016278
0.0589831
0.19892
0.597311
1.58895
3.75197
7.9058
14.8236
24.7755
37.3251
51.4875
66.3663
81.3219
96.0876
110.512
124.617
138.245
151.494
164.207
176.473
188.283
199.456
210.148
220.311
229.824
238.692
246.918
254.447
261.218
267.242
272.564
277.152
281.041
284.22
286.553
288.392
289.963
291.128
291.881
292.44
292.85
292.963
292.973
293.003
293.027
292.996
292.927
292.896
292.901
292.916
292.912
292.882
292.845
292.858
293.042
293.505
294.371
295.273
296.891
0.00342476
0.0162342
0.0588318
0.198394
0.595661
1.58415
3.73944
7.8774
14.7684
24.6831
37.1897
51.3149
66.1679
81.1111
95.8697
110.292
124.368
137.978
151.258
163.966
176.233
188.074
199.275
209.985
220.128
229.61
238.47
246.718
254.281
261.076
267.116
272.444
277.015
280.913
284.138
286.503
288.364
289.976
291.189
291.977
292.561
292.984
293.107
293.139
293.204
293.26
293.249
293.184
293.146
293.143
293.153
293.149
293.116
293.077
293.095
293.288
293.787
294.749
295.728
297.368
0.00341518
0.0162007
0.0587631
0.198324
0.595994
1.58638
3.74761
7.89919
14.8155
24.7679
37.321
51.4875
66.3714
81.3292
96.1009
110.524
124.634
138.259
151.5
164.214
176.48
188.287
199.457
210.15
220.314
229.825
238.691
246.916
254.448
261.221
267.246
272.569
277.149
281.036
284.216
286.545
288.378
289.947
291.111
291.844
292.385
292.786
292.879
292.865
292.883
292.905
292.869
292.788
292.743
292.746
292.774
292.797
292.797
292.792
292.848
293.09
293.66
294.728
295.774
297.426
0.00340497
0.0161607
0.0586436
0.197955
0.594926
1.58329
3.73912
7.87848
14.772
24.6895
37.1967
51.3191
66.1669
81.1064
95.86
110.281
124.357
137.962
151.257
163.964
176.224
188.078
199.277
209.981
220.126
229.613
238.473
246.72
254.278
261.067
267.107
272.431
276.999
280.914
284.143
286.494
288.342
289.951
291.167
291.956
292.541
292.967
293.086
293.105
293.159
293.213
293.195
293.113
293.058
293.048
293.06
293.065
293.047
293.02
293.047
293.269
293.827
294.949
296.023
297.588
0.00339446
0.0161209
0.0585404
0.197735
0.594709
1.5839
3.74339
7.89268
14.8071
24.7595
37.3153
51.4858
66.3751
81.3358
96.1143
110.537
124.652
138.275
151.508
164.22
176.484
188.292
199.459
210.15
220.315
229.826
238.689
246.913
254.448
261.223
267.252
272.574
277.145
281.032
284.215
286.543
288.37
289.937
291.101
291.817
292.34
292.727
292.802
292.767
292.77
292.79
292.752
292.656
292.601
292.6
292.633
292.676
292.712
292.741
292.831
293.129
293.763
295.004
296.187
297.776
0.00338361
0.0160793
0.0584249
0.197426
0.593947
1.58192
3.738
7.87864
14.775
24.6961
37.2056
51.326
66.1685
81.1033
95.8512
110.269
124.345
137.944
151.256
163.965
176.218
188.082
199.28
209.978
220.125
229.616
238.477
246.72
254.275
261.059
267.099
272.417
276.983
280.907
284.141
286.483
288.316
289.922
291.141
291.931
292.521
292.949
293.063
293.073
293.118
293.171
293.148
293.052
292.989
292.98
293.001
293.022
293.033
293.037
293.103
293.384
294.017
295.277
296.481
298.101
0.00337241
0.0160362
0.0583061
0.197133
0.593416
1.58146
3.7393
7.88637
14.7988
24.7505
37.3081
51.482
66.3769
81.3411
96.1271
110.551
124.673
138.295
151.517
164.224
176.488
188.298
199.461
210.15
220.316
229.826
238.686
246.91
254.448
261.225
267.258
272.578
277.141
281.031
284.219
286.545
288.364
289.93
291.095
291.794
292.301
292.676
292.731
292.68
292.671
292.687
292.641
292.532
292.466
292.459
292.487
292.526
292.561
292.584
292.668
292.97
293.632
294.928
296.168
297.825
0.00336087
0.0159916
0.058182
0.196819
0.592739
1.58006
3.73598
7.87759
14.7769
24.7027
37.2159
51.3358
66.1732
81.1025
95.844
110.258
124.33
137.925
151.253
163.968
176.213
188.086
199.284
209.977
220.126
229.62
238.48
246.722
254.272
261.051
267.089
272.403
276.967
280.896
284.133
286.468
288.289
289.89
291.107
291.9
292.502
292.934
293.041
293.043
293.081
293.127
293.089
292.978
292.909
292.896
292.91
292.922
292.922
292.911
292.966
293.243
293.899
295.145
296.372
298.191
0.00334898
0.0159453
0.0580526
0.196491
0.592059
1.579
3.73528
7.88027
14.7908
24.7414
37.3
51.4763
66.3765
81.3448
96.1387
110.564
124.696
138.317
151.527
164.227
176.489
188.303
199.464
210.151
220.315
229.824
238.683
246.909
254.448
261.225
267.261
272.579
277.139
281.031
284.226
286.551
288.36
289.925
291.09
291.777
292.269
292.627
292.664
292.601
292.584
292.594
292.534
292.418
292.357
292.354
292.383
292.422
292.461
292.499
292.603
292.926
293.634
294.933
296.229
298.16
0.00333674
0.0158975
0.057918
0.19615
0.591334
1.57771
3.73298
7.8751
14.7773
24.7083
37.2273
51.3483
66.1817
81.1048
95.8393
110.248
124.315
137.904
151.249
163.972
176.212
188.089
199.288
209.978
220.127
229.623
238.484
246.725
254.271
261.044
267.077
272.387
276.95
280.882
284.122
286.451
288.262
289.858
291.076
291.871
292.482
292.916
293.016
293.017
293.051
293.086
293.031
292.918
292.857
292.847
292.857
292.868
292.868
292.871
292.949
293.245
293.92
295.165
296.447
298.362
0.00332416
0.015848
0.0577781
0.195793
0.590568
1.57638
3.73119
7.87437
14.7831
24.7325
37.2912
51.4688
66.3735
81.3462
96.1482
110.578
124.719
138.341
151.539
164.232
176.49
188.307
199.467
210.151
220.312
229.82
238.679
246.908
254.449
261.224
267.26
272.578
277.139
281.035
284.235
286.556
288.359
289.922
291.081
291.765
292.249
292.59
292.612
292.538
292.515
292.511
292.439
292.329
292.281
292.283
292.31
292.355
292.399
292.452
292.583
292.923
293.637
294.955
296.305
298.248
0.00331124
0.0157968
0.0576328
0.195421
0.589761
1.57496
3.72905
7.87101
14.7756
24.7124
37.239
51.3635
66.1944
81.1108
95.8381
110.24
124.301
137.885
151.243
163.976
176.212
188.092
199.293
209.982
220.13
229.627
238.488
246.729
254.271
261.039
267.067
272.372
276.932
280.864
284.107
286.433
288.238
289.831
291.05
291.846
292.467
292.905
293.001
293.005
293.037
293.06
292.997
292.894
292.845
292.84
292.862
292.888
292.9
292.924
293.041
293.385
294.141
295.233
296.46
298.744
0.00329799
0.015744
0.0574821
0.195033
0.588911
1.57345
3.72679
7.86847
14.7759
24.7243
37.2827
51.4602
66.3679
81.3449
96.155
110.59
124.742
138.365
151.554
164.238
176.491
188.311
199.47
210.15
220.308
229.813
238.673
246.905
254.446
261.221
267.257
272.575
277.137
281.038
284.244
286.566
288.363
289.922
291.085
291.769
292.244
292.57
292.579
292.496
292.466
292.457
292.384
292.28
292.239
292.251
292.288
292.342
292.4
292.476
292.624
292.974
293.681
294.985
296.34
298.303
0.00328441
0.0156895
0.0573259
0.194627
0.588017
1.57185
3.72435
7.86538
14.7716
24.714
37.2499
51.3806
66.2116
81.1216
95.8414
110.234
124.288
137.867
151.234
163.978
176.214
188.096
199.299
209.987
220.136
229.634
238.494
246.732
254.271
261.036
267.059
272.36
276.916
280.842
284.086
286.415
288.213
289.802
291.025
291.818
292.443
292.891
292.992
292.998
293.029
293.047
292.976
292.865
292.818
292.82
292.847
292.881
292.905
292.943
293.075
293.422
294.155
295.216
296.431
298.664
0.00327053
0.0156334
0.0571643
0.194203
0.587079
1.57014
3.72173
7.86208
14.7689
24.7171
37.2753
51.4514
66.3599
81.3403
96.1581
110.599
124.762
138.388
151.572
164.247
176.492
188.315
199.472
210.147
220.303
229.807
238.665
246.898
254.44
261.217
267.255
272.571
277.133
281.039
284.25
286.572
288.365
289.921
291.084
291.767
292.239
292.558
292.557
292.463
292.418
292.395
292.326
292.232
292.195
292.207
292.244
292.297
292.358
292.439
292.604
292.976
293.7
294.93
296.206
298.257
0.00325634
0.0155756
0.0569971
0.19376
0.586096
1.56833
3.71892
7.85849
14.7653
24.7125
37.2588
51.3986
66.233
81.1379
95.8504
110.233
124.281
137.852
151.222
163.979
176.217
188.101
199.305
209.993
220.145
229.645
238.503
246.737
254.272
261.033
267.051
272.347
276.899
280.82
284.063
286.394
288.184
289.768
290.995
291.79
292.417
292.869
292.974
292.985
293.011
293.02
292.945
292.832
292.782
292.784
292.813
292.852
292.896
292.957
293.088
293.406
294.056
295.33
296.692
298.633
0.00324187
0.0155163
0.0568245
0.193299
0.585067
1.5664
3.71591
7.85459
14.7615
24.7109
37.2698
51.4437
66.3505
81.3325
96.1567
110.605
124.778
138.409
151.595
164.259
176.493
188.319
199.473
210.143
220.297
229.8
238.656
246.889
254.432
261.211
267.251
272.567
277.128
281.035
284.252
286.576
288.364
289.918
291.081
291.766
292.23
292.545
292.545
292.439
292.381
292.345
292.275
292.195
292.166
292.182
292.224
292.285
292.357
292.452
292.629
292.996
293.706
294.896
296.103
298.061
0.00322714
0.0154555
0.0566464
0.192818
0.583989
1.56436
3.71269
7.85035
14.7573
24.7079
37.2641
51.4155
66.2578
81.1601
95.8664
110.238
124.279
137.842
151.208
163.976
176.221
188.107
199.313
210.002
220.156
229.657
238.514
246.744
254.274
261.031
267.044
272.336
276.884
280.798
284.042
286.375
288.156
289.734
290.966
291.766
292.388
292.847
292.962
292.971
292.995
292.999
292.926
292.812
292.759
292.777
292.828
292.88
292.929
292.999
293.145
293.47
294.085
295.232
296.527
298.558
0.00321218
0.0153933
0.0564629
0.192318
0.582863
1.5622
3.70925
7.84576
14.7526
24.7047
37.2668
51.439
66.3411
81.3219
96.1504
110.607
124.79
138.427
151.62
164.276
176.497
188.323
199.475
210.139
220.289
229.79
238.646
246.879
254.422
261.201
267.24
272.557
277.12
281.031
284.258
286.589
288.369
289.916
291.078
291.763
292.22
292.535
292.537
292.421
292.355
292.32
292.255
292.174
292.145
292.17
292.222
292.287
292.372
292.497
292.699
293.063
293.713
294.736
295.877
297.937
0.00319702
0.0153298
0.0562743
0.191801
0.581688
1.55992
3.70557
7.84078
14.7475
24.701
37.2655
51.4292
66.2841
81.188
95.8904
110.251
124.286
137.838
151.192
163.971
176.225
188.114
199.322
210.012
220.169
229.67
238.525
246.751
254.279
261.032
267.041
272.328
276.87
280.776
284.017
286.354
288.127
289.699
290.944
291.748
292.365
292.831
292.953
292.954
292.973
292.976
292.903
292.791
292.738
292.752
292.81
292.886
292.962
293.042
293.182
293.482
294.058
295.055
296.209
298.15
0.0031817
0.015265
0.0560806
0.191265
0.580463
1.5575
3.70164
7.83539
14.742
24.6969
37.2652
51.4388
66.3345
81.3099
96.1388
110.602
124.793
138.44
151.648
164.298
176.506
188.329
199.477
210.135
220.28
229.778
238.633
246.866
254.409
261.188
267.226
272.542
277.107
281.023
284.26
286.601
288.373
289.912
291.077
291.764
292.212
292.523
292.528
292.406
292.338
292.295
292.232
292.162
292.138
292.165
292.225
292.305
292.403
292.529
292.719
293.051
293.63
294.487
295.566
297.486
0.00316625
0.0151992
0.0558823
0.190712
0.579187
1.55496
3.69745
7.82957
14.7358
24.6922
37.264
51.4387
66.3088
81.22
95.9226
110.273
124.302
137.842
151.178
163.962
176.226
188.121
199.332
210.025
220.184
229.686
238.539
246.763
254.287
261.037
267.041
272.323
276.858
280.756
283.993
286.331
288.099
289.666
290.917
291.723
292.34
292.816
292.947
292.944
292.958
292.962
292.888
292.768
292.711
292.721
292.776
292.857
292.95
293.049
293.184
293.454
293.961
294.812
295.845
297.593
0.00315074
0.0151325
0.0556797
0.190143
0.577859
1.55229
3.69299
7.82329
14.7291
24.687
37.2626
51.4424
66.3341
81.2995
96.123
110.591
124.787
138.446
151.677
164.327
176.519
188.336
199.478
210.13
220.271
229.767
238.621
246.853
254.393
261.169
267.204
272.521
277.089
281.011
284.259
286.608
288.374
289.909
291.077
291.768
292.211
292.52
292.53
292.407
292.341
292.307
292.245
292.17
292.148
292.182
292.249
292.338
292.446
292.575
292.743
293.026
293.508
294.307
295.289
296.896
0.00313521
0.015065
0.0554735
0.189559
0.57648
1.5495
3.68825
7.81653
14.7217
24.681
37.2605
51.4447
66.3292
81.2528
95.9625
110.307
124.33
137.857
151.167
163.948
176.225
188.128
199.345
210.041
220.202
229.705
238.557
246.778
254.299
261.045
267.043
272.32
276.849
280.74
283.971
286.304
288.067
289.632
290.885
291.696
292.316
292.812
292.958
292.953
292.968
292.976
292.899
292.771
292.711
292.723
292.784
292.876
292.977
293.083
293.222
293.471
293.913
294.65
295.57
297.069
0.00311973
0.0149971
0.0552644
0.18896
0.575053
1.54658
3.68323
7.80928
14.7137
24.6743
37.2579
51.4471
66.3407
81.2958
96.1061
110.573
124.772
138.444
151.705
164.362
176.538
188.345
199.481
210.126
220.261
229.754
238.607
246.837
254.375
261.146
267.178
272.495
277.067
280.994
284.254
286.607
288.372
289.906
291.075
291.771
292.218
292.531
292.545
292.425
292.366
292.347
292.291
292.212
292.195
292.236
292.309
292.401
292.512
292.634
292.791
293.048
293.482
294.129
294.952
296.396
0.00310437
0.014929
0.055053
0.188349
0.573582
1.54354
3.67791
7.80152
14.7048
24.6667
37.2546
51.4489
66.3451
81.2819
96.0071
110.351
124.371
137.884
151.161
163.932
176.223
188.137
199.362
210.062
220.223
229.725
238.577
246.796
254.314
261.055
267.048
272.319
276.842
280.726
283.951
286.28
288.04
289.605
290.86
291.673
292.292
292.799
292.96
292.962
292.983
292.973
292.884
292.769
292.717
292.741
292.811
292.902
292.995
293.088
293.223
293.464
293.855
294.43
295.128
296.362
0.0030892
0.014861
0.0548404
0.187727
0.572071
1.54039
3.6723
7.79321
14.6951
24.6582
37.2504
51.4502
66.3525
81.3023
96.0938
110.55
124.749
138.432
151.727
164.401
176.564
188.358
199.486
210.124
220.254
229.743
238.593
246.821
254.356
261.122
267.149
272.466
277.039
280.972
284.242
286.599
288.365
289.901
291.074
291.775
292.228
292.549
292.569
292.453
292.396
292.374
292.323
292.256
292.24
292.284
292.366
292.471
292.575
292.676
292.817
293.052
293.437
293.972
294.654
295.895
0.0030743
0.0147934
0.0546275
0.187098
0.570526
1.53712
3.66642
7.78435
14.6846
24.6488
37.2453
51.4508
66.3587
81.306
96.0501
110.405
124.427
137.929
151.167
163.917
176.217
188.146
199.38
210.084
220.246
229.748
238.599
246.816
254.331
261.069
267.058
272.324
276.84
280.718
283.937
286.261
288.02
289.584
290.839
291.652
292.267
292.776
292.944
292.951
292.98
292.992
292.908
292.773
292.714
292.743
292.827
292.931
293.037
293.128
293.239
293.463
293.838
294.335
294.937
296.043
0.00305977
0.0147267
0.0544154
0.186463
0.568954
1.53374
3.66027
7.77492
14.6732
24.6381
37.239
51.4507
66.3651
81.3181
96.0934
110.53
124.718
138.406
151.736
164.44
176.598
188.377
199.494
210.125
220.25
229.737
238.585
246.81
254.339
261.098
267.12
272.432
277.003
280.939
284.213
286.576
288.347
289.89
291.074
291.785
292.248
292.583
292.611
292.494
292.44
292.44
292.405
292.332
292.313
292.353
292.427
292.526
292.648
292.778
292.927
293.165
293.572
294.04
294.427
295.061
0.00304569
0.0146613
0.0542055
0.185828
0.567361
1.53028
3.65388
7.76493
14.6608
24.6262
37.2314
51.4495
66.3708
81.3273
96.0869
110.46
124.496
137.994
151.2
163.914
176.209
188.152
199.398
210.11
220.274
229.775
238.623
246.839
254.351
261.085
267.072
272.334
276.845
280.718
283.931
286.249
288.004
289.569
290.827
291.644
292.269
292.788
292.955
292.957
292.981
292.989
292.908
292.78
292.734
292.783
292.884
292.99
293.077
293.167
293.312
293.565
293.961
294.351
294.709
295.433
0.00303217
0.0145976
0.0539992
0.185196
0.565757
1.52674
3.64726
7.75438
14.6475
24.6129
37.2224
51.4471
66.3759
81.3381
96.1082
110.523
124.686
138.364
151.721
164.464
176.636
188.409
199.515
210.138
220.258
229.741
238.584
246.803
254.324
261.074
267.087
272.392
276.958
280.894
284.171
286.538
288.319
289.875
291.077
291.798
292.3
292.659
292.679
292.579
292.533
292.528
292.487
292.411
292.392
292.44
292.53
292.649
292.773
292.902
293.086
293.381
293.808
294.298
294.526
294.756
0.0030193
0.014536
0.053798
0.184572
0.564153
1.52315
3.64044
7.74333
14.6333
24.5982
37.2118
51.4431
66.3799
81.3482
96.118
110.508
124.57
138.081
151.271
163.945
176.213
188.157
199.409
210.125
220.292
229.795
238.646
246.863
254.376
261.109
267.093
272.353
276.862
280.733
283.942
286.254
288.007
289.572
290.826
291.642
292.272
292.791
292.962
292.978
293.01
293.015
292.928
292.806
292.773
292.829
292.926
293.051
293.174
293.276
293.428
293.724
294.213
294.707
294.869
294.987
0.00300718
0.0144772
0.0536038
0.18396
0.562561
1.51954
3.63345
7.73181
14.618
24.582
37.1992
51.4374
66.3826
81.3582
96.1335
110.538
124.667
138.318
151.678
164.458
176.667
188.447
199.55
210.168
220.282
229.758
238.596
246.806
254.318
261.058
267.062
272.358
276.917
280.849
284.125
286.496
288.286
289.857
291.075
291.818
292.353
292.747
292.79
292.712
292.686
292.674
292.601
292.504
292.483
292.536
292.641
292.78
292.94
293.094
293.268
293.59
294.116
294.69
294.831
294.754
0.00299591
0.0144215
0.0534181
0.183367
0.560995
1.51593
3.62636
7.71989
14.6018
24.5642
37.1846
51.4296
66.3837
81.3672
96.1476
110.548
124.636
138.177
151.37
164.019
176.245
188.165
199.416
210.14
220.314
229.822
238.676
246.896
254.408
261.138
267.12
272.378
276.885
280.756
283.966
286.277
288.029
289.595
290.851
291.667
292.306
292.831
292.998
293.007
293.037
293.053
292.96
292.844
292.864
292.975
293.11
293.213
293.283
293.371
293.543
293.892
294.422
294.851
294.815
294.681
0.00298555
0.0143696
0.0532427
0.182798
0.559471
1.51235
3.61921
7.70765
14.5847
24.5448
37.1677
51.4194
66.3826
81.3749
96.1623
110.569
124.679
138.293
151.627
164.423
176.681
188.497
199.609
210.223
220.328
229.795
238.623
246.824
254.327
261.057
267.051
272.336
276.884
280.806
284.078
286.45
288.251
289.839
291.085
291.863
292.437
292.865
292.93
292.867
292.85
292.84
292.752
292.645
292.649
292.746
292.907
293.057
293.185
293.331
293.494
293.761
294.16
294.507
294.685
294.865
0.00297619
0.0143217
0.0530793
0.182259
0.558005
1.50885
3.61208
7.69518
14.5668
24.5238
37.1484
51.4063
66.3789
81.3807
96.1762
110.587
124.69
138.26
151.484
164.133
176.317
188.191
199.424
210.15
220.336
229.856
238.72
246.946
254.459
261.188
267.167
272.424
276.935
280.809
284.026
286.346
288.102
289.669
290.925
291.74
292.386
292.916
293.082
293.084
293.111
293.123
293.023
292.937
293.002
293.143
293.269
293.349
293.41
293.458
293.588
293.903
294.325
294.57
294.546
294.527
0.00296788
0.0142783
0.0529294
0.181755
0.556613
1.50547
3.60506
7.68261
14.5483
24.5012
37.1267
51.3902
66.3721
81.3841
96.1888
110.607
124.717
138.31
151.605
164.378
176.665
188.535
199.679
210.3
220.399
229.855
238.674
246.869
254.366
261.091
267.077
272.353
276.891
280.802
284.064
286.436
288.24
289.842
291.119
291.934
292.559
293.044
293.147
293.1
293.083
293.048
292.941
292.851
292.884
292.989
293.112
293.231
293.33
293.424
293.574
293.834
294.179
294.428
294.436
294.36
0.00296065
0.0142398
0.0527944
0.181293
0.555313
1.50224
3.59823
7.67011
14.5293
24.4772
37.1024
51.3706
66.3616
81.3842
96.1995
110.627
124.741
138.329
151.587
164.268
176.451
188.287
199.477
210.189
220.382
229.915
238.791
247.022
254.535
261.258
267.232
272.489
277.003
280.885
284.114
286.452
288.223
289.8
291.067
291.889
292.542
293.073
293.225
293.207
293.221
293.216
293.106
293.033
293.097
293.211
293.307
293.361
293.406
293.465
293.574
293.776
294.03
294.201
294.22
294.208
0.0029545
0.0142062
0.0526752
0.180876
0.55412
1.49921
3.59169
7.65785
14.5102
24.4522
37.0756
51.3475
66.347
81.3805
96.2075
110.646
124.768
138.364
151.641
164.378
176.646
188.542
199.734
210.39
220.503
229.963
238.783
246.981
254.479
261.203
267.186
272.458
276.989
280.89
284.142
286.509
288.306
289.906
291.195
292.031
292.691
293.218
293.345
293.292
293.264
293.223
293.105
293.011
293.027
293.083
293.147
293.207
293.255
293.318
293.441
293.64
293.873
294.047
294.106
294.098
0.00294941
0.0141778
0.0525727
0.180509
0.553048
1.49643
3.58554
7.64603
14.4912
24.4263
37.0467
51.3209
66.328
81.3724
96.2119
110.663
124.797
138.4
151.678
164.393
176.611
188.453
199.624
210.306
220.479
230.006
238.885
247.123
254.641
261.369
267.348
272.612
277.135
281.027
284.268
286.623
288.404
289.987
291.262
292.089
292.746
293.271
293.391
293.325
293.271
293.193
293.091
293.038
293.044
293.065
293.063
293.057
293.094
293.189
293.33
293.499
293.679
293.806
293.822
293.779
0.00294532
0.0141543
0.0524867
0.180195
0.552109
1.49393
3.57989
7.63487
14.4727
24.4003
37.0161
51.291
66.3045
81.3595
96.2122
110.678
124.825
138.441
151.729
164.46
176.708
188.59
199.796
210.488
220.638
230.128
238.969
247.18
254.684
261.409
267.394
272.664
277.194
281.093
284.341
286.702
288.484
290.064
291.331
292.152
292.802
293.29
293.382
293.302
293.208
293.119
293.044
292.982
292.933
292.894
292.852
292.819
292.828
292.915
293.069
293.246
293.42
293.52
293.517
293.475
0.00294215
0.0141356
0.0524171
0.179933
0.551311
1.49175
3.57484
7.62461
14.4552
24.3746
36.9847
51.2585
66.277
81.342
96.2082
110.689
124.853
138.484
151.785
164.525
176.773
188.642
199.832
210.519
220.684
230.201
239.075
247.317
254.846
261.583
267.568
272.835
277.361
281.255
284.491
286.834
288.596
290.152
291.386
292.179
292.791
293.195
293.255
293.216
293.152
293.066
292.964
292.855
292.75
292.666
292.573
292.492
292.445
292.474
292.593
292.798
293.037
293.172
293.182
293.125
0.00293979
0.0141213
0.0523628
0.179724
0.550656
1.48992
3.57048
7.61548
14.4391
24.3502
36.9535
51.2248
66.2466
81.3204
96.2003
110.698
124.879
138.529
151.848
164.604
176.867
188.751
199.957
210.657
220.827
230.343
239.215
247.453
254.979
261.72
267.712
272.986
277.512
281.402
284.624
286.937
288.661
290.175
291.363
292.125
292.654
293
293.11
293.122
293.074
292.973
292.823
292.634
292.468
292.337
292.2
292.052
291.968
291.959
292.036
292.254
292.529
292.716
292.768
292.759
0.00293812
0.0141108
0.0523224
0.179564
0.550144
1.48844
3.56687
7.60772
14.425
24.3281
36.9242
51.1917
66.215
81.2963
96.1892
110.704
124.903
138.573
151.912
164.687
176.968
188.864
200.08
210.787
220.963
230.485
239.362
247.605
255.136
261.881
267.874
273.14
277.651
281.521
284.721
287.004
288.691
290.162
291.296
291.986
292.417
292.753
292.938
292.99
292.94
292.8
292.56
292.238
291.974
291.824
291.771
291.709
291.573
291.521
291.658
291.959
292.322
292.554
292.582
292.56
0.002937
0.0141036
0.0522943
0.179449
0.549767
1.48732
3.56409
7.60156
14.4135
24.3094
36.8986
51.1618
66.1853
81.2723
96.1767
110.707
124.924
138.614
151.972
164.768
177.068
188.981
200.214
210.937
221.124
230.657
239.539
247.784
255.315
262.058
268.047
273.296
277.78
281.611
284.755
286.963
288.56
289.941
290.997
291.646
292.089
292.452
292.645
292.702
292.666
292.53
292.259
291.85
291.517
291.408
291.324
291.211
291.191
291.274
291.454
291.753
292.156
292.545
292.753
292.967
0.00293633
0.0140992
0.0522766
0.179375
0.54952
1.48657
3.56217
7.59721
14.4051
24.2956
36.8791
51.1383
66.1611
81.2519
96.1652
110.708
124.94
138.647
152.023
164.836
177.154
189.082
200.332
211.071
221.273
230.818
239.713
247.968
255.511
262.262
268.242
273.449
277.874
281.617
284.642
286.729
288.205
289.48
290.456
291.072
291.531
291.931
292.215
292.402
292.455
292.301
291.888
291.469
291.299
291.252
291.208
291.177
291.206
291.348
291.605
292.012
292.665
293.418
293.624
293.492
0.00293602
0.0140971
0.052268
0.179338
0.549395
1.48618
3.56118
7.59491
14.4006
24.288
36.8682
51.125
66.1471
81.2397
96.1577
110.707
124.948
138.666
152.052
164.876
177.205
189.144
200.405
211.155
221.368
230.925
239.832
248.1
255.654
262.417
268.405
273.603
278.001
281.682
284.581
286.527
287.871
289.029
289.937
290.623
291.238
291.76
292.072
292.098
291.871
291.568
291.332
291.164
291.084
291.064
291.047
291.085
291.231
291.456
291.804
292.5
293.616
294.374
294.286
294.09
297.456
300.229
303.821
306.523
307.915
308.415
308.652
308.855
308.87
308.525
307.659
306.534
305.677
305.308
305.129
304.893
304.783
304.958
305.56
306.835
297.408
300.003
303.388
305.996
307.443
308.034
308.311
308.539
308.593
308.323
307.524
306.384
305.423
304.951
304.763
304.555
304.44
304.603
305.066
305.699
297.577
300.038
303.181
305.657
307.171
307.848
308.154
308.401
308.491
308.287
307.57
306.407
305.293
304.717
304.497
304.267
304.164
304.377
305.045
305.754
298.009
300.373
303.351
305.745
307.305
308.066
308.423
308.703
308.833
308.7
308.095
306.965
305.748
305.014
304.713
304.494
304.353
304.444
304.876
305.582
298.477
300.73
303.533
305.846
307.431
308.258
308.664
308.974
309.138
309.06
308.554
307.48
306.221
305.338
304.937
304.736
304.581
304.6
304.864
305.408
298.524
300.708
303.417
305.679
307.259
308.115
308.562
308.904
309.097
309.059
308.619
307.598
306.331
305.353
304.824
304.583
304.432
304.373
304.453
304.74
298.64
300.778
303.453
305.664
307.183
308.005
308.449
308.793
308.988
308.956
308.538
307.539
306.249
305.195
304.555
304.255
304.085
303.97
303.967
304.149
298.823
300.958
303.653
305.87
307.344
308.132
308.587
308.966
309.193
309.182
308.789
307.831
306.557
305.455
304.744
304.4
304.208
304.071
304.04
304.17
299.162
301.292
303.963
306.144
307.561
308.287
308.705
309.073
309.295
309.279
308.893
307.956
306.682
305.515
304.694
304.276
304.057
303.906
303.862
303.957
298.897
301.023
303.659
305.802
307.198
307.909
308.296
308.64
308.868
308.876
308.527
307.592
306.265
305.006
304.04
303.5
303.256
303.12
303.054
303.09
299.343
301.445
303.928
305.967
307.339
308.056
308.4
308.676
308.89
308.928
308.627
307.703
306.291
304.892
303.788
303.105
302.825
302.731
302.647
302.613
299.354
301.523
304.015
306.005
307.358
308.089
308.414
308.643
308.848
308.908
308.653
307.797
306.338
304.79
303.569
302.785
302.414
302.302
302.258
302.221
299.571
301.815
304.386
306.362
307.652
308.332
308.609
308.782
308.947
308.999
308.771
307.973
306.503
304.841
303.484
302.555
302.041
301.848
301.808
301.783
299.458
301.712
304.321
306.356
307.715
308.479
308.797
308.944
309.079
309.134
308.955
308.263
306.801
304.992
303.469
302.382
301.727
301.435
301.396
301.43
300.1
302.37
304.826
306.751
308.08
308.876
309.192
309.28
309.395
309.487
309.398
308.859
307.472
305.557
303.866
302.611
301.803
301.395
301.302
301.343
299.494
301.803
304.538
306.673
308.112
308.942
309.295
309.422
309.517
309.571
309.485
309.039
307.836
305.947
304.055
302.569
301.559
301.001
300.802
300.819
299.984
302.343
305.021
307.121
308.513
309.259
309.518
309.616
309.769
309.901
309.89
309.542
308.51
306.809
304.949
303.315
302.073
301.283
300.889
300.796
299.541
301.862
304.525
306.665
308.16
309.038
309.484
309.774
309.991
310.101
310.072
309.795
309.057
307.631
305.737
303.901
302.414
301.364
300.736
300.46
299.867
302.123
304.742
306.87
308.364
309.293
309.796
310.105
310.367
310.552
310.634
310.52
309.994
308.795
307.04
305.184
303.532
302.225
301.312
300.763
299.288
301.535
304.301
306.66
308.305
309.374
310.003
310.367
310.623
310.797
310.892
310.848
310.513
309.62
308.094
306.229
304.404
302.855
301.664
300.852
299.87
302.067
304.5
306.58
308.208
309.394
310.199
310.688
311.002
311.256
311.455
311.552
311.434
310.891
309.692
307.984
306.164
304.462
303.006
301.888
299.258
301.455
303.989
306.25
308.02
309.339
310.281
310.88
311.244
311.51
311.718
311.851
311.838
311.553
310.832
309.535
307.781
305.916
304.185
302.739
299.445
301.556
303.905
306.035
307.813
309.215
310.283
311.032
311.49
311.834
312.169
312.415
312.522
312.458
312.152
311.47
310.24
308.489
306.533
304.69
298.777
300.817
303.099
305.324
307.267
308.791
309.964
310.859
311.458
311.86
312.242
312.577
312.759
312.767
312.654
312.394
311.762
310.553
308.82
306.791
298.81
300.804
303.026
305.089
306.901
308.416
309.651
310.66
311.474
312.104
312.532
312.855
313.152
313.35
313.432
313.392
313.133
312.482
311.249
309.552
297.965
299.847
302.155
304.339
306.211
307.786
309.097
310.191
311.117
311.886
312.494
312.909
313.156
313.349
313.521
313.617
313.573
313.284
312.605
311.535
298.122
299.843
301.801
303.706
305.464
307.019
308.364
309.536
310.575
311.491
312.271
312.901
313.366
313.662
313.883
314.101
314.269
314.306
314.09
313.489
297.396
299.006
300.922
302.855
304.579
306.082
307.406
308.598
309.696
310.711
311.629
312.42
313.054
313.509
313.788
313.953
314.085
314.192
314.231
314.118
297.243
298.801
300.679
302.457
304.018
305.405
306.684
307.862
308.942
309.946
310.889
311.76
312.541
313.204
313.721
314.087
314.28
314.373
314.467
314.538
296.767
298.27
299.891
301.38
302.83
304.163
305.379
306.506
307.579
308.622
309.636
310.6
311.487
312.275
312.945
313.466
313.796
313.929
314.008
314.126
296.843
298.088
299.448
300.805
302.118
303.353
304.502
305.566
306.559
307.51
308.445
309.376
310.294
311.18
312.009
312.745
313.35
313.753
313.971
314.131
295.595
296.793
298.571
300.482
301.834
302.71
303.664
304.631
305.524
306.344
307.15
307.996
308.88
309.765
310.612
311.394
312.096
312.697
313.123
313.304
296.022
297.042
298.309
299.596
300.751
301.784
302.73
303.607
304.439
305.255
306.07
306.884
307.688
308.483
309.273
310.066
310.845
311.582
312.242
312.748
295.076
295.792
296.956
298.352
299.651
300.762
301.722
302.531
303.233
303.915
304.621
305.334
306.029
306.71
307.405
308.151
308.991
309.958
310.771
311.143
295.239
295.841
296.781
297.897
298.959
299.865
300.635
301.303
301.913
302.525
303.172
303.856
304.563
305.272
305.972
306.667
307.363
308.065
308.763
309.382
294.868
295.25
295.991
296.987
297.945
298.708
299.326
299.881
300.409
300.934
301.494
302.119
302.806
303.519
304.217
304.875
305.486
306.055
306.588
307.061
294.755
295.054
295.758
296.721
297.565
298.216
298.745
299.205
299.634
300.071
300.541
301.047
301.578
302.119
302.655
303.178
303.711
304.242
304.785
305.299
295.048
295.401
295.925
296.502
296.992
297.396
297.747
298.073
298.405
298.77
299.175
299.613
300.079
300.566
301.069
301.571
302.053
302.505
302.926
303.3
294.603
294.842
295.274
295.875
296.559
297.104
297.432
297.668
297.888
298.143
298.429
298.73
299.044
299.374
299.716
300.065
300.434
300.808
301.198
301.573
294.383
294.507
294.823
295.328
295.862
296.349
296.734
296.948
297.068
297.194
297.358
297.556
297.785
298.052
298.361
298.698
299.05
299.406
299.813
300.182
294.232
294.327
294.562
295.025
295.56
295.95
296.207
296.369
296.473
296.552
296.635
296.75
296.91
297.106
297.32
297.537
297.754
297.991
298.292
298.55
294.119
294.184
294.282
294.397
294.553
294.783
295.057
295.301
295.491
295.655
295.808
295.917
295.997
296.116
296.288
296.514
296.808
297.105
297.345
297.567
293.773
293.783
293.821
293.901
294.043
294.254
294.456
294.597
294.718
294.837
294.964
295.11
295.235
295.342
295.478
295.649
295.84
296.005
296.209
296.424
293.483
293.504
293.533
293.575
293.604
293.643
293.742
293.894
294.071
294.267
294.463
294.582
294.647
294.749
294.892
295.047
295.214
295.413
295.659
295.851
293.116
293.123
293.157
293.217
293.266
293.303
293.38
293.512
293.687
293.881
294.053
294.219
294.424
294.576
294.66
294.789
294.97
295.165
295.346
295.54
292.782
292.807
292.866
293.025
293.269
293.554
293.813
293.987
294.076
294.191
294.368
294.549
294.722
294.903
295.073
295.167
295.218
295.309
295.451
295.547
292.589
292.717
292.939
293.253
293.564
293.822
294.126
294.468
294.72
294.846
294.951
295.073
295.195
295.303
295.418
295.543
295.576
295.555
295.59
295.643
293.143
293.553
294.247
294.928
295.374
295.676
295.831
295.804
295.646
295.513
295.471
295.471
295.482
295.491
295.496
295.504
295.516
295.534
295.549
295.566
293.585
293.909
294.404
294.901
295.257
295.47
295.586
295.636
295.656
295.676
295.69
295.688
295.67
295.647
295.633
295.63
295.638
295.649
295.635
295.62
294.079
294.128
294.267
294.518
294.79
294.976
295.116
295.257
295.387
295.489
295.563
295.617
295.657
295.689
295.719
295.749
295.77
295.805
295.895
295.95
108.906
108.722
108.158
107.251
106.146
104.325
100.83
95.7511
90.0833
85.7324
84.7191
88.0574
96.5649
111.406
131.847
155.366
180.081
204.821
229.451
254.045
278.348
300.034
315.723
323.352
319.931
297.793
224.3
77.3813
7.89429
0.707881
109.502
109.367
108.884
107.888
106.416
104.501
101.51
97.2102
92.188
87.7751
85.8264
87.8242
94.8862
108.349
127.695
150.285
174.301
198.63
222.532
245.366
267.398
286.952
300.433
306.285
303.369
285.298
218.709
78.7391
8.52836
0.754547
109.615
109.502
109.123
108.311
106.963
105.016
102.127
98.1262
93.4115
89.4105
88.2497
91.145
98.5154
111.5
129.928
151.325
173.984
197.048
220.059
242.427
263.814
283.28
297.832
305.208
303.421
285.903
219.477
79.261
8.63391
0.762542
111.446
111.388
111.203
110.69
109.599
107.899
105.523
102.224
98.2282
94.5365
92.9196
95.4551
102.677
115.283
133.168
153.666
175.077
196.844
218.661
240.115
260.732
279.52
293.932
301.586
300.598
284.353
219.897
81.5494
9.06027
0.800795
113.533
113.506
113.444
113.139
112.288
110.8
108.67
105.826
102.532
99.7549
99.5613
103.4
110.96
122.813
139.577
158.903
178.803
198.844
219.041
239.202
258.851
276.996
291.359
299.387
298.909
283.148
219.272
82.0795
9.21441
0.814243
116.614
116.625
116.684
116.591
115.997
114.768
113.093
110.943
108.576
106.826
107.198
111.767
120.121
131.661
147.342
165.357
183.637
201.894
220.32
238.953
257.408
274.764
288.832
297.017
297.187
282.482
220.211
84.2726
9.54441
0.846577
120.562
120.598
120.729
120.778
120.371
119.366
117.999
116.341
114.823
114.4
116.649
122.98
132.111
142.814
156.667
173.05
189.619
206.001
222.574
239.533
256.616
273.055
286.896
295.498
296.22
281.909
220.08
85.0798
9.7275
0.863289
125.81
125.871
126.072
126.226
125.946
125.153
124.116
123.025
122.328
123.093
126.692
134.509
144.763
155.05
167.012
181.388
196.178
210.7
225.432
240.701
256.32
271.684
285.011
293.907
295.588
282.417
221.849
87.2009
10.0233
0.891488
132.588
132.66
132.872
133.055
132.889
132.257
131.377
130.64
130.594
132.473
137.606
146.916
158.164
168.037
178.054
190.221
203.155
215.877
228.821
242.44
256.574
270.771
283.485
292.509
294.737
282.02
222.019
88.2089
10.2265
0.910057
141.041
141.098
141.292
141.506
141.432
140.9
140.131
139.692
140.219
142.88
148.875
159.139
171.284
181.079
189.361
199.27
210.287
221.279
232.526
244.574
257.271
270.245
282.153
290.999
293.821
282.158
223.44
90.031
10.4991
0.935208
151.236
151.268
151.43
151.637
151.624
151.221
150.506
150.152
151.039
154.243
160.929
171.724
184.378
194.008
200.726
208.358
217.426
226.762
236.424
246.989
258.322
270.09
281.171
289.732
292.71
281.412
223.46
91.0756
10.7111
0.954553
163.174
163.174
163.322
163.526
163.542
163.204
162.525
162.239
163.362
166.807
173.676
184.461
197.134
206.517
211.895
217.325
224.447
232.187
240.382
249.567
259.624
270.198
280.37
288.417
291.473
280.973
224.354
92.6047
10.9642
0.977521
176.609
176.598
176.74
176.959
177.001
176.699
176.104
175.756
176.884
180.349
187.079
197.427
209.599
218.531
222.723
226.074
231.285
237.475
244.31
252.22
261.096
270.554
279.859
287.472
290.477
280.231
224.396
93.662
11.1795
0.997049
191.032
191.028
191.184
191.426
191.488
191.221
190.707
190.314
191.296
194.569
200.762
210.245
221.583
229.928
233.098
234.523
237.879
242.578
248.15
254.893
262.677
271.084
279.501
286.577
289.532
279.904
225.205
94.9976
11.4161
1.01852
205.873
205.889
206.071
206.339
206.418
206.189
205.717
205.34
206.085
209.085
214.468
222.831
233.08
240.693
242.948
242.651
244.19
247.475
251.862
257.546
264.331
271.772
279.352
285.976
288.944
279.588
225.547
96.078
11.6319
1.03792
220.559
220.621
220.832
221.084
221.18
221.001
220.542
220.181
220.807
223.288
227.783
234.982
244.004
250.785
252.221
250.449
250.229
252.153
255.43
260.15
266.029
272.584
279.337
285.413
288.336
279.524
226.398
97.3129
11.8588
1.0583
234.69
234.774
234.997
235.281
235.39
235.208
234.792
234.423
234.909
236.906
240.559
246.581
254.317
260.19
260.88
257.861
256.026
256.622
258.842
262.682
267.75
273.51
279.494
285.057
287.932
279.399
226.858
98.3898
12.0735
1.07733
248.004
248.113
248.361
248.622
248.681
248.542
248.201
247.871
248.203
249.725
252.623
257.528
263.985
268.921
268.908
264.83
261.559
260.894
262.098
265.13
269.476
274.526
279.78
284.766
287.452
279.287
227.548
99.522
12.2916
1.09676
260.287
260.403
260.622
260.833
260.886
260.817
260.581
260.287
260.459
261.61
263.886
267.759
273.004
277.025
276.332
271.34
266.789
264.968
265.199
267.483
271.193
275.613
280.205
284.651
287.12
279.11
227.911
100.516
12.4992
1.11521
271.492
271.59
271.768
271.937
271.995
271.981
271.85
271.641
271.727
272.572
274.313
277.276
281.414
284.552
283.214
277.401
271.69
268.828
268.147
269.732
272.885
276.748
280.736
284.63
286.779
278.904
228.382
101.516
12.7061
1.13374
281.674
281.735
281.843
281.984
282.099
282.167
282.123
281.995
282.041
282.661
283.948
286.131
289.26
291.548
289.63
283.093
276.279
272.456
270.949
271.872
274.535
277.91
281.358
284.746
286.579
278.703
228.65
102.411
12.9038
1.15148
290.906
290.917
290.96
291.1
291.294
291.429
291.458
291.411
291.447
291.889
292.808
294.322
296.544
298.027
295.59
288.46
280.641
275.854
273.602
273.905
276.131
279.077
282.034
284.93
286.411
278.517
228.999
103.298
13.0992
1.16914
299.266
299.232
299.25
299.4
299.633
299.837
299.956
299.964
299.991
300.313
300.944
301.848
303.262
304.018
301.116
293.487
284.812
279.062
276.099
275.826
277.662
280.232
282.745
285.181
286.34
278.378
229.252
104.109
13.2865
1.18613
306.83
306.766
306.767
306.93
307.221
307.496
307.679
307.732
307.75
307.974
308.359
308.728
309.419
309.543
306.23
298.185
288.771
282.111
278.445
277.635
279.119
281.364
283.476
285.462
286.292
278.26
229.562
104.901
13.4706
1.20296
313.662
313.577
313.586
313.794
314.133
314.459
314.682
314.766
314.787
314.932
315.086
314.999
315.069
314.628
310.95
302.558
292.511
285.019
280.656
279.333
280.498
282.466
284.225
285.785
286.303
278.193
229.839
105.63
13.6473
1.21916
319.824
319.736
319.771
320.025
320.402
320.759
321.004
321.111
321.154
321.245
321.176
320.705
320.263
319.316
315.312
306.639
296.047
287.783
282.749
280.924
281.796
283.531
284.989
286.149
286.347
278.156
230.16
106.342
13.8216
1.23518
325.377
325.308
325.377
325.666
326.077
326.455
326.71
326.83
326.875
326.908
326.668
325.924
325.059
323.648
319.358
310.457
299.392
290.398
284.732
282.413
283.008
284.551
285.761
286.567
286.459
278.186
230.486
107.006
13.9895
1.25058
330.391
330.379
330.524
330.836
331.208
331.588
331.843
331.949
331.997
331.987
331.624
330.692
329.488
327.665
323.113
314.018
302.528
292.877
286.612
283.807
284.131
285.512
286.525
287.024
286.624
278.266
230.85
107.663
14.1564
1.26584
334.952
335.006
335.183
335.511
335.903
336.239
336.467
336.56
336.594
336.542
336.102
335.057
333.583
331.396
326.602
317.34
305.475
295.25
288.403
285.114
285.163
286.4
287.254
287.502
286.844
278.405
231.227
108.281
14.3171
1.28045
339.118
339.216
339.456
339.771
340.111
340.436
340.662
340.759
340.764
340.64
340.133
339.027
337.362
334.865
329.847
320.437
308.255
297.502
290.106
286.341
286.104
287.202
287.923
287.968
287.089
278.576
231.625
108.9
14.4783
1.295
342.934
343.051
343.311
343.616
343.924
344.251
344.491
344.602
344.586
344.383
343.801
342.64
340.834
338.092
332.883
323.348
310.872
299.619
291.718
287.494
286.955
287.907
288.509
288.389
287.334
278.772
232.019
109.478
14.6327
1.30882
346.442
346.559
346.806
347.095
347.392
347.723
347.985
348.136
348.12
347.863
347.198
345.955
344.034
341.097
335.739
326.11
313.353
301.615
293.24
288.576
287.722
288.514
289
288.745
287.549
278.951
232.401
110.057
14.7887
1.32271
349.673
349.777
349.996
350.261
350.546
350.89
351.195
351.403
351.401
351.108
350.375
349.027
346.989
343.899
338.425
328.739
315.728
303.519
294.676
289.588
288.409
289.027
289.395
289.025
287.724
279.113
232.755
110.584
14.9364
1.33574
352.66
352.748
352.927
353.157
353.435
353.792
354.143
354.428
354.46
354.143
353.367
351.917
349.733
346.508
340.945
331.216
317.992
305.355
296.043
290.537
289.026
289.456
289.704
289.233
287.852
279.236
233.083
111.115
15.087
1.34902
355.432
355.503
355.636
355.825
356.096
356.476
356.872
357.223
357.295
356.973
356.177
354.645
352.303
348.941
343.297
333.512
320.128
307.127
297.359
291.426
289.583
289.817
289.943
289.381
287.941
279.337
233.377
111.583
15.2274
1.36128
358.011
358.065
358.152
358.301
358.566
358.968
359.406
359.809
359.934
359.63
358.827
357.243
354.75
351.23
345.494
335.651
322.142
308.832
298.642
292.268
290.091
290.128
290.135
289.487
287.995
279.402
233.646
112.066
15.3729
1.37403
360.406
360.442
360.486
360.599
360.871
361.308
361.796
362.221
362.389
362.128
361.331
359.708
357.078
353.389
347.545
337.653
324.031
310.457
299.886
293.071
290.566
290.411
290.302
289.573
288.033
279.455
233.883
112.476
15.5055
1.38551
362.657
362.668
362.671
362.752
363.032
363.517
364.056
364.502
364.69
364.47
363.684
362.035
359.3
355.442
349.482
339.537
325.794
312.001
301.074
293.844
291.022
290.686
290.468
289.66
288.068
279.49
234.107
112.916
15.6462
1.39785
364.787
364.77
364.725
364.775
365.072
365.605
366.194
366.668
366.876
366.681
365.902
364.235
361.424
357.416
351.321
341.317
327.449
313.459
302.188
294.588
291.473
290.968
290.647
289.765
288.118
279.538
234.312
113.275
15.7707
1.40855
366.786
366.737
366.646
366.663
366.988
367.575
368.2
368.709
368.947
368.771
368.002
366.306
363.43
359.303
353.066
343.004
329.024
314.819
303.233
295.307
291.928
291.271
290.85
289.897
288.194
279.592
234.526
113.688
15.9078
1.42058
368.671
368.597
368.458
368.438
368.795
369.448
370.105
370.634
370.898
370.742
369.977
368.251
365.322
361.091
354.718
344.608
330.524
316.11
304.247
296.015
292.391
291.597
291.077
290.055
288.305
279.686
234.734
114.008
16.0241
1.4305
370.458
370.357
370.165
370.114
370.514
371.226
371.912
372.467
372.752
372.614
371.848
370.1
367.124
362.785
356.289
346.128
331.954
317.34
305.211
296.7
292.857
291.94
291.319
290.229
288.446
279.805
234.977
114.413
16.1589
1.44235
372.126
371.987
371.74
371.698
372.154
372.914
373.631
374.22
374.526
374.398
373.624
371.86
368.836
364.387
357.781
347.573
333.314
318.494
306.105
297.349
293.316
292.29
291.566
290.406
288.612
279.976
235.222
114.707
16.2667
1.45147
373.532
373.353
373.051
373.035
373.557
374.367
375.152
375.829
376.193
376.088
375.316
373.538
370.463
365.905
359.199
348.941
334.584
319.55
306.911
297.949
293.754
292.632
291.806
290.57
288.782
280.167
235.522
115.123
16.4008
1.46324
374.118
373.888
373.524
373.539
374.161
375.085
376.061
376.99
377.592
377.63
376.907
375.137
372.017
367.349
360.544
350.193
335.695
320.449
307.613
298.483
294.152
292.952
292.031
290.711
288.943
280.395
235.807
115.398
16.4988
1.47151
372.474
372.176
371.703
371.716
372.469
373.641
375.115
376.747
378.111
378.72
378.285
376.599
373.462
368.714
361.799
351.291
336.619
321.171
308.199
298.939
294.5
293.238
292.239
290.826
289.078
280.616
236.157
115.835
16.634
1.48331
365.981
365.591
364.923
364.915
365.802
367.328
369.686
372.799
376.075
378.388
379.005
377.783
374.773
369.994
362.964
352.216
337.323
321.728
308.665
299.311
294.798
293.491
292.43
290.923
289.182
280.853
236.452
116.08
16.7204
1.49072
352.031
351.511
350.634
350.586
351.485
353.246
356.53
361.712
368.325
374.367
377.828
378.143
375.755
371.138
363.971
352.862
337.738
322.09
309.006
299.607
295.049
293.714
292.606
291.009
289.245
281.058
236.846
116.549
16.8586
1.50266
332.375
331.758
330.986
330.839
331.464
332.962
336.366
342.645
352.232
363.35
372.24
376.31
375.817
371.853
364.513
352.995
337.783
322.232
309.23
299.848
295.269
293.917
292.773
291.093
289.279
281.262
237.125
116.753
16.9311
1.50925
316.059
315.541
314.718
314.116
314.101
314.854
317.267
322.516
331.706
344.72
358.939
369.159
372.998
370.801
363.549
352.174
337.381
322.142
309.343
300.033
295.459
294.096
292.925
291.179
289.298
281.37
237.594
117.286
17.0762
1.52142
308.528
308.723
308.121
307.25
306.716
306.827
308.066
311.295
317.308
326.389
337.691
348.987
357.361
360.987
358.707
350.169
336.578
321.887
309.353
300.13
295.583
294.225
293.052
291.258
289.345
281.475
237.876
117.857
17.2761
1.54037
306.958
307.79
307.502
306.822
306.22
305.628
305.313
305.696
307.759
312.683
320.813
331.009
340.991
347.838
349.047
343.521
332.438
319.583
308.413
300.083
296.034
294.866
293.573
291.455
289.288
281.452
237.736
117.31
16.9335
1.51347
306.838
307.599
307.403
306.625
305.771
304.901
304.085
303.568
303.939
306.156
311.102
318.771
327.676
335.189
338.234
335.064
326.566
316.135
306.805
299.696
296.315
295.457
294.071
291.596
289.002
280.867
237.196
117.823
17.1555
1.53271
306.725
307.596
307.594
306.892
306.128
305.258
304.324
303.465
303.002
303.541
305.867
310.66
317.514
324.247
327.846
326.385
320.391
312.486
305.123
299.336
296.634
296.066
294.59
291.77
288.898
280.895
237.481
117.64
16.9477
1.52145
306.437
307.319
307.415
306.885
306.277
305.488
304.528
303.556
302.736
302.371
303.081
305.704
310.316
315.489
318.864
318.621
314.797
309.228
303.7
299.102
297.004
296.688
295.132
291.923
288.602
280.391
237.003
117.996
17.0968
1.53119
305.497
306.261
306.509
306.412
306.187
305.607
304.729
303.765
302.818
302.059
301.823
302.757
305.312
308.911
311.928
312.651
310.585
306.845
302.812
299.15
297.478
297.352
295.725
292.147
288.424
280.227
237.02
117.764
16.9646
1.52978
304.706
305.317
305.658
305.787
305.785
305.388
304.61
303.714
302.819
301.946
301.177
301.026
302.258
304.817
307.503
308.759
307.838
305.35
302.345
299.382
298.007
298.041
296.371
292.438
288.23
279.756
236.554
117.855
17.0421
1.5356
304.631
305.184
305.608
305.877
305.954
305.697
305.097
304.253
303.262
302.133
300.998
300.372
300.969
302.902
305.301
306.798
306.491
304.725
302.278
299.72
298.604
298.747
297.052
292.792
288.12
279.457
236.373
117.45
16.9476
1.53934
304.352
304.914
305.387
305.696
305.783
305.544
305.057
304.276
303.226
302.086
301
300.37
300.793
302.413
304.569
306.119
306.128
304.595
302.334
300.048
299.197
299.483
297.74
293.16
288.001
279.029
236.054
117.251
16.9411
1.54549
303.371
303.88
304.38
304.731
304.858
304.691
304.346
303.765
302.867
301.822
300.899
300.488
301.015
302.53
304.587
306.107
306.135
304.61
302.406
300.404
299.814
300.193
298.405
293.526
287.886
278.562
235.748
116.928
16.9026
1.55264
302.726
303.083
303.544
303.905
304.041
303.932
303.707
303.285
302.592
301.705
300.882
300.646
301.359
302.916
304.837
306.169
306.111
304.622
302.542
300.78
300.408
300.868
299.064
293.929
287.836
278.105
235.481
116.677
16.8817
1.56133
302.236
302.432
302.818
303.196
303.383
303.387
303.296
303.008
302.41
301.657
300.941
300.798
301.648
303.245
305.015
306.142
305.965
304.524
302.73
301.219
300.979
301.522
299.722
294.408
287.907
277.73
235.249
116.395
16.8597
1.57147
301.709
301.726
301.97
302.374
302.655
302.717
302.715
302.557
302.074
301.425
300.831
300.823
301.783
303.417
305.089
306.028
305.735
304.426
302.961
301.642
301.515
302.147
300.359
294.951
288.06
277.38
234.898
116.043
16.8366
1.58331
301.365
301.306
301.413
301.77
302.166
302.302
302.322
302.259
301.868
301.231
300.713
300.843
301.855
303.465
305.074
305.888
305.536
304.372
303.176
302.027
302.022
302.743
300.941
295.505
288.206
276.941
234.388
115.677
16.8292
1.59739
301.27
301.124
301.094
301.294
301.704
301.939
301.961
301.932
301.619
301.097
300.689
300.876
301.893
303.462
305.02
305.77
305.396
304.325
303.339
302.372
302.501
303.288
301.429
296.026
288.306
276.439
233.687
115.35
16.8508
1.61427
300.777
300.605
300.508
300.613
300.951
301.231
301.336
301.403
301.244
300.884
300.583
300.802
301.813
303.341
304.86
305.617
305.281
304.291
303.48
302.692
302.949
303.742
301.799
296.543
288.509
276.098
233.029
115.122
16.9031
1.63472
300.714
300.487
300.28
300.221
300.399
300.672
300.855
300.99
300.966
300.754
300.537
300.756
301.73
303.201
304.677
305.479
305.192
304.291
303.652
303.007
303.382
304.136
302.104
297.106
288.952
275.998
232.432
115.006
16.9833
1.65971
300.257
300.068
299.875
299.767
299.811
300.003
300.242
300.474
300.582
300.503
300.379
300.635
301.588
303.004
304.439
305.311
305.15
304.375
303.848
303.279
303.779
304.494
302.344
297.639
289.522
275.878
231.689
114.797
17.0693
1.69026
300.283
300.039
299.819
299.629
299.488
299.481
299.691
299.997
300.187
300.227
300.217
300.524
301.446
302.8
304.2
305.144
305.187
304.572
304.034
303.534
304.161
304.777
302.502
298.04
290.117
275.566
230.785
114.5
17.1595
1.72781
300.016
299.59
299.39
299.27
299.138
299.021
299.046
299.316
299.653
299.827
299.924
300.308
301.219
302.506
303.865
304.868
305.124
304.779
304.253
303.746
304.499
305.008
302.595
298.291
290.753
275.239
229.941
114.079
17.255
1.77357
300.586
299.794
299.348
299.171
299.078
298.937
298.849
298.93
299.216
299.502
299.709
300.152
301.025
302.232
303.538
304.585
305.008
304.859
304.42
304.022
304.831
305.158
302.613
298.474
291.613
275.46
229.477
113.581
17.3818
1.82823
300.955
299.776
299.052
298.782
298.782
298.755
298.682
298.693
298.83
299.056
299.389
299.923
300.76
301.897
303.146
304.213
304.775
304.757
304.446
304.365
305.221
305.237
302.562
298.583
292.511
276.054
228.945
113.062
17.5963
1.89215
302.249
300.535
299.394
298.807
298.744
298.781
298.687
298.634
298.689
298.856
299.156
299.675
300.48
301.552
302.766
303.838
304.473
304.564
304.475
304.617
305.527
305.355
302.492
298.676
293.265
276.763
227.769
112.182
17.9126
1.96566
303.695
301.254
299.602
298.743
298.5
298.556
298.553
298.492
298.521
298.649
298.903
299.391
300.148
301.144
302.287
303.353
304.071
304.332
304.51
304.886
305.818
305.394
302.336
298.586
293.758
278.118
226.472
110.657
18.3147
2.05201
306.546
303.48
300.948
299.465
298.84
298.648
298.587
298.526
298.498
298.575
298.774
299.173
299.826
300.733
301.851
302.947
303.734
304.154
304.481
305.125
306.071
305.304
302.142
298.425
294.259
280.554
226.29
108.421
18.7861
2.16361
309.269
306.301
302.979
300.422
299.12
298.636
298.536
298.481
298.452
298.485
298.603
298.888
299.441
300.275
301.375
302.523
303.343
303.889
304.444
305.296
306.19
305.143
301.835
298.03
294.158
282.74
227.692
107.921
19.6517
2.31633
312.043
309.933
306.996
303.45
300.59
299.114
298.673
298.71
298.625
298.544
298.555
298.748
299.218
300.001
301.074
302.131
302.886
303.535
304.278
305.416
306.282
304.94
301.468
297.284
292.941
283.206
230.3
108.96
20.8862
2.51601
313.558
312.36
310.363
307.451
303.855
300.567
298.762
298.439
298.481
298.379
298.298
298.434
298.929
299.747
300.837
302.05
302.836
303.386
304.216
305.32
305.988
304.583
300.967
296.228
290.895
281.675
233.928
112.094
22.4883
2.76857
314.503
314.089
313.029
311.252
308.662
305.027
301.374
299.154
298.504
298.251
297.978
298.064
298.51
299.317
300.527
302.003
303.161
303.735
303.92
304.484
305.345
304.289
300.497
295.098
288.697
278.877
237.474
118.484
24.4799
3.07496
314.289
314.319
314.06
313.379
312.008
309.667
306.095
302.435
299.567
297.794
297.462
297.619
298.029
298.751
299.937
301.576
303.182
303.965
303.972
304.091
304.787
304.026
300.246
294.41
286.634
275.119
239.573
126.492
26.794
3.41877
314.323
314.369
314.302
314.134
313.719
312.734
311.035
308.456
304.467
301.395
299.003
297.065
297.364
298.315
299.571
301.172
302.891
303.96
304.254
304.496
304.969
304.164
300.533
294.106
283.919
270.021
238.934
136.127
29.6974
3.78736
313.541
313.809
313.907
313.798
313.565
313.196
312.637
311.672
310.205
307.991
303.912
300.279
298.877
298.783
299.848
301.469
303.445
305.074
305.348
304.945
304.87
304.024
300.074
291.125
279.17
266.399
237.63
146.291
34.2786
4.18929
313.169
313.19
313.153
313.17
313.168
313.064
312.954
312.996
312.865
312.071
310.27
307.272
304.158
301.973
301.708
302.858
304.556
305.76
305.041
303.732
302.814
301.402
295.819
285.8
276.214
264.867
237.467
154.163
39.5258
4.59951
311.611
311.979
312.196
312.27
312.308
312.478
312.698
312.811
312.701
312.565
312.255
311.229
309.42
307.164
305.693
305.43
305.403
304.562
302.755
300.756
298.765
296.194
291.098
283.421
275.203
264.204
238.144
159.512
43.945
4.97479
310.114
310.504
310.731
311.06
311.478
311.819
312.023
312.233
312.445
312.488
312.271
311.747
310.97
309.811
308.268
306.927
305.764
304.17
302.138
299.977
297.59
294.417
289.654
282.919
274.995
264.049
239.156
164.233
47.9053
5.31743
307.68
308.175
308.637
309.17
309.795
310.396
310.873
311.195
311.367
311.359
311.2
310.846
310.302
309.647
308.683
307.394
305.903
304.156
302.201
300.095
297.63
294.347
289.617
283.119
275.204
264.314
240.505
168.354
51.2703
5.61927
305.827
306.152
306.6
307.169
307.779
308.397
308.998
309.559
310.011
310.079
309.887
309.614
309.073
308.503
307.878
306.871
305.455
303.73
301.853
299.901
297.612
294.518
290.075
283.796
275.807
265.025
242.172
171.992
54.0256
5.87459
303.827
304.311
304.819
305.376
305.932
306.417
306.811
307.121
307.356
307.533
307.678
307.693
307.455
307.121
306.627
305.777
304.571
303.059
301.413
299.619
297.427
294.623
290.634
284.684
276.71
266.086
244.076
175.13
56.1355
6.076
301.957
302.209
302.561
302.99
303.462
303.962
304.502
305.098
305.552
305.82
306.104
306.236
306.07
305.797
305.308
304.446
303.329
302.063
300.687
299.057
297.054
294.637
291.219
285.857
278.2
267.703
246.149
177.68
57.5928
6.21769
300.454
300.612
300.862
301.21
301.657
301.992
302.218
302.519
302.861
303.22
303.578
303.837
304.004
304.131
303.831
302.954
301.932
300.893
299.853
298.595
296.791
294.574
291.652
286.986
279.832
269.413
248.09
179.879
58.5756
6.29404
298.847
299.093
299.279
299.493
299.817
300.217
300.525
300.76
301.097
301.447
301.568
301.416
301.384
301.62
301.884
301.68
300.904
299.874
298.735
297.637
296.351
294.509
292.028
288.261
281.942
271.624
249.928
181.467
58.9831
6.28363
297.824
298.012
298.225
298.444
298.668
298.81
298.88
298.971
299.062
299.144
299.237
299.355
299.546
299.765
299.847
299.757
299.349
298.499
297.567
296.791
295.77
294.286
292.403
289.53
284.199
274.23
251.777
182.04
58.4887
6.17698
296.665
296.866
297.014
297.156
297.297
297.402
297.513
297.625
297.737
297.868
297.968
297.949
297.933
298.048
298.205
298.22
297.761
297.046
296.473
295.943
295.058
293.818
292.574
290.658
286.389
277.008
253.882
182.051
57.1836
6.00613
295.991
296.085
296.134
296.166
296.262
296.398
296.569
296.715
296.825
296.922
296.957
296.979
296.923
296.8
296.733
296.653
296.52
296.123
295.48
294.922
294.34
293.568
292.795
291.584
288.165
279.175
255.47
181.819
55.7504
5.82854
295.61
295.512
295.519
295.594
295.67
295.757
295.869
295.992
296.12
296.213
296.248
296.286
296.269
296.178
296.102
295.987
295.719
295.347
294.913
294.385
293.914
293.479
293.043
292.229
289.26
280.647
256.798
181.796
54.6382
5.68207
295.573
295.528
295.479
295.549
295.634
295.639
295.65
295.689
295.727
295.761
295.79
295.822
295.825
295.769
295.694
295.596
295.364
295.007
294.611
294.134
293.581
293.18
292.969
292.214
289.221
281.008
257.838
182.351
54.2223
5.61109
295.705
295.753
295.781
295.774
295.744
295.707
295.674
295.624
295.573
295.572
295.591
295.605
295.578
295.514
295.443
295.314
295.14
294.928
294.672
294.341
293.872
293.394
292.938
291.725
288.141
280.021
258.374
184.426
55.3208
5.65167
295.608
295.642
295.664
295.656
295.645
295.632
295.627
295.635
295.669
295.706
295.678
295.623
295.581
295.549
295.449
295.272
295.073
294.852
294.634
294.44
294.144
293.615
292.847
291.315
287.616
279.677
258.526
185.19
55.8066
5.66551
295.666
295.728
295.767
295.771
295.746
295.705
295.657
295.615
295.586
295.566
295.553
295.541
295.504
295.452
295.366
295.222
295.041
294.875
294.78
294.712
294.495
293.878
292.618
290.545
287.256
280.446
259.44
184.912
55.524
5.69337
295.906
295.821
295.732
295.662
295.678
295.718
295.696
295.688
295.718
295.701
295.658
295.629
295.587
295.536
295.44
295.275
295.061
294.869
294.779
294.778
294.67
294.057
292.508
290.062
287.03
281.244
260.458
184.27
54.8578
5.70334
)
;

boundaryField
{
    inlet
    {
        type            calculated;
        value           nonuniform List<scalar> 
100
(
0.00345762
0.00345461
0.00344248
0.00343502
0.00342476
0.00341518
0.00340497
0.00339446
0.00338361
0.00337241
0.00336087
0.00334898
0.00333674
0.00332416
0.00331124
0.00329799
0.00328441
0.00327053
0.00325634
0.00324187
0.00322714
0.00321218
0.00319702
0.0031817
0.00316625
0.00315074
0.00313521
0.00311973
0.00310437
0.0030892
0.0030743
0.00305977
0.00304569
0.00303217
0.0030193
0.00300718
0.00299591
0.00298555
0.00297619
0.00296788
0.00296065
0.0029545
0.00294941
0.00294532
0.00294215
0.00293979
0.00293812
0.002937
0.00293633
0.00293602
0.00397845
0.00394607
0.00394342
0.00391741
0.00390949
0.00388779
0.00387677
0.00385793
0.00384529
0.0038284
0.00381509
0.0037996
0.0037862
0.00377178
0.00375864
0.00374512
0.00373244
0.00371972
0.00370759
0.00369561
0.0036841
0.00367282
0.00366193
0.00365131
0.00364105
0.00363108
0.00362143
0.00361206
0.003603
0.00359422
0.00358573
0.0035775
0.00356955
0.00356184
0.00355441
0.00354719
0.00354026
0.00353349
0.00352703
0.00352067
0.00351468
0.00350869
0.00350317
0.00349747
0.00349245
0.00348697
0.00348249
0.00347709
0.00347328
0.00346777
)
;
    }
    outlet
    {
        type            calculated;
        value           nonuniform List<scalar> 
100
(
1.54037
1.51347
1.53271
1.52145
1.53119
1.52978
1.5356
1.53934
1.54549
1.55264
1.56133
1.57147
1.58331
1.59739
1.61427
1.63472
1.65971
1.69026
1.72781
1.77357
1.82823
1.89215
1.96566
2.05201
2.16361
2.31633
2.51601
2.76857
3.07496
3.41877
3.78736
4.18929
4.59951
4.97479
5.31743
5.61927
5.87459
6.076
6.21769
6.29404
6.28363
6.17698
6.00613
5.82854
5.68207
5.61109
5.65167
5.66551
5.69337
5.70334
0.707881
0.754547
0.762542
0.800795
0.814243
0.846577
0.863289
0.891488
0.910057
0.935208
0.954553
0.977521
0.997049
1.01852
1.03792
1.0583
1.07733
1.09676
1.11521
1.13374
1.15148
1.16914
1.18613
1.20296
1.21916
1.23518
1.25058
1.26584
1.28045
1.295
1.30882
1.32271
1.33574
1.34902
1.36128
1.37403
1.38551
1.39785
1.40855
1.42058
1.4305
1.44235
1.45147
1.46324
1.47151
1.48331
1.49072
1.50266
1.50925
1.52142
)
;
    }
    bottom
    {
        type            symmetryPlane;
    }
    top
    {
        type            symmetryPlane;
    }
    obstacle
    {
        type            calculated;
        value           nonuniform List<scalar> 
120
(
316.502
307.815
301.182
295.498
293.562
293.43
294.86
295.716
296.248
296.376
296.375
296.583
297.153
298.131
299.256
300.49
301.578
302.5
303.04
303.279
303.022
302.4
301.429
300.458
299.481
298.511
297.475
296.43
295.443
294.621
294.026
293.7
293.652
293.853
294.248
294.743
295.25
295.693
296.037
296.27
296.399
296.435
296.39
296.271
296.091
295.863
295.602
295.33
295.071
294.853
108.906
109.502
109.615
111.446
113.533
116.614
120.562
125.81
132.588
141.041
151.236
163.174
176.609
191.032
205.873
220.559
234.69
248.004
260.287
271.492
281.674
290.906
299.266
306.83
313.662
319.824
325.377
330.391
334.952
339.118
342.934
346.442
349.673
352.66
355.432
358.011
360.406
362.657
364.787
366.786
368.671
370.458
372.126
373.532
374.118
372.474
365.981
352.031
332.375
316.059
297.456
300.229
303.821
306.523
307.915
308.415
308.652
308.855
308.87
308.525
307.659
306.534
305.677
305.308
305.129
304.893
304.783
304.958
305.56
306.835
)
;
    }
    defaultFaces
    {
        type            empty;
    }
}


// ************************************************************************* //
