/*--------------------------------*- C++ -*----------------------------------*\
| =========                 |                                                 |
| \\      /  F ield         | OpenFOAM: The Open Source CFD Toolbox           |
|  \\    /   O peration     | Version:  5.x                                   |
|   \\  /    A nd           | Web:      www.OpenFOAM.org                      |
|    \\/     M anipulation  |                                                 |
\*---------------------------------------------------------------------------*/
/*   Windows 32 and 64 bit porting by blueCAPE: http://www.bluecape.com.pt   *\
|  Based on Windows porting (2.0.x v4) by Symscape: http://www.symscape.com   |
\*---------------------------------------------------------------------------*/
FoamFile
{
    version     2.0;
    format      ascii;
    class       volScalarField;
    location    "0.008";
    object      T;
}
// * * * * * * * * * * * * * * * * * * * * * * * * * * * * * * * * * * * * * //

dimensions      [0 0 0 1 0 0 0];

internalField   nonuniform List<scalar> 
10000
(
348.431
348.425
348.406
348.342
348.155
347.69
346.687
344.795
341.74
337.51
332.408
326.857
321.23
315.688
310.326
305.111
300.254
295.06
291.538
285.562
282.618
279.364
274.336
270.442
268.557
266.704
263.524
259.767
257.004
255.878
255.757
255.758
255.192
253.054
251.214
250.498
250.403
250.629
251.815
253.277
253.966
254.088
253.756
252.068
249.85
248.365
247.475
246.994
246.781
246.707
246.695
246.827
247.601
251.547
260.957
280.937
293.143
316.04
327.341
354.566
348.431
348.425
348.406
348.343
348.159
347.701
346.713
344.847
341.828
337.636
332.566
327.037
321.421
315.881
310.516
305.297
300.407
295.253
291.608
285.653
282.841
279.286
274.142
270.532
268.758
266.544
262.946
259.177
256.741
255.889
255.765
255.551
254.273
251.631
250.083
249.605
249.596
250.005
251.464
252.657
253.06
253.014
252.16
250.129
248.584
247.675
247.209
246.999
246.924
246.913
246.961
247.263
248.663
254.037
268.149
287.718
304.15
328.344
339.798
365.552
348.431
348.425
348.406
348.343
348.159
347.702
346.715
344.851
341.834
337.645
332.58
327.057
321.45
315.922
310.57
305.379
300.453
295.569
291.212
286.752
282.355
279.13
275.396
271.166
268.126
266.204
264.026
260.905
257.717
255.75
255.195
255.169
255.014
253.946
251.95
250.825
250.496
250.516
250.928
252.215
253.406
253.99
254.116
253.927
252.896
251.547
250.633
250.057
249.724
249.572
249.538
249.601
250.355
254.389
266.265
286.097
300.104
323.003
333.812
357.832
348.431
348.425
348.406
348.344
348.162
347.712
346.738
344.896
341.911
337.757
332.722
327.22
321.623
316.1
310.744
305.558
300.556
295.921
290.808
287.65
281.987
278.585
276.072
271.82
267.452
265.005
263.717
261.766
258.639
255.51
253.688
253.251
253.35
253.405
253.038
251.474
250.231
249.861
249.858
250.102
251.028
252.082
252.672
252.856
252.842
252.507
251.727
251.11
250.731
250.544
250.499
250.636
252.031
258.745
275.424
296.754
312.685
334.899
344.925
366.11
348.431
348.425
348.406
348.344
348.163
347.714
346.741
344.903
341.921
337.771
332.74
327.243
321.655
316.141
310.799
305.629
300.645
296.026
290.954
287.79
282.211
278.799
276.289
272.129
267.821
265.352
264.059
262.179
259.165
256.1
254.264
253.778
253.84
253.972
253.693
252.293
251.049
250.648
250.652
250.872
251.756
252.862
253.481
253.664
253.649
253.314
252.459
251.742
251.283
251.045
250.977
251.099
252.438
259.075
275.483
296.982
312.568
334.477
344.313
364.873
348.431
348.425
348.407
348.345
348.166
347.722
346.761
344.942
341.988
337.87
332.868
327.391
321.814
316.305
310.962
305.784
300.803
296.131
291.146
287.804
282.226
279.055
276.269
271.811
267.731
265.598
264.177
261.779
258.402
255.474
254.039
253.816
253.931
253.829
252.816
250.938
249.96
249.723
249.794
250.352
251.626
252.56
252.972
253.024
252.787
251.913
251.042
250.468
250.134
249.968
249.92
250.05
251.318
257.544
274.035
295.852
312.832
335.238
345.329
366.344
348.431
348.425
348.407
348.346
348.167
347.724
346.766
344.951
342.001
337.887
332.889
327.417
321.846
316.345
311.014
305.851
300.882
296.239
291.249
287.971
282.441
279.172
276.496
272.189
268.05
265.793
264.422
262.231
259.015
256.052
254.487
254.173
254.268
254.267
253.55
251.788
250.752
250.455
250.494
250.924
252.127
253.149
253.625
253.689
253.489
252.591
251.54
250.81
250.357
250.121
250.044
250.096
250.865
255.204
268.613
290.044
306.1
328.779
339.081
360.957
348.431
348.425
348.407
348.346
348.169
347.731
346.782
344.985
342.06
337.975
333.004
327.552
321.992
316.497
311.165
305.997
301.027
296.356
291.399
288.023
282.471
279.351
276.497
271.993
267.992
265.928
264.446
261.919
258.493
255.622
254.264
254.076
254.183
254.013
252.784
250.87
249.926
249.708
249.796
250.45
251.807
252.738
253.117
253.13
252.691
251.512
250.524
249.87
249.478
249.283
249.221
249.286
250.092
254.483
268.097
289.562
306.243
329.533
340.028
362.156
348.431
348.425
348.407
348.347
348.171
347.733
346.788
344.995
342.076
337.995
333.028
327.579
322.025
316.536
311.215
306.06
301.101
296.452
291.5
288.17
282.665
279.462
276.701
272.324
268.276
266.117
264.679
262.317
259.012
256.114
254.67
254.42
254.517
254.428
253.404
251.568
250.599
250.323
250.383
250.923
252.253
253.263
253.7
253.724
253.341
252.046
250.802
249.964
249.452
249.189
249.096
249.125
249.712
253.252
264.982
286.191
302.042
325.28
335.872
358.361
348.431
348.425
348.407
348.347
348.173
347.739
346.802
345.025
342.128
338.074
333.132
327.703
322.159
316.677
311.356
306.197
301.235
296.574
291.616
288.258
282.689
279.595
276.736
272.211
268.218
266.163
264.672
262.123
258.678
255.788
254.408
254.212
254.319
254.148
252.899
250.926
249.943
249.711
249.786
250.433
251.851
252.849
253.254
253.262
252.748
251.347
250.176
249.404
248.947
248.72
248.64
248.678
249.33
253.088
265.352
286.671
302.945
326.476
337.282
359.914
348.431
348.425
348.407
348.348
348.174
347.742
346.808
345.036
342.145
338.096
333.157
327.731
322.192
316.715
311.403
306.257
301.301
296.667
291.692
288.417
282.857
279.665
276.938
272.548
268.457
266.277
264.858
262.522
259.201
256.241
254.728
254.453
254.561
254.472
253.486
251.595
250.555
250.224
250.281
250.803
252.147
253.204
253.658
253.692
253.275
251.857
250.503
249.596
249.049
248.762
248.656
248.673
249.201
252.501
263.649
284.821
300.397
323.585
334.382
357.123
348.431
348.425
348.407
348.348
348.176
347.748
346.821
345.062
342.191
338.166
333.251
327.843
322.316
316.846
311.535
306.385
301.428
296.786
291.802
288.502
282.891
279.786
276.983
272.467
268.408
266.31
264.859
262.381
258.941
255.967
254.483
254.246
254.357
254.24
253.126
251.08
250.002
249.719
249.766
250.344
251.758
252.84
253.301
253.326
252.852
251.365
250.007
249.099
248.55
248.269
248.165
248.183
248.718
252.029
263.24
284.675
300.568
324.133
334.962
357.75
348.431
348.425
348.408
348.349
348.177
347.751
346.827
345.074
342.208
338.189
333.277
327.872
322.348
316.882
311.579
306.441
301.488
296.872
291.867
288.653
283.051
279.821
277.167
272.802
268.627
266.374
264.991
262.752
259.452
256.395
254.749
254.418
254.532
254.474
253.65
251.728
250.559
250.157
250.189
250.627
251.921
253.069
253.59
253.664
253.314
251.892
250.32
249.246
248.581
248.222
248.081
248.067
248.368
250.606
259.028
279.434
295.162
318.886
329.986
353.74
348.431
348.425
348.408
348.349
348.178
347.755
346.838
345.097
342.249
338.252
333.363
327.975
322.463
317.004
311.702
306.561
301.61
296.982
291.979
288.726
283.089
279.956
277.213
272.72
268.591
266.431
265.018
262.631
259.213
256.149
254.544
254.253
254.366
254.31
253.376
251.279
250.074
249.724
249.744
250.223
251.584
252.769
253.307
253.372
252.986
251.513
249.948
248.884
248.23
247.891
247.759
247.744
247.998
249.903
257.338
276.993
293.065
317.126
328.513
352.791
348.431
348.425
348.408
348.35
348.18
347.758
346.845
345.109
342.268
338.276
333.39
328.004
322.494
317.038
311.744
306.613
301.665
297.059
292.044
288.858
283.234
279.992
277.37
273.012
268.796
266.504
265.135
262.938
259.643
256.527
254.8
254.43
254.547
254.499
253.759
251.821
250.551
250.09
250.106
250.493
251.743
252.947
253.506
253.603
253.284
251.878
250.179
249.008
248.28
247.883
247.721
247.682
247.811
249.022
254.268
271.382
287.186
311.424
323.08
348.421
348.431
348.425
348.408
348.35
348.181
347.762
346.855
345.129
342.304
338.333
333.467
328.099
322.6
317.152
311.86
306.726
301.782
297.16
292.158
288.92
283.274
280.145
277.415
272.919
268.773
266.6
265.193
262.82
259.399
256.3
254.646
254.332
254.442
254.406
253.515
251.385
250.11
249.734
249.742
250.179
251.503
252.727
253.293
253.37
252.989
251.484
249.813
248.673
247.968
247.594
247.444
247.408
247.515
248.516
252.95
268.722
284.639
309.44
321.342
347.222
348.431
348.426
348.408
348.35
348.182
347.765
346.861
345.141
342.323
338.357
333.494
328.127
322.631
317.185
311.898
306.774
301.832
297.229
292.222
289.037
283.4
280.183
277.554
273.17
268.955
266.68
265.305
263.076
259.753
256.621
254.887
254.518
254.629
254.577
253.798
251.804
250.504
250.025
250.04
250.421
251.682
252.895
253.438
253.531
253.184
251.688
249.917
248.701
247.946
247.53
247.353
247.299
247.352
248.007
251.152
264.389
279.48
304.382
316.462
343.217
348.431
348.426
348.408
348.351
348.183
347.769
346.87
345.16
342.356
338.408
333.565
328.215
322.729
317.291
312.007
306.881
301.943
297.324
292.332
289.095
283.445
280.337
277.598
273.085
268.946
266.786
265.373
262.975
259.537
256.43
254.766
254.442
254.551
254.505
253.6
251.426
250.122
249.74
249.74
250.16
251.475
252.718
253.291
253.367
252.962
251.373
249.612
248.412
247.672
247.275
247.105
247.052
247.098
247.677
250.495
262.909
277.762
302.895
315.075
342.143
348.431
348.426
348.408
348.351
348.185
347.772
346.876
345.172
342.374
338.432
333.592
328.242
322.759
317.322
312.042
306.924
301.989
297.385
292.393
289.199
283.555
280.371
277.722
273.306
269.106
266.859
265.473
263.197
259.839
256.705
254.98
254.619
254.721
254.669
253.83
251.767
250.453
249.974
249.986
250.363
251.649
252.869
253.394
253.481
253.11
251.516
249.678
248.427
247.66
247.245
247.064
247.003
247.028
247.473
249.734
260.737
274.85
299.805
312.018
339.444
348.431
348.426
348.408
348.352
348.186
347.775
346.884
345.188
342.404
338.478
333.656
328.323
322.85
317.421
312.145
307.025
302.095
297.475
292.5
289.252
283.605
280.529
277.764
273.224
269.111
266.981
265.551
263.106
259.642
256.544
254.894
254.571
254.679
254.614
253.654
251.432
250.12
249.747
249.743
250.161
251.487
252.741
253.309
253.377
252.939
251.266
249.466
248.245
247.5
247.103
246.931
246.874
246.895
247.286
249.296
259.493
273.588
298.914
311.372
339.22
348.431
348.426
348.408
348.352
348.187
347.778
346.89
345.2
342.422
338.502
333.683
328.35
322.878
317.45
312.177
307.064
302.137
297.529
292.559
289.344
283.699
280.563
277.873
273.415
269.253
267.052
265.644
263.295
259.892
256.775
255.086
254.743
254.83
254.763
253.835
251.699
250.393
249.931
249.945
250.328
251.657
252.882
253.395
253.478
253.098
251.473
249.612
248.327
247.512
247.045
246.815
246.721
246.71
246.926
248.241
256.07
269.086
294.603
307.538
336.662
348.431
348.426
348.408
348.352
348.188
347.781
346.897
345.215
342.449
338.544
333.741
328.424
322.963
317.543
312.274
307.16
302.238
297.613
292.668
289.386
283.757
280.731
277.905
273.334
269.279
267.196
265.727
263.207
259.714
256.644
255.033
254.721
254.827
254.74
253.699
251.419
250.111
249.753
249.744
250.152
251.487
252.796
253.403
253.501
253.155
251.612
249.668
248.266
247.329
246.743
246.415
246.26
246.202
246.264
246.863
251.414
262.467
288.343
302.405
333.634
348.431
348.426
348.409
348.353
348.189
347.783
346.903
345.226
342.466
338.567
333.768
328.45
322.99
317.57
312.304
307.195
302.278
297.653
292.745
289.437
283.848
280.813
277.968
273.451
269.433
267.334
265.837
263.321
259.855
256.819
255.24
254.943
255.022
254.922
253.844
251.611
250.31
249.87
249.881
250.222
251.54
252.922
253.591
253.783
253.639
252.549
250.369
248.657
247.49
246.761
246.357
246.167
246.093
246.114
246.415
249.061
256.538
278.881
293.237
326.132
348.431
348.426
348.409
348.353
348.19
347.786
346.909
345.239
342.491
338.606
333.821
328.519
323.068
317.657
312.396
307.283
302.393
297.651
293.117
288.9
284.665
280.721
277.46
273.835
270.022
267.251
265.273
263.117
260.216
257.245
255.338
254.762
254.746
254.599
253.704
251.645
250.342
249.941
249.898
250.098
250.936
252.436
253.407
253.8
253.839
253.568
252.177
250.226
248.863
248.042
247.624
247.448
247.38
247.394
247.593
249.813
256.065
275.71
289.107
320.896
348.431
348.426
348.409
348.353
348.191
347.789
346.915
345.25
342.507
338.628
333.847
328.544
323.094
317.682
312.424
307.312
302.453
297.577
293.542
288.177
285.634
280.605
276.591
274.383
271.183
267.09
264.179
262.554
261.081
258.86
256.223
254.282
253.44
253.289
253.315
253.047
251.886
250.851
250.565
250.52
250.589
251.052
252.112
252.941
253.326
253.404
253.232
252.343
251.258
250.568
250.197
250.028
249.954
249.962
250.116
252.241
258.005
275.969
288.271
317.969
348.431
348.426
348.409
348.353
348.192
347.791
346.921
345.262
342.53
338.663
333.896
328.608
323.168
317.764
312.509
307.397
302.546
297.647
293.663
288.183
285.68
280.906
276.403
274.26
271.516
267.334
263.904
262.189
261.072
259.214
256.552
254.209
253.004
252.735
252.87
252.91
252.441
251.297
250.671
250.515
250.486
250.674
251.451
252.357
252.846
253.003
252.964
252.571
251.904
251.441
251.166
251.019
250.935
250.941
251.117
253.774
260.375
279.015
290.721
318.821
348.431
348.426
348.409
348.354
348.193
347.793
346.926
345.272
342.546
338.685
333.921
328.632
323.192
317.787
312.535
307.426
302.578
297.678
293.723
288.23
285.724
280.998
276.433
274.283
271.685
267.525
263.898
262.106
261.138
259.493
256.917
254.436
252.951
252.582
252.708
252.882
252.727
251.784
250.97
250.635
250.615
250.748
251.312
252.117
252.597
252.783
252.788
252.633
252.215
251.848
251.597
251.445
251.347
251.347
251.531
254.367
261.412
280.675
292.275
319.73
348.431
348.426
348.409
348.354
348.193
347.796
346.932
345.284
342.566
338.717
333.966
328.691
323.26
317.864
312.616
307.508
302.664
297.759
293.804
288.292
285.788
281.132
276.468
274.263
271.763
267.65
263.922
262.04
261.095
259.519
256.95
254.409
252.903
252.49
252.605
252.752
252.597
251.72
250.895
250.609
250.549
250.666
251.219
251.998
252.477
252.684
252.704
252.611
252.299
251.977
251.748
251.605
251.508
251.511
251.712
254.643
262.109
282.203
293.911
321.236
348.431
348.426
348.409
348.354
348.194
347.798
346.937
345.293
342.581
338.738
333.99
328.714
323.284
317.885
312.639
307.535
302.691
297.792
293.846
288.346
285.837
281.154
276.533
274.344
271.844
267.73
263.973
262.069
261.163
259.669
257.16
254.575
252.916
252.448
252.547
252.775
252.735
252.018
251.08
250.644
250.602
250.692
251.103
251.865
252.382
252.637
252.69
252.659
252.46
252.125
251.871
251.712
251.61
251.617
251.825
254.771
262.44
282.955
294.622
321.776
348.431
348.426
348.409
348.355
348.195
347.8
346.942
345.304
342.601
338.767
334.032
328.768
323.347
317.958
312.715
307.612
302.772
297.875
293.913
288.419
285.911
281.236
276.601
274.396
271.876
267.768
264.035
262.129
261.189
259.647
257.093
254.503
252.911
252.463
252.567
252.748
252.669
251.915
250.953
250.571
250.486
250.573
251.033
251.826
252.369
252.651
252.717
252.694
252.502
252.165
251.912
251.758
251.643
251.649
251.874
254.794
262.652
283.79
295.602
322.7
348.431
348.426
348.409
348.355
348.196
347.802
346.946
345.313
342.615
338.787
334.054
328.79
323.369
317.978
312.736
307.636
302.796
297.904
293.947
288.47
285.958
281.234
276.667
274.496
271.925
267.787
264.082
262.216
261.288
259.739
257.186
254.586
252.944
252.492
252.597
252.825
252.782
252.048
251.032
250.552
250.502
250.593
250.991
251.786
252.358
252.667
252.748
252.735
252.562
252.201
251.926
251.761
251.645
251.649
251.884
254.805
262.653
283.93
295.929
323.237
348.431
348.426
348.409
348.355
348.197
347.804
346.951
345.323
342.632
338.815
334.093
328.841
323.429
318.046
312.808
307.71
302.873
297.984
294.012
288.542
286.029
281.315
276.737
274.548
271.964
267.832
264.147
262.281
261.322
259.728
257.133
254.529
252.949
252.53
252.642
252.82
252.736
251.95
250.913
250.489
250.4
250.487
250.948
251.788
252.385
252.701
252.777
252.753
252.528
252.126
251.838
251.663
251.542
251.546
251.773
254.658
262.464
283.825
295.992
323.61
348.431
348.426
348.409
348.355
348.197
347.806
346.955
345.331
342.646
338.833
334.114
328.862
323.449
318.064
312.827
307.731
302.894
298.011
294.036
288.593
286.075
281.289
276.808
274.653
271.985
267.814
264.19
262.388
261.426
259.785
257.164
254.567
252.98
252.573
252.694
252.907
252.836
252.021
250.942
250.438
250.384
250.485
250.922
251.781
252.39
252.703
252.775
252.749
252.516
252.094
251.802
251.643
251.541
251.546
251.744
254.401
261.769
282.659
294.986
323.056
348.431
348.426
348.409
348.355
348.198
347.808
346.96
345.34
342.662
338.859
334.151
328.91
323.505
318.128
312.895
307.802
302.967
298.088
294.098
288.667
286.145
281.354
276.892
274.725
272.012
267.839
264.27
262.499
261.489
259.758
257.074
254.497
253.017
252.678
252.811
252.959
252.804
251.848
250.795
250.379
250.305
250.423
250.989
251.877
252.459
252.732
252.776
252.723
252.431
252.039
251.776
251.636
251.546
251.552
251.722
254.166
261.149
281.575
293.842
321.931
348.431
348.426
348.409
348.356
348.199
347.81
346.964
345.348
342.675
338.875
334.17
328.929
323.524
318.144
312.913
307.82
302.985
298.111
294.117
288.712
286.184
281.325
276.956
274.816
272.02
267.81
264.306
262.602
261.582
259.786
257.066
254.511
253.057
252.735
252.881
253.042
252.869
251.833
250.783
250.325
250.288
250.444
251.047
251.92
252.462
252.691
252.714
252.634
252.326
251.982
251.736
251.595
251.509
251.514
251.662
253.923
260.616
280.792
293.095
321.036
348.431
348.426
348.409
348.356
348.199
347.812
346.968
345.357
342.69
338.9
334.204
328.973
323.576
318.205
312.977
307.889
303.055
298.186
294.179
288.785
286.252
281.393
277.041
274.888
272.052
267.842
264.393
262.721
261.652
259.762
256.98
254.458
253.116
252.868
253.021
253.115
252.809
251.617
250.648
250.301
250.26
250.457
251.196
252.04
252.513
252.687
252.681
252.506
252.141
251.843
251.619
251.474
251.379
251.368
251.484
253.503
259.801
279.737
292.263
320.402
348.431
348.426
348.409
348.356
348.2
347.813
346.972
345.364
342.702
338.915
334.223
328.991
323.594
318.22
312.992
307.904
303.07
298.204
294.196
288.821
286.283
281.371
277.09
274.96
272.058
267.816
264.418
262.803
261.723
259.773
256.963
254.471
253.153
252.913
253.074
253.171
252.828
251.576
250.633
250.255
250.243
250.493
251.263
252.069
252.506
252.657
252.635
252.393
251.956
251.608
251.344
251.167
251.05
251.019
251.105
252.933
258.859
278.453
291.182
319.68
348.431
348.426
348.41
348.356
348.201
347.815
346.976
345.372
342.716
338.938
334.255
329.033
323.643
318.277
313.054
307.969
303.138
298.276
294.258
288.891
286.349
281.444
277.17
275.028
272.1
267.862
264.506
262.909
261.788
259.766
256.915
254.45
253.218
253.033
253.193
253.239
252.766
251.425
250.548
250.252
250.236
250.505
251.348
252.159
252.583
252.722
252.682
252.343
251.784
251.366
251.08
250.907
250.797
250.762
250.824
252.469
258.007
277.167
290.028
318.902
348.431
348.426
348.41
348.356
348.201
347.816
346.979
345.378
342.727
338.953
334.272
329.05
323.659
318.291
313.067
307.982
303.151
298.291
294.271
288.922
286.374
281.419
277.213
275.084
272.096
267.837
264.526
262.969
261.834
259.77
256.906
254.463
253.233
253.044
253.212
253.271
252.798
251.438
250.541
250.189
250.185
250.475
251.324
252.169
252.616
252.759
252.715
252.343
251.748
251.316
251.029
250.861
250.754
250.717
250.76
252.237
257.342
275.797
288.64
317.753
348.431
348.426
348.41
348.357
348.202
347.818
346.983
345.386
342.741
338.974
334.302
329.089
323.706
318.345
313.125
308.044
303.216
298.36
294.334
288.987
286.439
281.504
277.284
275.142
272.156
267.909
264.609
263.042
261.886
259.804
256.924
254.474
253.276
253.116
253.282
253.317
252.8
251.4
250.505
250.193
250.174
250.447
251.327
252.205
252.671
252.82
252.776
252.389
251.77
251.325
251.034
250.868
250.761
250.723
250.758
252.125
256.938
274.87
287.619
316.712
348.431
348.426
348.41
348.357
348.202
347.819
346.986
345.392
342.751
338.988
334.317
329.105
323.72
318.357
313.137
308.055
303.226
298.371
294.344
289.012
286.456
281.481
277.316
275.182
272.151
267.888
264.616
263.073
261.912
259.81
256.924
254.482
253.27
253.096
253.272
253.324
252.828
251.429
250.503
250.135
250.126
250.416
251.29
252.187
252.668
252.823
252.78
252.396
251.782
251.348
251.069
250.909
250.804
250.765
250.794
252.077
256.651
274.137
286.814
315.903
348.431
348.426
348.41
348.357
348.203
347.821
346.99
345.4
342.764
339.008
334.346
329.142
323.765
318.408
313.193
308.114
303.289
298.439
294.405
289.08
286.522
281.556
277.396
275.248
272.206
267.956
264.704
263.159
261.975
259.845
256.943
254.501
253.325
253.182
253.349
253.377
252.832
251.39
250.477
250.147
250.131
250.416
251.323
252.23
252.709
252.86
252.811
252.412
251.808
251.385
251.111
250.952
250.844
250.804
250.829
252.084
256.566
273.82
286.387
315.325
348.431
348.426
348.41
348.357
348.203
347.822
346.992
345.405
342.772
339.02
334.36
329.156
323.778
318.419
313.203
308.123
303.297
298.448
294.408
289.104
286.533
281.521
277.431
275.286
272.18
267.916
264.714
263.204
261.996
259.817
256.901
254.49
253.329
253.182
253.362
253.392
252.815
251.356
250.445
250.09
250.084
250.407
251.337
252.238
252.706
252.845
252.783
252.357
251.771
251.364
251.097
250.937
250.825
250.787
250.813
252.081
256.591
273.851
286.342
315.128
348.431
348.426
348.41
348.357
348.204
347.824
346.996
345.412
342.785
339.04
334.387
329.191
323.819
318.467
313.256
308.18
303.357
298.515
294.465
289.176
286.599
281.584
277.525
275.365
272.221
267.97
264.82
263.326
262.072
259.829
256.891
254.512
253.42
253.317
253.485
253.476
252.783
251.276
250.41
250.104
250.107
250.459
251.442
252.319
252.759
252.879
252.799
252.335
251.741
251.32
251.029
250.846
250.72
250.684
250.71
252.021
256.647
274.082
286.505
315.139
348.431
348.426
348.41
348.357
348.204
347.825
346.998
345.417
342.793
339.051
334.4
329.203
323.831
318.477
313.264
308.187
303.362
298.521
294.466
289.195
286.605
281.546
277.556
275.397
272.181
267.918
264.832
263.378
262.083
259.769
256.816
254.489
253.437
253.334
253.513
253.487
252.696
251.185
250.353
250.051
250.065
250.483
251.5
252.348
252.762
252.864
252.766
252.253
251.613
251.141
250.795
250.574
250.432
250.396
250.426
251.804
256.634
274.479
286.928
315.395
348.431
348.426
348.41
348.358
348.205
347.826
347.002
345.424
342.805
339.069
334.426
329.237
323.871
318.523
313.315
308.241
303.421
298.584
294.526
289.26
286.671
281.623
277.636
275.47
272.241
267.986
264.932
263.488
262.158
259.797
256.831
254.533
253.537
253.47
253.634
253.567
252.658
251.142
250.347
250.079
250.106
250.546
251.595
252.442
252.852
252.95
252.842
252.27
251.507
250.922
250.505
250.258
250.114
250.082
250.123
251.594
256.642
274.874
287.391
315.87
348.431
348.426
348.41
348.358
348.205
347.827
347.004
345.428
342.812
339.079
334.437
329.248
323.881
318.531
313.321
308.247
303.424
298.585
294.528
289.267
286.672
281.598
277.642
275.482
272.216
267.949
264.922
263.498
262.149
259.754
256.783
254.509
253.518
253.442
253.617
253.545
252.6
251.087
250.302
250.025
250.052
250.511
251.587
252.472
252.906
253.011
252.897
252.276
251.426
250.798
250.378
250.146
250.014
249.983
250.034
251.586
256.822
275.313
287.816
316.279
348.431
348.426
348.41
348.358
348.206
347.828
347.007
345.435
342.824
339.097
334.462
329.28
323.919
318.575
313.37
308.299
303.482
298.646
294.593
289.325
286.738
281.691
277.706
275.543
272.302
268.045
265.006
263.567
262.219
259.835
256.864
254.576
253.588
253.529
253.694
253.611
252.656
251.134
250.345
250.07
250.098
250.537
251.633
252.558
253.012
253.122
253.008
252.361
251.454
250.799
250.374
250.148
250.015
249.978
250.036
251.612
256.927
275.632
288.164
316.587
348.431
348.426
348.41
348.358
348.206
347.829
347.009
345.439
342.83
339.106
334.472
329.29
323.929
318.582
313.376
308.304
303.485
298.645
294.593
289.333
286.735
281.663
277.719
275.551
272.276
268.014
264.993
263.566
262.217
259.825
256.85
254.559
253.555
253.486
253.668
253.607
252.702
251.168
250.355
250.055
250.077
250.513
251.61
252.551
253.016
253.133
253.028
252.395
251.475
250.82
250.403
250.182
250.044
250.003
250.053
251.601
256.9
275.74
288.378
316.889
348.431
348.426
348.41
348.358
348.206
347.831
347.012
345.445
342.842
339.124
334.498
329.324
323.969
318.63
313.43
308.363
303.55
298.72
294.655
289.424
286.812
281.751
277.819
275.646
272.379
268.126
265.095
263.659
262.327
259.96
256.98
254.649
253.622
253.561
253.742
253.698
252.864
251.295
250.423
250.092
250.103
250.487
251.544
252.507
253.001
253.14
253.066
252.51
251.578
250.901
250.468
250.231
250.081
250.033
250.08
251.472
256.551
275.369
288.18
317.042
348.431
348.426
348.41
348.358
348.207
347.833
347.017
345.454
342.857
339.144
334.522
329.348
323.991
318.646
313.44
308.373
303.545
298.723
294.639
289.43
286.797
281.69
277.785
275.63
272.337
268.04
264.978
263.55
262.255
259.91
256.912
254.521
253.403
253.3
253.507
253.5
252.778
251.19
250.249
249.858
249.85
250.205
251.232
252.281
252.862
253.058
253.033
252.624
251.706
250.996
250.537
250.26
250.098
250.017
250.124
251.022
257.126
270.419
292.951
307.875
348.431
348.426
348.41
348.358
348.206
347.83
347.011
345.441
342.834
339.11
334.477
329.298
323.94
318.599
313.398
308.327
303.517
298.676
294.625
289.354
286.763
281.763
277.704
275.541
272.399
268.147
264.982
263.467
262.223
259.998
257.043
254.605
253.469
253.38
253.563
253.558
252.922
251.4
250.452
250.087
250.056
250.364
251.359
252.47
253.123
253.365
253.37
253.041
252.09
251.251
250.686
250.333
250.148
250.056
250.18
251.129
257.741
270.626
293.469
307.479
348.431
348.426
348.41
348.359
348.207
347.833
347.016
345.453
342.855
339.143
334.521
329.349
323.993
318.65
313.444
308.377
303.552
298.715
294.669
289.398
286.801
281.757
277.73
275.581
272.402
268.117
264.943
263.447
262.227
260.003
257.031
254.545
253.342
253.234
253.442
253.461
252.891
251.355
250.318
249.868
249.85
250.131
251.063
252.225
252.948
253.235
253.257
252.978
252.066
251.192
250.593
250.203
250.005
249.912
250.024
250.927
257.229
270.27
292.719
307.49
348.431
348.426
348.41
348.358
348.207
347.831
347.012
345.443
342.836
339.111
334.477
329.295
323.936
318.594
313.393
308.319
303.514
298.668
294.625
289.345
286.759
281.771
277.686
275.527
272.416
268.162
264.96
263.421
262.206
260.027
257.083
254.609
253.429
253.325
253.514
253.521
252.959
251.47
250.461
250.036
250.004
250.293
251.248
252.416
253.13
253.411
253.438
253.159
252.223
251.297
250.663
250.251
250.043
249.942
250.032
250.778
256.383
268.824
290.761
305.989
348.431
348.426
348.41
348.359
348.208
347.833
347.016
345.452
342.854
339.14
334.52
329.349
323.995
318.654
313.449
308.382
303.559
298.712
294.689
289.384
286.8
281.797
277.71
275.556
272.43
268.157
264.94
263.416
262.218
260.035
257.075
254.558
253.335
253.233
253.444
253.463
252.918
251.407
250.352
249.904
249.879
250.144
251.052
252.255
253.02
253.331
253.369
253.126
252.23
251.283
250.619
250.184
249.959
249.849
249.92
250.578
255.694
267.776
289.382
304.474
348.431
348.426
348.41
348.359
348.207
347.832
347.014
345.445
342.838
339.112
334.476
329.292
323.932
318.588
313.387
308.311
303.51
298.658
294.626
289.336
286.754
281.783
277.666
275.512
272.434
268.175
264.938
263.38
262.19
260.048
257.112
254.609
253.394
253.277
253.47
253.484
252.971
251.519
250.471
250.002
249.975
250.252
251.176
252.371
253.116
253.425
253.468
253.227
252.335
251.359
250.678
250.236
249.994
249.892
249.951
250.57
255.494
267.415
288.584
303.644
348.431
348.426
348.41
348.359
348.208
347.833
347.016
345.452
342.852
339.138
334.517
329.348
323.997
318.657
313.453
308.387
303.566
298.709
294.709
289.372
286.798
281.833
277.694
275.531
272.457
268.197
264.939
263.385
262.208
260.07
257.125
254.577
253.329
253.224
253.433
253.461
252.952
251.473
250.394
249.935
249.904
250.157
251.034
252.246
253.032
253.368
253.422
253.211
252.365
251.386
250.69
250.236
249.982
249.86
249.904
250.426
254.834
266.194
287.584
302.692
348.431
348.426
348.41
348.359
348.208
347.833
347.015
345.447
342.84
339.114
334.477
329.29
323.929
318.583
313.382
308.303
303.505
298.648
294.629
289.32
286.748
281.808
277.635
275.481
272.466
268.21
264.907
263.311
262.161
260.091
257.177
254.622
253.338
253.198
253.388
253.428
253.001
251.627
250.523
250.007
249.972
250.226
251.098
252.292
253.061
253.397
253.45
253.24
252.408
251.423
250.723
250.268
250.005
249.881
249.898
250.289
254.023
264.292
285.437
300.719
348.431
348.426
348.41
348.359
348.208
347.834
347.017
345.451
342.851
339.135
334.514
329.346
323.997
318.661
313.458
308.393
303.574
298.707
294.728
289.362
286.795
281.872
277.675
275.502
272.492
268.245
264.931
263.34
262.194
260.118
257.195
254.609
253.319
253.202
253.408
253.448
252.985
251.549
250.444
249.968
249.933
250.177
251.028
252.232
253.021
253.368
253.427
253.228
252.407
251.412
250.701
250.23
249.961
249.823
249.834
250.181
253.671
263.622
284.518
299.937
348.431
348.426
348.41
348.359
348.208
347.834
347.016
345.449
342.843
339.116
334.478
329.289
323.926
318.577
313.376
308.293
303.5
298.636
294.631
289.307
286.74
281.829
277.611
275.453
272.49
268.239
264.883
263.256
262.137
260.126
257.234
254.634
253.295
253.135
253.322
253.384
253.018
251.718
250.576
250.023
249.978
250.222
251.068
252.251
253.021
253.35
253.409
253.202
252.385
251.397
250.687
250.228
249.965
249.83
249.843
250.245
254.027
264.583
285.59
300.821
348.431
348.426
348.41
348.359
348.209
347.834
347.017
345.452
342.85
339.132
334.509
329.343
323.996
318.663
313.462
308.399
303.583
298.707
294.745
289.356
286.792
281.902
277.66
275.481
272.522
268.282
264.923
263.308
262.191
260.161
257.252
254.638
253.319
253.192
253.395
253.439
252.994
251.586
250.476
250
249.965
250.22
251.085
252.261
253.018
253.343
253.391
253.163
252.304
251.327
250.63
250.175
249.919
249.776
249.783
250.153
253.753
264.051
284.647
300.663
348.431
348.426
348.41
348.359
348.209
347.835
347.018
345.451
342.845
339.118
334.479
329.289
323.924
318.573
313.37
308.282
303.492
298.623
294.628
289.298
286.734
281.839
277.598
275.437
272.499
268.251
264.868
263.233
262.13
260.139
257.251
254.631
253.275
253.115
253.3
253.369
253.012
251.735
250.598
250.034
249.988
250.251
251.126
252.275
253.002
253.296
253.327
253.079
252.204
251.238
250.557
250.119
249.877
249.753
249.758
250.15
253.871
264.352
284.837
300.919
348.431
348.426
348.411
348.359
348.209
347.835
347.018
345.452
342.849
339.129
334.504
329.337
323.994
318.664
313.465
308.406
303.593
298.714
294.756
289.359
286.791
281.911
277.661
275.48
272.531
268.29
264.922
263.311
262.208
260.179
257.261
254.645
253.331
253.207
253.41
253.447
252.973
251.552
250.488
250.036
250.017
250.31
251.235
252.361
253.044
253.31
253.319
252.994
252.034
251.124
250.484
250.081
249.859
249.756
249.77
250.154
253.843
264.299
285.201
300.713
348.431
348.426
348.411
348.36
348.21
347.835
347.019
345.452
342.847
339.12
334.481
329.29
323.923
318.569
313.365
308.273
303.483
298.608
294.617
289.296
286.726
281.831
277.601
275.441
272.49
268.234
264.861
263.248
262.143
260.124
257.216
254.601
253.267
253.126
253.315
253.374
252.972
251.668
250.582
250.039
250.002
250.302
251.249
252.356
253.008
253.248
253.241
252.874
251.899
251.013
250.397
250.007
249.799
249.699
249.739
250.172
253.96
264.611
285.45
300.809
348.431
348.426
348.411
348.36
348.21
347.836
347.02
345.453
342.849
339.126
334.498
329.33
323.989
318.663
313.468
308.411
303.602
298.725
294.762
289.372
286.789
281.907
277.676
275.49
272.533
268.288
264.922
263.318
262.228
260.202
257.275
254.65
253.331
253.204
253.408
253.446
252.973
251.565
250.51
250.057
250.05
250.37
251.333
252.428
253.077
253.317
253.299
252.9
251.888
250.991
250.383
249.993
249.775
249.666
249.687
250.062
253.581
263.585
284.152
299.81
348.431
348.426
348.411
348.36
348.21
347.837
347.021
345.454
342.849
339.122
334.482
329.291
323.923
318.566
313.361
308.264
303.474
298.591
294.603
289.295
286.716
281.822
277.608
275.441
272.48
268.225
264.853
263.245
262.146
260.131
257.218
254.585
253.239
253.095
253.292
253.357
252.971
251.69
250.603
250.051
250.011
250.313
251.263
252.376
253.03
253.271
253.267
252.894
251.879
250.947
250.31
249.913
249.696
249.583
249.59
249.958
253.462
263.701
284.095
299.692
348.431
348.426
348.411
348.36
348.211
347.837
347.021
345.455
342.85
339.124
334.492
329.322
323.982
318.659
313.468
308.415
303.61
298.741
294.775
289.383
286.785
281.916
277.68
275.483
272.548
268.312
264.916
263.289
262.223
260.243
257.329
254.674
253.313
253.167
253.368
253.421
252.999
251.645
250.566
250.091
250.084
250.391
251.338
252.438
253.107
253.354
253.347
252.962
251.928
250.975
250.32
249.907
249.684
249.543
249.537
249.826
252.882
262.24
282.653
298.348
348.431
348.426
348.411
348.36
348.211
347.838
347.022
345.456
342.851
339.123
334.483
329.293
323.925
318.565
313.357
308.256
303.465
298.568
294.595
289.278
286.708
281.839
277.589
275.418
272.498
268.248
264.833
263.202
262.129
260.158
257.258
254.6
253.223
253.064
253.258
253.322
252.947
251.69
250.615
250.066
250.027
250.329
251.281
252.395
253.052
253.298
253.296
252.923
251.878
250.909
250.242
249.828
249.603
249.462
249.474
249.797
252.903
262.404
282.55
298.223
348.431
348.426
348.411
348.36
348.211
347.838
347.023
345.457
342.851
339.123
334.487
329.312
323.972
318.652
313.466
308.416
303.619
298.751
294.79
289.386
286.784
281.942
277.665
275.465
272.579
268.351
264.908
263.251
262.209
260.276
257.38
254.707
253.314
253.153
253.352
253.413
253.012
251.69
250.605
250.126
250.115
250.429
251.381
252.475
253.134
253.372
253.354
252.951
251.898
250.944
250.299
249.883
249.662
249.548
249.523
249.791
252.585
261.622
281.661
297.438
348.431
348.426
348.411
348.361
348.212
347.839
347.024
345.458
342.852
339.123
334.483
329.294
323.927
318.566
313.355
308.25
303.456
298.55
294.587
289.262
286.696
281.858
277.567
275.395
272.521
268.274
264.809
263.151
262.114
260.195
257.308
254.619
253.198
253.019
253.207
253.276
252.908
251.679
250.62
250.083
250.041
250.341
251.303
252.419
253.079
253.324
253.315
252.929
251.859
250.873
250.194
249.768
249.536
249.408
249.41
249.688
252.443
261.41
281.271
297.049
348.431
348.426
348.411
348.361
348.212
347.84
347.025
345.46
342.853
339.123
334.483
329.303
323.96
318.643
313.462
308.415
303.625
298.761
294.804
289.395
286.784
281.96
277.651
275.459
272.599
268.371
264.907
263.239
262.207
260.293
257.408
254.735
253.336
253.17
253.367
253.435
253.042
251.732
250.634
250.14
250.124
250.427
251.361
252.489
253.178
253.448
253.456
253.087
251.985
250.907
250.167
249.692
249.433
249.296
249.296
249.566
252.166
260.87
280.511
296.345
348.431
348.426
348.411
348.361
348.212
347.841
347.026
345.461
342.854
339.124
334.482
329.294
323.929
318.569
313.356
308.246
303.448
298.533
294.574
289.249
286.689
281.862
277.559
275.383
272.528
268.287
264.801
263.125
262.104
260.215
257.34
254.63
253.174
252.98
253.168
253.252
252.907
251.706
250.627
250.087
250.032
250.309
251.235
252.39
253.088
253.36
253.364
253.007
251.891
250.786
250.028
249.539
249.287
249.167
249.167
249.458
252.146
261.099
280.704
296.469
348.431
348.426
348.411
348.361
348.213
347.841
347.028
345.463
342.856
339.124
334.48
329.294
323.947
318.629
313.453
308.409
303.628
298.771
294.815
289.405
286.782
281.973
277.641
275.453
272.621
268.393
264.904
263.22
262.202
260.322
257.453
254.763
253.336
253.156
253.353
253.441
253.088
251.827
250.685
250.148
250.115
250.4
251.315
252.464
253.182
253.465
253.473
253.101
251.971
250.86
250.088
249.612
249.36
249.236
249.206
249.451
251.853
260.227
279.62
295.5
348.431
348.426
348.411
348.361
348.213
347.842
347.029
345.464
342.857
339.125
334.479
329.29
323.929
318.573
313.358
308.246
303.442
298.517
294.559
289.234
286.681
281.86
277.558
275.377
272.525
268.299
264.804
263.11
262.094
260.228
257.362
254.632
253.147
252.94
253.129
253.234
252.925
251.757
250.637
250.08
250.017
250.285
251.198
252.34
253.04
253.311
253.308
252.939
251.818
250.735
249.995
249.524
249.273
249.161
249.16
249.439
251.926
260.521
280.035
295.802
348.431
348.426
348.411
348.362
348.214
347.843
347.03
345.466
342.859
339.125
334.478
329.287
323.934
318.612
313.44
308.399
303.627
298.773
294.824
289.415
286.786
281.986
277.636
275.452
272.635
268.41
264.902
263.205
262.2
260.345
257.487
254.782
253.334
253.143
253.34
253.441
253.117
251.897
250.731
250.163
250.111
250.384
251.284
252.429
253.156
253.444
253.443
253.057
251.913
250.811
250.039
249.564
249.301
249.184
249.168
249.407
251.704
259.927
279.067
295.047
348.431
348.426
348.411
348.362
348.214
347.844
347.032
345.468
342.861
339.126
334.477
329.284
323.926
318.576
313.363
308.249
303.439
298.509
294.549
289.221
286.673
281.866
277.549
275.37
272.533
268.308
264.802
263.101
262.089
260.228
257.359
254.624
253.134
252.925
253.118
253.234
252.927
251.759
250.625
250.068
250.004
250.263
251.183
252.328
253.029
253.302
253.301
252.925
251.777
250.668
249.905
249.42
249.17
249.062
249.055
249.323
251.645
260.024
279.29
295.449
348.431
348.426
348.411
348.362
348.215
347.845
347.034
345.47
342.863
339.127
334.476
329.281
323.923
318.594
313.421
308.383
303.621
298.772
294.828
289.417
286.788
281.983
277.639
275.444
272.625
268.41
264.908
263.215
262.212
260.353
257.49
254.786
253.343
253.158
253.358
253.461
253.134
251.916
250.752
250.174
250.104
250.363
251.244
252.415
253.158
253.461
253.481
253.08
251.886
250.721
249.909
249.411
249.135
249.011
249.002
249.252
251.498
259.807
278.834
295.193
348.431
348.426
348.412
348.362
348.215
347.846
347.035
345.473
342.865
339.128
334.475
329.278
323.918
318.575
313.368
308.256
303.441
298.507
294.541
289.21
286.667
281.865
277.544
275.371
272.536
268.309
264.805
263.108
262.091
260.214
257.335
254.612
253.141
252.943
253.143
253.254
252.928
251.728
250.598
250.05
249.99
250.249
251.176
252.327
253.036
253.308
253.309
252.942
251.761
250.587
249.783
249.268
249.002
248.884
248.876
249.18
251.578
260.33
279.543
296.077
348.431
348.427
348.412
348.362
348.216
347.847
347.037
345.475
342.868
339.129
334.475
329.274
323.913
318.576
313.4
308.36
303.607
298.762
294.828
289.424
286.794
281.976
277.651
275.444
272.608
268.41
264.925
263.236
262.23
260.363
257.498
254.796
253.363
253.183
253.386
253.488
253.158
251.936
250.763
250.176
250.096
250.343
251.196
252.384
253.145
253.481
253.498
253.128
251.909
250.673
249.804
249.257
248.963
248.831
248.835
249.144
251.482
260.116
278.997
295.753
348.431
348.427
348.412
348.363
348.216
347.849
347.039
345.478
342.871
339.131
334.474
329.271
323.908
318.568
313.37
308.265
303.447
298.512
294.535
289.189
286.659
281.848
277.545
275.376
272.53
268.308
264.815
263.118
262.098
260.217
257.337
254.616
253.147
252.95
253.151
253.26
252.931
251.718
250.579
250.031
249.967
250.218
251.118
252.289
253.018
253.308
253.309
252.953
251.756
250.529
249.688
249.158
248.859
248.73
248.724
249.032
251.407
260.285
279.34
296.361
348.431
348.427
348.412
348.363
348.217
347.85
347.041
345.481
342.874
339.133
334.474
329.268
323.902
318.562
313.378
308.333
303.584
298.744
294.823
289.43
286.801
281.981
277.66
275.449
272.609
268.417
264.93
263.238
262.234
260.368
257.501
254.796
253.363
253.184
253.389
253.496
253.17
251.957
250.78
250.194
250.112
250.351
251.187
252.377
253.139
253.449
253.479
253.096
251.855
250.588
249.709
249.158
248.861
248.729
248.693
248.991
251.279
260.046
278.859
295.986
348.431
348.427
348.412
348.363
348.218
347.851
347.043
345.484
342.877
339.135
334.474
329.265
323.896
318.554
313.365
308.273
303.458
298.52
294.532
289.169
286.641
281.823
277.539
275.365
272.515
268.305
264.815
263.119
262.104
260.227
257.347
254.623
253.149
252.948
253.145
253.251
252.922
251.704
250.558
250.015
249.95
250.197
251.075
252.251
252.986
253.26
253.273
252.908
251.691
250.438
249.578
249.042
248.764
248.639
248.621
248.912
251.186
259.983
278.763
296.284
348.431
348.427
348.412
348.363
348.218
347.852
347.046
345.488
342.881
339.138
334.474
329.262
323.89
318.547
313.36
308.302
303.551
298.714
294.809
289.446
286.828
281.995
277.661
275.459
272.606
268.407
264.92
263.233
262.235
260.369
257.498
254.793
253.366
253.191
253.4
253.503
253.17
251.947
250.774
250.183
250.1
250.338
251.168
252.343
253.101
253.411
253.428
253.034
251.772
250.494
249.613
249.054
248.738
248.597
248.599
248.934
251.242
260.032
278.676
296.072
348.431
348.427
348.412
348.364
348.219
347.854
347.048
345.491
342.885
339.142
334.475
329.259
323.884
318.538
313.35
308.274
303.471
298.536
294.538
289.147
286.598
281.802
277.509
275.35
272.501
268.295
264.818
263.137
262.126
260.241
257.351
254.628
253.161
252.961
253.155
253.25
252.907
251.664
250.524
249.976
249.92
250.174
251.028
252.211
252.946
253.226
253.24
252.861
251.616
250.361
249.501
248.97
248.674
248.535
248.544
248.883
251.246
260.274
278.792
296.374
348.431
348.427
348.412
348.364
348.219
347.855
347.051
345.495
342.89
339.145
334.476
329.257
323.878
318.529
313.34
308.275
303.513
298.672
294.776
289.433
286.85
282.015
277.677
275.492
272.616
268.402
264.925
263.241
262.241
260.37
257.494
254.789
253.364
253.191
253.399
253.496
253.15
251.912
250.749
250.167
250.091
250.334
251.169
252.314
253.019
253.317
253.337
252.911
251.635
250.409
249.544
248.992
248.661
248.495
248.476
248.799
251.162
260.125
278.619
296.148
348.431
348.427
348.412
348.364
348.22
347.856
347.053
345.499
342.895
339.15
334.478
329.255
323.872
318.52
313.329
308.26
303.474
298.557
294.559
289.149
286.569
281.78
277.477
275.35
272.483
268.28
264.821
263.144
262.132
260.244
257.352
254.633
253.171
252.97
253.16
253.246
252.894
251.633
250.482
249.929
249.877
250.133
250.992
252.153
252.867
253.143
253.134
252.707
251.443
250.245
249.437
248.935
248.659
248.489
248.461
248.765
251.052
259.935
278.267
296.277
348.431
348.427
348.412
348.364
348.221
347.858
347.056
345.504
342.901
339.155
334.481
329.253
323.867
318.51
313.317
308.249
303.478
298.621
294.721
289.397
286.841
282.003
277.656
275.482
272.579
268.361
264.888
263.211
262.214
260.341
257.464
254.759
253.332
253.155
253.358
253.448
253.096
251.842
250.676
250.079
250.004
250.254
251.104
252.212
252.863
253.125
253.105
252.605
251.321
250.182
249.403
248.874
248.568
248.405
248.389
248.694
250.93
259.52
277.751
295.911
348.431
348.427
348.412
348.364
348.221
347.859
347.059
345.508
342.907
339.161
334.485
329.253
323.861
318.501
313.305
308.235
303.458
298.565
294.584
289.167
286.561
281.758
277.462
275.336
272.483
268.273
264.809
263.145
262.138
260.24
257.345
254.635
253.18
252.974
253.155
253.228
252.866
251.586
250.405
249.823
249.77
250.035
250.905
252.038
252.719
252.948
252.91
252.409
251.143
250.05
249.295
248.787
248.496
248.375
248.358
248.653
250.819
259.212
277.376
295.876
348.431
348.427
348.412
348.365
348.222
347.86
347.061
345.513
342.913
339.168
334.49
329.254
323.857
318.491
313.291
308.219
303.444
298.572
294.653
289.332
286.795
281.983
277.645
275.456
272.578
268.32
264.856
263.196
262.192
260.3
257.411
254.709
253.275
253.085
253.276
253.358
253.002
251.733
250.543
249.924
249.846
250.104
250.976
252.044
252.643
252.88
252.816
252.236
251
250.016
249.294
248.807
248.521
248.357
248.325
248.608
250.711
258.856
276.928
295.464
348.431
348.427
348.412
348.365
348.222
347.862
347.064
345.518
342.92
339.175
334.496
329.256
323.853
318.482
313.277
308.202
303.424
298.544
294.587
289.188
286.573
281.726
277.427
275.28
272.457
268.204
264.761
263.106
262.098
260.196
257.298
254.595
253.147
252.935
253.106
253.169
252.799
251.505
250.282
249.648
249.579
249.848
250.733
251.832
252.444
252.671
252.614
252.02
250.834
249.908
249.251
248.801
248.498
248.36
248.38
248.676
250.688
258.667
276.264
295.008
348.431
348.427
348.412
348.365
348.223
347.863
347.067
345.522
342.927
339.183
334.503
329.259
323.851
318.473
313.262
308.183
303.402
298.523
294.585
289.241
286.712
281.907
277.604
275.418
272.553
268.263
264.796
263.139
262.12
260.212
257.311
254.607
253.162
252.953
253.127
253.194
252.832
251.548
250.322
249.679
249.601
249.87
250.758
251.819
252.389
252.607
252.518
251.932
250.809
249.932
249.292
248.85
248.582
248.47
248.471
248.732
250.68
258.488
275.967
294.585
348.431
348.427
348.413
348.365
348.223
347.864
347.069
345.527
342.934
339.192
334.511
329.264
323.85
318.466
313.248
308.162
303.376
298.494
294.547
289.171
286.578
281.708
277.389
275.217
272.38
268.126
264.664
263.032
262.01
260.099
257.196
254.495
253.045
252.824
252.986
253.043
252.674
251.376
250.115
249.446
249.364
249.635
250.519
251.601
252.198
252.429
252.365
251.813
250.746
249.878
249.244
248.835
248.615
248.517
248.516
248.801
250.781
258.846
276.501
295.284
348.431
348.427
348.413
348.365
348.224
347.865
347.072
345.532
342.942
339.202
334.521
329.271
323.851
318.46
313.233
308.139
303.347
298.459
294.509
289.145
286.593
281.763
277.483
275.308
272.452
268.176
264.675
263.023
261.985
260.057
257.148
254.439
252.98
252.752
252.908
252.963
252.596
251.296
250.025
249.36
249.284
249.563
250.455
251.563
252.195
252.441
252.401
251.915
250.865
250.002
249.374
248.957
248.715
248.632
248.642
248.943
250.907
259.07
276.706
295.529
348.431
348.427
348.413
348.365
348.224
347.866
347.074
345.536
342.949
339.212
334.532
329.279
323.855
318.455
313.219
308.115
303.313
298.417
294.46
289.088
286.513
281.647
277.34
275.136
272.274
268.014
264.528
262.879
261.866
259.939
257.037
254.331
252.873
252.645
252.8
252.854
252.496
251.206
249.924
249.267
249.204
249.494
250.412
251.553
252.227
252.464
252.445
252.039
251.055
250.194
249.538
249.057
248.775
248.693
248.767
249.101
251.194
259.762
277.536
296.308
348.431
348.427
348.413
348.366
348.225
347.867
347.076
345.541
342.956
339.222
334.543
329.289
323.86
318.452
313.206
308.09
303.275
298.369
294.401
289.023
286.449
281.59
277.302
275.114
272.25
267.991
264.493
262.814
261.796
259.86
256.949
254.244
252.781
252.561
252.726
252.79
252.446
251.184
249.906
249.283
249.251
249.559
250.499
251.629
252.332
252.577
252.565
252.21
251.272
250.418
249.729
249.284
249.071
248.983
248.997
249.355
251.638
260.775
278.794
297.52
348.431
348.427
348.413
348.366
348.225
347.868
347.078
345.545
342.963
339.232
334.555
329.301
323.867
318.45
313.193
308.064
303.235
298.315
294.332
288.945
286.361
281.491
277.193
274.999
272.119
267.867
264.369
262.682
261.662
259.746
256.827
254.127
252.668
252.462
252.647
252.736
252.412
251.195
249.949
249.363
249.363
249.699
250.683
251.808
252.544
252.811
252.815
252.498
251.66
250.872
250.207
249.8
249.562
249.341
249.259
249.556
251.859
261.083
279.311
298.121
348.431
348.427
348.413
348.366
348.225
347.869
347.08
345.548
342.969
339.241
334.567
329.312
323.875
318.45
313.182
308.039
303.194
298.258
294.258
288.858
286.261
281.386
277.085
274.897
272.019
267.778
264.295
262.612
261.596
259.706
256.796
254.093
252.657
252.475
252.681
252.787
252.473
251.293
250.096
249.57
249.627
249.977
250.999
252.122
252.902
253.238
253.283
253.001
252.274
251.479
250.781
250.228
249.893
249.618
249.5
249.791
252.107
261.398
279.652
298.377
348.431
348.427
348.413
348.366
348.225
347.869
347.081
345.551
342.975
339.25
334.577
329.323
323.883
318.451
313.172
308.015
303.154
298.203
294.186
288.773
286.16
281.277
276.969
274.781
271.903
267.669
264.207
262.54
261.544
259.695
256.834
254.124
252.758
252.624
252.868
253.02
252.72
251.585
250.487
250.037
250.065
250.396
251.475
252.596
253.352
253.697
253.75
253.586
252.86
251.891
251.031
250.501
250.15
249.852
249.769
250.039
252.251
261.431
279.821
298.242
348.431
348.427
348.413
348.366
348.225
347.87
347.082
345.553
342.978
339.256
334.586
329.332
323.89
318.453
313.165
307.996
303.121
298.155
294.124
288.699
286.072
281.182
276.867
274.675
271.799
267.569
264.123
262.472
261.496
259.689
256.892
254.216
252.981
252.935
253.306
253.58
253.312
252.268
251.296
250.826
250.777
251.017
252.055
253.28
254.016
254.415
254.41
253.96
252.95
252.068
251.325
250.709
250.227
249.893
249.797
250.019
252.28
261.287
279.798
298.002
348.431
348.427
348.413
348.366
348.225
347.87
347.082
345.554
342.981
339.259
334.59
329.338
323.894
318.454
313.161
307.985
303.102
298.128
294.087
288.654
286.017
281.122
276.8
274.604
271.727
267.496
264.055
262.413
261.446
259.662
256.901
254.249
253.102
253.12
253.637
254.086
253.866
252.911
251.9
251.485
251.455
251.743
252.754
254.168
254.855
254.878
254.763
254.245
253.148
252.226
251.395
250.705
250.061
249.548
249.408
249.665
251.997
261.322
279.15
297.698
320.135
323.491
326.01
329.183
332.547
335.78
339.698
343.252
346.408
349.618
353.009
356.364
359.385
362.573
364.998
366.916
369.244
371.357
373.179
374.05
319.756
323.227
325.926
329
332.487
335.666
339.581
343.286
346.382
349.589
353.014
356.269
359.529
362.631
365.208
366.94
369.214
371.389
373.475
374.798
319.597
323.061
325.839
328.66
332.356
335.416
339.345
343.072
346.056
349.302
352.758
355.966
359.291
362.347
365.061
366.787
369.064
371.121
373.06
374.307
318.482
321.921
324.998
327.877
331.739
335.044
338.831
342.695
345.661
349.006
352.526
355.794
359.15
362.427
365.222
367.313
369.436
371.741
373.47
374.983
317.003
320.629
323.847
326.83
330.785
334.207
337.757
341.649
344.711
347.912
351.53
354.848
358.249
361.668
364.643
366.957
369.011
371.438
373.243
374.825
315.963
319.592
322.934
325.935
329.874
333.275
336.711
340.569
343.735
346.864
350.438
353.795
357.172
360.63
363.74
366.113
368.247
370.625
372.65
374.349
315.014
318.558
321.98
325.109
328.825
332.493
335.963
339.791
342.979
346.151
349.532
352.888
356.233
359.599
362.652
365.061
367.286
369.425
371.548
373.242
313.119
316.566
320.086
323.642
327.377
331.511
335.196
339.083
342.523
345.823
349.191
352.653
356.133
359.589
362.719
365.316
367.687
369.911
372.108
373.905
312.316
315.678
319.228
323.055
326.635
330.836
334.59
338.3
341.783
345.176
348.479
351.928
355.562
359.025
362.2
364.954
367.367
369.638
371.781
373.675
313.276
316.643
320.26
324.123
327.382
331.454
335.199
338.743
342.265
345.591
348.687
352.064
355.777
359.124
362.241
365.08
367.46
369.741
371.666
373.609
313.171
316.498
320.076
323.973
327.212
331.213
335.055
338.588
342.271
345.656
348.752
352.189
355.852
359.079
362.262
365.261
367.814
369.966
371.938
373.886
313.021
316.567
320.004
323.873
327.398
331.19
335.173
338.74
342.262
345.756
348.978
352.356
355.969
359.268
362.364
365.484
368.241
370.404
372.432
374.345
312.846
316.765
320.196
324.134
327.639
331.236
335.26
338.944
342.372
345.781
348.966
352.238
355.848
359.187
362.151
365.472
368.331
370.51
372.428
374.302
313.272
317.031
320.657
324.351
327.92
331.543
335.439
339.162
342.585
346.091
349.304
352.63
356.207
359.552
362.513
365.845
368.86
371.193
373.14
375.09
312.13
315.809
319.852
323.466
327.139
330.58
334.538
338.48
342.031
345.583
348.859
352.124
355.686
359.221
362.189
365.426
368.734
371.262
373.142
375.171
312.227
315.726
319.558
323.204
326.826
330.396
334.194
338.207
341.759
345.148
348.727
351.922
355.453
358.974
362.092
365.168
368.522
371.4
373.393
375.392
311.044
314.757
318.532
322.502
325.914
329.751
333.26
337.199
341.093
344.381
348
351.397
354.793
358.48
361.977
365.004
368.275
371.429
373.676
375.648
310.651
314.275
317.801
321.909
325.447
329.326
332.982
336.787
340.743
344.069
347.504
351.15
354.487
358.186
361.73
364.829
367.999
371.213
373.848
375.859
309.691
313.394
316.986
320.9
324.656
328.413
332.361
336.027
339.902
343.496
346.777
350.44
353.769
357.333
361.033
364.427
367.492
370.749
373.58
375.818
309.634
312.813
316.731
320.353
324.372
327.967
331.916
335.708
339.292
343.043
346.414
349.798
353.341
356.635
360.303
363.802
367.095
370.369
373.35
375.764
308.757
312.322
316.01
319.812
323.613
327.341
331.17
335.068
338.721
342.23
345.821
349.083
352.707
355.923
359.44
362.969
366.484
369.817
373.036
375.537
308.828
312.373
316.162
319.808
323.368
327.196
331.061
334.896
338.658
341.979
345.586
349.004
352.269
355.388
358.686
361.977
365.495
369.089
372.558
375.296
307.777
311.26
314.912
318.715
322.401
326.051
329.806
333.564
337.335
340.781
344.257
347.645
351.189
354.44
357.685
360.922
364.363
367.715
371.328
374.358
308.2
311.644
315.053
318.685
322.276
326.038
329.808
333.604
337.083
340.576
344.007
347.432
350.774
354.015
356.912
359.96
363.16
366.387
369.907
373.326
307.369
310.939
314.488
318.191
321.953
325.591
329.123
332.797
336.415
339.927
343.221
346.604
349.941
353.238
356.377
359.269
362.23
365.281
368.44
371.783
307.615
311.15
314.913
318.632
322.294
325.841
329.395
332.977
336.519
339.967
343.17
346.431
349.66
352.744
355.906
358.634
361.437
364.257
367.211
370.221
307.278
310.966
314.663
318.398
322.138
325.667
329.09
332.613
336.125
339.516
342.663
345.648
348.862
351.952
355.085
358.002
360.792
363.498
366.174
368.791
308.177
311.658
315.393
319.142
322.771
326.318
329.862
333.414
336.761
339.969
343.07
346.118
349.202
352.209
355.068
357.94
360.561
363.275
365.845
368.289
307.686
311.392
315.245
319.029
322.675
326.245
329.83
333.417
336.839
340.058
343.15
346.218
349.221
352.219
355.014
357.731
360.341
362.922
365.389
367.777
308.419
312.344
315.873
319.569
323.381
327.098
330.65
334.072
337.419
340.66
343.801
346.88
349.74
352.524
355.194
357.744
360.402
362.844
365.311
367.733
307.653
311.612
315.559
319.344
323.085
326.8
330.373
333.854
337.274
340.6
343.74
346.716
349.595
352.386
355.112
357.729
360.208
362.564
364.92
367.252
308.295
312.322
316.389
320.488
323.738
327.2
330.909
334.482
337.895
341.207
344.378
347.502
350.408
353.184
355.795
358.293
360.706
362.931
365.225
367.446
307.787
311.782
315.724
319.586
323.451
327.253
330.939
334.484
337.984
341.426
344.762
347.88
350.844
353.647
356.274
358.798
361.163
363.411
365.559
367.582
308.011
312.089
316.109
320.151
324.079
327.871
331.685
335.317
338.854
342.22
345.444
348.673
351.712
354.507
357.19
359.69
362.236
364.867
367.294
368.611
307.497
311.661
315.86
319.938
323.933
327.824
331.691
335.468
339.131
342.652
346.016
349.181
352.208
355.104
357.802
360.317
362.705
364.854
366.888
368.94
307.713
312.117
316.361
320.519
324.535
328.491
332.437
336.27
339.924
343.388
346.718
349.942
353.023
355.953
358.724
361.322
363.786
366.07
368.244
370.35
307.41
311.936
316.328
320.553
324.589
328.633
332.665
336.611
340.369
343.906
347.294
350.608
353.702
356.635
359.44
362.055
364.558
366.903
369.054
371.091
307.279
311.723
316.173
320.433
324.542
328.676
332.77
336.724
340.519
344.193
347.729
351.108
354.286
357.345
360.236
362.915
365.495
367.845
370.062
372.294
306.985
311.649
316.175
320.513
324.957
329.087
333.191
337.17
341
344.732
348.254
351.632
354.835
357.887
360.818
363.58
366.181
368.601
370.886
373.108
306.517
311.152
315.691
320.134
324.438
328.707
332.858
336.955
340.922
344.74
348.356
351.842
355.199
358.363
361.321
364.105
366.739
369.22
371.576
373.778
306.081
310.738
315.294
319.797
324.186
328.534
332.782
336.948
340.924
344.753
348.469
352.078
355.481
358.715
361.716
364.588
367.357
369.927
372.333
374.541
306.692
311.349
315.917
320.356
324.711
329.066
333.325
337.473
341.507
345.433
349.279
352.887
356.221
359.485
362.615
365.62
368.496
371.186
373.427
375.63
306.94
311.618
316.229
320.775
325.179
329.546
333.766
337.834
341.809
345.733
349.581
353.262
356.667
359.858
362.982
366.021
368.873
371.454
373.875
376.128
307.718
312.368
316.918
321.413
325.796
330.137
334.371
338.421
342.397
346.307
350.112
353.714
356.958
360.162
363.252
366.159
368.991
371.653
374.121
376.493
308.787
313.383
317.927
322.396
326.763
330.952
335.103
339.217
343.198
347.062
350.674
354.164
357.641
360.905
363.862
366.781
369.56
372.267
374.778
377.108
309.423
313.91
318.439
322.933
327.323
331.571
335.683
339.743
343.515
347.371
351.093
354.604
357.901
361.108
364.289
367.184
369.909
372.524
374.967
377.284
309.699
314.297
318.81
323.164
327.4
331.633
335.826
339.931
343.884
347.548
351.192
354.717
358.091
361.317
364.471
367.537
370.228
372.711
375.115
377.475
309.859
314.309
318.778
323.035
327.175
331.305
335.466
339.586
343.268
346.986
350.611
354.187
357.695
360.929
364.015
366.969
369.737
372.416
374.945
377.275
309.436
313.796
318.169
322.494
326.825
331.116
335.208
339.194
343.051
346.842
350.543
354.026
357.423
360.739
363.806
366.777
369.546
372.179
374.726
377.08
309.182
313.834
318.39
322.801
327.067
331.32
335.533
339.655
343.54
347.265
350.877
354.492
358.015
361.342
364.458
367.383
370.184
372.836
375.349
377.817
370.778
370.834
370.892
370.825
370.56
370.062
368.981
367.882
367.435
368.864
371.965
373.405
375.151
377.482
379.579
381.127
382.604
385.01
391.048
401.137
412.049
420.753
425.038
425.871
425.249
417.361
394.646
302.069
281.575
278.977
373.404
373.412
373.484
373.649
373.572
373.212
372.584
372.362
372.645
373.6
373.885
373.664
374.005
375.902
378.432
380.746
382.549
383.222
384.425
388.194
398.342
408.865
413.9
415.127
415.09
411.138
395.273
303.913
281.723
278.988
378.129
378.132
378.189
378.29
378.204
377.739
377.242
377.005
376.529
375.616
374.999
374.856
375.595
377.386
379.472
381.945
384.772
386.456
387.099
388.2
393.597
406.329
414.154
416.562
416.617
412.861
396.291
304.273
281.758
278.991
379.58
379.571
379.583
379.649
379.617
379.37
379.069
378.789
377.678
376.128
375.973
377.294
380.148
381.585
382
382.94
385.324
387.597
388.454
388.955
391.134
401.039
410.242
414.068
414.848
412.464
397.23
305.778
281.883
279
380.069
380.056
380.057
380.094
380.069
379.898
379.643
379.142
377.9
377.258
378.755
385.662
391.415
392.575
390.75
387.436
386.821
388.075
388.995
389.395
390.811
398.728
408.795
413.282
414.226
412.194
397.093
306.224
281.932
279.005
380.383
380.373
380.338
380.356
380.357
380.247
380.04
379.471
378.576
378.415
382.571
396.001
404.541
405.726
401.217
393.298
389.315
388.655
388.934
389.042
389.687
394.617
405.439
411.472
413.212
412.16
398.086
307.6
282.044
279.012
380.693
380.674
380.631
380.594
380.597
380.507
380.33
379.699
378.8
379.201
387.355
403.999
411.325
412.113
409.047
399.232
392.357
389.858
389.248
388.994
389.324
392.907
403.766
410.777
412.835
412.09
398.003
308.178
282.102
279.018
381.228
381.201
381.135
381.007
380.984
380.912
380.755
380.131
379.195
379.621
388.069
405.21
412.819
413.574
411.835
404.233
395.694
391.431
389.971
389.135
389.19
391.169
400.46
409.197
412.531
412.686
399.541
309.521
282.204
279.024
382.027
381.989
381.889
381.702
381.599
381.551
381.403
380.886
379.803
379.982
387.011
405.001
413.498
414.213
412.34
407.377
399.368
393.75
391.566
389.956
389.494
390.748
398.565
408.012
412.082
412.628
399.634
310.224
282.268
279.03
383.838
383.797
383.666
383.509
383.288
383.068
382.775
382.272
381.019
381.064
387.465
405.861
414.562
414.832
412.005
408.489
401.993
395.816
393.206
391.095
389.949
390.586
396.304
406.366
411.522
412.838
400.835
311.436
282.361
279.037
389.469
389.432
389.322
389.152
388.793
388.142
387.32
386.233
384.711
384.902
391.47
408.652
416.112
415.617
411.184
408.45
403.962
397.758
394.715
392.497
390.444
390.642
395.033
405.196
410.865
412.437
400.783
312.187
282.43
279.043
400.866
400.847
400.782
400.644
400.295
399.581
398.317
396.533
394.776
394.748
399.35
412.041
417.464
416.636
411.026
407.772
405.013
399.232
395.873
393.724
390.915
390.679
393.609
403.4
409.961
412.164
401.52
313.252
282.515
279.05
410.725
410.737
410.757
410.717
410.517
410.026
409.058
407.582
405.854
405.283
407.345
414.707
418.077
417.012
411.216
407.164
405.28
400.411
396.766
394.971
391.652
390.791
392.936
402.069
409.146
411.576
401.407
314.024
282.585
279.056
417.296
417.328
417.422
417.451
417.375
417.077
416.455
415.531
413.742
412.865
413.412
416.543
418.199
416.843
411.293
407.034
405.251
401.109
397.364
395.791
392.467
390.796
392.213
400.487
408.297
411.304
401.971
314.949
282.664
279.062
420.711
420.744
420.858
420.894
420.847
420.738
420.355
419.837
418.57
417.221
416.842
417.491
417.834
416.016
411.037
407.11
405.174
401.444
397.834
396.333
393.315
390.903
391.759
399.143
407.565
410.951
402.048
315.726
282.734
279.068
421.976
422.001
422.013
421.957
421.884
421.832
421.533
421.236
420.47
419.425
418.105
417.76
417.126
414.354
410.348
407.056
405.235
401.596
398.07
396.685
394.241
391.187
391.551
397.783
406.79
410.793
402.558
316.582
282.809
279.074
421.845
421.84
421.791
421.673
421.489
421.313
421.179
421.021
420.481
419.882
418.436
417.006
415.63
413.053
410.066
406.791
405.247
401.818
398.204
396.953
395.176
391.564
391.525
396.72
406.128
410.56
402.693
317.35
282.878
279.08
420.06
420.03
419.881
419.588
419.327
419.189
419.216
419.321
419.133
418.715
417.546
415.206
413.727
412.034
409.865
406.562
405.134
402.024
398.211
397.107
395.916
392.048
391.512
395.735
405.407
410.361
403.025
318.136
282.949
279.085
416.508
416.457
416.249
415.879
415.623
415.515
415.565
415.755
415.802
415.614
414.687
412.771
412
410.906
409.459
406.221
404.998
402.094
398.213
397.164
396.426
392.729
391.588
395.013
404.706
410.052
403.062
318.854
283.016
279.091
413.853
413.793
413.573
413.189
412.926
412.79
412.78
412.872
412.903
412.832
412.138
411.148
410.892
409.905
408.785
405.8
404.739
402.063
398.22
397.174
396.762
393.532
391.83
394.545
403.991
409.746
403.204
319.567
283.082
279.096
412.136
412.069
411.854
411.524
411.337
411.288
411.369
411.365
411.357
411.364
410.864
410.465
410.37
409.043
408.171
405.697
404.317
401.912
398.218
397.207
397.031
394.371
392.192
394.3
403.346
409.375
403.137
320.215
283.145
279.102
410.674
410.621
410.443
410.307
410.303
410.313
410.44
410.57
410.634
410.695
410.443
410.407
409.992
408.11
407.535
405.698
403.981
401.676
398.203
397.234
397.198
395.08
392.54
394.162
402.754
409.021
403.129
320.836
283.207
279.107
409.18
409.146
409.103
409.095
409.108
409.24
409.533
409.756
409.965
410.088
410.071
410.209
409.171
407.152
406.944
405.592
403.913
401.371
398.098
397.238
397.308
395.632
392.844
394.058
402.198
408.636
402.999
321.401
283.266
279.112
407.597
407.586
407.611
407.722
407.9
408.127
408.476
408.756
409.054
409.261
409.463
409.483
407.964
406.26
406.303
405.318
403.897
401.114
397.928
397.176
397.378
396.093
393.121
393.953
401.647
408.268
402.925
321.943
283.324
279.117
406.025
406.053
406.199
406.489
406.733
406.988
407.344
407.601
407.921
408.205
408.556
408.254
406.615
405.352
405.578
405.011
403.86
400.989
397.75
397.067
397.424
396.488
393.433
393.852
401.053
407.875
402.805
322.45
283.379
279.122
404.628
404.682
404.912
405.204
405.457
405.669
405.997
406.247
406.534
406.873
407.15
406.608
405.283
404.375
404.897
404.732
403.801
400.896
397.608
396.935
397.448
396.819
393.784
393.841
400.495
407.495
402.742
322.949
283.433
279.127
403.54
403.597
403.819
403.998
404.137
404.263
404.509
404.803
405.028
405.264
405.493
405.046
404.07
403.474
404.34
404.565
403.823
400.755
397.508
396.785
397.438
397.063
394.19
393.936
400.054
407.147
402.676
323.42
283.484
279.132
402.692
402.736
402.869
402.869
402.859
402.888
403.071
403.265
403.404
403.619
403.929
403.596
402.879
402.679
403.887
404.499
403.912
400.623
397.479
396.628
397.403
397.239
394.625
394.111
399.696
406.844
402.656
323.886
283.535
279.136
402.199
402.226
402.217
402.151
401.967
401.898
401.918
401.963
401.972
402.12
402.517
402.41
402.01
402.025
403.602
404.504
404.013
400.526
397.465
396.466
397.356
397.389
395.104
394.378
399.427
406.579
402.632
324.322
283.583
279.141
401.955
401.963
401.927
401.756
401.532
401.335
401.197
401.043
400.86
400.901
401.296
401.549
401.434
401.551
403.504
404.581
404.134
400.406
397.426
396.296
397.295
397.481
395.47
394.633
399.251
406.369
402.639
324.752
283.631
279.145
401.867
401.87
401.832
401.638
401.375
401.053
400.757
400.432
400.082
399.958
400.331
400.885
401.049
401.287
403.564
404.805
404.292
400.232
397.357
396.143
397.229
397.498
395.553
394.692
399.067
406.189
402.641
325.152
283.677
279.149
401.828
401.813
401.753
401.52
401.2
400.796
400.396
399.999
399.545
399.376
399.611
400.254
400.725
401.14
403.776
405.247
404.515
399.988
397.258
396.019
397.179
397.498
395.557
394.64
398.838
406.008
402.647
325.55
283.723
279.154
401.783
401.746
401.642
401.347
401.009
400.58
400.122
399.736
399.202
398.984
399.147
399.701
400.414
401.074
404.087
405.873
404.803
399.704
397.148
395.932
397.157
397.504
395.511
394.501
398.559
405.817
402.633
325.917
283.766
279.158
401.91
401.854
401.707
401.372
401.054
400.615
400.147
399.788
399.186
398.873
398.967
399.355
400.072
401.038
404.481
406.578
405.033
399.551
397.029
395.887
397.159
397.532
395.404
394.301
398.268
405.629
402.625
326.288
283.81
279.162
402.456
402.391
402.221
401.901
401.609
401.174
400.706
400.362
399.686
399.241
399.215
399.363
399.88
401.11
404.989
407.125
405.184
399.512
396.91
395.84
397.153
397.569
395.311
394.092
397.992
405.457
402.607
326.621
283.85
279.165
403.341
403.274
403.098
402.809
402.517
402.096
401.712
401.468
400.883
400.346
400.154
399.962
400.138
401.541
405.743
407.511
405.3
399.475
396.851
395.755
397.102
397.6
395.292
393.884
397.71
405.286
402.596
326.963
283.892
279.169
403.814
403.744
403.569
403.312
403.038
402.692
402.409
402.238
401.775
401.397
401.323
401.112
401.16
402.607
406.606
407.828
405.34
399.385
396.771
395.581
396.987
397.637
395.34
393.765
397.44
405.111
402.568
327.263
283.93
279.173
404.183
404.116
403.938
403.726
403.52
403.286
403.073
402.941
402.57
402.284
402.284
402.308
402.405
403.796
407.372
408.144
405.26
399.22
396.603
395.262
396.776
397.692
395.501
393.75
397.221
404.943
402.554
327.58
283.97
279.176
404.346
404.28
404.116
403.99
403.919
403.803
403.662
403.582
403.288
403.117
403.197
403.45
403.531
404.926
408.074
408.485
405.06
399.104
396.49
394.987
396.612
397.822
395.777
393.795
397.047
404.782
402.529
327.849
284.005
279.18
404.233
404.17
404.065
404.049
404.062
404.04
404.013
404.059
403.851
403.795
404.133
404.425
404.542
406.039
408.703
408.808
404.83
399.033
396.516
394.968
396.589
398.081
396.122
393.884
396.911
404.629
402.524
328.147
284.045
279.183
403.906
403.858
403.824
403.858
403.988
404.027
404.047
404.224
404.138
404.313
404.921
405.239
405.503
407.014
409.226
409.046
404.57
399.03
396.707
395.151
396.843
398.512
396.489
393.985
396.797
404.482
402.509
328.387
284.077
279.186
403.425
403.417
403.432
403.568
403.843
403.811
403.843
404.111
404.198
404.597
405.418
405.906
406.345
407.819
409.632
409.166
404.303
399.095
397.118
395.718
397.509
399.144
396.856
394.069
396.729
404.379
402.538
328.673
284.116
279.19
403.027
403.057
403.122
403.377
403.637
403.547
403.559
403.907
404.131
404.653
405.676
406.312
406.952
408.357
409.862
409.182
404.123
399.25
397.559
396.377
398.132
399.723
397.195
394.112
396.684
404.324
402.567
328.885
284.146
279.193
402.699
402.751
402.878
403.239
403.411
403.294
403.293
403.72
403.992
404.63
405.791
406.566
407.316
408.677
409.928
409.096
404.084
399.391
397.69
396.539
398.222
399.865
397.383
394.126
396.618
404.296
402.656
329.169
284.184
279.196
402.016
402.074
402.234
402.667
402.774
402.711
402.731
403.253
403.722
404.466
405.79
406.699
407.487
408.805
409.855
408.91
404.074
399.485
397.726
396.54
398.135
399.866
397.515
394.118
396.517
404.267
402.717
329.36
284.212
279.198
401.444
401.491
401.608
402.142
402.238
402.21
402.182
402.509
403.068
403.887
405.62
406.747
407.575
408.836
409.695
408.647
404.049
399.588
397.754
396.463
397.913
399.817
397.68
394.133
396.394
404.237
402.853
329.659
284.25
279.201
400.903
400.922
400.946
401.531
401.695
401.688
401.647
401.943
402.59
403.323
404.732
406.46
407.443
408.809
409.564
408.36
404.052
399.793
397.813
396.361
397.632
399.724
397.866
394.183
396.253
404.164
402.913
329.834
284.277
279.204
397.715
397.674
397.492
397.813
398.095
397.928
398.257
399.415
401.978
403.441
404.493
405.961
407.414
408.725
409.416
407.982
404.046
400.078
397.896
396.313
397.416
399.668
397.995
394.255
396.109
404.07
403.082
330.164
284.317
279.207
386.677
386.443
386.091
386.387
387.858
388.458
388.96
390.388
395.9
402.204
404.484
405.514
406.986
408.815
409.209
407.739
404.139
400.338
397.966
396.286
397.268
399.644
398.103
394.344
395.988
403.921
403.118
330.323
284.342
279.209
380.919
381.032
381.38
382.378
385.418
387.056
387.603
388.481
390.693
398.045
404.745
406.316
406.601
408.858
409.467
407.963
404.601
400.83
398.042
396.219
397.083
399.614
398.222
394.437
395.931
403.67
403.224
330.694
284.384
279.212
375.134
376.984
379.501
381.486
385.752
388.593
389.555
389.56
389.726
390.831
396.566
403.991
407.838
408.972
409.847
408.685
405.97
402.104
398.238
396.181
396.837
399.715
398.747
394.657
395.828
403.364
402.987
331.026
284.441
279.217
376.995
379.426
382.699
385.444
388.089
390.809
393.362
393.399
391.913
390.238
389.978
393.566
402.809
407.101
408.629
410.212
408.974
403.638
398.124
395.861
396.642
399.882
399.166
394.865
395.593
402.929
402.68
330.739
284.343
279.214
376.616
379.485
382.408
385.505
387.791
389.686
391.187
392.577
392.334
390.41
388.794
389.125
395.016
403.093
408.039
410.861
409.922
403.917
397.85
395.71
396.837
400.417
399.895
395.22
395.469
402.24
402
331.179
284.411
279.219
376.576
379.361
381.608
384.118
386.415
388.299
389.805
391.186
392.396
391.858
389.203
388.203
391.106
400.645
406.383
409.198
408.643
403.03
397.406
395.477
397.081
400.703
400.372
395.371
395.255
401.891
402.108
331.098
284.362
279.219
376.464
378.632
380.6
382.813
385.136
387.252
389.115
390.848
392.303
393.03
391.814
390.407
391.511
397.421
403.202
405.385
405.192
401.141
396.803
395.49
397.284
401.114
401.169
395.939
395.079
401.172
401.594
331.336
284.397
279.221
376.379
378.529
380.485
382.739
385.141
387.421
389.568
391.596
393.56
395.023
395.448
393.841
392.972
394.176
397.649
399.832
400.602
399.117
396.21
395.747
397.392
401.309
401.736
396.434
394.897
400.543
401.44
331.251
284.377
279.223
375.534
377.869
380.176
382.54
385.095
387.59
389.919
392.266
394.512
396.36
397.157
395.885
393.45
392.998
393.88
396.532
398.665
397.791
396.422
395.863
397.41
401.548
402.448
397.278
394.86
399.862
400.954
331.422
284.39
279.225
376.316
378.996
381.408
383.874
386.383
388.861
391.044
393.29
395.391
396.484
396.703
396.201
393.822
392.75
392.976
395.349
397.424
397.757
396.693
395.862
397.463
401.711
402.942
397.995
394.798
399.202
400.496
330.912
284.378
279.227
376.094
378.973
381.365
383.783
386.087
388.569
390.701
392.757
394.544
395.717
396.212
396.01
394.534
393.487
393.508
395.532
397.925
398.045
396.556
395.695
397.562
401.896
403.36
398.653
394.627
398.476
399.954
330.694
284.376
279.229
375.872
378.799
380.999
383.095
385.252
387.397
389.401
391.346
393.227
394.719
395.507
395.605
394.962
394.681
395.112
397.187
398.314
398.15
396.235
395.496
397.857
402.071
403.72
399.277
394.349
397.498
399.163
330.174
284.37
279.232
376.2
379.147
381.386
383.211
385.243
387.17
389.071
391.063
393.137
394.817
395.727
395.912
395.736
395.852
396.604
397.983
398.38
397.847
395.744
395.452
398.061
402.226
404.079
400.077
394.265
396.547
398.415
329.769
284.368
279.235
376.748
379.62
382.142
383.993
385.941
387.768
389.544
391.577
393.534
395.214
396.107
396.303
396.331
396.594
397.464
398.211
398.203
397.22
395.439
395.456
398.274
402.418
404.425
401.142
394.529
395.845
397.757
329.36
284.366
279.238
376.638
379.507
382.139
384.152
386.007
387.802
389.548
391.598
393.508
395.134
395.986
396.254
396.482
396.83
397.683
398.11
397.917
396.72
395.464
395.484
398.5
402.638
404.665
402.162
394.965
395.293
397.105
328.928
284.363
279.242
377.34
380.319
382.858
385.087
386.912
388.489
390.162
392.016
393.609
394.868
395.632
395.911
396.334
396.87
397.66
397.979
397.685
396.593
395.532
395.563
398.761
402.866
404.857
402.995
395.501
394.795
396.319
328.5
284.365
279.246
377.55
380.475
383.112
385.448
387.29
388.744
390.369
391.954
393.477
394.807
395.563
395.884
396.442
397.036
397.696
398.014
397.684
396.357
395.484
395.642
399.021
403.096
404.929
403.618
395.91
394.14
395.211
328.126
284.373
279.252
377.804
380.661
383.461
385.911
387.856
389.279
390.73
392.088
393.429
394.741
395.443
395.804
396.462
397.087
397.628
397.957
397.524
395.981
395.324
395.656
399.197
403.272
404.887
404.125
396.487
393.719
394.2
327.849
284.39
279.258
378.247
381.088
383.86
386.42
388.293
389.879
391.251
392.551
393.761
394.968
395.509
395.798
396.419
396.98
397.397
397.67
397.225
395.565
395.147
395.574
399.225
403.361
404.782
404.577
397.603
393.734
393.325
327.61
284.415
279.266
378.535
381.503
384.392
387.117
389.097
390.952
392.369
393.451
394.357
395.208
395.556
395.682
396.124
396.651
397.012
397.286
396.955
395.419
394.979
395.49
399.174
403.437
404.751
404.935
398.882
393.841
392.302
327.182
284.443
279.275
378.602
381.789
384.745
387.468
389.646
391.604
393.145
394.066
394.894
395.51
395.726
395.782
396.088
396.535
396.86
397.142
396.944
395.531
394.811
395.418
399.222
403.539
404.702
405.146
400.026
393.569
391.06
326.554
284.474
279.286
378.618
381.964
385.009
387.911
390.278
392.291
394.108
395.046
395.675
396.111
396.202
396.236
396.386
396.658
397.002
397.293
397.17
395.666
394.727
395.442
399.404
403.613
404.716
405.301
401.195
393.058
389.671
325.595
284.505
279.3
378.66
382.19
385.443
388.406
390.846
393.043
394.9
396.028
396.77
397.056
397.057
397.027
397.031
397.065
397.288
397.603
397.498
395.782
394.677
395.462
399.739
403.663
404.781
405.356
402.686
393.147
388.517
324.354
284.54
279.317
378.694
382.324
385.764
388.928
391.562
393.8
395.593
396.853
397.695
398.008
397.954
397.866
397.551
397.293
397.38
397.79
397.777
396.077
394.673
395.47
400.001
403.713
404.82
405.411
403.747
393.769
387.248
323.221
284.587
279.338
377.963
381.988
385.529
388.933
391.912
394.27
396.083
397.495
398.494
398.871
398.806
398.648
398.045
397.416
397.413
397.867
397.88
396.318
394.692
395.547
400.496
403.898
404.931
405.582
404.484
394.449
385.593
322.249
284.65
279.364
377.169
381.81
385.679
389.114
392.374
394.954
396.743
398.245
399.345
399.741
399.705
399.448
398.545
397.525
397.348
397.803
397.981
396.779
394.946
395.761
401.037
404.162
405.093
405.688
404.867
395.899
384.729
321.602
284.724
279.395
375.781
380.689
385.329
389.123
392.53
395.493
397.441
398.89
400.141
400.659
400.679
400.269
398.941
397.54
397.2
397.641
398.083
397.192
395.516
396.3
401.038
404.229
405.066
405.567
404.706
397.576
383.109
319.492
284.822
279.433
374.375
379.167
384.257
388.922
392.409
395.839
397.912
399.488
400.857
401.554
401.648
401.289
399.624
397.794
397.16
397.694
398.054
397.29
395.955
396.594
401.418
404.421
405.148
405.371
404.063
397.004
379.15
317.139
285.045
279.483
372.41
377.316
382.223
387.393
392.135
395.764
398.622
399.9
401.38
402.507
402.741
402.407
400.616
398.373
397.477
398.023
398.248
397.437
396.384
397.31
402.036
404.975
405.559
405.441
403.458
395.431
374.745
314.996
285.414
279.544
371.467
375.662
380.046
385.033
390.195
395.236
399.041
400.753
402.132
403.314
403.71
403.482
401.932
398.979
397.703
397.983
398.744
397.991
397.154
398.017
402.294
405.579
405.994
405.527
402.976
394.426
372.737
313.657
285.933
279.616
370.807
374.478
378.392
382.634
387.16
392.554
397.718
401.068
403.321
404.752
405.036
404.663
403.21
399.998
397.919
397.886
398.349
398.08
397.382
397.931
402.109
405.716
406.182
405.407
402.636
394.391
372.82
314.069
286.599
279.697
370.569
374.132
377.766
381.553
385.278
389.447
393.889
398.699
403.408
405.755
406.893
406.589
405.413
401.615
398.671
397.973
398.079
397.742
397.001
397.458
402.362
406.607
407.313
406.816
404.729
396.3
372.709
316.076
287.398
279.788
370.191
373.663
377.064
380.574
384.016
387.552
391.424
395.188
398.875
404.12
407.845
409.62
408.514
405.426
401.76
400.208
399.979
399.333
398.642
400.252
404.678
409.308
410.353
409.551
405.452
391.295
371.68
320.749
288.366
279.894
370.299
373.837
377.218
380.444
383.49
386.526
389.775
392.893
395.74
399.017
402.409
408.359
410.44
408.835
405.64
404.003
403.961
404.12
403.919
404.555
408.015
412.235
412.987
408.893
396.193
387.602
372.321
329.556
289.56
280.031
370.309
373.769
377.135
380.313
383.297
386.106
388.85
391.519
393.658
395.677
397.848
401.127
404.683
406.42
406.12
405.951
406.04
406.025
405.555
405.858
409.474
411.292
408.233
397.718
391.288
385.844
373.744
338.852
290.808
280.189
371.059
374.222
377.342
380.274
383.152
385.879
388.443
390.489
392.146
393.761
395.44
397.056
398.207
398.276
397.793
398.514
398.421
397.396
396.715
396.931
399.979
401.126
397.877
392.515
388.936
384.874
375.546
346.28
291.937
280.336
371.629
374.709
377.652
380.529
383.174
385.62
387.899
389.899
391.436
392.605
393.731
394.418
395.017
394.195
391.893
390.32
388.87
387.086
386.387
386.802
390.234
393.579
392.747
390.452
387.78
384.489
377.236
352.763
292.998
280.471
372.931
376.026
378.981
381.765
384.326
386.665
388.706
390.291
391.334
392.013
392.595
393.192
393.245
391.907
389.785
387.676
384.773
382.459
381.726
382.296
385.918
389.908
390.605
389.572
387.272
384.606
379.031
358.091
294.026
280.587
373.636
376.75
379.827
382.619
385.084
387.416
389.485
391.225
392.613
392.772
392.371
392.649
392.553
390.982
389.087
386.875
383.471
380.673
379.738
380.408
384.27
388.334
389.779
389.335
387.257
385.102
380.836
362.393
294.932
280.683
374.957
378.146
381.288
384.257
386.764
388.998
390.857
392.183
392.919
393.141
393.135
393.058
392.64
390.703
388.657
386.82
383.468
380.225
379.101
379.827
383.802
387.984
389.53
389.333
387.433
385.674
382.663
365.676
295.644
280.758
375.806
379
382.057
384.918
387.468
389.849
392.094
394.026
395.072
394.787
394.826
394.762
394.025
391.493
389.578
387.638
384.086
380.479
379.114
379.667
383.403
387.745
389.686
389.869
388.482
386.693
384.016
367.599
296.146
280.809
376.456
379.785
383.01
386.109
389.048
391.403
393.04
394.627
395.579
395.999
396.139
396.066
395.172
392.78
391.029
388.913
385.544
381.765
380.081
380.481
383.764
388.311
390.652
390.852
389.804
387.523
384.825
369.007
296.498
280.838
377.464
380.965
384.112
387.082
389.867
392.607
394.721
396.164
397.452
398.26
398.101
397.45
396.221
393.404
391.78
390.5
387.502
383.686
381.608
381.719
384.636
388.955
391.316
391.955
391.452
389.191
385.853
370.08
296.653
280.839
378.494
381.872
385.052
388.086
390.961
393.373
395.313
396.976
398.087
398.621
398.834
398.826
398.336
395.822
393.315
391.979
389.482
385.651
383.586
383.539
385.872
390.054
392.303
393.231
393.097
391.31
387.245
370.541
296.508
280.803
379.076
382.641
385.739
388.715
391.482
393.999
396.194
397.946
399.21
399.978
400.491
400.126
399.511
397.147
394.774
393.587
390.865
387.685
385.871
385.778
387.734
391.127
393.501
394.659
394.942
393.588
388.997
370.32
296.103
280.738
379.354
382.943
386.194
389.181
392
394.563
396.865
398.735
399.944
400.827
401.007
401.152
400.872
398.168
395.689
394.509
392.299
389.499
388.007
387.98
389.781
392.512
394.621
395.973
396.791
395.834
390.553
369.862
295.68
280.671
380.043
383.127
386.402
389.527
392.294
394.82
397.052
398.817
400.182
401.163
401.381
401.545
401.313
398.862
396.625
395.421
392.869
390.335
389.469
389.806
391.949
393.983
395.646
397.228
398.402
397.62
392.188
369.843
295.361
280.618
380.282
383.798
386.891
389.987
392.844
395.142
397.267
398.962
400.276
401.183
401.609
401.762
401.555
399.297
397.277
396.065
393.577
390.911
389.914
390.62
393.421
395.272
396.671
398.397
399.325
398.283
393.05
370.12
295.263
280.592
380.489
383.96
387.25
390.262
392.974
395.462
397.589
399.231
400.514
401.399
401.848
401.944
401.592
399.474
397.569
396.252
393.86
391.33
390.248
390.913
394.265
396.83
397.736
399.043
399.477
397.926
393.498
372.275
295.649
280.614
380.167
383.589
386.897
389.982
392.832
395.476
397.757
399.463
400.811
401.82
402.192
402.274
401.928
399.821
397.769
396.497
394.122
391.458
390.216
390.679
394.424
397.943
399.108
399.432
399.223
397.23
393.623
373.436
295.838
280.624
380.093
383.691
387.121
390.302
393.189
395.822
398.078
399.828
401.098
401.959
402.402
402.61
402.275
400.165
398.271
397.037
394.553
391.93
390.854
391.129
394.35
398.816
400.559
400.42
398.582
396.504
393.6
372.464
295.756
280.626
380.91
384.456
387.79
390.849
393.798
396.465
398.49
400.168
401.571
402.358
402.757
402.905
402.637
400.647
398.826
397.477
394.921
392.384
391.385
391.56
394.297
399.593
401.687
400.997
397.548
396.075
393.96
370.897
295.532
280.618
)
;

boundaryField
{
    inlet
    {
        type            zeroGradient;
    }
    outlet
    {
        type            zeroGradient;
    }
    bottom
    {
        type            symmetryPlane;
    }
    top
    {
        type            symmetryPlane;
    }
    obstacle
    {
        type            zeroGradient;
    }
    defaultFaces
    {
        type            empty;
    }
}


// ************************************************************************* //
