/*--------------------------------*- C++ -*----------------------------------*\
| =========                 |                                                 |
| \\      /  F ield         | OpenFOAM: The Open Source CFD Toolbox           |
|  \\    /   O peration     | Version:  5.x                                   |
|   \\  /    A nd           | Web:      www.OpenFOAM.org                      |
|    \\/     M anipulation  |                                                 |
\*---------------------------------------------------------------------------*/
/*   Windows 32 and 64 bit porting by blueCAPE: http://www.bluecape.com.pt   *\
|  Based on Windows porting (2.0.x v4) by Symscape: http://www.symscape.com   |
\*---------------------------------------------------------------------------*/
FoamFile
{
    version     2.0;
    format      ascii;
    class       volScalarField;
    location    "0.002";
    object      mag(U);
}
// * * * * * * * * * * * * * * * * * * * * * * * * * * * * * * * * * * * * * //

dimensions      [0 1 -1 0 0 0 0];

internalField   nonuniform List<scalar> 
1000
(
7.40753e-013
5.43935e-013
7.36776e-013
2.42395e-013
3.17503e-013
3.38878e-013
3.82122e-013
4.37206e-013
7.7973e-013
8.23313e-013
1.81995e-013
8.22843e-013
6.52751e-013
1.00625e-012
7.64781e-013
8.76656e-013
4.77437e-013
3.19307e-013
4.43324e-013
3.07804e-013
1.7945e-013
2.44074e-013
3.29964e-013
1.39861e-013
5.31592e-013
6.34966e-013
3.64972e-013
6.11242e-013
3.83725e-013
7.95953e-013
1.17704e-013
5.10486e-013
2.09039e-013
1.27914e-012
4.84845e-013
7.66495e-013
5.97457e-013
3.89439e-013
4.46475e-013
4.13849e-013
1.70942e-013
6.48125e-013
2.6133e-013
1.72861e-014
6.79154e-014
2.0407e-013
2.40833e-013
5.02806e-013
1.25103e-012
7.50955e-013
3.72925e-013
2.09603e-013
3.58375e-013
3.19516e-013
6.8247e-013
3.80859e-013
2.91846e-013
2.46474e-013
9.47366e-013
6.82566e-013
5.26789e-013
3.01068e-013
4.31465e-013
3.9304e-013
2.33579e-013
3.10611e-013
4.66328e-013
2.30291e-013
7.60684e-013
2.6728e-013
3.44648e-013
6.2578e-013
3.9257e-013
2.96322e-013
2.89932e-013
5.65507e-013
6.50189e-013
2.5922e-013
9.9362e-013
5.23501e-013
2.49211e-013
5.77508e-013
1.17717e-013
8.31362e-013
3.31004e-013
3.49691e-013
4.12887e-013
7.85287e-013
9.80241e-013
7.17251e-013
5.72563e-013
3.83376e-013
1.62578e-013
6.07264e-013
2.93078e-013
3.98552e-013
4.8432e-013
3.59194e-013
6.52322e-013
1.0364e-012
4.21693e-013
3.09256e-013
2.20235e-013
3.98431e-013
2.07912e-013
2.80865e-013
8.5332e-014
2.87438e-013
1.67429e-013
2.48238e-013
4.04317e-013
5.81207e-013
5.76675e-013
1.07086e-012
1.48373e-012
2.11691e-012
1.51089e-012
1.34781e-012
1.01055e-012
1.06979e-012
8.05152e-013
1.26859e-012
1.34935e-012
6.96713e-013
8.85983e-013
3.39966e-013
1.00473e-012
3.10554e-013
4.19195e-013
3.02333e-013
5.69409e-013
3.75566e-013
5.33106e-013
8.075e-013
3.44623e-013
9.2425e-013
3.49001e-013
7.77244e-013
5.88952e-012
2.16947e-011
7.78356e-011
2.77681e-010
9.61517e-010
3.26508e-009
1.08689e-008
3.54619e-008
1.13334e-007
3.54579e-007
1.08525e-006
3.24717e-006
9.49079e-006
2.70748e-005
7.53194e-005
0.000204131
0.000538417
0.0013805
0.0034365
0.00829389
0.0193774
0.0437512
0.0952858
0.199768
0.40228
0.776292
1.4322
2.52076
4.22529
6.73816
10.2232
14.7749
20.3917
26.9757
34.3588
42.3421
50.7316
59.363
68.1147
76.9164
85.741
94.5832
103.443
112.323
121.223
130.14
139.069
148.007
156.934
165.865
174.744
183.624
192.431
201.184
209.885
218.474
226.964
235.352
243.58
251.625
259.487
267.126
274.467
281.452
288.047
294.192
299.781
304.684
308.8
312.093
314.489
315.93
316.411
316.001
314.964
313.568
311.968
310.209
308.27
305.966
303.254
300.362
297.279
294.243
291.425
288.698
286.698
285.009
282.307
278.839
275.566
272.769
270.194
267.665
265.152
262.672
260.245
257.854
255.452
253.004
250.436
247.698
244.835
241.905
238.932
235.916
232.833
229.603
226.051
221.854
216.427
208.305
190.211
139.394
64.0597
19.114
4.70596
1.05419
0.228936
0.049322
0.0105986
0.0022728
0.00048611
0.000103621
2.19964e-005
4.64596e-006
9.75473e-007
2.03378e-007
4.20514e-008
8.60906e-009
1.7414e-009
3.47315e-010
6.826e-011
1.38153e-011
2.60045e-012
1.24144e-012
3.71256e-013
7.69412e-013
4.1976e-013
1.5138e-013
1.7281e-013
8.53315e-013
2.98306e-013
5.2519e-013
1.30495e-013
4.16678e-013
7.94576e-013
1.17488e-013
4.84827e-013
5.61141e-013
3.44012e-013
5.76633e-013
1.33149e-013
5.19711e-013
6.08533e-013
1.33903e-013
4.32482e-013
4.33566e-013
4.64708e-013
6.67517e-013
3.36579e-013
7.19757e-013
1.95354e-012
1.80391e-012
1.07734e-012
1.5645e-012
1.03347e-012
5.34885e-013
1.4238e-012
1.8942e-013
1.95706e-012
1.93191e-013
1.36328e-012
1.69883e-013
3.31301e-013
6.05126e-013
4.41442e-013
6.9558e-013
9.46927e-013
6.74193e-013
6.28248e-013
8.15869e-013
7.53286e-013
7.93448e-013
2.37064e-013
1.52087e-013
4.30865e-013
8.32834e-013
3.4682e-013
8.57336e-013
3.01576e-013
7.16525e-013
3.5915e-013
1.05739e-013
8.7279e-013
1.25805e-013
1.00686e-012
1.09137e-013
5.98934e-013
1.2319e-013
9.27811e-013
3.86245e-013
1.13631e-012
1.13479e-012
1.63607e-012
3.01446e-013
1.82415e-012
2.3675e-013
1.40368e-013
8.28048e-013
3.3362e-013
6.16274e-013
2.62293e-013
4.10224e-013
1.12834e-013
3.82789e-013
3.82935e-013
2.7449e-013
3.76624e-013
2.8068e-013
2.29938e-013
2.69501e-013
8.64285e-013
2.98916e-013
1.14243e-012
1.18646e-012
3.36153e-013
7.09097e-013
2.7086e-013
7.48377e-013
2.53503e-013
1.07457e-012
4.00294e-013
5.89359e-013
2.07015e-013
8.93164e-013
3.17568e-013
4.3122e-013
1.06846e-012
8.35681e-013
9.83516e-013
7.4296e-013
1.61118e-012
6.95496e-013
1.72505e-012
1.01962e-012
1.47636e-012
7.02883e-013
1.20396e-012
4.76489e-013
6.57315e-013
2.94978e-013
4.82814e-013
7.23289e-013
5.18236e-013
1.02427e-012
1.05637e-012
3.2915e-013
1.44137e-012
9.67574e-013
8.33575e-013
5.83757e-013
3.79512e-013
1.18871e-012
2.89173e-013
3.30611e-013
8.84132e-013
1.67961e-013
3.18577e-013
3.59623e-013
2.70935e-013
3.32032e-013
1.87755e-013
5.12965e-014
3.22304e-013
3.64626e-014
5.40671e-014
4.11088e-013
2.38963e-013
6.9107e-013
1.51129e-013
6.16859e-013
1.40333e-013
2.98012e-013
8.21128e-013
2.42032e-013
4.382e-013
5.44625e-013
4.1421e-013
3.07448e-013
4.08957e-013
3.25729e-013
9.61836e-013
6.35502e-013
3.50295e-013
4.01828e-013
7.34442e-013
5.3244e-013
3.85213e-013
4.19797e-013
4.89548e-013
7.64589e-013
2.28041e-012
9.6228e-012
3.42502e-011
1.20637e-010
4.03067e-010
1.31968e-009
4.2253e-009
1.3244e-008
4.06083e-008
1.21717e-007
3.56336e-007
1.01799e-006
2.83503e-006
7.68784e-006
2.02735e-005
5.19161e-005
0.000128884
0.000309581
0.000717849
0.00160239
0.00343152
0.00701937
0.0136373
0.0249716
0.0426485
0.0670238
0.097672
0.147838
0.270483
0.57488
1.22279
2.41943
4.39625
7.35571
11.392
16.4466
22.3576
28.945
36.0542
43.565
51.3874
59.4548
67.7173
76.137
84.6838
93.3333
102.065
110.86
119.701
128.576
137.462
146.36
155.225
164.095
172.88
181.634
190.317
198.867
207.324
215.643
223.753
231.65
239.305
246.639
253.581
260.084
266.08
271.476
276.178
280.141
283.327
285.77
287.526
288.596
289.168
289.552
289.85
290.102
290.358
290.601
290.858
291.149
291.496
291.948
292.549
293.189
293.818
294.466
294.79
294.907
295.254
295.756
296.352
296.938
297.433
297.849
298.213
298.533
298.832
299.12
299.437
299.772
300.054
300.265
300.404
300.446
300.324
299.87
298.736
296.155
290.668
278.482
244.332
158.523
57.1213
13.0483
2.4831
0.432617
0.0737578
0.0125309
0.00212957
0.00036226
6.16897e-005
1.05164e-005
1.79456e-006
3.06509e-007
5.23917e-008
8.9606e-009
1.53305e-009
2.62644e-010
4.51638e-011
8.32491e-012
1.69334e-012
1.76298e-012
7.85442e-013
1.4282e-012
2.87358e-013
1.61442e-013
5.43753e-013
5.60566e-013
7.40103e-013
2.22443e-013
2.67692e-013
2.46485e-013
2.10454e-013
5.13701e-013
1.22296e-012
4.56048e-013
1.31915e-012
5.01737e-013
7.74132e-013
5.23528e-013
2.01779e-013
1.43698e-013
1.23389e-013
1.86144e-013
2.2045e-013
5.59437e-013
2.10001e-013
1.54401e-012
3.33424e-013
9.33589e-013
3.33424e-013
8.66904e-013
6.00164e-013
8.00219e-013
1.06696e-012
6.66849e-013
6.66849e-013
1.20033e-012
6.00164e-013
1.13364e-012
5.33479e-013
1.53375e-012
6.66849e-013
1.3337e-012
1.00027e-012
1.3337e-012
7.33534e-013
1.46707e-012
1.00027e-012
1.26701e-012
1.13364e-012
1.20033e-012
1.20033e-012
1.13364e-012
1.73381e-012
1.20033e-012
1.53375e-012
1.60044e-012
1.66712e-012
1.73381e-012
1.46707e-012
1.53375e-012
1.66712e-012
1.20033e-012
1.60044e-012
1.46707e-012
1.60044e-012
1.26701e-012
1.80049e-012
1.06696e-012
1.80049e-012
1.53375e-012
1.13364e-012
1.26701e-012
1.00027e-012
1.20033e-012
1.13364e-012
8.66904e-013
1.20033e-012
1.00027e-012
1.06696e-012
1.06696e-012
1.20033e-012
6.66849e-013
8.66904e-013
1.13364e-012
7.33534e-013
1.20033e-012
4.66794e-013
1.13364e-012
6.00164e-013
6.66849e-013
6.66849e-013
4.66794e-013
8.66904e-013
4.66794e-013
9.33589e-013
3.33424e-013
8.00219e-013
3.33424e-013
7.33534e-013
2.6674e-013
6.00164e-013
6.00164e-013
3.33424e-013
1.00027e-012
2.6674e-013
7.33534e-013
6.66849e-014
8.66904e-013
3.33424e-013
7.33534e-013
2.6674e-013
1.00027e-012
1.3337e-013
9.33589e-013
4.66794e-013
6.66849e-013
2.00055e-013
1.06696e-012
2.6674e-013
7.33534e-013
6.66849e-013
6.66849e-013
8.66904e-013
7.33534e-013
4.00109e-013
1.06696e-012
8.75931e-013
6.84692e-013
1.00388e-012
4.85174e-013
5.28089e-013
3.69051e-013
5.47922e-013
1.93172e-013
1.55882e-013
2.6935e-013
3.35326e-013
1.71535e-013
5.11928e-013
1.56987e-013
5.42852e-013
5.52113e-013
5.1762e-013
8.87849e-013
3.48595e-013
2.28752e-013
2.17834e-013
7.03849e-014
2.66308e-013
1.46214e-013
3.87515e-013
6.66562e-013
3.97157e-013
7.77397e-013
1.68987e-013
4.6015e-013
3.70002e-013
4.67352e-014
3.67233e-013
5.85159e-013
1.24396e-013
4.15194e-013
2.21632e-013
1.98902e-013
2.49603e-013
3.74073e-013
4.62636e-013
3.02883e-013
3.12097e-013
3.01338e-013
5.42306e-014
1.99011e-013
3.54996e-013
6.76651e-014
6.96298e-013
1.48618e-013
5.23462e-013
2.89977e-013
8.54957e-015
4.33314e-013
1.51546e-013
8.37172e-014
1.52462e-013
1.10064e-013
2.59748e-013
4.19524e-014
6.52881e-014
1.93241e-013
4.71198e-013
1.39841e-013
4.09584e-013
6.54159e-013
6.25839e-013
4.29503e-013
9.69566e-013
5.3022e-013
5.47003e-013
2.54684e-013
4.53536e-013
2.65854e-013
5.81829e-013
2.61255e-013
2.80987e-013
2.76297e-013
2.77301e-013
2.48404e-013
2.39078e-013
2.98404e-013
1.17065e-013
1.77601e-013
1.42237e-013
3.63162e-014
5.97039e-013
4.11188e-014
8.21596e-013
1.01986e-013
8.23599e-013
1.69755e-013
4.98471e-013
2.17777e-013
3.04014e-013
3.89743e-013
4.21504e-013
2.12907e-013
3.13732e-013
1.4757e-013
1.85972e-013
1.94146e-013
2.82821e-013
1.38917e-013
4.04661e-013
1.36501e-013
3.79602e-013
3.17621e-013
2.92185e-013
3.06549e-013
1.27109e-013
4.10657e-013
1.65568e-013
3.10662e-013
1.93001e-013
2.61001e-013
4.58089e-014
1.04122e-013
4.36123e-013
3.04254e-014
1.27461e-012
2.46221e-013
7.02085e-013
1.86325e-013
4.66856e-013
1.4091e-013
7.20461e-013
1.15232e-013
6.68792e-013
3.62001e-013
2.29577e-013
7.30503e-013
2.26387e-013
6.33478e-013
1.09469e-012
1.10566e-012
1.70862e-012
1.5931e-012
2.18753e-012
1.54054e-012
2.12347e-012
1.39434e-012
2.03511e-012
1.60748e-012
2.33851e-012
1.91612e-012
2.4024e-012
2.07186e-012
2.05494e-012
2.06135e-012
9.22245e-014
1.55573e-012
2.23582e-013
1.23894e-012
4.10243e-013
5.76825e-013
1.30149e-013
2.39243e-013
9.49214e-013
2.10823e-013
9.71016e-013
3.77476e-013
1.1907e-012
9.06339e-013
6.5223e-013
8.2528e-013
5.23855e-013
1.25003e-013
1.15407e-012
1.99499e-013
5.85343e-013
4.5448e-013
2.33771e-013
2.36804e-013
2.6427e-013
1.19528e-013
7.25525e-013
2.62099e-013
4.49857e-013
3.28552e-013
4.14852e-013
1.30641e-013
2.8175e-013
1.92172e-013
1.05651e-013
5.23134e-013
7.42712e-013
4.91557e-013
1.44311e-013
2.49087e-013
4.63085e-013
1.34049e-013
7.90118e-013
1.02449e-013
6.42077e-013
6.45941e-013
7.97881e-013
1.22794e-012
5.09927e-013
1.43034e-012
1.09137e-012
5.37903e-013
1.46748e-012
1.78239e-013
1.66867e-012
6.54471e-013
9.41883e-013
2.94481e-014
2.53983e-013
5.01401e-014
5.20058e-013
2.81506e-013
2.78262e-013
1.56477e-013
2.39481e-013
1.41715e-012
7.73192e-013
1.2688e-012
1.46672e-012
2.96304e-013
1.6352e-012
9.96131e-014
9.90314e-013
2.39909e-013
2.45142e-013
4.98308e-013
1.50614e-013
4.79558e-013
4.00282e-013
2.23367e-013
4.38124e-013
4.55601e-013
6.42678e-013
1.15279e-013
1.11769e-012
4.03201e-013
1.05214e-012
1.25049e-012
5.22434e-013
1.7636e-012
6.10386e-013
1.24822e-012
3.04212e-013
5.80141e-013
5.3244e-013
7.71592e-013
3.57932e-013
1.19158e-012
3.26841e-013
1.1427e-012
1.76908e-013
7.20575e-013
4.32884e-013
1.74611e-013
2.66127e-013
3.10308e-013
3.44005e-013
1.79524e-013
7.78647e-013
1.47955e-013
1.11181e-012
9.9628e-014
2.02592e-012
3.00214e-013
8.38765e-013
4.79143e-013
3.68869e-013
4.00659e-013
1.41872e-013
2.6566e-013
6.51851e-013
1.9271e-013
4.84953e-013
2.2988e-013
4.27784e-013
2.93555e-013
1.61001e-013
1.47296e-013
9.08835e-014
2.43137e-013
5.46337e-013
1.66815e-013
2.15804e-013
1.18064e-013
2.69645e-013
1.55727e-013
3.1115e-013
6.67186e-013
4.2146e-013
5.39135e-013
5.87714e-013
2.76901e-013
8.64943e-013
3.73131e-013
2.91465e-013
9.98083e-014
4.77203e-013
1.11883e-012
4.67526e-013
4.39027e-013
)
;

boundaryField
{
    inlet
    {
        type            calculated;
        value           nonuniform List<scalar> 2(1.95354e-012 7.40753e-013);
    }
    outlet
    {
        type            calculated;
        value           nonuniform List<scalar> 2(4.39027e-013 2.06135e-012);
    }
    bottom
    {
        type            symmetryPlane;
    }
    top
    {
        type            symmetryPlane;
    }
    obstacle
    {
        type            calculated;
        value           nonuniform List<scalar> 
102
(
7.19757e-013
8.75931e-013
3.33424e-013
9.33589e-013
3.33424e-013
8.66904e-013
6.00164e-013
8.00219e-013
1.06696e-012
6.66849e-013
6.66849e-013
1.20033e-012
6.00164e-013
1.13364e-012
5.33479e-013
1.53375e-012
6.66849e-013
1.3337e-012
1.00027e-012
1.3337e-012
7.33534e-013
1.46707e-012
1.00027e-012
1.26701e-012
1.13364e-012
1.20033e-012
1.20033e-012
1.13364e-012
1.73381e-012
1.20033e-012
1.53375e-012
1.60044e-012
1.66712e-012
1.73381e-012
1.46707e-012
1.53375e-012
1.66712e-012
1.20033e-012
1.60044e-012
1.46707e-012
1.60044e-012
1.26701e-012
1.80049e-012
1.06696e-012
1.80049e-012
1.53375e-012
1.13364e-012
1.26701e-012
1.00027e-012
1.20033e-012
1.13364e-012
8.66904e-013
1.20033e-012
1.00027e-012
1.06696e-012
1.06696e-012
1.20033e-012
6.66849e-013
8.66904e-013
1.13364e-012
7.33534e-013
1.20033e-012
4.66794e-013
1.13364e-012
6.00164e-013
6.66849e-013
6.66849e-013
4.66794e-013
8.66904e-013
4.66794e-013
9.33589e-013
3.33424e-013
8.00219e-013
3.33424e-013
7.33534e-013
2.6674e-013
6.00164e-013
6.00164e-013
3.33424e-013
1.00027e-012
2.6674e-013
7.33534e-013
6.66849e-014
8.66904e-013
3.33424e-013
7.33534e-013
2.6674e-013
1.00027e-012
1.3337e-013
9.33589e-013
4.66794e-013
6.66849e-013
2.00055e-013
1.06696e-012
2.6674e-013
7.33534e-013
6.66849e-013
6.66849e-013
8.66904e-013
7.33534e-013
4.00109e-013
1.06696e-012
)
;
    }
    defaultFaces
    {
        type            empty;
    }
}


// ************************************************************************* //
