/*--------------------------------*- C++ -*----------------------------------*\
| =========                 |                                                 |
| \\      /  F ield         | OpenFOAM: The Open Source CFD Toolbox           |
|  \\    /   O peration     | Version:  5.x                                   |
|   \\  /    A nd           | Web:      www.OpenFOAM.org                      |
|    \\/     M anipulation  |                                                 |
\*---------------------------------------------------------------------------*/
/*   Windows 32 and 64 bit porting by blueCAPE: http://www.bluecape.com.pt   *\
|  Based on Windows porting (2.0.x v4) by Symscape: http://www.symscape.com   |
\*---------------------------------------------------------------------------*/
FoamFile
{
    version     2.0;
    format      ascii;
    class       volScalarField;
    location    "0.002";
    object      T;
}
// * * * * * * * * * * * * * * * * * * * * * * * * * * * * * * * * * * * * * //

dimensions      [0 0 0 1 0 0 0];

internalField   nonuniform List<scalar> 
1000
(
348.432
348.432
348.432
348.432
348.432
348.432
348.432
348.432
348.432
348.432
348.432
348.432
348.432
348.432
348.432
348.432
348.432
348.432
348.432
348.432
348.432
348.432
348.432
348.432
348.432
348.432
348.432
348.432
348.432
348.432
348.432
348.432
348.432
348.432
348.432
348.432
348.432
348.432
348.432
348.432
348.432
348.432
348.432
348.432
348.432
348.432
348.432
348.432
348.432
348.432
348.432
348.432
348.432
348.432
348.432
348.432
348.432
348.432
348.432
348.432
348.432
348.432
348.432
348.432
348.432
348.432
348.432
348.432
348.432
348.432
348.432
348.432
348.432
348.432
348.432
348.432
348.432
348.432
348.432
348.432
348.432
348.432
348.432
348.432
348.432
348.432
348.432
348.432
348.432
348.432
348.432
348.432
348.432
348.432
348.432
348.432
348.432
348.432
348.432
348.432
348.432
348.432
348.432
348.432
348.432
348.432
348.432
348.432
348.432
348.432
348.432
348.432
348.432
348.432
348.432
348.432
348.432
348.432
348.432
348.432
348.432
348.432
348.432
348.432
348.432
348.432
348.432
348.432
348.432
348.432
348.432
348.432
348.432
348.432
348.432
348.432
348.432
348.432
348.432
348.432
348.432
348.432
348.432
348.432
348.432
348.432
348.432
348.432
348.432
348.432
348.432
348.432
348.432
348.432
348.432
348.432
348.431
348.429
348.425
348.416
348.398
348.36
348.287
348.151
347.911
347.512
346.884
345.955
344.663
342.972
340.881
338.429
335.678
332.704
329.58
326.369
323.119
319.856
316.592
313.329
310.067
306.806
303.546
300.291
297.02
293.828
290.42
287.589
283.642
281.447
277.443
274.407
271.953
268.335
264.996
262.589
259.893
256.556
253.467
251.126
249.004
246.437
243.663
241.164
239.466
238.4
237.01
235.288
233.726
233.285
233.253
233.469
233.659
233.666
233.645
233.637
233.77
234.305
235.15
235.767
235.841
235.675
235.305
235.21
236.622
244.175
263.64
288.819
313.645
334.802
350.603
361.04
367.08
370.046
371.182
371.362
370.976
369.871
368.646
367.558
366.645
365.87
365.092
364.366
363.668
362.903
362.012
360.904
359.326
356.648
352.37
331.14
298.699
284.555
280.116
279.047
278.811
278.76
278.749
278.747
278.746
278.746
278.746
278.746
278.746
278.746
278.746
278.746
278.746
278.746
278.746
278.746
278.746
278.746
278.746
278.746
278.746
278.746
278.746
278.746
278.746
278.746
278.746
278.746
278.746
278.746
278.746
278.746
278.746
278.746
278.746
278.746
278.746
278.746
278.746
278.746
278.746
278.746
278.746
278.746
348.432
348.432
348.432
348.432
348.432
348.432
348.432
348.432
348.432
348.432
348.432
348.432
348.432
348.432
348.432
348.432
348.432
348.432
348.432
348.432
348.432
348.432
348.432
348.432
348.432
348.432
348.432
348.432
348.432
348.432
348.432
348.432
348.432
348.432
348.432
348.432
348.432
348.432
348.432
348.432
348.432
348.432
348.432
348.432
348.432
348.432
348.432
348.432
348.432
348.432
348.432
348.432
348.432
348.432
348.432
348.432
348.432
348.432
348.432
348.432
348.432
348.432
348.432
348.432
348.432
348.432
348.432
348.432
348.432
348.432
348.432
348.432
348.432
348.432
348.432
348.432
348.432
348.432
348.432
348.432
348.432
348.432
348.432
348.432
348.432
348.432
348.432
348.432
348.432
348.432
348.432
348.432
348.432
348.432
348.432
348.432
348.432
348.432
348.432
348.432
348.432
348.432
348.432
348.432
348.432
348.432
348.432
348.432
348.432
348.432
348.432
348.432
348.432
348.432
348.432
348.432
348.432
348.432
348.432
348.432
348.432
348.432
348.432
348.432
348.432
348.432
348.432
348.432
348.432
348.432
348.432
348.432
348.432
348.432
348.432
348.432
348.432
348.432
348.432
348.432
348.432
348.432
348.432
348.432
348.432
348.432
348.432
348.432
348.432
348.432
348.432
348.432
348.432
348.432
348.432
348.432
348.432
348.432
348.432
348.433
348.433
348.434
348.437
348.44
348.446
348.451
348.453
348.44
348.399
348.291
348.059
347.627
346.906
345.817
344.323
342.452
340.275
337.864
335.277
332.561
329.75
326.868
323.933
320.96
317.96
314.941
311.908
308.876
305.829
302.828
299.734
296.909
293.53
291.307
287.347
285.369
282.363
278.861
276.748
274.427
271.147
268.359
266.582
264.679
262.066
259.472
257.826
257.024
255.983
254.292
252.82
252.364
252.455
252.694
252.708
252.596
252.439
252.412
252.566
253.058
253.525
253.794
253.885
253.91
253.992
254.352
255.895
261.877
277.995
300.92
324.771
346.933
365.662
380.203
390.594
397.355
401.183
402.948
403.457
403.408
403.01
402.354
401.834
401.458
401.215
401.034
400.875
400.627
400.099
398.89
396.262
391.08
380.642
336.236
296.61
282.658
279.451
278.868
278.767
278.75
278.747
278.746
278.746
278.746
278.746
278.746
278.746
278.746
278.746
278.746
278.746
278.746
278.746
278.746
278.746
278.746
278.746
278.746
278.746
278.746
278.746
278.746
278.746
278.746
278.746
278.746
278.746
278.746
278.746
278.746
278.746
278.746
278.746
278.746
278.746
278.746
278.746
278.746
278.746
278.746
278.746
278.746
278.746
278.746
278.746
278.746
278.746
278.746
278.746
278.746
278.746
278.746
278.746
278.746
278.746
278.746
278.746
278.746
278.746
278.746
278.746
278.746
278.746
278.746
278.746
278.746
278.746
278.746
278.746
278.746
278.746
278.746
278.746
278.746
278.746
278.746
278.746
278.746
278.746
278.746
278.746
278.746
278.746
278.746
278.746
278.746
278.746
278.746
278.746
278.746
278.746
278.746
278.746
278.746
278.746
278.746
278.746
278.746
278.746
278.746
278.746
278.746
278.746
278.746
278.746
278.746
278.746
278.746
278.746
278.746
278.746
278.746
278.746
278.746
278.746
278.746
278.746
278.746
278.746
278.746
278.746
278.746
278.746
278.746
278.746
278.746
278.746
278.746
278.746
278.746
278.746
278.746
278.746
278.746
278.746
278.746
278.746
278.746
278.746
278.746
278.746
278.746
278.746
278.746
278.746
278.746
278.746
278.746
278.746
278.746
278.746
278.746
278.746
278.746
278.746
278.746
278.746
278.746
278.746
278.746
278.746
278.746
278.746
278.746
278.746
278.746
278.746
278.746
278.746
278.746
278.746
278.746
278.746
278.746
278.746
278.746
278.746
278.746
278.746
278.746
278.746
278.746
278.746
278.746
278.746
278.746
278.746
278.746
278.746
278.746
278.746
278.746
278.746
278.746
278.746
278.746
278.746
278.746
278.746
278.746
278.746
278.746
278.746
278.746
278.746
278.746
278.746
278.746
278.746
278.746
278.746
278.746
278.746
278.746
278.746
278.746
278.746
278.746
278.746
278.746
278.746
278.746
278.746
278.746
278.746
278.746
278.746
278.746
278.746
278.746
278.746
278.746
278.746
278.746
278.746
278.746
278.746
278.746
278.746
278.746
278.746
278.746
278.746
278.746
278.746
278.746
278.746
278.746
278.746
278.746
278.746
278.746
278.746
278.746
278.746
278.746
278.746
278.746
278.746
278.746
278.746
278.746
278.746
278.746
278.746
278.746
278.746
278.746
278.746
278.746
278.746
278.746
278.746
278.746
278.746
278.746
278.746
278.746
278.746
278.746
278.746
278.746
278.746
278.746
278.746
278.746
278.746
278.746
278.746
278.746
278.746
278.746
278.746
278.746
278.746
278.746
278.746
278.746
278.746
278.746
278.746
278.746
278.746
278.746
278.746
278.746
278.746
278.746
278.746
278.746
278.746
278.746
278.746
278.746
278.746
278.746
278.746
278.746
278.746
278.746
278.746
278.746
278.746
278.746
278.746
278.746
278.746
278.746
278.746
278.746
278.746
278.746
278.746
278.746
278.746
278.746
278.746
278.746
278.746
278.746
278.746
278.746
278.746
278.746
278.746
278.746
278.746
278.746
278.746
278.746
278.746
278.746
278.746
278.746
278.746
278.746
278.746
278.746
278.746
278.746
278.746
278.746
278.746
278.746
278.746
278.746
278.746
278.746
278.746
278.746
278.746
278.746
278.746
278.746
278.746
278.746
278.746
278.746
278.746
278.746
278.746
278.746
278.746
278.746
278.746
278.746
278.746
278.746
278.746
278.746
278.746
278.746
278.746
278.746
278.746
278.746
278.746
278.746
278.746
278.746
278.746
278.746
278.746
278.746
278.746
278.746
278.746
278.746
278.746
278.746
278.746
278.746
278.746
278.746
278.746
278.746
278.746
278.746
278.746
278.746
278.746
278.746
278.746
278.746
278.746
278.746
278.746
278.746
278.746
278.746
278.746
278.746
278.746
278.746
278.746
278.746
278.746
278.746
278.746
278.746
)
;

boundaryField
{
    inlet
    {
        type            zeroGradient;
    }
    outlet
    {
        type            zeroGradient;
    }
    bottom
    {
        type            symmetryPlane;
    }
    top
    {
        type            symmetryPlane;
    }
    obstacle
    {
        type            zeroGradient;
    }
    defaultFaces
    {
        type            empty;
    }
}


// ************************************************************************* //
