/*--------------------------------*- C++ -*----------------------------------*\
| =========                 |                                                 |
| \\      /  F ield         | OpenFOAM: The Open Source CFD Toolbox           |
|  \\    /   O peration     | Version:  5.x                                   |
|   \\  /    A nd           | Web:      www.OpenFOAM.org                      |
|    \\/     M anipulation  |                                                 |
\*---------------------------------------------------------------------------*/
/*   Windows 32 and 64 bit porting by blueCAPE: http://www.bluecape.com.pt   *\
|  Based on Windows porting (2.0.x v4) by Symscape: http://www.symscape.com   |
\*---------------------------------------------------------------------------*/
FoamFile
{
    version     2.0;
    format      ascii;
    class       volVectorField;
    location    "0.002";
    object      U;
}
// * * * * * * * * * * * * * * * * * * * * * * * * * * * * * * * * * * * * * //

dimensions      [0 1 -1 0 0 0 0];

internalField   nonuniform List<vector> 
1000
(
(6.49498e-013 3.56184e-013 0)
(4.58443e-013 2.92738e-013 0)
(6.83329e-013 2.75501e-013 0)
(-8.08075e-014 2.28529e-013 -2.97086e-018)
(1.87431e-013 2.56277e-013 2.97764e-018)
(2.92867e-013 1.70491e-013 0)
(3.1043e-013 2.22824e-013 0)
(4.02047e-013 1.71778e-013 5.99635e-018)
(7.56963e-013 1.87047e-013 -6.01017e-018)
(-8.12182e-013 1.34924e-013 6.02405e-018)
(7.20026e-014 1.67146e-013 -6.03799e-018)
(-8.07304e-013 1.59157e-013 0)
(-6.3962e-013 1.30268e-013 0)
(-9.95657e-013 1.45618e-013 0)
(-7.46854e-013 1.64618e-013 0)
(-8.68416e-013 1.1991e-013 -1.22174e-017)
(-4.51359e-013 1.55632e-013 1.22461e-017)
(-2.69377e-013 1.71444e-013 0)
(-4.05091e-013 1.80105e-013 0)
(-2.67903e-013 1.51563e-013 0)
(-1.09291e-013 1.4233e-013 -4.82896e-020)
(1.86911e-013 1.56961e-013 1.23915e-017)
(3.11299e-013 1.09405e-013 -2.4842e-017)
(-1.83756e-014 1.38649e-013 1.24507e-017)
(5.14013e-013 1.35578e-013 1.24804e-017)
(6.19436e-013 1.39576e-013 -1.25104e-017)
(3.37633e-013 1.38597e-013 2.50809e-017)
(6.02352e-013 1.03869e-013 -1.46342e-032)
(3.42468e-013 1.73092e-013 -2.52021e-017)
(7.94459e-013 4.87421e-014 2.52631e-017)
(5.01549e-014 1.06484e-013 -2.53244e-017)
(5.03102e-013 8.65123e-014 2.5386e-017)
(-2.01898e-013 5.41687e-014 -2.54479e-017)
(1.27344e-012 1.20639e-013 0)
(-4.8483e-013 3.75408e-015 -2.55727e-017)
(7.58878e-013 1.07792e-013 2.56355e-017)
(-5.9472e-013 -5.71276e-014 0)
(-3.83102e-013 6.9965e-014 0)
(-4.44068e-013 -4.63075e-014 0)
(-4.13848e-013 -8.14427e-016 -2.589e-017)
(-1.69652e-013 -2.09556e-014 2.59544e-017)
(-6.47596e-013 -2.61917e-014 5.08185e-020)
(-2.59836e-013 -2.78982e-014 5.09456e-020)
(-1.69146e-014 -3.56457e-015 0)
(-3.09075e-014 -6.0475e-014 0)
(2.0398e-013 6.06273e-015 5.13305e-020)
(2.24128e-013 -8.81316e-014 -5.14602e-020)
(5.02102e-013 -2.65895e-014 5.15904e-020)
(1.25012e-012 -4.77604e-014 5.17214e-020)
(7.49409e-013 -4.81604e-014 -2.66006e-017)
(3.62142e-013 -8.90309e-014 2.66684e-017)
(8.29105e-014 -1.92508e-013 5.21182e-020)
(3.4985e-013 -7.77054e-014 -5.22519e-020)
(2.56795e-013 -1.90122e-013 5.23862e-020)
(6.688e-013 -1.3591e-013 5.25212e-020)
(3.34681e-013 -1.81776e-013 -5.26569e-020)
(-9.63137e-014 -2.75496e-013 -2.69774e-017)
(-9.72388e-014 -2.26482e-013 2.71533e-017)
(9.34125e-013 -1.57839e-013 -5.30683e-020)
(6.55518e-013 -1.90244e-013 5.32068e-020)
(4.69087e-013 -2.39717e-013 5.33461e-020)
(1.65866e-013 -2.51258e-013 -5.34862e-020)
(3.59056e-013 -2.39251e-013 5.49676e-017)
(-2.09969e-013 -3.32256e-013 -1.10064e-016)
(3.48402e-014 -2.30966e-013 5.51506e-017)
(2.2017e-013 -2.191e-013 -5.52969e-017)
(-3.76424e-013 -2.75258e-013 1.1105e-016)
(6.00997e-014 -2.2231e-013 -5.57005e-017)
(7.40914e-013 -1.72298e-013 5.44872e-020)
(1.64584e-013 -2.10597e-013 5.46333e-020)
(2.45352e-013 -2.42043e-013 -5.61497e-017)
(-5.42287e-013 -3.1229e-013 5.6301e-017)
(-3.33204e-013 -2.07573e-013 5.50763e-020)
(-1.72761e-013 -2.4075e-013 -5.52255e-020)
(1.67507e-013 -2.36647e-013 5.53756e-020)
(-4.94054e-013 -2.75151e-013 5.55265e-020)
(-6.10862e-013 -2.22695e-013 -5.56782e-020)
(-1.78851e-013 -1.87637e-013 5.58307e-020)
(-9.58513e-013 -2.6179e-013 -5.72718e-017)
(-4.89816e-013 -1.84752e-013 5.74295e-017)
(-2.00884e-013 -1.47485e-013 5.62934e-020)
(-5.49524e-013 -1.77593e-013 -5.77477e-017)
(9.42666e-014 -7.05053e-014 5.79081e-017)
(-8.18555e-013 -1.45365e-013 0)
(-3.20555e-013 -8.2512e-014 0)
(-3.37389e-013 -9.19368e-014 5.85089e-017)
(-4.12515e-013 -1.75171e-014 -5.8616e-017)
(-7.79567e-013 -9.4612e-014 0)
(-9.72802e-013 -1.20531e-013 0)
(-7.13087e-013 -7.71722e-014 0)
(-5.69247e-013 -6.15402e-014 5.78927e-020)
(-3.83326e-013 6.23389e-015 -5.93929e-017)
(-1.61528e-013 1.84425e-014 5.96209e-017)
(-6.07232e-013 -6.26961e-015 5.97917e-017)
(-2.92964e-013 8.17392e-015 -5.99635e-017)
(-3.97518e-013 -2.86912e-014 0)
(-4.82756e-013 3.88924e-014 6.0369e-017)
(-3.59113e-013 -7.61077e-015 -6.04259e-017)
(-6.52294e-013 6.0427e-015 -6.06608e-017)
(-1.03637e-012 7.65514e-015 1.21675e-016)
(-4.21284e-013 1.8554e-014 -6.10155e-017)
(-2.95429e-013 9.1438e-014 0)
(-2.01534e-013 8.88109e-014 5.99359e-020)
(-3.75131e-013 1.34255e-013 6.01128e-020)
(1.951e-013 7.18576e-014 6.17376e-017)
(-2.63915e-013 9.60944e-014 -9.01066e-033)
(1.4978e-014 8.40072e-014 -6.21051e-017)
(-2.83289e-013 4.86606e-014 -6.22904e-017)
(-4.87449e-014 1.60176e-013 6.2538e-017)
(2.31212e-013 9.03493e-014 6.11959e-020)
(3.89693e-013 1.07757e-013 0)
(5.66277e-013 1.30889e-013 0)
(5.6588e-013 1.11062e-013 0)
(1.04649e-012 2.27123e-013 0)
(1.47008e-012 2.00798e-013 0)
(2.08607e-012 3.59999e-013 6.23187e-020)
(1.4997e-012 1.83572e-013 -6.39476e-017)
(1.34103e-012 1.34989e-013 6.42071e-017)
(1.00815e-012 6.95598e-014 6.44681e-017)
(1.06682e-012 7.95979e-014 -9.40121e-032)
(8.0514e-013 -4.41696e-015 -6.48053e-017)
(1.26851e-012 1.46555e-014 6.34836e-020)
(1.34863e-012 4.41038e-014 6.36819e-020)
(6.91711e-013 -8.33397e-014 0)
(8.8328e-013 -6.91521e-014 6.56204e-017)
(2.51747e-013 -2.28473e-013 -1.31655e-016)
(1.00269e-012 -6.40502e-014 6.59713e-017)
(1.78347e-013 -2.54236e-013 6.63101e-017)
(2.66369e-013 -3.23685e-013 -6.63915e-017)
(1.97051e-013 -2.29296e-013 0)
(5.22259e-013 -2.26875e-013 6.68824e-017)
(-1.00082e-013 -3.61985e-013 -6.70974e-017)
(4.91505e-013 -2.06457e-013 -6.73139e-017)
(-6.43439e-013 -4.87896e-013 6.75977e-017)
(2.44052e-013 -2.43319e-013 0)
(-7.49396e-013 -5.40966e-013 0)
(2.62272e-013 -2.30251e-013 0)
(7.57359e-013 -1.74689e-013 0)
(5.82117e-012 8.94672e-013 6.86424e-017)
(2.12483e-011 4.37836e-012 -6.88017e-017)
(7.60837e-011 1.64209e-011 0)
(2.71129e-010 5.99629e-011 -6.93266e-017)
(9.38167e-010 2.10613e-010 6.96256e-017)
(3.18423e-009 7.22101e-010 0)
(1.05945e-008 2.42684e-009 0)
(3.45496e-008 7.99183e-009 -7.01917e-017)
(1.10364e-007 2.57748e-008 1.40995e-016)
(3.45116e-007 8.13698e-008 -7.07366e-017)
(1.05576e-006 2.51279e-007 0)
(3.15734e-006 7.58515e-007 0)
(9.22353e-006 2.23642e-006 0)
(2.62989e-005 6.43523e-006 0)
(7.31233e-005 1.80553e-005 1.43912e-016)
(0.000198077 4.93466e-005 -7.06304e-020)
(0.000522177 0.000131238 -1.44912e-016)
(0.00133817 0.000339241 0)
(0.0033294 0.000851242 0)
(0.00803128 0.00207054 0)
(0.0187543 0.00487441 0)
(0.042323 0.0110872 -1.47448e-016)
(0.0921301 0.0243191 1.48058e-016)
(0.19306 0.0513337 -7.25097e-020)
(0.388593 0.104041 0)
(0.749554 0.201984 1.4922e-016)
(1.38232 0.374707 -2.99441e-016)
(2.43207 0.66277 1.50364e-016)
(4.07532 1.11569 7.36139e-020)
(6.49728 1.78556 0)
(9.85566 2.71651 -7.38407e-020)
(14.2416 3.93349 -1.47718e-016)
(19.654 5.43516 1.50158e-016)
(25.9986 7.19427 0)
(33.1137 9.1656 7.35464e-020)
(40.8071 11.2975 -7.32747e-020)
(48.8909 13.5417 -7.2917e-020)
(57.2054 15.859 1.40043e-016)
(65.6323 18.2214 -5.07242e-018)
(74.1024 20.6146 -1.4228e-016)
(82.5886 23.0357 7.08907e-020)
(91.0846 25.4869 0)
(99.59 27.9712 1.32869e-016)
(108.106 30.4909 -4.96656e-018)
(116.631 33.0474 -1.35224e-016)
(125.165 35.6409 1.28711e-016)
(133.7 38.2699 -1.3228e-016)
(142.234 40.9338 -6.65634e-020)
(150.748 43.6262 -6.58953e-020)
(159.257 46.3511 0)
(167.707 49.0921 -6.45621e-020)
(176.149 51.8612 -6.41492e-020)
(184.51 54.6401 1.19055e-016)
(192.814 57.4289 -1.22647e-016)
(201.058 60.2278 -1.16773e-016)
(209.187 63.0202 4.87902e-018)
(217.215 65.8066 1.18564e-016)
(225.138 68.5808 0)
(232.902 71.3271 5.99899e-020)
(240.486 74.0376 -5.93411e-020)
(247.89 76.7072 -5.87579e-020)
(255.078 79.3177 0)
(261.98 81.8429 -5.79739e-020)
(268.542 84.264 -5.75021e-020)
(274.732 86.5658 -1.05789e-016)
(280.496 88.7202 1.08603e-016)
(285.736 90.6825 -5.62917e-020)
(290.334 92.4043 5.61726e-020)
(294.193 93.8493 -5.59755e-020)
(297.282 95.0029 0)
(299.534 95.8284 5.5495e-020)
(300.897 96.2965 1.04325e-016)
(301.367 96.4044 -1.05928e-016)
(301.009 96.1806 -1.05688e-016)
(300.063 95.7322 1.06547e-016)
(298.779 95.1637 -5.63563e-020)
(297.302 94.5303 5.65781e-020)
(295.674 93.8425 0)
(293.88 93.0874 -5.71179e-020)
(291.75 92.1787 5.7522e-020)
(289.247 91.1001 -5.79796e-020)
(286.579 89.9441 0)
(283.738 88.6989 5.86555e-020)
(280.943 87.4644 -1.12689e-016)
(278.352 86.3038 1.12726e-016)
(275.852 85.1599 5.92936e-020)
(274.018 84.3215 -5.99433e-020)
(272.471 83.6058 -6.23188e-020)
(269.987 82.49 6.77085e-020)
(266.746 81.2254 -1.43283e-016)
(263.58 80.3877 3.12088e-016)
(260.716 80.188 -1.6724e-016)
(257.909 80.545 0)
(255.003 81.3508 -9.45955e-020)
(251.983 82.522 9.66223e-020)
(248.886 83.9765 -9.78723e-020)
(245.752 85.6348 0)
(242.585 87.4137 -1.91269e-016)
(239.358 89.2356 1.92245e-016)
(236.056 91.0407 1.92552e-016)
(232.621 92.7671 -1.93332e-016)
(229.013 94.3772 1.93512e-016)
(225.277 95.8865 -4.04073e-019)
(221.465 97.321 -1.95186e-016)
(217.598 98.6898 0)
(213.678 99.9901 -1.01808e-019)
(209.686 101.207 1.02211e-019)
(205.554 102.299 -1.98037e-016)
(201.135 103.17 3.97902e-016)
(196.153 103.649 -2.00265e-016)
(190.117 103.424 -1.0381e-019)
(181.789 101.704 -1.96362e-016)
(165.023 94.5926 2.07646e-016)
(120.564 69.9654 -1.08347e-019)
(55.4751 32.0338 -1.06049e-019)
(16.5631 9.53995 9.66879e-020)
(4.06589 2.3695 0)
(0.905261 0.5402 -1.78518e-016)
(0.19506 0.119847 4.12789e-019)
(0.0417153 0.0263153 1.80451e-016)
(0.00890547 0.00574664 1.81454e-016)
(0.00189859 0.00124938 -1.82361e-016)
(0.000403944 0.00027043 -1.83539e-016)
(8.56937e-005 5.82572e-005 1.84373e-016)
(1.81101e-005 1.24846e-005 0)
(3.80918e-006 2.6599e-006 1.86433e-016)
(7.96614e-007 5.62986e-007 -1.87663e-016)
(1.65456e-007 1.18268e-007 1.88723e-016)
(3.4084e-008 2.46292e-008 -1.89703e-016)
(6.95269e-009 5.077e-009 1.90694e-016)
(1.40133e-009 1.0338e-009 9.36931e-020)
(2.78541e-010 2.07468e-010 -1.93087e-016)
(5.461e-011 4.09534e-011 0)
(1.09389e-011 8.43825e-012 9.53369e-020)
(2.09016e-012 1.54711e-012 -9.58977e-020)
(8.78476e-013 8.77181e-013 1.97464e-016)
(-3.26627e-013 -1.76481e-013 -3.615e-032)
(5.84366e-013 5.00511e-013 -2.00024e-016)
(-3.40243e-013 -2.45832e-013 -9.82084e-020)
(3.92449e-014 1.46205e-013 2.02449e-016)
(-1.3538e-013 -1.07404e-013 -2.03584e-016)
(6.0437e-013 6.02398e-013 -2.04933e-016)
(3.30072e-014 -2.96474e-013 2.06198e-016)
(9.72582e-014 5.16106e-013 -1.01258e-019)
(-1.23764e-013 4.13687e-014 0)
(2.84823e-013 -3.04132e-013 2.10088e-016)
(-7.76481e-013 -1.68608e-013 -4.22733e-016)
(1.15285e-013 -2.26475e-014 2.12557e-016)
(-4.58308e-013 -1.58146e-013 -2.14024e-016)
(5.55495e-013 7.94068e-014 2.153e-016)
(-3.25551e-013 -1.11181e-013 -2.16909e-016)
(2.45759e-013 5.2164e-013 2.18327e-016)
(3.49538e-014 -1.28479e-013 0)
(2.82026e-013 4.36533e-013 2.21003e-016)
(5.92883e-013 -1.37121e-013 -2.22476e-016)
(8.07228e-014 -1.06835e-013 -1.09413e-019)
(3.36808e-013 2.71295e-013 0)
(1.88854e-014 4.33154e-013 -2.27017e-016)
(2.93323e-013 3.60437e-013 4.57254e-016)
(6.10923e-013 2.68985e-013 -2.3026e-016)
(3.36145e-013 -1.70945e-014 1.13213e-019)
(3.97836e-013 5.99814e-013 -1.14004e-019)
(-1.92545e-012 3.30107e-013 0)
(-1.77831e-012 3.0286e-013 0)
(-1.04439e-012 2.64406e-013 0)
(-1.54768e-012 2.28758e-013 0)
(-9.98421e-013 2.66855e-013 0)
(-5.03343e-013 1.80964e-013 0)
(-1.4075e-012 2.14835e-013 0)
(-6.69352e-014 1.77199e-013 0)
(-1.94811e-012 1.86963e-013 0)
(1.33518e-013 1.39628e-013 0)
(-1.35247e-012 1.71291e-013 0)
(-1.42679e-014 1.69283e-013 0)
(-2.99233e-013 1.42195e-013 0)
(-5.78709e-013 1.76844e-013 0)
(-4.02671e-013 1.80906e-013 0)
(-6.81282e-013 1.40307e-013 0)
(-9.30815e-013 1.73937e-013 0)
(-6.51194e-013 1.74595e-013 0)
(-5.98507e-013 1.9101e-013 0)
(-8.0011e-013 1.59581e-013 0)
(-7.37966e-013 1.51148e-013 2.73601e-020)
(-7.74564e-013 1.72076e-013 0)
(2.10971e-013 1.08123e-013 0)
(3.27753e-014 1.48513e-013 0)
(4.11501e-013 1.27717e-013 0)
(-8.2194e-013 1.34266e-013 0)
(3.21823e-013 1.29283e-013 0)
(-8.52433e-013 9.15608e-014 0)
(2.55867e-013 1.59626e-013 0)
(-7.15507e-013 3.81856e-014 0)
(-3.43375e-013 1.05274e-013 0)
(7.87824e-014 7.05277e-014 0)
(-8.70128e-013 6.81234e-014 0)
(9.7071e-014 8.00258e-014 0)
(-1.00641e-012 3.0296e-014 0)
(5.99386e-014 9.12046e-014 0)
(-5.98624e-013 -1.92826e-014 0)
(-1.01177e-013 7.02777e-014 0)
(-9.2781e-013 -1.14828e-015 0)
(3.85333e-013 2.65203e-014 0)
(-1.13621e-012 -1.5033e-014 0)
(1.13478e-012 5.86263e-015 -2.66341e-020)
(-1.63604e-012 -1.02824e-014 -2.66005e-020)
(3.01236e-013 1.12678e-014 0)
(-1.82337e-012 -5.31342e-014 0)
(2.36741e-013 2.13408e-015 -2.65002e-020)
(-1.00034e-013 -9.84707e-014 2.64669e-020)
(-8.26514e-013 -5.03799e-014 -2.64338e-020)
(3.17492e-013 -1.02476e-013 -2.64007e-020)
(-6.0701e-013 -1.06453e-013 2.63676e-020)
(-2.26213e-013 -1.32759e-013 -2.63347e-020)
(-3.79564e-013 -1.5561e-013 -2.63018e-020)
(3.61039e-014 -1.06901e-013 2.62691e-020)
(-3.06501e-013 -2.29313e-013 -2.62364e-020)
(-3.51138e-013 -1.52779e-013 -2.62038e-020)
(-1.70855e-013 -2.14833e-013 2.61712e-020)
(-2.9638e-013 -2.32389e-013 -2.61388e-020)
(-1.43521e-013 -2.41211e-013 -2.61064e-020)
(1.07508e-013 -2.03257e-013 2.60741e-020)
(-1.07375e-013 -2.47187e-013 -2.60419e-020)
(8.22194e-013 -2.66431e-013 -2.60098e-020)
(1.24962e-013 -2.71542e-013 2.59777e-020)
(1.11436e-012 -2.51706e-013 -2.59457e-020)
(1.14861e-012 -2.97308e-013 -2.59139e-020)
(2.31218e-013 -2.44002e-013 2.5882e-020)
(6.66157e-013 -2.43009e-013 -2.58503e-020)
(-1.33068e-013 -2.35919e-013 -2.58186e-020)
(7.08829e-013 -2.40061e-013 2.57871e-020)
(-8.84954e-014 -2.37555e-013 -2.57556e-020)
(1.05181e-012 -2.20002e-013 -2.57241e-020)
(-3.08979e-013 -2.54494e-013 2.56928e-020)
(5.37851e-013 -2.40958e-013 -2.56615e-020)
(1.7613e-014 -2.06265e-013 -2.56303e-020)
(8.61989e-013 -2.33914e-013 2.55992e-020)
(2.19629e-013 -2.29375e-013 -2.55681e-020)
(3.86078e-013 -1.92079e-013 -2.55372e-020)
(1.05167e-012 -1.88697e-013 2.55063e-020)
(8.14056e-013 -1.8888e-013 -2.54754e-020)
(9.70443e-013 -1.59828e-013 -2.54447e-020)
(7.33504e-013 -1.18157e-013 2.5414e-020)
(1.60479e-012 -1.43362e-013 -2.53834e-020)
(6.88183e-013 -1.00587e-013 -2.53529e-020)
(1.72274e-012 -8.91824e-014 2.53224e-020)
(1.01676e-012 -7.63115e-014 0)
(1.47558e-012 -4.81461e-014 0)
(7.02228e-013 -3.03432e-014 -2.52315e-020)
(1.20362e-012 2.88186e-014 0)
(4.75683e-013 -2.77031e-014 0)
(6.56523e-013 3.22593e-014 0)
(2.93358e-013 3.08727e-014 0)
(4.82603e-013 1.42734e-014 -2.50814e-020)
(7.23044e-013 1.88293e-014 -2.50516e-020)
(5.15847e-013 4.9704e-014 0)
(1.02188e-012 6.99056e-014 0)
(1.05498e-012 5.41429e-014 0)
(3.25544e-013 4.85906e-014 0)
(1.43755e-012 1.04955e-013 -2.49036e-020)
(9.6578e-013 5.88923e-014 -2.48742e-020)
(8.28055e-013 9.57706e-014 0)
(5.71282e-013 1.20039e-013 0)
(3.57696e-013 1.26817e-013 0)
(1.18241e-012 1.22149e-013 0)
(2.63395e-013 1.19351e-013 -2.47284e-020)
(2.80059e-013 1.757e-013 -2.46994e-020)
(-8.81578e-013 6.71514e-014 0)
(1.10068e-013 1.2687e-013 0)
(3.04449e-013 9.38189e-014 0)
(-3.37882e-013 1.23142e-013 0)
(-2.53116e-013 9.66325e-014 -2.45555e-020)
(-3.20241e-013 8.76976e-014 -2.4527e-020)
(-1.68352e-013 8.31238e-014 0)
(2.52235e-014 4.46666e-014 0)
(-3.19127e-013 4.51397e-014 0)
(-1.67767e-014 3.23738e-014 0)
(-5.02719e-014 -1.98993e-014 0)
(-4.1008e-013 -2.87684e-014 -2.43569e-020)
(2.25702e-013 -7.84992e-014 -2.43288e-020)
(-6.84674e-013 -9.38035e-014 0)
(-1.00081e-013 -1.13242e-013 -2.42728e-020)
(-5.99794e-013 -1.44091e-013 0)
(5.82463e-014 -1.27674e-013 0)
(-2.07784e-013 -2.13628e-013 -2.41892e-020)
(-7.96976e-013 -1.97687e-013 -2.41615e-020)
(-1.65976e-027 -2.42032e-013 0)
(-3.64445e-013 -2.43309e-013 0)
(-4.55036e-013 -2.99264e-013 0)
(-3.22294e-013 -2.60185e-013 2.40512e-020)
(-2.47636e-014 -3.06449e-013 -2.40238e-020)
(2.55599e-013 -3.19241e-013 -2.39965e-020)
(-1.64715e-014 -3.25312e-013 0)
(9.13131e-013 -3.02192e-013 0)
(-5.17676e-013 -3.68613e-013 0)
(7.38698e-014 -3.42418e-013 0)
(1.96763e-013 -3.50357e-013 -2.38607e-020)
(6.63325e-013 -3.15284e-013 0)
(3.84458e-013 -3.68354e-013 0)
(2.12439e-013 -3.21339e-013 0)
(2.44846e-013 -3.40999e-013 0)
(2.93484e-013 -3.91822e-013 0)
(-5.86308e-013 -4.90753e-013 -2.36997e-020)
(-2.09858e-012 -8.92328e-013 0)
(-9.31926e-012 -2.39786e-012 0)
(-3.3364e-011 -7.7407e-012 -2.36201e-020)
(-1.17766e-010 -2.61625e-011 0)
(-3.93246e-010 -8.84319e-011 0)
(-1.28634e-009 -2.94752e-010 -2.3541e-020)
(-4.11379e-009 -9.64339e-010 0)
(-1.28778e-008 -3.09254e-009 0)
(-3.94295e-008 -9.71316e-009 0)
(-1.17998e-007 -2.98558e-008 0)
(-3.44849e-007 -8.97477e-008 0)
(-9.83257e-007 -2.6365e-007 0)
(-2.73228e-006 -7.5632e-007 0)
(-7.39065e-006 -2.11688e-006 2.33325e-020)
(-1.94334e-005 -5.77578e-006 0)
(-4.95958e-005 -1.53473e-005 0)
(-0.000122626 -3.96736e-005 0)
(-0.000293101 -9.96616e-005 0)
(-0.000675476 -0.000242979 0)
(-0.00149599 -0.000574157 0)
(-0.00317039 -0.001313 -2.3147e-020)
(-0.00639182 -0.00290107 2.31148e-020)
(-0.0121554 -0.00618226 0)
(-0.0215112 -0.0126827 0)
(-0.0345549 -0.024997 0)
(-0.0475464 -0.047239 0)
(-0.0473506 -0.0854268 -2.27267e-020)
(-0.00840799 -0.147599 0)
(0.117601 -0.24358 2.2295e-020)
(0.427872 -0.383944 -2.19874e-020)
(1.07744 -0.578223 2.16245e-020)
(2.27147 -0.833111 0)
(4.24293 -1.15088 -2.07933e-020)
(7.1951 -1.52874 2.03621e-020)
(11.2222 -1.95944 1.99414e-020)
(16.2656 -2.43329 0)
(22.1634 -2.9404 1.91553e-020)
(28.736 -3.47194 1.87899e-020)
(35.8294 -4.0206 -1.84392e-020)
(43.3236 -4.58057 0)
(51.129 -5.14729 1.777e-020)
(59.1793 -5.71715 -1.7447e-020)
(67.4248 -6.28726 1.71296e-020)
(75.8277 -6.85524 0)
(84.3582 -7.41909 -1.65089e-020)
(92.9918 -7.97706 1.62046e-020)
(101.708 -8.52768 1.59039e-020)
(110.488 -9.06947 0)
(119.315 -9.60127 1.53141e-020)
(128.177 -10.1219 1.50271e-020)
(137.05 -10.63 -1.47394e-020)
(145.937 -11.1255 0)
(154.791 -11.6057 1.41748e-020)
(163.65 -12.0728 -1.39373e-020)
(172.426 -12.5204 1.36271e-020)
(181.172 -12.956 0)
(189.847 -13.3717 -1.31481e-020)
(198.39 -13.7671 1.28734e-020)
(206.841 -14.1474 1.26642e-020)
(215.154 -14.5085 0)
(223.26 -14.8461 1.21977e-020)
(231.154 -15.1628 1.19785e-020)
(238.805 -15.4602 -1.18102e-020)
(246.137 -15.7351 0)
(253.077 -15.9842 1.14528e-020)
(259.578 -16.2082 -1.12772e-020)
(265.573 -16.4079 1.1156e-020)
(270.969 -16.5819 0)
(275.671 -16.7266 -1.10068e-020)
(279.634 -16.8403 1.09183e-020)
(282.821 -16.9249 1.08515e-020)
(285.265 -16.9817 0)
(287.022 -17.0078 1.08418e-020)
(288.095 -17.0009 1.08564e-020)
(288.67 -16.9583 -1.08557e-020)
(289.06 -16.8658 0)
(289.368 -16.7064 1.08274e-020)
(289.634 -16.4616 -1.08151e-020)
(289.909 -16.139 1.08227e-020)
(290.174 -15.7535 0)
(290.454 -15.3189 -1.08843e-020)
(290.769 -14.8713 1.09126e-020)
(291.138 -14.4425 0)
(291.609 -14.0726 -1.09358e-020)
(292.222 -13.8286 1.09698e-020)
(292.869 -13.703 1.10026e-020)
(293.498 -13.6987 -1.10533e-020)
(294.14 -13.8508 0)
(294.449 -14.175 1.20794e-020)
(294.543 -14.6471 -1.30691e-020)
(294.863 -15.1973 0)
(295.337 -15.7515 1.50131e-020)
(295.907 -16.2442 -1.5793e-020)
(296.472 -16.6266 1.63907e-020)
(296.954 -16.8702 0)
(297.365 -16.9648 -1.70679e-020)
(297.732 -16.9138 1.71981e-020)
(298.064 -16.7299 1.72409e-020)
(298.38 -16.4305 0)
(298.69 -16.032 1.71885e-020)
(299.033 -15.5492 1.71333e-020)
(299.396 -14.9947 -1.70703e-020)
(299.709 -14.3792 0)
(299.952 -13.7108 1.69691e-020)
(300.123 -12.9948 -1.6929e-020)
(300.197 -12.2334 1.68913e-020)
(300.107 -11.4265 0)
(299.683 -10.5708 -1.67897e-020)
(298.58 -9.65833 1.66948e-020)
(296.028 -8.67434 1.65156e-020)
(290.569 -7.58472 0)
(278.412 -6.23534 1.38949e-020)
(244.295 -4.25841 1.20165e-020)
(158.512 -1.83796 -1.31783e-020)
(57.1197 -0.415018 0)
(13.0481 -0.0636065 1.63517e-020)
(2.48308 -0.00994688 -1.66779e-020)
(0.432614 -0.0016254 1.67262e-020)
(0.0737574 -0.000265778 0)
(0.0125308 -4.31064e-005 -1.67057e-020)
(0.00212956 -6.90582e-006 1.66895e-020)
(0.000362258 -1.08771e-006 1.6673e-020)
(6.16895e-005 -1.67323e-007 0)
(1.05164e-005 -2.4881e-008 1.66401e-020)
(1.79456e-006 -3.51454e-009 1.66237e-020)
(3.06509e-007 -4.55877e-010 -1.66073e-020)
(5.23917e-008 -4.99206e-011 0)
(8.9606e-009 -3.22564e-012 1.65747e-020)
(1.53305e-009 4.22985e-013 -1.65584e-020)
(2.62644e-010 3.04896e-013 1.65422e-020)
(4.51636e-011 1.11569e-013 0)
(8.32472e-012 5.55639e-014 -1.65098e-020)
(1.69307e-012 3.05496e-014 1.64937e-020)
(1.76219e-012 5.28567e-014 1.64775e-020)
(7.84786e-013 3.20918e-014 0)
(1.42678e-012 6.37899e-014 1.64454e-020)
(2.82255e-013 5.3915e-014 1.64294e-020)
(1.4099e-013 7.8646e-014 -1.64134e-020)
(5.42284e-013 3.9945e-014 0)
(5.55828e-013 7.27216e-014 1.63815e-020)
(7.38042e-013 5.51884e-014 -1.63656e-020)
(-2.17687e-013 4.57538e-014 1.63497e-020)
(2.66584e-013 2.43345e-014 0)
(-2.38291e-013 6.30224e-014 -1.63181e-020)
(-2.10054e-013 1.29643e-014 1.63023e-020)
(5.10638e-013 5.60149e-014 1.62866e-020)
(-1.22295e-012 4.25849e-015 0)
(-4.53801e-013 4.52165e-014 1.62552e-020)
(-1.31824e-012 -4.88238e-014 1.62395e-020)
(-5.01705e-013 -5.6616e-015 -1.62239e-020)
(-7.72718e-013 -4.67721e-014 0)
(5.21605e-013 -4.48255e-014 1.61928e-020)
(-1.8065e-013 -8.98906e-014 -1.61772e-020)
(-1.38828e-013 -3.70931e-014 1.61617e-020)
(9.01519e-014 -8.42465e-014 0)
(-1.66275e-013 -8.36788e-014 -1.61308e-020)
(-1.93802e-013 -1.05066e-013 1.61154e-020)
(5.53192e-013 -8.3357e-014 0)
(1.65799e-013 -1.28883e-013 -1.60847e-020)
(1.53908e-012 -1.2326e-013 1.60693e-020)
(3.33424e-013 -1.50993e-026 0)
(9.33589e-013 -1.18537e-039 0)
(3.33424e-013 -7.13821e-053 0)
(8.66904e-013 -3.64533e-066 0)
(6.00164e-013 -1.61974e-079 0)
(8.00219e-013 -6.52375e-093 0)
(1.06696e-012 -2.31639e-106 0)
(6.66849e-013 -7.42431e-120 0)
(6.66849e-013 -2.35502e-133 0)
(1.20033e-012 -6.74298e-147 0)
(6.00164e-013 -1.7294e-160 0)
(1.13364e-012 -4.42585e-174 0)
(5.33479e-013 -1.06511e-187 0)
(1.53375e-012 -2.52812e-201 0)
(6.66849e-013 -5.77612e-215 0)
(1.3337e-012 -1.21537e-228 0)
(1.00027e-012 -2.48411e-242 0)
(1.3337e-012 -4.76344e-256 0)
(7.33534e-013 -9.302e-270 0)
(1.46707e-012 -1.81811e-283 0)
(1.00027e-012 -3.39124e-297 0)
(1.26701e-012 -6.37073e-311 0)
(1.13364e-012 -0 0)
(1.20033e-012 0 0)
(1.20033e-012 0 0)
(1.13364e-012 0 0)
(1.73381e-012 0 0)
(1.20033e-012 0 0)
(1.53375e-012 0 0)
(1.60044e-012 0 0)
(1.66712e-012 0 0)
(1.73381e-012 0 0)
(1.46707e-012 0 0)
(1.53375e-012 0 0)
(1.66712e-012 0 0)
(1.20033e-012 0 0)
(1.60044e-012 0 0)
(1.46707e-012 0 0)
(1.60044e-012 0 0)
(1.26701e-012 0 0)
(1.80049e-012 0 0)
(1.06696e-012 0 0)
(1.80049e-012 0 0)
(1.53375e-012 0 0)
(1.13364e-012 0 0)
(1.26701e-012 0 0)
(1.00027e-012 0 0)
(1.20033e-012 0 0)
(1.13364e-012 0 0)
(8.66904e-013 0 0)
(1.20033e-012 0 0)
(1.00027e-012 0 0)
(1.06696e-012 0 0)
(1.06696e-012 0 0)
(1.20033e-012 0 0)
(6.66849e-013 0 0)
(8.66904e-013 0 0)
(1.13364e-012 0 0)
(7.33534e-013 0 0)
(1.20033e-012 0 0)
(4.66794e-013 0 0)
(1.13364e-012 0 0)
(6.00164e-013 0 0)
(6.66849e-013 0 0)
(6.66849e-013 0 0)
(4.66794e-013 0 0)
(8.66904e-013 0 0)
(4.66794e-013 0 0)
(9.33589e-013 0 0)
(3.33424e-013 0 0)
(8.00219e-013 0 0)
(3.33424e-013 0 0)
(7.33534e-013 0 0)
(2.6674e-013 0 0)
(6.00164e-013 0 0)
(6.00164e-013 0 0)
(3.33424e-013 0 0)
(1.00027e-012 0 0)
(2.6674e-013 0 0)
(7.33534e-013 0 0)
(6.66849e-014 0 0)
(8.66904e-013 0 0)
(3.33424e-013 0 0)
(7.33534e-013 0 0)
(2.6674e-013 0 0)
(1.00027e-012 0 0)
(1.3337e-013 0 0)
(9.33589e-013 0 0)
(4.66794e-013 0 0)
(6.66849e-013 0 0)
(2.00055e-013 0 0)
(1.06696e-012 0 0)
(2.6674e-013 0 0)
(7.33534e-013 0 0)
(6.66849e-013 0 0)
(6.66849e-013 0 0)
(8.66904e-013 -9.72381e-078 0)
(7.33534e-013 -3.73292e-062 0)
(4.00109e-013 -7.16525e-047 0)
(1.06696e-012 -2.7507e-031 0)
(7.21078e-013 4.97295e-013 1.54381e-019)
(2.0411e-013 6.53561e-013 -3.12619e-016)
(4.28882e-013 9.07656e-013 6.18442e-016)
(3.29993e-013 3.55666e-013 1.49291e-019)
(5.16923e-013 1.08018e-013 -3.02425e-016)
(3.31474e-013 -1.62245e-013 1.46081e-019)
(2.09499e-013 5.06289e-013 -2.9599e-016)
(1.47073e-013 -1.2524e-013 2.93018e-016)
(-1.10758e-013 -1.0969e-013 1.41516e-019)
(5.99189e-015 2.69283e-013 -2.86836e-016)
(-6.77966e-014 -3.28401e-013 5.67957e-016)
(-8.04651e-014 1.51491e-013 -5.62083e-016)
(-1.13622e-013 -4.9916e-013 2.78367e-016)
(-1.52779e-013 3.61072e-014 1.3451e-019)
(-4.02112e-013 -3.64683e-013 2.72776e-016)
(-3.77186e-013 -4.03187e-013 1.31898e-019)
(-3.3148e-013 -3.97557e-013 -2.6753e-016)
(-6.76292e-013 -5.75244e-013 2.65111e-016)
(-3.07916e-013 -1.63419e-013 -2.62354e-016)
(-1.44105e-013 -1.77655e-013 0)
(1.97642e-013 -9.15928e-014 1.25792e-019)
(4.08805e-014 5.72954e-014 -2.55133e-016)
(2.14148e-013 1.58306e-013 2.52937e-016)
(-2.67968e-014 -1.43738e-013 1.22392e-019)
(-2.01675e-013 -3.30901e-013 -2.48421e-016)
(-5.55294e-013 -3.68717e-013 2.46342e-016)
(-3.75979e-013 -1.27959e-013 -2.43943e-016)
(-5.1234e-013 -5.84682e-013 2.4194e-016)
(1.64068e-013 -4.04767e-014 1.17116e-019)
(-3.75398e-013 -2.6611e-013 0)
(3.62172e-013 -7.57181e-014 0)
(-8.42755e-015 -4.59684e-014 -2.33693e-016)
(3.53382e-013 9.9908e-014 2.31859e-016)
(-4.1008e-013 -4.17426e-013 2.30055e-016)
(-4.02609e-014 -1.177e-013 -2.28058e-016)
(-2.04486e-013 -3.61348e-013 2.26315e-016)
(-1.61111e-013 -1.52196e-013 -2.2438e-016)
(-1.58364e-013 -1.20345e-013 0)
(-1.29973e-013 -2.13094e-013 2.20818e-016)
(-2.70102e-013 -2.58796e-013 -2.18973e-016)
(-3.67799e-013 -2.80635e-013 -2.17368e-016)
(-1.78719e-013 -2.44536e-013 2.15788e-016)
(-2.27927e-013 -2.13199e-013 -2.14024e-016)
(-2.09658e-013 -2.16444e-013 2.12494e-016)
(1.12237e-015 -5.4219e-014 0)
(-1.65376e-013 -1.10707e-013 0)
(3.54988e-013 2.38133e-015 1.01384e-019)
(5.99363e-014 3.14033e-014 2.06097e-016)
(6.70708e-013 1.87034e-013 -2.04482e-016)
(1.34344e-013 -6.35533e-014 -2.03088e-016)
(4.12911e-013 3.2174e-013 4.03233e-016)
(2.38257e-013 -1.65288e-013 -2.00166e-016)
(8.54726e-015 -2.06721e-027 1.98736e-016)
(-4.173e-013 -1.16712e-013 -1.97327e-016)
(-1.49517e-013 -2.47188e-014 1.96033e-016)
(-6.63857e-014 -5.10046e-014 -1.94567e-016)
(-1.50843e-013 -2.21596e-014 9.43438e-020)
(1.08698e-013 -1.7291e-014 0)
(-2.59462e-013 1.21769e-014 0)
(-3.18632e-014 -2.72892e-014 -1.89273e-016)
(1.87886e-014 -6.25259e-014 1.87994e-016)
(5.75171e-014 1.84483e-013 -1.86641e-016)
(4.51827e-013 1.33717e-013 1.85487e-016)
(5.20005e-014 -1.29813e-013 0)
(2.8056e-013 2.98404e-013 0)
(6.32758e-013 1.65955e-013 0)
(6.17549e-013 1.01531e-013 -1.8067e-016)
(3.92108e-013 1.75283e-013 1.79592e-016)
(9.48307e-013 2.0192e-013 1.78353e-016)
(5.15521e-013 1.23981e-013 8.65319e-020)
(5.17524e-013 -1.77148e-013 -1.76096e-016)
(-1.60051e-013 1.9811e-013 8.54434e-020)
(-4.02149e-013 -2.09693e-013 0)
(-1.17078e-013 -2.38686e-013 -1.72814e-016)
(-5.35206e-013 -2.28208e-013 1.71748e-016)
(-6.58611e-014 -2.52817e-013 8.5347e-017)
(-2.77126e-013 4.64193e-014 -8.48265e-017)
(-5.64292e-014 -2.70473e-013 -8.43124e-017)
(1.97994e-013 1.9415e-013 8.38045e-017)
(1.17376e-014 -2.48126e-013 0)
(-2.36542e-013 -3.47317e-014 -8.28069e-017)
(2.91652e-013 6.31182e-014 8.23169e-017)
(-4.56524e-014 -1.07796e-013 -8.18327e-017)
(-1.44754e-013 -1.029e-013 8.13541e-017)
(1.66307e-014 -1.41262e-013 0)
(7.31211e-015 3.55724e-014 0)
(-4.71704e-013 -3.65993e-013 0)
(-3.09329e-014 2.70907e-014 0)
(-7.73721e-013 -2.76361e-013 0)
(-4.07564e-014 -9.34887e-014 -7.85963e-017)
(-7.88333e-013 -2.38427e-013 7.81548e-017)
(8.32124e-014 -1.47961e-013 0)
(-4.70859e-013 -1.63601e-013 0)
(-1.47271e-013 -1.6043e-013 0)
(-2.65122e-013 -1.48779e-013 0)
(-3.20717e-013 -2.2145e-013 0)
(-3.92616e-013 -1.53355e-013 0)
(-1.81602e-013 -1.1113e-013 7.51976e-017)
(-2.57888e-013 -1.78665e-013 1.36048e-032)
(-7.51427e-014 -1.27005e-013 -7.43933e-017)
(-3.27342e-014 -1.83069e-013 0)
(-4.07615e-014 -1.89818e-013 0)
(2.72133e-013 -7.70153e-014 0)
(8.35334e-015 -1.38665e-013 0)
(-3.49369e-013 -2.04185e-013 0)
(1.36992e-014 -1.35811e-013 -7.20806e-017)
(-3.47001e-013 -1.53909e-013 -1.30438e-032)
(-2.77369e-013 -1.54757e-013 -3.89307e-032)
(-2.29962e-013 -1.80248e-013 7.09773e-017)
(-2.91272e-013 -9.55673e-014 0)
(8.02924e-014 -9.85381e-014 0)
(-3.6852e-013 -1.81196e-013 0)
(1.65304e-013 -9.345e-015 0)
(-2.75383e-013 -1.43787e-013 0)
(-1.9165e-013 -2.27927e-014 0)
(2.50327e-013 -7.38798e-014 0)
(2.97199e-014 3.48594e-014 -6.81939e-017)
(-6.40975e-014 -8.20537e-014 -4.93755e-032)
(4.35993e-013 -1.06218e-014 -1.2284e-032)
(1.14514e-014 -2.81881e-014 6.72056e-017)
(1.27425e-012 3.02441e-014 0)
(2.4494e-013 -2.50829e-014 0)
(7.00604e-013 -4.55854e-014 0)
(-1.69217e-013 -7.7992e-014 0)
(4.6639e-013 -2.08575e-014 -3.28103e-017)
(-1.16264e-013 -7.96139e-014 3.26562e-017)
(7.19887e-013 -2.87571e-014 3.25036e-017)
(-8.98986e-014 -7.20885e-014 -6.47049e-017)
(6.6389e-013 -8.08296e-014 3.22027e-017)
(-3.4961e-013 -9.39017e-014 3.20543e-017)
(2.15694e-013 -7.86243e-014 -3.19072e-017)
(-7.24527e-013 -9.32523e-014 0)
(-2.10832e-013 -8.24681e-014 0)
(-6.24117e-013 -1.08497e-013 0)
(-1.08876e-012 -1.13758e-013 3.13323e-017)
(-1.101e-012 -1.01392e-013 -3.11918e-017)
(-1.70742e-012 -6.41044e-014 1.55263e-017)
(-1.58956e-012 -1.06163e-013 -1.54573e-017)
(-2.18724e-012 -3.57018e-014 0)
(-1.53946e-012 -5.76344e-014 0)
(-2.12337e-012 -2.09933e-014 0)
(-1.39409e-012 2.64754e-014 1.51873e-017)
(-2.03494e-012 -2.6162e-014 -1.51213e-017)
(-1.60629e-012 6.17672e-014 0)
(-2.33851e-012 3.92977e-015 7.49545e-018)
(-1.91444e-012 8.02146e-014 0)
(-2.40185e-012 5.14297e-014 -7.43139e-018)
(-2.06914e-012 1.06107e-013 0)
(-2.05067e-012 1.32507e-013 0)
(-2.05577e-012 1.51567e-013 0)
(-9.01104e-014 -1.96334e-014 -2.33116e-020)
(1.55487e-012 -5.18811e-014 0)
(-2.21113e-013 -3.31356e-014 -2.34009e-020)
(1.23859e-012 -2.95016e-014 -2.34457e-020)
(-4.03569e-013 -7.36986e-014 0)
(5.76192e-013 -2.7009e-014 -2.3536e-020)
(-1.01281e-013 -8.17372e-014 0)
(-2.33397e-013 -5.25619e-014 -2.3627e-020)
(9.45563e-013 -8.31657e-014 -2.36727e-020)
(1.93554e-013 -8.35658e-014 0)
(9.69653e-013 -5.14331e-014 -2.37647e-020)
(3.68163e-013 -8.3332e-014 0)
(1.18862e-012 -7.04461e-014 -2.38575e-020)
(9.03473e-013 -7.20276e-014 -2.39041e-020)
(6.48071e-013 -7.35349e-014 0)
(8.24563e-013 -3.43836e-014 -2.39979e-020)
(5.16365e-013 -8.82662e-014 0)
(1.24172e-013 -1.43897e-014 -2.40925e-020)
(1.15086e-012 -8.60227e-014 -2.41401e-020)
(1.97383e-013 -2.89744e-014 0)
(5.82915e-013 -5.32658e-014 -2.42358e-020)
(-4.48484e-013 -7.35794e-014 -2.42839e-020)
(-2.29914e-013 -4.22923e-014 0)
(-2.19901e-013 -8.78621e-014 -2.43808e-020)
(-2.51817e-013 -8.01683e-014 0)
(-8.41071e-014 -8.49284e-014 -2.44784e-020)
(-7.16344e-013 -1.15056e-013 -2.45275e-020)
(2.53336e-013 -6.72098e-014 0)
(4.33653e-013 -1.19651e-013 -2.46263e-020)
(-3.17948e-013 -8.27989e-014 0)
(3.92928e-013 -1.33078e-013 0)
(-8.51297e-014 -9.90962e-014 -2.4776e-020)
(2.55908e-013 -1.17874e-013 0)
(1.38899e-013 -1.32805e-013 -2.48768e-020)
(3.7472e-014 -9.87823e-014 0)
(5.04224e-013 -1.39382e-013 -2.49784e-020)
(-7.36383e-013 -9.67511e-014 0)
(4.79362e-013 -1.08816e-013 0)
(2.15886e-014 -1.42687e-013 0)
(-2.37964e-013 -7.36032e-014 -2.51842e-020)
(4.44394e-013 -1.30236e-013 0)
(-9.77516e-014 -9.1727e-014 -2.52884e-020)
(7.83634e-013 -1.01015e-013 0)
(-2.7266e-014 -9.87541e-014 -2.53935e-020)
(6.39353e-013 -5.90855e-014 0)
(6.40686e-013 -8.22248e-014 0)
(7.95672e-013 -5.93324e-014 -2.55527e-020)
(1.22625e-012 -6.44401e-014 0)
(5.06959e-013 -5.49321e-014 -2.56599e-020)
(1.4302e-012 -2.01036e-014 0)
(1.09013e-012 -5.20509e-014 0)
(5.37898e-013 2.25279e-015 0)
(1.46707e-012 -3.49054e-014 0)
(-1.78204e-013 3.56755e-015 0)
(1.66863e-012 1.1859e-014 -2.59871e-020)
(-6.54332e-013 -1.34572e-014 0)
(9.41559e-013 2.46949e-014 -2.60981e-020)
(2.80825e-014 8.86355e-015 0)
(2.53285e-013 1.88205e-014 0)
(-4.51251e-014 2.18575e-014 0)
(-5.20056e-013 -1.50152e-015 0)
(-2.77584e-013 4.68246e-014 -2.63796e-020)
(-2.78184e-013 -6.56429e-015 0)
(-1.53617e-013 2.97811e-014 0)
(-2.39479e-013 8.01828e-016 0)
(-1.41714e-012 5.17858e-015 0)
(-7.73112e-013 1.10956e-014 0)
(-1.26838e-012 -3.27318e-014 -2.67256e-020)
(-1.46672e-012 -3.05567e-015 0)
(-2.88224e-013 -6.87233e-014 -2.68429e-020)
(-1.63494e-012 -2.93371e-014 0)
(-8.10585e-014 -5.7899e-014 -2.69613e-020)
(-9.86457e-013 -8.73124e-014 0)
(2.38437e-013 -2.65334e-014 0)
(-2.33138e-013 -7.57699e-014 0)
(-4.96521e-013 -4.21677e-014 0)
(1.40507e-013 -5.42451e-014 0)
(-4.7527e-013 -6.39927e-014 0)
(-3.99885e-013 -1.78258e-014 0)
(-2.12179e-013 -6.98055e-014 0)
(-4.37127e-013 -2.95356e-014 0)
(-4.49954e-013 -7.15079e-014 0)
(-6.40853e-013 -4.83978e-014 0)
(-1.01104e-013 -5.53839e-014 0)
(-1.11466e-012 -8.224e-014 0)
(-4.0028e-013 -4.84481e-014 0)
(-1.04789e-012 -9.44038e-014 0)
(-1.24834e-012 -7.33325e-014 0)
(-5.11308e-013 -1.07243e-013 0)
(-1.76053e-012 -1.04004e-013 0)
(-6.04308e-013 -8.5925e-014 0)
(-1.24169e-012 -1.27481e-013 0)
(-2.85338e-013 -1.05484e-013 0)
(-5.65914e-013 -1.27692e-013 0)
(-5.18434e-013 -1.21317e-013 0)
(-7.64179e-013 -1.06698e-013 0)
(-3.37023e-013 -1.20543e-013 0)
(-1.18541e-012 -1.21113e-013 0)
(-2.89352e-013 -1.51987e-013 0)
(-1.13545e-012 -1.28528e-013 0)
(1.05152e-013 -1.42265e-013 0)
(-7.00605e-013 -1.68467e-013 0)
(4.16386e-013 -1.18371e-013 0)
(6.85241e-014 -1.60603e-013 0)
(2.24794e-013 -1.42448e-013 0)
(2.75403e-013 -1.42983e-013 0)
(3.13706e-013 -1.41168e-013 0)
(1.4465e-013 -1.06326e-013 0)
(7.62814e-013 -1.56227e-013 0)
(1.26388e-013 -7.69192e-014 0)
(1.10223e-012 -1.45598e-013 0)
(6.98498e-014 -7.10404e-014 0)
(2.02419e-012 -8.3645e-014 0)
(2.87138e-013 -8.76369e-014 0)
(8.37927e-013 -3.74788e-014 0)
(4.74489e-013 -6.66248e-014 0)
(3.66379e-013 -4.27844e-014 0)
(3.99496e-013 -3.05058e-014 0)
(-1.29187e-013 -5.86386e-014 0)
(2.65486e-013 -9.61171e-015 0)
(-6.49127e-013 -5.95371e-014 0)
(-1.88713e-013 -3.90441e-014 0)
(-4.76217e-013 -9.16351e-014 0)
(2.22352e-013 -5.8347e-014 0)
(-4.26146e-013 -3.73903e-014 0)
(2.82618e-013 -7.93836e-014 0)
(-1.51547e-013 -5.43593e-014 0)
(1.25506e-013 -7.70995e-014 0)
(6.62224e-015 -9.06419e-014 0)
(2.25725e-013 -9.03524e-014 0)
(-5.39121e-013 -8.85015e-014 0)
(-1.53473e-013 -6.53719e-014 0)
(-2.00692e-013 -7.9336e-014 0)
(-9.38954e-014 -7.15743e-014 0)
(2.55512e-013 -8.61511e-014 0)
(1.41566e-013 -6.48846e-014 0)
(-3.10896e-013 -1.25668e-014 0)
(6.64052e-013 -6.45842e-014 0)
(-4.21202e-013 1.47548e-014 0)
(5.38085e-013 -3.36303e-014 0)
(-5.87287e-013 2.24074e-014 0)
(2.73869e-013 4.08664e-014 0)
(-8.64942e-013 -9.65337e-016 0)
(-3.64779e-013 7.85048e-014 0)
(-2.8983e-013 3.08375e-014 0)
(-3.45944e-014 9.36212e-014 0)
(-4.71727e-013 7.20815e-014 0)
(-1.11289e-012 1.15201e-013 0)
(-4.46337e-013 1.39153e-013 0)
(-4.12563e-013 1.50122e-013 0)
)
;

boundaryField
{
    inlet
    {
        type            zeroGradient;
    }
    outlet
    {
        type            zeroGradient;
    }
    bottom
    {
        type            symmetryPlane;
    }
    top
    {
        type            symmetryPlane;
    }
    obstacle
    {
        type            zeroGradient;
    }
    defaultFaces
    {
        type            empty;
    }
}


// ************************************************************************* //
