/*--------------------------------*- C++ -*----------------------------------*\
| =========                 |                                                 |
| \\      /  F ield         | OpenFOAM: The Open Source CFD Toolbox           |
|  \\    /   O peration     | Version:  5.x                                   |
|   \\  /    A nd           | Web:      www.OpenFOAM.org                      |
|    \\/     M anipulation  |                                                 |
\*---------------------------------------------------------------------------*/
/*   Windows 32 and 64 bit porting by blueCAPE: http://www.bluecape.com.pt   *\
|  Based on Windows porting (2.0.x v4) by Symscape: http://www.symscape.com   |
\*---------------------------------------------------------------------------*/
FoamFile
{
    version     2.0;
    format      ascii;
    class       volScalarField;
    location    "0.004";
    object      mag(U);
}
// * * * * * * * * * * * * * * * * * * * * * * * * * * * * * * * * * * * * * //

dimensions      [0 1 -1 0 0 0 0];

internalField   nonuniform List<scalar> 
1000
(
2.28306e-012
2.1252e-012
2.17502e-012
2.05783e-012
2.19854e-012
1.74695e-012
2.05492e-012
1.61275e-012
1.91677e-012
1.14227e-012
1.39438e-012
1.15631e-012
1.17545e-012
1.05712e-012
1.01129e-012
9.74757e-013
9.54287e-013
9.60419e-013
1.02628e-012
9.01312e-013
8.25325e-013
9.50631e-013
7.45647e-013
8.59883e-013
7.27756e-013
9.03068e-013
6.82207e-013
9.28579e-013
7.37032e-013
8.60006e-013
6.17412e-013
1.07739e-012
5.88396e-013
1.704e-012
9.43746e-013
2.22471e-012
1.23864e-012
1.50697e-012
1.09547e-012
7.63471e-013
2.84705e-013
2.76417e-013
5.48393e-013
6.11685e-013
5.55242e-013
1.15333e-012
1.4963e-012
1.0138e-012
1.36134e-012
3.71924e-013
2.9163e-013
4.20869e-013
6.66163e-013
2.57848e-013
3.44303e-013
3.21245e-013
4.69501e-013
2.68009e-013
5.55759e-013
3.14772e-013
4.28775e-013
2.9314e-013
4.26908e-013
4.97112e-013
2.28458e-013
4.52026e-013
8.14688e-013
9.404e-013
7.0053e-013
1.51081e-012
7.70404e-013
1.46342e-012
4.57233e-013
1.61435e-013
3.09711e-013
2.17478e-013
3.07691e-013
5.06523e-013
4.24406e-013
4.12335e-013
1.93048e-013
1.40763e-013
8.03742e-013
4.91132e-013
6.21406e-014
3.43814e-013
2.30477e-013
2.34398e-013
3.99381e-013
5.47738e-013
7.01896e-013
5.13493e-013
4.09644e-013
6.60872e-013
3.73342e-013
7.6273e-013
2.12934e-013
1.03435e-012
3.17092e-012
8.63441e-012
2.66037e-011
7.59798e-011
2.15607e-010
5.95467e-010
1.62476e-009
4.36746e-009
1.15773e-008
3.02529e-008
7.79092e-008
1.97665e-007
4.93903e-007
1.21497e-006
2.94128e-006
7.00454e-006
1.64024e-005
3.77507e-005
8.53532e-005
0.000189482
0.000412793
0.000881967
0.00184694
0.00378822
0.00760462
0.0149289
0.0286358
0.0536182
0.0979027
0.174136
0.301375
0.506935
0.827829
1.31109
2.01219
2.99099
4.30534
6.00328
8.11585
10.6525
13.6005
16.9288
20.5934
24.5449
28.7336
33.1132
37.6431
42.2884
47.0206
51.817
56.6602
61.5373
66.4391
71.3589
76.2926
81.2375
86.192
91.1551
96.1264
101.105
106.092
111.086
116.086
121.092
126.104
131.12
136.14
141.162
146.186
151.21
156.233
161.254
166.271
171.286
176.29
181.295
186.282
191.268
196.24
201.198
206.148
211.079
215.994
220.896
225.775
230.633
235.473
240.287
245.071
249.831
254.562
259.256
263.912
268.531
273.109
277.635
282.106
286.518
290.867
295.142
299.332
303.427
307.416
311.288
315.022
318.602
322.003
325.202
328.173
330.885
333.308
335.407
337.151
338.504
339.438
339.954
340.016
339.672
339.02
338.086
336.916
335.565
334.096
332.548
330.924
329.21
327.385
325.427
323.317
321.041
318.596
315.985
313.231
310.381
307.49
304.618
301.809
299.084
296.457
293.942
291.551
289.292
287.159
285.145
283.243
281.451
279.8
278.281
276.837
275.475
274.247
273.174
271.837
270.161
268.589
267.236
266.099
264.916
263.417
261.618
259.622
257.439
255.095
252.573
249.89
247.173
244.373
241.432
238.4
235.291
232.109
228.859
225.544
222.168
218.731
215.234
211.684
208.09
204.457
200.79
197.091
193.354
189.577
185.764
181.929
178.086
174.246
170.413
166.58
162.738
158.892
155.069
151.304
147.636
144.073
140.563
137.026
133.479
130.2
126.695
119.093
68.9182
3.79488e-012
4.11942e-012
3.19739e-012
3.40591e-012
2.97593e-012
2.19891e-012
4.00316e-012
1.6195e-012
4.70198e-012
1.50705e-012
4.48794e-012
1.74093e-012
3.10626e-012
2.71494e-012
2.11929e-012
2.08096e-012
2.72552e-012
2.70953e-012
2.4457e-012
2.70797e-012
2.47824e-012
2.60341e-012
1.72563e-012
2.99083e-012
1.62626e-012
3.00637e-012
9.6646e-013
2.47943e-012
1.05987e-012
2.06193e-012
2.45134e-012
1.18303e-012
2.58372e-012
1.10534e-012
2.84424e-012
8.30563e-013
2.2142e-012
4.25023e-013
1.61814e-012
2.4416e-013
1.87325e-012
1.14397e-012
2.06346e-012
3.61656e-013
2.20709e-012
2.47279e-013
1.32004e-012
1.06487e-012
3.34902e-013
9.06732e-013
1.0792e-013
7.93191e-013
2.64193e-013
7.5757e-013
8.1179e-013
2.34155e-013
2.76169e-013
4.71113e-013
9.15499e-013
5.85561e-013
9.65497e-013
9.20622e-013
1.00306e-012
1.15281e-012
4.37032e-013
4.57897e-013
3.30797e-013
9.1219e-013
7.57479e-013
1.18759e-012
7.60291e-013
7.28066e-013
5.96605e-013
1.10672e-012
3.28176e-013
1.08401e-012
1.025e-012
8.70774e-013
1.02116e-012
5.53759e-013
1.60133e-012
4.00254e-013
1.53286e-012
1.31752e-013
1.80671e-012
3.13495e-013
1.4038e-012
3.52749e-013
1.39952e-012
4.66207e-013
6.84083e-013
2.97801e-013
3.9856e-013
7.13094e-013
8.58075e-013
6.86735e-013
1.33636e-012
1.4113e-012
3.8396e-013
1.87516e-013
2.13419e-012
5.40277e-012
1.76859e-011
4.64362e-011
1.27349e-010
3.40731e-010
8.98593e-010
2.33608e-009
5.98417e-009
1.51038e-008
3.75454e-008
9.18815e-008
2.21266e-007
5.24099e-007
1.22043e-006
2.7924e-006
6.27423e-006
1.38353e-005
2.99202e-005
6.34095e-005
0.00013158
0.000267089
0.000529762
0.00102547
0.00193445
0.00355003
0.00632489
0.0109124
0.018174
0.029099
0.0445535
0.0647765
0.0886486
0.113466
0.139452
0.186992
0.306967
0.565697
1.0333
1.78093
2.87818
4.37818
6.30189
8.63489
11.3383
14.3618
17.6528
21.1629
24.8514
28.6854
32.6386
36.6904
40.8249
45.0299
49.2956
53.6144
57.9798
62.3869
66.8314
71.3094
75.8177
80.3533
84.9135
89.4958
94.098
98.7177
103.353
108.002
112.663
117.333
122.012
126.697
131.386
136.079
140.773
145.468
150.16
154.851
159.532
164.214
168.878
173.541
178.187
182.818
187.44
192.035
196.61
201.165
205.687
210.175
214.633
219.047
223.41
227.721
231.973
236.154
240.253
244.262
248.17
251.96
255.617
259.124
262.467
265.623
268.575
271.305
273.797
276.039
278.025
279.751
281.224
282.461
283.481
284.318
284.997
285.537
285.994
286.4
286.754
287.065
287.316
287.518
287.71
287.909
288.122
288.347
288.58
288.819
289.066
289.334
289.655
290.071
290.638
291.328
291.971
292.467
292.866
293.215
293.54
293.846
294.13
294.393
294.642
294.875
295.089
295.285
295.464
295.623
295.789
296.027
296.382
296.648
296.777
296.952
297.179
297.47
297.803
298.141
298.453
298.726
298.957
299.15
299.314
299.458
299.59
299.718
299.845
299.974
300.1
300.225
300.35
300.468
300.565
300.619
300.66
300.751
300.895
301.066
301.243
301.422
301.575
301.662
301.722
301.819
301.939
302.019
301.988
301.889
301.813
301.775
301.773
301.819
301.858
301.688
300.918
298.952
294.911
286.945
269.174
205.524
183.605
160.967
146.326
134.844
121.658
107.294
92.9762
79.1848
66.1782
54.2737
43.7362
34.7035
27.1837
21.0794
16.2253
12.4266
9.48862
7.23454
5.51399
4.20438
3.20873
2.45178
1.87588
1.4372
1.10256
0.846885
0.651245
0.50132
0.38627
0.297869
0.229868
0.177505
0.137148
0.106019
0.0819908
0.0634325
0.0490912
0.0380035
0.0294277
0.0227925
0.017657
0.0136812
0.0106025
0.00821787
0.00637057
0.00493924
0.00383004
0.00297033
0.0023039
0.00178724
0.00138662
0.00107596
0.000835006
0.000648107
0.000503114
0.000390617
0.000303321
0.000235571
0.000182983
0.000142158
0.000110461
8.58464e-005
6.67289e-005
5.18784e-005
4.03405e-005
3.13748e-005
2.44067e-005
1.89899e-005
1.47785e-005
1.15034e-005
8.95608e-006
6.97438e-006
5.43237e-006
4.23227e-006
3.29804e-006
2.57064e-006
2.00415e-006
1.56287e-006
1.21905e-006
9.51105e-007
7.42236e-007
5.79385e-007
4.52376e-007
3.53302e-007
2.75994e-007
2.15657e-007
1.68552e-007
1.31768e-007
1.03033e-007
8.05782e-008
6.30261e-008
4.92974e-008
3.85544e-008
3.01409e-008
2.35428e-008
1.83634e-008
1.42829e-008
1.10577e-008
8.49346e-009
6.40322e-009
1.37532e-011
2.84336e-012
3.18503e-013
5.65658e-013
7.24888e-013
6.18604e-014
2.84397e-013
4.23914e-013
3.13294e-013
8.14577e-013
4.84365e-013
4.33978e-013
6.76166e-013
7.34744e-013
9.10977e-013
7.04169e-013
7.75985e-013
7.62649e-013
9.46346e-013
7.93083e-013
9.82856e-013
9.41669e-013
1.06746e-012
6.03602e-013
1.14155e-012
8.69478e-013
1.08988e-012
5.04344e-013
8.07515e-013
3.33502e-013
8.17298e-013
4.61949e-013
4.35161e-013
1.22866e-012
3.08777e-013
7.84074e-013
5.32825e-013
7.74706e-013
7.13188e-013
9.32339e-013
5.26797e-013
4.35115e-013
3.73451e-013
6.32901e-013
2.16259e-013
3.31441e-013
3.11145e-013
2.44461e-013
8.66682e-013
4.72087e-013
6.83041e-013
3.44776e-013
6.18147e-013
4.7487e-013
1.34128e-013
5.36431e-013
3.97118e-013
5.47079e-013
1.1543e-013
7.7653e-013
5.00557e-013
8.91055e-013
4.98391e-013
5.93254e-013
3.14885e-013
2.79758e-013
5.03105e-013
5.71658e-013
4.23241e-013
2.42762e-013
4.34397e-013
6.33289e-013
3.20756e-013
3.32165e-013
4.76768e-013
5.08199e-013
4.99415e-013
4.04579e-013
3.05401e-013
3.43389e-013
4.5485e-013
2.38436e-013
2.94419e-013
3.25623e-014
4.57238e-013
1.56033e-013
7.53229e-013
2.6722e-013
8.30058e-013
2.08463e-013
8.35848e-013
1.6495e-013
7.02143e-013
5.77057e-013
1.37752e-012
9.67696e-013
1.77026e-012
9.48267e-013
1.71869e-012
1.25978e-012
1.66701e-012
1.56734e-012
2.17842e-012
1.67489e-012
2.02514e-012
1.35206e-012
1.68909e-012
1.58243e-012
1.72668e-012
1.89414e-012
1.65136e-012
1.78264e-012
1.4207e-012
1.9774e-012
1.70812e-012
1.98525e-012
1.48091e-012
1.62732e-012
8.7899e-013
2.01001e-012
7.58552e-013
2.10319e-012
1.32456e-012
2.16516e-012
1.29438e-012
2.21137e-012
1.21313e-012
2.1688e-012
1.41056e-012
1.97333e-012
1.18362e-012
1.96647e-012
1.5268e-012
1.76422e-012
1.76913e-012
1.68594e-012
1.94925e-012
1.6553e-012
2.20557e-012
1.54315e-012
2.18506e-012
1.323e-012
1.80153e-012
1.28022e-012
1.92042e-012
1.36583e-012
2.08883e-012
1.45503e-012
1.83944e-012
1.84934e-012
3.28916e-009
7.27637e-010
2.02853e-010
5.20419e-011
1.30875e-011
3.97292e-012
1.41843e-012
8.95978e-013
2.0085e-012
4.30757e-013
1.17828e-012
7.43629e-013
8.23055e-013
1.22509e-012
3.23978e-013
8.37331e-013
5.47185e-013
3.42023e-013
1.12747e-012
3.44577e-013
6.35125e-013
3.71274e-013
7.59815e-013
3.62626e-013
3.77694e-013
1.00551e-012
5.10348e-013
8.63624e-013
8.77978e-013
6.57644e-013
8.19868e-013
6.04245e-013
1.19882e-012
1.16518e-012
8.38559e-013
1.53715e-012
5.08778e-013
2.14026e-012
9.31085e-013
1.30399e-012
1.8591e-012
1.0394e-012
2.57109e-012
7.68925e-013
1.83157e-012
1.07229e-012
1.26834e-012
1.25683e-012
5.09357e-013
7.35863e-013
1.3547e-012
1.22644e-013
1.62731e-012
8.29489e-013
2.08077e-012
5.98495e-013
1.69032e-012
3.88617e-013
8.02353e-013
8.1422e-013
2.8332e-013
1.78403e-013
3.63116e-013
3.11725e-013
1.92044e-013
3.91759e-013
6.70476e-013
2.44221e-013
7.36344e-013
3.24265e-013
1.56599e-012
2.59886e-013
1.96092e-012
4.36515e-013
9.08784e-013
8.61703e-013
1.39335e-013
4.25052e-013
6.58864e-013
1.87843e-013
6.09397e-013
2.92763e-013
4.71488e-013
4.50871e-013
3.94082e-013
4.12242e-013
1.84131e-013
5.46762e-013
1.60852e-013
8.1752e-013
2.37986e-013
6.75302e-013
1.63345e-013
5.32005e-013
1.92575e-013
6.85245e-013
5.46824e-013
1.68929e-012
5.84615e-013
2.30195e-012
2.76249e-013
2.00493e-012
3.05171e-013
1.41557e-012
1.01184e-012
1.23983e-012
1.73199e-012
1.0001e-012
5.90545e-013
1.54943e-012
1.12793e-013
1.88071e-012
7.08256e-013
1.48675e-012
6.38029e-013
9.30537e-013
1.65542e-012
7.0949e-013
2.24242e-012
8.46648e-013
1.91009e-012
1.08004e-012
1.32508e-012
1.18813e-012
9.89482e-013
2.23183e-013
1.01423e-012
3.24628e-013
8.24643e-013
6.16035e-013
1.20036e-012
3.8434e-013
6.27279e-013
3.94624e-013
5.14828e-013
3.38482e-013
5.69209e-013
6.22895e-013
4.47877e-013
1.58753e-012
7.06516e-013
1.67015e-012
2.699e-013
1.1093e-012
7.04933e-013
7.50317e-013
9.55364e-013
5.31644e-013
4.94612e-013
8.45366e-013
)
;

boundaryField
{
    inlet
    {
        type            calculated;
        value           nonuniform List<scalar> 2(3.79488e-012 2.28306e-012);
    }
    outlet
    {
        type            calculated;
        value           nonuniform List<scalar> 2(8.45366e-013 1.84934e-012);
    }
    bottom
    {
        type            symmetryPlane;
    }
    top
    {
        type            symmetryPlane;
    }
    obstacle
    {
        type            calculated;
        value           nonuniform List<scalar> 
102
(
68.9182
1.37532e-011
183.605
160.967
146.326
134.844
121.658
107.294
92.9762
79.1848
66.1782
54.2737
43.7362
34.7035
27.1837
21.0794
16.2253
12.4266
9.48862
7.23454
5.51399
4.20438
3.20873
2.45178
1.87588
1.4372
1.10256
0.846885
0.651245
0.50132
0.38627
0.297869
0.229868
0.177505
0.137148
0.106019
0.0819908
0.0634325
0.0490912
0.0380035
0.0294277
0.0227925
0.017657
0.0136812
0.0106025
0.00821787
0.00637057
0.00493924
0.00383004
0.00297033
0.0023039
0.00178724
0.00138662
0.00107596
0.000835006
0.000648107
0.000503114
0.000390617
0.000303321
0.000235571
0.000182983
0.000142158
0.000110461
8.58464e-005
6.67289e-005
5.18784e-005
4.03405e-005
3.13748e-005
2.44067e-005
1.89899e-005
1.47785e-005
1.15034e-005
8.95608e-006
6.97438e-006
5.43237e-006
4.23227e-006
3.29804e-006
2.57064e-006
2.00415e-006
1.56287e-006
1.21905e-006
9.51105e-007
7.42236e-007
5.79385e-007
4.52376e-007
3.53302e-007
2.75994e-007
2.15657e-007
1.68552e-007
1.31768e-007
1.03033e-007
8.05782e-008
6.30261e-008
4.92974e-008
3.85544e-008
3.01409e-008
2.35428e-008
1.83634e-008
1.42829e-008
1.10577e-008
8.49346e-009
6.40322e-009
)
;
    }
    defaultFaces
    {
        type            empty;
    }
}


// ************************************************************************* //
