/*--------------------------------*- C++ -*----------------------------------*\
| =========                 |                                                 |
| \\      /  F ield         | OpenFOAM: The Open Source CFD Toolbox           |
|  \\    /   O peration     | Version:  5.x                                   |
|   \\  /    A nd           | Web:      www.OpenFOAM.org                      |
|    \\/     M anipulation  |                                                 |
\*---------------------------------------------------------------------------*/
/*   Windows 32 and 64 bit porting by blueCAPE: http://www.bluecape.com.pt   *\
|  Based on Windows porting (2.0.x v4) by Symscape: http://www.symscape.com   |
\*---------------------------------------------------------------------------*/
FoamFile
{
    version     2.0;
    format      ascii;
    class       volScalarField;
    location    "0.004";
    object      T;
}
// * * * * * * * * * * * * * * * * * * * * * * * * * * * * * * * * * * * * * //

dimensions      [0 0 0 1 0 0 0];

internalField   nonuniform List<scalar> 
1000
(
348.432
348.432
348.432
348.432
348.432
348.432
348.432
348.432
348.432
348.432
348.432
348.432
348.432
348.432
348.432
348.432
348.432
348.432
348.432
348.432
348.432
348.432
348.432
348.432
348.432
348.432
348.432
348.432
348.432
348.432
348.432
348.432
348.432
348.432
348.432
348.432
348.432
348.432
348.432
348.432
348.432
348.432
348.432
348.432
348.432
348.432
348.432
348.432
348.432
348.432
348.432
348.432
348.432
348.432
348.432
348.432
348.432
348.432
348.432
348.432
348.432
348.432
348.432
348.432
348.432
348.432
348.432
348.432
348.432
348.432
348.432
348.432
348.432
348.432
348.432
348.432
348.432
348.432
348.432
348.432
348.432
348.432
348.432
348.432
348.432
348.432
348.432
348.432
348.432
348.432
348.432
348.432
348.432
348.432
348.432
348.432
348.432
348.432
348.432
348.432
348.432
348.432
348.432
348.432
348.432
348.432
348.432
348.432
348.432
348.432
348.432
348.432
348.432
348.432
348.432
348.432
348.432
348.432
348.432
348.432
348.431
348.431
348.429
348.427
348.422
348.413
348.396
348.369
348.322
348.246
348.128
347.949
347.69
347.326
346.837
346.204
345.416
344.468
343.366
342.122
340.751
339.274
337.708
336.071
334.379
332.645
330.88
329.093
327.289
325.474
323.652
321.824
319.993
318.158
316.322
314.483
312.643
310.8
308.956
307.11
305.262
303.413
301.562
299.711
297.858
296.006
294.153
292.305
290.443
288.622
286.708
285.001
282.911
281.446
279.152
277.735
275.707
273.788
272.247
270.255
268.371
266.778
264.944
263.021
261.306
259.702
257.813
256.006
254.355
252.69
251.01
249.141
247.573
245.923
244.385
242.683
241.01
239.533
237.968
236.632
235.007
233.626
232.17
230.923
229.74
228.478
227.455
226.247
225.414
224.493
223.921
223.351
222.836
222.527
222.147
222.181
222.265
222.425
222.621
222.816
223.003
223.2
223.435
223.709
224.015
224.336
224.646
224.93
225.21
225.533
225.92
226.327
226.701
226.997
227.24
227.49
227.761
228.018
228.225
228.368
228.487
228.642
228.85
229.052
229.176
229.192
229.163
229.205
229.929
233.593
244.9
262.973
282.786
302.341
319.679
333.348
343.093
349.484
353.312
355.35
356.266
356.491
356.333
355.758
354.739
353.798
352.931
352.082
351.235
350.435
349.608
348.741
347.896
347.027
346.116
345.205
344.306
343.35
342.355
341.387
340.405
339.393
338.378
337.382
336.356
335.291
334.241
333.205
332.15
331.093
330.062
329.063
328.053
327.003
325.923
324.865
323.863
323.322
320.527
301.534
348.432
348.432
348.432
348.432
348.432
348.432
348.432
348.432
348.432
348.432
348.432
348.432
348.432
348.432
348.432
348.432
348.432
348.432
348.432
348.432
348.432
348.432
348.432
348.432
348.432
348.432
348.432
348.432
348.432
348.432
348.432
348.432
348.432
348.432
348.432
348.432
348.432
348.432
348.432
348.432
348.432
348.432
348.432
348.432
348.432
348.432
348.432
348.432
348.432
348.432
348.432
348.432
348.432
348.432
348.432
348.432
348.432
348.432
348.432
348.432
348.432
348.432
348.432
348.432
348.432
348.432
348.432
348.432
348.432
348.432
348.432
348.432
348.432
348.432
348.432
348.432
348.432
348.432
348.432
348.432
348.432
348.432
348.432
348.432
348.432
348.432
348.432
348.432
348.432
348.432
348.432
348.432
348.432
348.432
348.432
348.432
348.432
348.432
348.432
348.432
348.432
348.432
348.432
348.432
348.432
348.432
348.432
348.432
348.432
348.432
348.432
348.432
348.432
348.432
348.432
348.432
348.432
348.432
348.432
348.432
348.432
348.432
348.432
348.432
348.433
348.433
348.434
348.436
348.438
348.442
348.447
348.453
348.46
348.463
348.458
348.435
348.384
348.286
348.113
347.838
347.434
346.879
346.168
345.305
344.306
343.193
341.985
340.7
339.355
337.96
336.528
335.064
333.575
332.065
330.539
328.998
327.446
325.883
324.312
322.734
321.15
319.56
317.967
316.37
314.771
313.17
311.568
309.966
308.364
306.763
305.163
303.567
301.969
300.385
298.781
297.229
295.588
294.131
292.355
291.133
289.102
288.088
286.136
284.714
283.42
281.581
280.179
278.904
277.214
275.682
274.452
273.039
271.442
270.056
268.882
267.556
266.093
264.774
263.677
262.587
261.353
260.139
259.116
258.265
257.437
256.562
255.702
254.97
254.489
254.155
253.743
253.242
252.864
252.711
252.664
252.607
252.487
252.283
252.146
252.105
252.118
252.135
252.129
252.104
252.053
251.998
251.99
252.015
252.027
252.02
251.996
251.955
251.882
251.851
251.85
251.881
251.91
251.916
251.913
251.944
252.057
252.243
252.438
252.602
252.715
252.788
252.851
252.968
253.274
254.295
257.819
267.426
282.243
299.359
317.548
335.484
351.963
366.091
377.415
385.915
391.883
395.813
398.223
399.568
400.232
400.497
400.558
400.541
400.488
400.408
400.365
400.379
400.433
400.481
400.571
400.729
400.914
401.088
401.26
401.428
401.562
401.6
401.658
401.767
401.91
402.031
402.05
402.088
402.195
402.319
402.431
402.523
402.599
402.652
402.478
401.544
399.352
395.348
386.808
364.23
337.171
332.059
329.863
325.599
320.8
315.635
310.423
305.403
300.758
296.61
293.02
290.002
287.527
285.541
283.972
282.75
281.807
281.083
280.53
280.108
279.787
279.543
279.356
279.214
279.105
279.022
278.959
278.91
278.872
278.843
278.821
278.804
278.791
278.781
278.773
278.767
278.762
278.758
278.756
278.753
278.752
278.75
278.749
278.749
278.748
278.748
278.747
278.747
278.747
278.747
278.746
278.746
278.746
278.746
278.746
278.746
278.746
278.746
278.746
278.746
278.746
278.746
278.746
278.746
278.746
278.746
278.746
278.746
278.746
278.746
278.746
278.746
278.746
278.746
278.746
278.746
278.746
278.746
278.746
278.746
278.746
278.746
278.746
278.746
278.746
278.746
278.746
278.746
278.746
278.746
278.746
278.746
278.746
278.746
278.746
278.746
278.746
278.746
278.746
278.746
278.746
278.746
278.746
278.746
278.746
278.746
278.746
278.746
278.746
278.746
278.746
278.746
278.746
278.746
278.746
278.746
278.746
278.746
278.746
278.746
278.746
278.746
278.746
278.746
278.746
278.746
278.746
278.746
278.746
278.746
278.746
278.746
278.746
278.746
278.746
278.746
278.746
278.746
278.746
278.746
278.746
278.746
278.746
278.746
278.746
278.746
278.746
278.746
278.746
278.746
278.746
278.746
278.746
278.746
278.746
278.746
278.746
278.746
278.746
278.746
278.746
278.746
278.746
278.746
278.746
278.746
278.746
278.746
278.746
278.746
278.746
278.746
278.746
278.746
278.746
278.746
278.746
278.746
278.746
278.746
278.746
278.746
278.746
278.746
278.746
278.746
278.746
278.746
278.746
278.746
278.746
278.746
278.746
278.746
278.746
278.746
278.746
278.746
278.746
278.746
278.746
278.746
278.746
278.746
278.746
278.746
278.746
278.746
278.746
278.746
278.746
278.746
278.746
278.746
278.746
278.746
278.746
278.746
278.746
278.746
278.746
278.746
278.746
278.746
278.746
278.746
278.746
278.746
278.746
278.746
278.746
278.746
278.746
278.746
278.746
278.746
278.746
278.746
278.746
278.746
278.746
278.746
278.746
278.746
278.746
278.746
278.746
278.746
278.746
278.746
278.746
278.746
278.746
278.746
278.746
278.746
278.746
278.746
278.746
278.746
278.746
278.746
278.746
278.746
278.746
278.746
278.746
278.746
278.746
278.746
278.746
278.746
278.746
278.746
278.746
278.746
278.746
278.746
278.746
278.746
278.746
278.746
278.746
278.746
278.746
278.746
278.746
278.746
278.746
278.746
278.746
278.746
278.746
278.746
278.746
278.746
278.746
278.746
278.746
278.746
278.746
278.746
278.746
278.746
278.746
278.746
278.746
278.746
278.746
278.746
278.746
278.746
278.746
278.746
278.746
278.746
278.746
278.746
278.746
278.746
278.746
278.746
278.746
278.746
278.746
278.746
278.746
278.746
278.746
278.746
278.746
278.746
278.746
278.746
278.746
278.746
278.746
278.746
278.746
278.746
278.746
278.746
278.746
278.746
278.746
278.746
278.746
278.746
278.746
278.746
278.746
278.746
278.746
278.746
278.746
278.746
278.746
278.746
278.746
278.746
278.746
278.746
278.746
278.746
278.746
278.746
278.746
278.746
278.746
278.746
278.746
278.746
278.746
278.746
278.746
278.746
278.746
278.746
278.746
278.746
278.746
278.746
278.746
278.746
278.746
278.746
278.746
278.746
278.746
278.746
278.746
278.746
278.746
278.746
278.746
278.746
278.746
278.746
278.746
278.746
)
;

boundaryField
{
    inlet
    {
        type            zeroGradient;
    }
    outlet
    {
        type            zeroGradient;
    }
    bottom
    {
        type            symmetryPlane;
    }
    top
    {
        type            symmetryPlane;
    }
    obstacle
    {
        type            zeroGradient;
    }
    defaultFaces
    {
        type            empty;
    }
}


// ************************************************************************* //
