/*--------------------------------*- C++ -*----------------------------------*\
| =========                 |                                                 |
| \\      /  F ield         | OpenFOAM: The Open Source CFD Toolbox           |
|  \\    /   O peration     | Version:  5.x                                   |
|   \\  /    A nd           | Web:      www.OpenFOAM.org                      |
|    \\/     M anipulation  |                                                 |
\*---------------------------------------------------------------------------*/
/*   Windows 32 and 64 bit porting by blueCAPE: http://www.bluecape.com.pt   *\
|  Based on Windows porting (2.0.x v4) by Symscape: http://www.symscape.com   |
\*---------------------------------------------------------------------------*/
FoamFile
{
    version     2.0;
    format      ascii;
    class       volVectorField;
    location    "0.004";
    object      U;
}
// * * * * * * * * * * * * * * * * * * * * * * * * * * * * * * * * * * * * * //

dimensions      [0 1 -1 0 0 0 0];

internalField   nonuniform List<vector> 
1000
(
(1.55246e-012 1.67399e-012 0)
(1.39801e-012 1.60063e-012 0)
(1.56084e-012 1.51476e-012 0)
(1.46888e-012 1.4412e-012 -2.97086e-018)
(1.63531e-012 1.46947e-012 2.97764e-018)
(1.18394e-012 1.28457e-012 0)
(1.55881e-012 1.33895e-012 0)
(1.05239e-012 1.22206e-012 5.99635e-018)
(1.45368e-012 1.24933e-012 -6.01017e-018)
(2.21873e-014 1.14205e-012 6.02405e-018)
(7.9768e-013 1.14368e-012 -6.03799e-018)
(-1.55318e-013 1.14583e-012 0)
(5.83741e-013 1.02026e-012 0)
(1.37473e-013 1.04814e-012 0)
(-1.02152e-013 1.00611e-012 0)
(-3.58352e-013 9.06497e-013 -1.22174e-017)
(5.33059e-014 9.52797e-013 1.22461e-017)
(-1.40086e-013 9.50148e-013 0)
(-4.12477e-013 9.39746e-013 0)
(1.62087e-013 8.86618e-013 0)
(1.06213e-013 8.18462e-013 -4.82896e-020)
(3.84817e-013 8.69261e-013 1.23915e-017)
(-2.20063e-013 7.12433e-013 -2.4842e-017)
(3.44109e-013 7.88028e-013 1.24507e-017)
(1.75983e-013 7.06158e-013 1.24804e-017)
(5.42072e-013 7.22281e-013 -1.25104e-017)
(6.56001e-014 6.79046e-013 2.50809e-017)
(6.60449e-013 6.52738e-013 1.09756e-032)
(4.41649e-014 7.35707e-013 -2.52021e-017)
(6.80932e-013 5.25302e-013 2.52631e-017)
(-1.87376e-014 6.17128e-013 -2.53244e-017)
(9.06565e-013 5.82161e-013 2.5386e-017)
(2.5063e-013 5.32348e-013 -2.54479e-017)
(1.60101e-012 5.83403e-013 0)
(8.15089e-013 4.75696e-013 -2.55727e-017)
(2.14378e-012 5.94603e-013 2.56355e-017)
(1.19325e-012 3.32256e-013 0)
(1.44012e-012 4.43832e-013 0)
(1.04716e-012 3.21715e-013 0)
(7.17019e-013 2.62246e-013 -2.589e-017)
(1.74007e-013 2.25341e-013 2.59544e-017)
(1.79965e-013 2.09806e-013 5.08185e-020)
(5.15296e-013 1.87629e-013 5.09456e-020)
(5.75489e-013 2.07293e-013 0)
(5.48622e-013 8.54896e-014 0)
(1.12303e-012 2.62627e-013 5.13305e-020)
(1.4963e-012 2.76275e-016 -5.14602e-020)
(1.00519e-012 1.3184e-013 5.15904e-020)
(1.36084e-012 -3.66534e-014 5.17214e-020)
(3.71642e-013 1.44759e-014 -2.66006e-017)
(2.81501e-013 -7.61926e-014 2.66684e-017)
(-3.77915e-013 -1.85233e-013 5.21182e-020)
(6.65984e-013 1.54289e-014 -5.22519e-020)
(1.45457e-013 -2.12903e-013 5.23862e-020)
(3.09357e-013 -1.51136e-013 5.25212e-020)
(2.69766e-013 -1.74426e-013 -5.26569e-020)
(3.69046e-013 -2.90234e-013 -2.69774e-017)
(-7.92119e-014 -2.56036e-013 2.71533e-017)
(5.28166e-013 -1.72939e-013 -5.30683e-020)
(2.44965e-013 -1.97671e-013 5.32068e-020)
(3.25135e-013 -2.79526e-013 5.33461e-020)
(-1.76598e-014 -2.92607e-013 -5.34862e-020)
(3.78022e-013 -1.98368e-013 5.49676e-017)
(3.42846e-013 -3.59968e-013 -1.10064e-016)
(-2.09837e-014 -2.27492e-013 5.51506e-017)
(-3.48982e-013 -2.87296e-013 -5.52969e-017)
(-7.51885e-013 -3.13666e-013 1.1105e-016)
(-8.9256e-013 -2.96122e-013 -5.57005e-017)
(-6.32423e-013 -3.01302e-013 5.44872e-020)
(-1.47634e-012 -3.20881e-013 5.46333e-020)
(-7.02676e-013 -3.15862e-013 -5.61497e-017)
(-1.42267e-012 -3.42959e-013 5.6301e-017)
(-4.30393e-013 -1.54349e-013 5.50763e-020)
(-6.85262e-014 -1.46169e-013 -5.52255e-020)
(1.72153e-013 -2.57458e-013 5.53756e-020)
(-1.0048e-013 -1.92874e-013 5.55265e-020)
(-2.78164e-013 -1.31525e-013 -5.56782e-020)
(5.03412e-013 -5.60512e-014 5.58307e-020)
(-3.89473e-013 -1.68616e-013 -5.72718e-017)
(-3.97967e-013 -1.07898e-013 5.74295e-017)
(1.43575e-013 -1.29049e-013 5.62934e-020)
(-1.08477e-013 -8.97058e-014 -5.77477e-017)
(8.03346e-013 2.52239e-014 5.79081e-017)
(-4.76836e-013 -1.17633e-013 0)
(-3.5908e-015 -6.20368e-014 0)
(-3.3034e-013 -9.53078e-014 5.85089e-017)
(-2.27606e-013 3.62634e-014 -5.8616e-017)
(-2.26398e-013 -6.07119e-014 0)
(3.98794e-013 2.16337e-014 0)
(5.47624e-013 1.11574e-014 0)
(7.01166e-013 3.20133e-014 5.78927e-020)
(5.12776e-013 2.71174e-014 -5.93929e-017)
(4.09643e-013 9.37755e-016 5.96209e-017)
(6.56095e-013 7.93106e-014 5.97917e-017)
(3.61558e-013 -9.30569e-014 -5.99635e-017)
(7.61853e-013 -3.65733e-014 0)
(2.0964e-013 -3.73114e-014 6.0369e-017)
(1.03407e-012 -2.37836e-014 -6.04259e-017)
(3.15445e-012 3.22808e-013 -6.06608e-017)
(8.56543e-012 1.08926e-012 1.21675e-016)
(2.63852e-011 3.40242e-012 -6.10155e-017)
(7.53067e-011 1.00906e-011 0)
(2.13612e-010 2.92667e-011 5.99359e-020)
(5.89791e-010 8.20239e-011 6.01128e-020)
(1.60891e-009 2.26344e-010 6.17376e-017)
(4.32376e-009 6.16242e-010 -1.08241e-027)
(1.14588e-008 1.65252e-009 -6.21051e-017)
(2.99358e-008 4.36867e-009 -6.22904e-017)
(7.70737e-008 1.13794e-008 6.2538e-017)
(1.95497e-007 2.91975e-008 6.11959e-020)
(4.88362e-007 7.37702e-008 0)
(1.20104e-006 1.83472e-007 0)
(2.90681e-006 4.48995e-007 0)
(6.92066e-006 1.08074e-006 0)
(1.62018e-005 2.55752e-006 0)
(3.72792e-005 5.94754e-006 6.23187e-020)
(8.42652e-005 1.35851e-005 -6.39476e-017)
(0.000187018 3.04624e-005 6.42071e-017)
(0.000407316 6.70196e-005 6.4468e-017)
(0.000870036 0.000144581 -1.66969e-022)
(0.00182148 0.00030564 -6.48052e-017)
(0.00373502 0.000632693 6.34834e-020)
(0.00749586 0.00128153 6.36817e-020)
(0.0147116 0.00253778 0)
(0.028212 0.00490885 6.56144e-017)
(0.0528115 0.00926576 -1.31641e-016)
(0.0964067 0.017049 6.59663e-017)
(0.171436 0.0305455 6.62763e-017)
(0.296638 0.0532241 -6.63753e-017)
(0.498866 0.0900866 0)
(0.814503 0.147941 6.67353e-017)
(1.28977 0.235464 -6.70194e-017)
(1.9792 0.362892 -6.69796e-017)
(2.94161 0.541241 6.74059e-017)
(4.2339 0.781069 0)
(5.90332 1.09098 0)
(7.98047 1.47618 0)
(10.4748 1.93771 0)
(13.3739 2.47273 6.6793e-017)
(16.6471 3.07523 -6.74591e-017)
(20.2514 3.73747 0)
(24.1379 4.45135 -6.62231e-017)
(28.2574 5.20929 6.71635e-017)
(32.5642 6.00464 0)
(37.018 6.83174 0)
(41.5841 7.68579 -6.51638e-017)
(46.2343 8.56287 1.3116e-016)
(50.9461 9.45995 -6.59422e-017)
(55.7023 10.3747 0)
(60.4899 11.3056 0)
(65.2997 12.2516 0)
(70.1252 13.2119 0)
(74.9621 14.1863 1.26617e-016)
(79.8076 15.1749 -2.65275e-018)
(84.6601 16.1777 -1.28096e-016)
(89.5186 17.1949 0)
(94.3825 18.2267 0)
(99.2514 19.2733 0)
(104.125 20.3348 0)
(109.003 21.4114 -1.22682e-016)
(113.884 22.5029 1.24825e-016)
(118.768 23.6095 -6.29102e-020)
(123.655 24.7309 0)
(128.543 25.867 1.20408e-016)
(133.432 27.0175 -2.42353e-016)
(138.32 28.1821 1.21951e-016)
(143.207 29.3605 6.17838e-020)
(148.091 30.5524 0)
(152.971 31.7572 -6.13329e-020)
(157.847 32.9748 -1.1693e-016)
(162.715 34.2043 1.19048e-016)
(167.578 35.446 0)
(172.428 36.6982 6.04136e-020)
(177.276 37.962 -6.02672e-020)
(182.104 39.2351 -5.99575e-020)
(186.927 40.5185 1.13653e-016)
(191.734 41.8109 -2.78694e-018)
(196.525 43.1115 -1.15205e-016)
(201.305 44.4207 5.91793e-020)
(206.064 45.7367 0)
(210.805 47.0596 1.10704e-016)
(215.531 48.3886 -2.66975e-018)
(220.232 49.7225 -1.12515e-016)
(224.909 51.061 1.09136e-016)
(229.567 52.4038 -1.11287e-016)
(234.198 53.7486 -5.77602e-020)
(238.798 55.0948 -5.75405e-020)
(243.371 56.4429 0)
(247.915 57.7905 -5.71765e-020)
(252.422 59.1351 -5.701e-020)
(256.889 60.4763 1.05623e-016)
(261.319 61.8143 -1.07667e-016)
(265.708 63.1454 -1.04617e-016)
(270.046 64.4665 2.69395e-018)
(274.33 65.7758 1.06227e-016)
(278.557 67.072 0)
(282.722 68.3522 5.58985e-020)
(286.815 69.6106 -5.57936e-020)
(290.828 70.8433 -5.56758e-020)
(294.75 72.0454 0)
(298.571 73.2128 -5.54858e-020)
(302.281 74.3387 -5.54212e-020)
(305.862 75.4147 -1.00439e-016)
(309.299 76.4318 1.02512e-016)
(312.567 77.3796 -5.53282e-020)
(315.648 78.249 5.53196e-020)
(318.516 79.0264 -5.53687e-020)
(321.143 79.6995 0)
(323.502 80.253 5.54925e-020)
(325.561 80.6724 9.95287e-017)
(327.291 80.9427 -1.01242e-016)
(328.658 81.0502 -9.99622e-017)
(329.636 80.9838 1.01213e-016)
(330.226 80.7428 -5.63479e-020)
(330.395 80.314 5.65549e-020)
(330.185 79.7175 0)
(329.688 78.9961 -5.71356e-020)
(328.926 78.1634 5.74397e-020)
(327.942 77.2412 -5.7744e-020)
(326.786 76.255 0)
(325.515 75.2328 5.83351e-020)
(324.166 74.1924 -1.05244e-016)
(322.741 73.1344 1.05744e-016)
(321.228 72.0539 5.92668e-020)
(319.606 70.943 -5.9597e-020)
(317.855 69.7934 -5.99297e-020)
(315.956 68.5981 6.02577e-020)
(313.897 67.353 -1.09534e-016)
(311.673 66.0577 2.2016e-016)
(309.287 64.7153 -1.10601e-016)
(306.76 63.3398 0)
(304.134 61.9567 -6.19044e-020)
(301.46 60.5972 6.2235e-020)
(298.791 59.294 -6.25403e-020)
(296.17 58.0691 0)
(293.615 56.9302 -1.16015e-016)
(291.143 55.8815 1.16348e-016)
(288.765 54.9269 1.17604e-016)
(286.494 54.0695 -1.18062e-016)
(284.338 53.3086 1.19101e-016)
(282.294 52.6343 2.0183e-019)
(280.357 52.0353 -1.20353e-016)
(278.522 51.4993 0)
(276.789 51.0139 -6.58208e-020)
(275.189 50.583 6.61683e-020)
(273.72 50.1807 -1.23648e-016)
(272.33 49.7497 2.48513e-016)
(271.035 49.2623 -1.24914e-016)
(269.887 48.7095 -6.77453e-020)
(268.911 48.0714 -1.28985e-016)
(267.722 47.1191 1.36508e-016)
(266.233 45.9018 -7.89849e-020)
(264.827 44.7968 -8.53613e-020)
(263.586 44.0188 9.17091e-020)
(262.486 43.7063 0)
(261.268 43.8091 -1.90423e-016)
(259.678 44.2236 5.86136e-019)
(257.726 44.9618 2.02037e-016)
(255.507 46.0442 2.04971e-016)
(253.035 47.4129 -2.078e-016)
(250.342 49.0124 -2.09164e-016)
(247.419 50.7623 2.10962e-016)
(244.289 52.6135 0)
(241.07 54.5882 2.1238e-016)
(237.726 56.6082 -2.14018e-016)
(234.212 58.6014 2.14071e-016)
(230.576 60.5731 -2.15492e-016)
(226.835 62.5125 2.15495e-016)
(222.995 64.4056 -6.51574e-019)
(219.063 66.2418 -2.18285e-016)
(215.045 68.0138 0)
(210.946 69.7152 1.17913e-019)
(206.77 71.3383 -1.18446e-019)
(202.52 72.8778 2.20929e-016)
(198.205 74.3315 -9.36636e-019)
(193.832 75.6997 -2.24013e-016)
(189.41 76.9831 -1.20631e-019)
(184.944 78.1816 2.24957e-016)
(180.437 79.2916 -2.2688e-016)
(175.888 80.3059 -2.26892e-016)
(171.297 81.2204 2.29051e-016)
(166.669 82.0356 -1.23523e-019)
(162.017 82.7561 0)
(157.355 83.39 2.30929e-016)
(152.692 83.9444 -4.65128e-016)
(148.033 84.4199 2.34116e-016)
(143.375 84.8085 -2.3392e-016)
(138.713 85.1021 2.36331e-016)
(134.052 85.3045 -2.36246e-016)
(129.413 85.432 2.38828e-016)
(124.823 85.5103 0)
(120.31 85.567 2.39456e-016)
(115.879 85.6099 -2.42095e-016)
(111.49 85.6025 -1.31415e-019)
(107.088 85.4878 0)
(102.692 85.2705 -2.44229e-016)
(98.5128 85.1315 4.92777e-016)
(94.2145 84.7068 -2.48659e-016)
(87.0555 81.2675 1.34437e-019)
(49.9358 47.4988 -1.28334e-019)
(-3.40693e-012 1.6715e-012 0)
(-3.79276e-012 1.60768e-012 0)
(-2.81552e-012 1.5153e-012 0)
(-3.08575e-012 1.44164e-012 0)
(-2.58245e-012 1.47888e-012 0)
(-1.77369e-012 1.2997e-012 0)
(-3.77248e-012 1.33928e-012 0)
(-1.0375e-012 1.24353e-012 0)
(-4.53127e-012 1.25547e-012 0)
(-9.63237e-013 1.15904e-012 0)
(-4.33839e-012 1.14889e-012 0)
(-1.29363e-012 1.16507e-012 0)
(-2.93059e-012 1.0298e-012 0)
(-2.49509e-012 1.07026e-012 0)
(-1.85229e-012 1.02977e-012 0)
(-1.8546e-012 9.43859e-013 0)
(-2.54675e-012 9.7083e-013 0)
(-2.53399e-012 9.5939e-013 0)
(-2.24794e-012 9.63443e-013 0)
(-2.55565e-012 8.95417e-013 0)
(-2.33141e-012 8.40347e-013 2.73601e-020)
(-2.44575e-012 8.92216e-013 0)
(-1.56119e-012 7.35176e-013 0)
(-2.87955e-012 8.08263e-013 0)
(-1.46363e-012 7.08874e-013 0)
(-2.91415e-012 7.389e-013 0)
(-6.71631e-013 6.94951e-013 0)
(-2.39426e-012 6.44274e-013 0)
(-7.53643e-013 7.45211e-013 0)
(-1.9932e-012 5.27919e-013 0)
(-2.3665e-012 6.39332e-013 0)
(-1.04271e-012 5.58863e-013 0)
(-2.52707e-012 5.38044e-013 0)
(-9.66088e-013 5.37069e-013 0)
(-2.80686e-012 4.59634e-013 0)
(-6.54714e-013 5.11063e-013 0)
(-2.19188e-012 3.13558e-013 0)
(-1.83958e-013 3.8315e-013 0)
(-1.58922e-012 3.04581e-013 0)
(-9.1746e-015 2.43987e-013 0)
(-1.86009e-012 2.2163e-013 0)
(1.12562e-012 2.04048e-013 -2.66341e-020)
(-2.05647e-012 1.69659e-013 -2.66005e-020)
(2.92107e-013 2.13233e-013 0)
(-2.20628e-012 5.9687e-014 0)
(-1.1837e-013 2.17107e-013 -2.65002e-020)
(-1.31863e-012 -6.11001e-014 2.64669e-020)
(-1.06266e-012 6.8545e-014 -2.64338e-020)
(-3.26563e-013 -7.42704e-014 -2.64007e-020)
(-9.05985e-013 -3.68056e-014 2.63676e-020)
(-4.52427e-014 -9.79786e-014 -2.63347e-020)
(-7.8624e-013 -1.04776e-013 -2.63018e-020)
(-2.61753e-013 -3.58219e-014 2.62691e-020)
(-7.12165e-013 -2.58329e-013 -2.62364e-020)
(-8.01315e-013 -1.29989e-013 -2.62038e-020)
(1.07908e-013 -2.07808e-013 2.61712e-020)
(8.98121e-014 -2.61157e-013 -2.61388e-020)
(3.85714e-013 -2.70504e-013 -2.61064e-020)
(8.959e-013 -1.88419e-013 2.60741e-020)
(5.36876e-013 -2.33765e-013 -2.60419e-020)
(9.29437e-013 -2.61404e-013 -2.60098e-020)
(8.74736e-013 -2.87023e-013 2.59777e-020)
(9.80638e-013 -2.10893e-013 -2.59457e-020)
(1.09518e-012 -3.59914e-013 -2.59139e-020)
(3.64613e-013 -2.40945e-013 2.5882e-020)
(3.8193e-013 -2.52585e-013 -2.58503e-020)
(-2.39523e-013 -2.28157e-013 -2.58186e-020)
(8.77176e-013 -2.50305e-013 2.57871e-020)
(-7.25662e-013 -2.17229e-013 -2.57556e-020)
(1.17555e-012 -1.68627e-013 -2.57241e-020)
(-7.23894e-013 -2.32424e-013 2.56928e-020)
(7.05378e-013 -1.8034e-013 -2.56615e-020)
(-5.81229e-013 -1.34574e-013 -2.56303e-020)
(1.09068e-012 -1.87736e-013 2.55992e-020)
(2.54769e-013 -2.06863e-013 -2.55681e-020)
(1.07926e-012 -1.01318e-013 -2.55372e-020)
(1.01661e-012 -1.30911e-013 2.55063e-020)
(8.57823e-013 -1.49627e-013 -2.54754e-020)
(1.01416e-012 -1.19393e-013 -2.54447e-020)
(5.50128e-013 -6.33084e-014 2.5414e-020)
(1.59607e-012 -1.29735e-013 -2.53834e-020)
(3.92003e-013 -8.08507e-014 -2.53529e-020)
(1.53133e-012 -6.86541e-014 2.53224e-020)
(1.04283e-013 -8.05209e-014 0)
(1.80541e-012 -6.84896e-014 0)
(3.12101e-013 -2.95304e-014 -2.52315e-020)
(1.40278e-012 5.35783e-014 0)
(3.45951e-013 -6.89199e-014 0)
(1.39943e-012 1.53873e-014 0)
(4.65921e-013 -1.63126e-014 0)
(6.80814e-013 -6.67888e-014 -2.50814e-020)
(2.84053e-013 -8.9439e-014 -2.50516e-020)
(3.95483e-013 -4.94353e-014 0)
(7.12742e-013 -2.24074e-014 0)
(8.49132e-013 -1.23564e-013 0)
(6.76788e-013 -1.16457e-013 0)
(1.33486e-012 -6.32403e-014 -2.49036e-020)
(1.40166e-012 -1.64658e-013 -2.48742e-020)
(3.58539e-013 -1.37387e-013 0)
(3.41064e-014 -1.84388e-013 0)
(-2.10359e-012 -3.60092e-013 0)
(-5.32512e-012 -9.12729e-013 0)
(-1.752e-011 -2.41662e-012 -2.47284e-020)
(-4.59806e-011 -6.48897e-012 -2.46994e-020)
(-1.26057e-010 -1.80922e-011 0)
(-3.3719e-010 -4.89926e-011 0)
(-8.8883e-010 -1.32099e-010 0)
(-2.30954e-009 -3.51115e-010 0)
(-5.91287e-009 -9.21034e-010 -2.45555e-020)
(-1.49149e-008 -2.38148e-009 -2.4527e-020)
(-3.70517e-008 -6.06873e-009 0)
(-9.06095e-008 -1.52353e-008 0)
(-2.18037e-007 -3.76667e-008 0)
(-5.16019e-007 -9.16767e-008 0)
(-1.20051e-006 -2.1958e-007 0)
(-2.74405e-006 -5.17351e-007 -2.43569e-020)
(-6.15869e-006 -1.19855e-006 -2.43288e-020)
(-1.35635e-005 -2.72903e-006 0)
(-2.92909e-005 -6.1044e-006 -2.42728e-020)
(-6.19759e-005 -1.34073e-005 0)
(-0.000128367 -2.88981e-005 0)
(-0.000260008 -6.10917e-005 -2.4189e-020)
(-0.000514414 -0.000126595 -2.4161e-020)
(-0.000992755 -0.000256973 0)
(-0.00186584 -0.000510612 0)
(-0.00340849 -0.000992431 0)
(-0.00603739 -0.00188524 2.40447e-020)
(-0.0103368 -0.00349715 -2.40122e-020)
(-0.0170363 -0.00632925 -2.39763e-020)
(-0.0268717 -0.0111653 0)
(-0.0402136 -0.0191802 0)
(-0.0562895 -0.0320544 0)
(-0.0717442 -0.0520706 0)
(-0.078265 -0.0821529 -2.36622e-020)
(-0.0601628 -0.125806 0)
(0.00413976 -0.186946 0)
(0.146586 -0.269706 0)
(0.420907 -0.377955 0)
(0.895972 -0.514733 0)
(1.64519 -0.681945 -2.26493e-020)
(2.74032 -0.880111 0)
(4.23556 -1.10836 0)
(6.15235 -1.36469 -2.19482e-020)
(8.47646 -1.64651 0)
(11.1692 -1.95101 0)
(14.1804 -2.27551 -2.12483e-020)
(17.4576 -2.61755 0)
(20.9527 -2.975 0)
(24.6252 -3.34601 0)
(28.442 -3.72901 0)
(32.3772 -4.12263 0)
(36.4102 -4.52568 0)
(40.5253 -4.93713 0)
(44.7102 -5.35608 1.95022e-020)
(48.9554 -5.78171 0)
(53.2531 -6.21331 0)
(57.5972 -6.65022 0)
(61.9825 -7.09186 0)
(66.4049 -7.5377 0)
(70.8606 -7.98722 0)
(75.3464 -8.43998 -1.80683e-020)
(79.8594 -8.89554 1.78676e-020)
(84.3968 -9.35348 0)
(88.9562 -9.81343 0)
(93.5353 -10.275 0)
(98.132 -10.7379 0)
(102.744 -11.2017 -1.68761e-020)
(107.37 -11.6661 0)
(112.008 -12.1309 1.64852e-020)
(116.655 -12.5956 -1.6291e-020)
(121.311 -13.06 1.60977e-020)
(125.973 -13.5238 0)
(130.64 -13.9867 -1.57137e-020)
(135.31 -14.4485 1.55236e-020)
(139.982 -14.9089 1.53332e-020)
(144.654 -15.3676 0)
(149.323 -15.8243 1.49558e-020)
(153.993 -16.2792 1.47747e-020)
(158.652 -16.7311 -1.45797e-020)
(163.313 -17.1814 0)
(167.956 -17.6274 1.42062e-020)
(172.597 -18.0724 -1.40486e-020)
(177.222 -18.5124 1.38488e-020)
(181.833 -18.9499 0)
(186.435 -19.3844 -1.35065e-020)
(191.01 -19.8139 1.33147e-020)
(195.565 -20.2405 1.31441e-020)
(200.101 -20.6637 0)
(204.603 -21.0819 1.27967e-020)
(209.073 -21.4963 1.26226e-020)
(213.512 -21.9076 -1.24624e-020)
(217.907 -22.3141 0)
(222.252 -22.7161 1.21198e-020)
(226.545 -23.1146 -1.19554e-020)
(230.779 -23.5101 1.18003e-020)
(234.941 -23.9012 0)
(239.022 -24.2881 -1.14735e-020)
(243.013 -24.6722 1.13146e-020)
(246.902 -25.0543 1.11655e-020)
(250.673 -25.4339 0)
(254.31 -25.8104 1.0863e-020)
(257.798 -26.1851 1.07108e-020)
(261.119 -26.5597 -1.05674e-020)
(264.254 -26.9347 0)
(267.183 -27.3099 1.02969e-020)
(269.889 -27.6854 -1.01621e-020)
(272.355 -28.0621 1.00297e-020)
(274.57 -28.4414 0)
(276.527 -28.8246 -9.79319e-021)
(278.222 -29.2109 9.69048e-021)
(279.662 -29.5991 9.58968e-021)
(280.865 -29.9881 0)
(281.849 -30.3783 9.40799e-021)
(282.648 -30.7691 9.34076e-021)
(283.289 -31.1583 -9.28551e-021)
(283.789 -31.5421 0)
(284.207 -31.9182 9.20426e-021)
(284.575 -32.2847 -9.17048e-021)
(284.891 -32.6408 9.14588e-021)
(285.163 -32.9857 0)
(285.378 -33.3178 -9.11963e-021)
(285.544 -33.6331 9.11027e-021)
(285.702 -33.9297 0)
(285.87 -34.2055 -9.09298e-021)
(286.054 -34.4589 9.08596e-021)
(286.253 -34.6882 9.08178e-021)
(286.463 -34.8918 -9.08259e-021)
(286.682 -35.0677 0)
(286.913 -35.2142 9.09805e-021)
(287.169 -35.3299 -9.11092e-021)
(287.482 -35.4144 0)
(287.894 -35.4674 9.14726e-021)
(288.463 -35.4888 -9.16968e-021)
(289.16 -35.4782 9.19729e-021)
(289.812 -35.4356 0)
(290.321 -35.3632 -9.25435e-021)
(290.736 -35.2629 9.27681e-021)
(291.102 -35.1374 9.29494e-021)
(291.447 -34.9902 0)
(291.775 -34.8265 9.32254e-021)
(292.081 -34.6526 9.33533e-021)
(292.368 -34.4763 -9.34735e-021)
(292.638 -34.3072 0)
(292.89 -34.158 9.36135e-021)
(293.119 -34.0448 -9.36252e-021)
(293.323 -33.9841 9.35782e-021)
(293.501 -33.9993 0)
(293.647 -34.1203 -9.34495e-021)
(293.784 -34.3826 9.34558e-021)
(293.971 -34.8262 9.37935e-021)
(294.25 -35.4881 0)
(294.408 -36.3807 9.84355e-021)
(294.4 -37.4909 1.03726e-020)
(294.41 -38.7703 -1.09799e-020)
(294.454 -40.1542 0)
(294.551 -41.5658 1.22294e-020)
(294.693 -42.9238 -1.27827e-020)
(294.853 -44.1537 1.32478e-020)
(295.011 -45.199 0)
(295.159 -46.0256 -1.38611e-020)
(295.299 -46.6208 1.40223e-020)
(295.437 -46.991 1.41082e-020)
(295.577 -47.1533 0)
(295.726 -47.1331 1.41353e-020)
(295.887 -46.9586 1.41032e-020)
(296.064 -46.6553 -1.40577e-020)
(296.257 -46.2463 0)
(296.464 -45.7508 1.39495e-020)
(296.679 -45.1839 -1.38919e-020)
(296.9 -44.5579 1.38322e-020)
(297.127 -43.8818 0)
(297.352 -43.1615 -1.37151e-020)
(297.559 -42.4009 1.36595e-020)
(297.726 -41.6024 1.36066e-020)
(297.883 -40.7672 0)
(298.093 -39.895 1.34931e-020)
(298.359 -38.9839 1.34322e-020)
(298.654 -38.0317 -1.33702e-020)
(298.958 -37.0366 0)
(299.265 -35.9961 1.32436e-020)
(299.548 -34.9075 -1.31814e-020)
(299.766 -33.7685 1.31205e-020)
(299.958 -32.5777 0)
(300.188 -31.3322 -1.29853e-020)
(300.442 -30.0287 1.29132e-020)
(300.656 -28.6637 1.28434e-020)
(300.757 -27.235 0)
(300.789 -25.7417 1.27086e-020)
(300.843 -24.1811 1.26364e-020)
(300.931 -22.55 -1.25627e-020)
(301.052 -20.8458 0)
(301.216 -19.0671 1.24154e-020)
(301.366 -17.2125 -1.23465e-020)
(301.301 -15.2804 1.22851e-020)
(300.626 -13.269 0)
(298.743 -11.1824 -1.22117e-020)
(294.772 -9.03621 1.22288e-020)
(286.863 -6.85789 0)
(269.133 -4.67441 -1.25208e-020)
(205.509 -2.50427 1.26836e-020)
(183.596 -1.84038 0)
(160.963 -1.20892 0)
(146.324 -0.705819 0)
(134.844 -0.363806 0)
(121.658 -0.164688 0)
(107.294 -0.0650581 0)
(92.9762 -0.0222487 0)
(79.1848 -0.00651739 0)
(66.1782 -0.00161446 0)
(54.2737 -0.000333376 0)
(43.7362 -5.6533e-005 0)
(34.7035 -7.75885e-006 0)
(27.1837 -8.50376e-007 0)
(21.0794 -7.35735e-008 0)
(16.2253 -4.97772e-009 0)
(12.4266 -2.61444e-010 0)
(9.48862 -1.06041e-011 0)
(7.23454 -3.30956e-013 0)
(5.51399 -7.93071e-015 0)
(4.20438 -1.4575e-016 0)
(3.20873 -2.05353e-018 0)
(2.45178 -2.21849e-020 0)
(1.87588 -1.83867e-022 0)
(1.4372 -1.16989e-024 0)
(1.10256 -5.71935e-027 0)
(0.846885 -2.1502e-029 0)
(0.651245 -6.22175e-032 0)
(0.50132 -1.38677e-034 0)
(0.38627 -2.38279e-037 0)
(0.297869 -3.15837e-040 0)
(0.229868 -3.23154e-043 0)
(0.177505 -2.55373e-046 0)
(0.137148 -1.55948e-049 0)
(0.106019 -7.36247e-053 0)
(0.0819908 -2.68831e-056 0)
(0.0634325 -7.59458e-060 0)
(0.0490912 -1.66047e-063 0)
(0.0380035 -2.81053e-067 0)
(0.0294277 -3.68366e-071 0)
(0.0227925 -3.73942e-075 0)
(0.017657 -2.9407e-079 0)
(0.0136812 -1.79184e-083 0)
(0.0106025 -8.461e-088 0)
(0.00821787 -3.09663e-092 0)
(0.00637057 -8.78548e-097 0)
(0.00493924 -1.93247e-101 0)
(0.00383004 -3.29601e-106 0)
(0.00297033 -4.35967e-111 0)
(0.0023039 -4.47265e-116 0)
(0.00178724 -3.55941e-121 0)
(0.00138662 -2.19762e-126 0)
(0.00107596 -1.0528e-131 0)
(0.000835006 -3.91394e-137 0)
(0.000648107 -1.12934e-142 0)
(0.000503114 -2.52949e-148 0)
(0.000390617 -4.39851e-154 0)
(0.000303321 -5.93895e-160 0)
(0.000235571 -6.22746e-166 0)
(0.000182983 -5.072e-172 0)
(0.000142158 -3.20913e-178 0)
(0.000110461 -1.57764e-184 0)
(8.58464e-005 -6.0272e-191 0)
(6.67289e-005 -1.78975e-197 0)
(5.18784e-005 -4.13156e-204 0)
(4.03405e-005 -7.41593e-211 0)
(3.13748e-005 -1.03521e-217 0)
(2.44067e-005 -1.12407e-224 0)
(1.89899e-005 -9.49608e-232 0)
(1.47785e-005 -6.2427e-239 0)
(1.15034e-005 -3.19425e-246 0)
(8.95608e-006 -1.27241e-253 0)
(6.97438e-006 -3.94679e-261 0)
(5.43237e-006 -9.53485e-269 0)
(4.23227e-006 -1.79447e-276 0)
(3.29804e-006 -2.63154e-284 0)
(2.57064e-006 -3.00773e-292 0)
(2.00415e-006 -2.67992e-300 0)
(1.56287e-006 -1.86194e-308 0)
(1.21905e-006 -1.00897e-316 0)
(9.51105e-007 -0 0)
(7.42236e-007 0 0)
(5.79385e-007 0 0)
(4.52376e-007 0 0)
(3.53302e-007 0 0)
(2.75994e-007 0 0)
(2.15657e-007 0 0)
(1.68552e-007 0 0)
(1.31768e-007 0 0)
(1.03033e-007 0 0)
(8.05782e-008 0 0)
(6.30261e-008 0 0)
(4.92974e-008 0 0)
(3.85544e-008 0 0)
(3.01409e-008 0 0)
(2.35428e-008 0 0)
(1.83634e-008 0 0)
(1.42829e-008 -9.72381e-078 0)
(1.10577e-008 -3.73292e-062 0)
(8.49346e-009 -7.16525e-047 0)
(6.40322e-009 -2.7507e-031 0)
(3.8789e-012 -1.31949e-011 1.54381e-019)
(9.21055e-013 -2.69005e-012 -3.12619e-016)
(-3.50754e-014 -3.16565e-013 6.18442e-016)
(8.94175e-014 -5.58546e-013 1.49291e-019)
(5.52103e-013 -4.69728e-013 -3.02425e-016)
(-4.97518e-014 3.67624e-014 1.46081e-019)
(2.77756e-013 -6.11038e-014 -2.9599e-016)
(2.8179e-013 3.16698e-013 2.93018e-016)
(3.02715e-013 8.07241e-014 1.41516e-019)
(5.72989e-013 5.78981e-013 -2.86836e-016)
(4.17478e-013 2.45603e-013 5.67957e-016)
(3.11155e-013 3.02521e-013 -5.62083e-016)
(6.65205e-013 1.21257e-013 2.78367e-016)
(6.2883e-013 3.80029e-013 1.3451e-019)
(7.79197e-013 4.71943e-013 2.72776e-016)
(6.65192e-013 2.31025e-013 1.31898e-019)
(7.56323e-013 1.73575e-013 -2.6753e-016)
(7.20032e-013 2.51371e-013 2.65111e-016)
(8.30966e-013 4.52843e-013 -2.62354e-016)
(7.79425e-013 1.46555e-013 0)
(9.65313e-013 1.84874e-013 1.25792e-019)
(9.06689e-013 2.54274e-013 -2.55133e-016)
(9.7677e-013 4.30575e-013 2.52937e-016)
(6.03596e-013 2.87475e-015 1.22392e-019)
(1.14065e-012 4.51784e-014 -2.48421e-016)
(8.03594e-013 3.32007e-013 2.46342e-016)
(1.03657e-012 3.36692e-013 -2.43943e-016)
(4.51692e-013 -2.24359e-013 2.4194e-016)
(7.97351e-013 -1.27718e-013 1.17116e-019)
(-1.5877e-014 -3.33124e-013 0)
(7.8374e-013 -2.3179e-013 0)
(-7.47945e-014 -4.55854e-013 -2.33693e-016)
(4.09983e-013 -1.45873e-013 2.31859e-016)
(-6.66357e-013 -1.03226e-012 2.30055e-016)
(9.34127e-015 -3.08635e-013 -2.28058e-016)
(-1.99482e-013 -7.58274e-013 2.26315e-016)
(-9.53065e-014 -5.24232e-013 -2.2438e-016)
(-5.47116e-013 -5.48483e-013 0)
(-2.54971e-013 -6.66053e-013 2.20818e-016)
(-6.08493e-013 -7.06394e-013 -2.18973e-016)
(-2.75382e-013 -4.49087e-013 -2.17368e-016)
(3.18921e-014 -4.33945e-013 2.15788e-016)
(-1.33162e-013 -3.48903e-013 -2.14024e-016)
(-3.06048e-013 -5.53984e-013 2.12494e-016)
(9.60919e-014 -1.93738e-013 0)
(-1.46096e-013 -2.97505e-013 0)
(1.6193e-013 -2.65688e-013 1.01384e-019)
(-7.18392e-014 -2.33667e-013 2.06097e-016)
(8.62687e-013 8.31263e-014 -2.04482e-016)
(2.10458e-013 -4.2258e-013 -2.03088e-016)
(5.95831e-013 3.33962e-013 4.03233e-016)
(1.55695e-013 -3.07619e-013 -2.00166e-016)
(6.09135e-013 1.05172e-013 1.98736e-016)
(-2.35201e-013 -4.12532e-013 -1.97327e-016)
(-1.16692e-013 -6.61309e-014 1.96033e-016)
(-3.54482e-013 -4.02618e-013 -1.94567e-016)
(-3.44502e-013 -1.97537e-013 9.43438e-020)
(-3.52422e-013 -4.18442e-013 0)
(-1.83434e-014 -1.13963e-013 0)
(-7.46112e-013 -2.15213e-013 -1.89273e-016)
(-2.78209e-013 -4.16121e-013 1.87994e-016)
(-8.35987e-013 -3.0839e-013 -1.86641e-016)
(4.95513e-013 5.34868e-014 1.85487e-016)
(-3.70419e-013 -4.63401e-013 0)
(-1.91938e-014 3.14299e-013 0)
(-1.26626e-014 -2.79471e-013 0)
(5.02031e-013 3.2857e-014 -1.8067e-016)
(5.37907e-013 1.93517e-013 1.79592e-016)
(4.20715e-013 4.61698e-014 1.78353e-016)
(1.80527e-013 -1.62307e-013 8.65319e-020)
(3.26022e-013 -2.87072e-013 -1.76096e-016)
(-5.90961e-013 2.2764e-013 8.54434e-020)
(-2.55421e-013 -1.94023e-013 0)
(-4.36034e-014 -3.29291e-013 -1.72814e-016)
(-3.84873e-013 -2.81391e-013 1.71748e-016)
(3.45386e-013 -3.72793e-013 8.5347e-017)
(-4.83997e-013 1.23136e-013 -8.48265e-017)
(1.07264e-013 -3.901e-013 -8.43124e-017)
(-2.95275e-013 7.79894e-014 8.38045e-017)
(-1.19764e-013 -3.21827e-013 0)
(-4.35232e-013 -1.32143e-013 -8.28069e-017)
(-2.26781e-013 7.36379e-014 8.23169e-017)
(-1.34343e-013 -2.61982e-013 -8.18327e-017)
(1.59949e-015 -3.25229e-014 8.13541e-017)
(-3.64418e-013 -2.76163e-013 0)
(-5.29634e-014 1.46769e-013 0)
(-5.80297e-013 -4.80218e-013 0)
(2.12298e-013 1.62284e-013 0)
(-7.75469e-013 -2.96046e-013 0)
(1.81376e-013 -1.0276e-013 -7.85963e-017)
(-8.26491e-013 -1.2472e-013 7.81548e-017)
(6.08654e-014 -1.53309e-013 0)
(-6.92581e-013 -1.15483e-013 0)
(-5.3185e-013 -2.23897e-013 0)
(-1.35729e-012 -2.35191e-013 0)
(-9.24785e-013 -2.84971e-013 0)
(-1.74562e-012 -2.94323e-013 0)
(-9.43309e-013 -9.68381e-014 7.51976e-017)
(-1.68862e-012 -3.20078e-013 2.72096e-032)
(-1.24159e-012 -2.13301e-013 -7.43933e-017)
(-1.6358e-012 -3.21037e-013 0)
(-1.52892e-012 -3.44905e-013 0)
(-2.1686e-012 -2.06574e-013 0)
(-1.65527e-012 -2.55612e-013 0)
(-2.00338e-012 -2.96068e-013 0)
(-1.33573e-012 -2.09504e-013 -7.20806e-017)
(-1.67661e-012 -2.04899e-013 2.60876e-032)
(-1.56627e-012 -2.25589e-013 5.19076e-032)
(-1.71085e-012 -2.33276e-013 7.09773e-017)
(-1.88803e-012 -1.52028e-013 0)
(-1.64286e-012 -1.67377e-013 0)
(-1.77474e-012 -1.67681e-013 0)
(-1.41822e-012 -8.38771e-014 0)
(-1.96811e-012 -1.91413e-013 0)
(-1.70787e-012 2.93371e-014 0)
(-1.97769e-012 -1.73135e-013 0)
(-1.47963e-012 6.16743e-014 -6.81939e-017)
(-1.62606e-012 -6.38195e-014 0)
(-8.78404e-013 3.20868e-014 2.45679e-032)
(-2.00961e-012 -3.98597e-014 6.72056e-017)
(-7.58295e-013 1.97244e-014 0)
(-2.10293e-012 -3.35892e-014 0)
(-1.32415e-012 -3.29951e-014 0)
(-2.16482e-012 -3.8672e-014 0)
(-1.29284e-012 6.32175e-014 -3.28103e-017)
(-2.21137e-012 1.49811e-015 3.26562e-017)
(-1.20972e-012 9.09577e-014 3.25036e-017)
(-2.1688e-012 1.48418e-015 -6.47049e-017)
(-1.41024e-012 2.99682e-014 3.22027e-017)
(-1.97293e-012 3.94933e-014 3.20543e-017)
(-1.17659e-012 1.2881e-013 -3.19072e-017)
(-1.96423e-012 9.38767e-014 0)
(-1.521e-012 1.33026e-013 0)
(-1.75973e-012 1.25824e-013 0)
(-1.7652e-012 1.17865e-013 3.13323e-017)
(-1.68012e-012 1.40027e-013 -3.11918e-017)
(-1.93529e-012 2.32811e-013 1.55263e-017)
(-1.64862e-012 1.48507e-013 -1.54573e-017)
(-2.19012e-012 2.60603e-013 0)
(-1.53062e-012 1.96198e-013 0)
(-2.1694e-012 2.61116e-013 0)
(-1.27888e-012 3.38805e-013 1.51873e-017)
(-1.7867e-012 2.30702e-013 -1.51213e-017)
(-1.2129e-012 4.09676e-013 0)
(-1.89872e-012 2.87856e-013 7.49545e-018)
(-1.303e-012 4.09486e-013 0)
(-2.0604e-012 3.43449e-013 -7.43139e-018)
(-1.38803e-012 4.36456e-013 0)
(-1.77392e-012 4.86566e-013 0)
(-1.78495e-012 4.83744e-013 0)
(3.28913e-009 -1.27924e-011 -2.33116e-020)
(7.27627e-010 -3.66452e-012 0)
(2.02851e-010 -9.56141e-013 -2.34009e-020)
(5.20411e-011 -2.86047e-013 -2.34457e-020)
(1.30857e-011 -2.18022e-013 0)
(3.97269e-012 -4.26458e-014 -2.3536e-020)
(1.40781e-012 -1.73286e-013 0)
(8.92998e-013 -7.30159e-014 -2.3627e-020)
(2.00297e-012 -1.48936e-013 -2.36727e-020)
(4.07483e-013 -1.39674e-013 0)
(1.17379e-012 -1.02786e-013 -2.37647e-020)
(7.26099e-013 -1.60512e-013 0)
(8.0949e-013 -1.48817e-013 -2.38575e-020)
(1.21147e-012 -1.82154e-013 -2.39041e-020)
(2.67458e-013 -1.82833e-013 0)
(8.24563e-013 -1.45667e-013 -2.39979e-020)
(4.85383e-013 -2.52616e-013 0)
(-3.1043e-013 -1.43574e-013 -2.40925e-020)
(1.08865e-012 -2.93303e-013 -2.41401e-020)
(-2.80492e-013 -2.00143e-013 0)
(5.82915e-013 -2.52179e-013 -2.42358e-020)
(-1.87738e-013 -3.20311e-013 -2.42839e-020)
(7.21093e-013 -2.39466e-013 0)
(1.25657e-013 -3.40159e-013 -2.43808e-020)
(-2.09848e-013 -3.14034e-013 0)
(9.46205e-013 -3.40207e-013 -2.44784e-020)
(3.16034e-013 -4.00722e-013 -2.45275e-020)
(8.02229e-013 -3.19803e-013 0)
(7.72114e-013 -4.17953e-013 -2.46263e-020)
(5.51109e-013 -3.5885e-013 0)
(6.9028e-013 -4.42376e-013 0)
(4.57572e-013 -3.94639e-013 -2.4776e-020)
(1.13026e-012 -3.99606e-013 0)
(1.07379e-012 -4.52339e-013 -2.48768e-020)
(7.60147e-013 -3.5406e-013 0)
(1.46976e-012 -4.50164e-013 -2.49784e-020)
(3.70879e-013 -3.48287e-013 0)
(2.11135e-012 -3.50601e-013 0)
(8.31162e-013 -4.19629e-013 0)
(1.27635e-012 -2.67034e-013 -2.51842e-020)
(1.82093e-012 -3.74788e-013 0)
(9.99239e-013 -2.86127e-013 -2.52884e-020)
(2.55225e-012 -3.10699e-013 0)
(7.08917e-013 -2.97796e-013 -2.53935e-020)
(1.8197e-012 -2.08251e-013 0)
(1.04043e-012 -2.59423e-013 0)
(1.25113e-012 -2.08264e-013 -2.55527e-020)
(1.23725e-012 -2.20986e-013 0)
(4.62876e-013 -2.12582e-013 -2.56599e-020)
(7.23384e-013 -1.34944e-013 0)
(1.33361e-012 -2.3812e-013 0)
(-6.65441e-014 -1.03022e-013 0)
(1.61155e-012 -2.2593e-013 0)
(-8.18623e-013 -1.33827e-013 0)
(2.07602e-012 -1.40477e-013 -2.59871e-020)
(-5.64851e-013 -1.97838e-013 0)
(1.68696e-012 -1.06486e-013 -2.60981e-020)
(3.59457e-013 -1.47697e-013 0)
(7.93625e-013 -1.18024e-013 0)
(8.06611e-013 -1.1105e-013 0)
(-2.4307e-013 -1.45559e-013 0)
(1.75614e-013 -3.14229e-014 -2.63796e-020)
(-3.40634e-013 -1.25786e-013 0)
(3.07235e-013 -5.2717e-014 0)
(-1.59653e-013 -1.06732e-013 0)
(-3.82858e-013 -8.30358e-014 0)
(-6.7003e-013 -2.44282e-014 0)
(-2.06614e-013 -1.3021e-013 -2.67256e-020)
(-7.36236e-013 -1.25822e-014 0)
(2.93988e-013 -1.36816e-013 -2.68429e-020)
(-1.56561e-012 -3.44824e-014 0)
(2.48966e-013 -7.45449e-014 -2.69613e-020)
(-1.95551e-012 -1.45611e-013 0)
(-4.36166e-013 -1.74466e-014 0)
(-8.97582e-013 -1.42251e-013 0)
(-8.58689e-013 -7.20137e-014 0)
(-9.95255e-014 -9.75131e-014 0)
(-4.04859e-013 -1.29452e-013 0)
(-6.58635e-013 -1.73663e-014 0)
(1.35559e-013 -1.30033e-013 0)
(-6.08434e-013 -3.42429e-014 0)
(2.6642e-013 -1.21369e-013 0)
(-4.68772e-013 -5.05302e-014 0)
(4.46045e-013 -6.57916e-014 0)
(-3.75528e-013 -1.19495e-013 0)
(4.12229e-013 -3.36056e-015 0)
(1.31735e-013 -1.28647e-013 0)
(-5.46149e-013 -2.58821e-014 0)
(1.02262e-013 -1.24161e-013 0)
(-8.13942e-013 -7.64013e-014 0)
(2.3568e-013 -3.30481e-014 0)
(-6.66272e-013 -1.10067e-013 0)
(1.57847e-013 -4.20229e-014 0)
(-5.23318e-013 -9.57451e-014 0)
(-1.82977e-013 -6.00393e-014 0)
(-6.84704e-013 -2.72239e-014 0)
(-5.45365e-013 -3.99258e-014 0)
(-1.68906e-012 -2.8023e-014 0)
(-5.78704e-013 -8.29194e-014 0)
(-2.30175e-012 -3.04688e-014 0)
(-2.72159e-013 -4.73573e-014 0)
(-2.00261e-012 -9.63913e-014 0)
(-3.04521e-013 1.99065e-014 0)
(-1.41409e-012 -6.48253e-014 0)
(-1.01157e-012 -2.33185e-014 0)
(-1.23931e-012 -3.58924e-014 0)
(-1.73166e-012 -3.38214e-014 0)
(-9.99974e-013 1.61159e-014 0)
(-5.86295e-013 -7.07257e-014 0)
(-1.54826e-012 6.02319e-014 0)
(-9.50199e-014 -6.07732e-014 0)
(-1.87959e-012 6.46904e-014 0)
(7.06557e-013 4.90333e-014 0)
(-1.48674e-012 5.68294e-015 0)
(-6.26846e-013 1.18933e-013 0)
(-9.29741e-013 3.84721e-014 0)
(-1.65192e-012 1.07564e-013 0)
(-7.02339e-013 1.00478e-013 0)
(-2.24139e-012 6.79239e-014 0)
(-8.35308e-013 1.38105e-013 0)
(-1.90843e-012 7.96195e-014 0)
(-1.07371e-012 1.16726e-013 0)
(-1.32428e-012 4.61743e-014 0)
(-1.1837e-012 1.0249e-013 0)
(-9.76859e-013 1.57551e-013 0)
(-2.03748e-013 9.10909e-014 0)
(-1.00153e-012 1.59989e-013 0)
(3.03857e-013 1.14256e-013 0)
(-8.14535e-013 1.2872e-013 0)
(6.04147e-013 1.20435e-013 0)
(-1.19139e-012 1.46428e-013 0)
(3.33636e-013 1.90798e-013 0)
(-6.02075e-013 1.76023e-013 0)
(-3.42048e-013 1.96803e-013 0)
(-4.90851e-013 1.55282e-013 0)
(-2.76391e-013 1.95391e-013 0)
(-4.93378e-013 2.83861e-013 0)
(5.96292e-013 1.80095e-013 0)
(-3.39679e-013 2.91912e-013 0)
(1.57339e-012 2.11467e-013 0)
(-6.41918e-013 2.95137e-013 0)
(1.63637e-012 3.34206e-013 0)
(-1.30428e-013 2.36293e-013 0)
(1.03239e-012 4.05859e-013 0)
(6.41765e-013 2.91663e-013 0)
(6.227e-013 4.18593e-013 0)
(8.87957e-013 3.52495e-013 0)
(-3.06044e-013 4.34721e-013 0)
(1.11584e-013 4.81861e-013 0)
(-6.99259e-013 4.75059e-013 0)
)
;

boundaryField
{
    inlet
    {
        type            zeroGradient;
    }
    outlet
    {
        type            zeroGradient;
    }
    bottom
    {
        type            symmetryPlane;
    }
    top
    {
        type            symmetryPlane;
    }
    obstacle
    {
        type            zeroGradient;
    }
    defaultFaces
    {
        type            empty;
    }
}


// ************************************************************************* //
