/*--------------------------------*- C++ -*----------------------------------*\
| =========                 |                                                 |
| \\      /  F ield         | OpenFOAM: The Open Source CFD Toolbox           |
|  \\    /   O peration     | Version:  5.x                                   |
|   \\  /    A nd           | Web:      www.OpenFOAM.org                      |
|    \\/     M anipulation  |                                                 |
\*---------------------------------------------------------------------------*/
/*   Windows 32 and 64 bit porting by blueCAPE: http://www.bluecape.com.pt   *\
|  Based on Windows porting (2.0.x v4) by Symscape: http://www.symscape.com   |
\*---------------------------------------------------------------------------*/
FoamFile
{
    version     2.0;
    format      ascii;
    class       volScalarField;
    location    "0.009";
    object      p;
}
// * * * * * * * * * * * * * * * * * * * * * * * * * * * * * * * * * * * * * //

dimensions      [1 -1 -2 0 0 0 0];

internalField   nonuniform List<scalar> 
1000
(
100000
100000
100000
100000
100000
100000
100000
100000
100000
100000
100000
100000
100000
100000
100000
100000
100000
100000
100000
100000
100000
100000
100000
100000
100000
100000
100000
100000
100000
100000
100000
100000
100000
100000
100000
100000
99999.9
99999.9
99999.8
99999.6
99999.4
99998.9
99998.1
99996.8
99994.7
99991.4
99986.3
99978.3
99966.3
99948.4
99922.4
99885.2
99833.1
99761.9
99666.6
99541.9
99382.4
99183.2
98940.1
98650.3
98312.4
97926.8
97495.8
97023.1
96513.4
95971.6
95402.5
94810.5
94199.6
93573.2
92934.3
92285.2
91628.2
90964.8
90296.5
89624.4
88949.7
88273
87595.1
86916.5
86237.9
85559.5
84881.8
84205
83529.6
82855.7
82183.5
81513.3
80845.2
80179.5
79516.2
78855.5
78197.6
77542.6
76890.6
76241.7
75596
74953.5
74314.5
73678.9
73046.9
72418.5
71793.7
71172.7
70555.4
69942
69332.4
68726.8
68125.1
67527.3
66933.6
66343.9
65758.2
65176.6
64599
64025.6
63456.2
62891
62329.8
61772.8
61219.9
60671.1
60126.4
59585.8
59049.3
58516.9
57988.6
57464.5
56944.3
56428.3
55916.3
55408.4
54904.5
54404.7
53908.9
53417
52929.3
52445.4
51965.7
51489.7
51018.1
50550
50086.2
49626.1
49170
48717.8
48269.5
47825.1
47384.6
46948
46515.3
46086.5
45661.5
45240.5
44823.3
44410
44000.6
43595.1
43193.5
42795.9
42402.2
42012.4
41626.6
41244.9
40867.1
40493.5
40123.9
39758.5
39397.3
39040.4
38687.8
38339.6
37995.9
37656.8
37322.4
36992.8
36668.1
36348.5
36034.2
35725.3
35422
35124.6
34833.2
34548.2
34269.7
33998.2
33734
33477.4
33228.8
32988.6
32757.3
32535.2
32322.8
32120.6
31929.1
31748.5
31579.4
31422.1
31276.9
31143.8
31023.1
30914.7
30818.4
30733.9
30660.8
30598.3
30545.8
30502.4
30467.1
30439.1
30417.1
30400.3
30387.8
30378.6
30371.9
30367.3
30364
30361.7
30360
30358.5
30357.4
30356.4
30355.3
30354.3
30353.2
30352
30350.9
30349.9
30348.9
30347.9
30347
30346.3
30345.6
30345
30344.5
30344
30343.6
30343.3
30343
30342.8
30342.6
30342.4
30342.3
30342.1
30342
30341.8
30341.7
30341.5
30341.3
30341.2
30341
30340.8
30340.6
30340.3
30340.1
30339.9
30339.6
30339.4
30339.1
30338.9
30338.7
30338.6
30338.4
30338.3
30338.2
30338.1
30338.1
30338.1
30338.2
30338.3
30338.5
30338.8
30339.6
30340.9
30342.9
30346
30350.5
30356.8
30365.4
30376.5
30390.2
30406.6
30425.5
30446.1
30468
30490.1
30511.7
30531.8
30549.9
30565.6
30579.2
30591.2
30600.1
30607.4
30609.9
30608.5
30603.7
30599.1
30592.3
30527.8
100000
100000
100000
100000
100000
100000
100000
100000
100000
100000
100000
100000
100000
100000
100000
100000
100000
100000
100000
100000
100000
100000
100000
100000
100000
100000
100000
100000
100000
100000
100000
100000
100000
100000
100000
100000
99999.9
99999.9
99999.8
99999.6
99999.4
99998.9
99998.1
99996.8
99994.7
99991.4
99986.3
99978.3
99966.3
99948.4
99922.4
99885.2
99833.1
99761.9
99666.6
99541.9
99382.4
99183.2
98940.1
98650.3
98312.4
97926.8
97495.8
97023.1
96513.4
95971.6
95402.5
94810.5
94199.6
93573.2
92934.3
92285.2
91628.2
90964.8
90296.5
89624.4
88949.7
88273
87595.1
86916.5
86237.9
85559.5
84881.8
84205
83529.6
82855.7
82183.5
81513.3
80845.2
80179.5
79516.2
78855.5
78197.6
77542.6
76890.6
76241.7
75596
74953.5
74314.5
73678.9
73046.9
72418.5
71793.7
71172.7
70555.4
69942
69332.4
68726.8
68125.1
67527.3
66933.6
66343.9
65758.2
65176.6
64599
64025.6
63456.2
62891
62329.8
61772.8
61219.9
60671.1
60126.4
59585.8
59049.3
58516.9
57988.6
57464.5
56944.3
56428.3
55916.3
55408.4
54904.5
54404.7
53908.9
53417
52929.3
52445.4
51965.7
51489.7
51018.1
50550
50086.2
49626.1
49170
48717.8
48269.5
47825.1
47384.6
46948
46515.3
46086.5
45661.5
45240.5
44823.3
44410
44000.6
43595.1
43193.5
42795.9
42402.2
42012.4
41626.6
41244.9
40867.1
40493.5
40123.9
39758.5
39397.3
39040.4
38687.8
38339.6
37995.9
37656.8
37322.4
36992.8
36668.1
36348.5
36034.2
35725.3
35422
35124.6
34833.2
34548.2
34269.7
33998.2
33734
33477.4
33228.8
32988.6
32757.3
32535.2
32322.8
32120.6
31929.1
31748.5
31579.4
31422.1
31276.9
31143.8
31023.1
30914.7
30818.4
30733.9
30660.8
30598.3
30545.8
30502.4
30467.1
30439.1
30417.1
30400.3
30387.8
30378.6
30371.9
30367.3
30364
30361.7
30360
30358.5
30357.4
30356.4
30355.3
30354.3
30353.2
30352
30350.9
30349.9
30348.9
30347.9
30347
30346.3
30345.6
30345
30344.5
30344
30343.6
30343.3
30343
30342.8
30342.6
30342.4
30342.3
30342.1
30342
30341.8
30341.7
30341.5
30341.3
30341.2
30341
30340.8
30340.6
30340.3
30340.1
30339.9
30339.6
30339.4
30339.1
30338.9
30338.7
30338.5
30338.4
30338.2
30338.1
30338
30337.9
30337.8
30337.7
30337.6
30337.5
30337.5
30337.5
30337.5
30337.6
30337.7
30338
30338.6
30339.8
30341.5
30344
30347.4
30351.7
30356.8
30362.6
30368.8
30374.9
30379.9
30382
30381.7
30380.4
30376.8
30368.5
30351.1
30317.8
30266.5
30200.8
30096.1
30005.6
29854.9
29569.9
29540.1
29504.8
29478.3
29458.1
29442.3
29429.4
29418
29406.8
29395.2
29382.7
29369.2
29355.1
29340.4
29325.5
29310.4
29295.4
29280.4
29265.6
29251
29236.5
29222.3
29208.2
29194.3
29180.6
29167
29153.6
29140.4
29127.4
29114.5
29101.9
29089.4
29077
29064.9
29053
29041.2
29029.7
29018.3
29007.1
28996.2
28985.4
28974.8
28964.5
28954.3
28944.4
28934.6
28925.1
28915.7
28906.6
28897.6
28888.9
28880.3
28871.9
28863.8
28855.8
28848
28840.3
28832.9
28825.6
28818.4
28811.4
28804.6
28798
28791.4
28785
28778.8
28772.6
28766.6
28760.8
28755
28749.4
28743.8
28738.4
28733.1
28727.8
28722.7
28717.7
28712.8
28707.9
28703.2
28698.5
28693.9
28689.4
28685
28680.7
28676.5
28672.4
28668.3
28664.3
28660.4
28656.6
28652.8
28649.1
28645.5
28642
28638.5
28635.1
28631.8
28628.6
28625.3
33828.6
33821.3
33796.3
33754.5
33718.6
33689.7
33663.2
33636.5
33609.2
33581.7
33554.2
33527
33499.8
33472.9
33446
33419.3
33392.8
33366.5
33340.4
33314.5
33288.9
33263.5
33238.3
33213.5
33188.9
33164.6
33140.7
33117.1
33093.8
33070.9
33048.4
33026.3
33004.6
32983.3
32962.4
32942
32922
32902.4
32883.2
32864.4
32846
32828
32810.3
32793
32776.2
32759.6
32743.5
32727.7
32712.4
32697.4
32682.7
32668.5
32654.6
32641.2
32628
32615.3
32602.8
32590.6
32578.7
32567
32555.4
32544
32532.7
32521.4
32510
32498.5
32486.9
32474.9
32462.7
32450
32436.9
32423.3
32409.1
32394.2
32378.6
32362.3
32345.1
32327.1
32308.2
32288.4
32267.6
32245.8
32223
32199.2
32174.4
32148.6
32121.8
32093.9
32065.1
32035.3
32004.5
31972.7
31939.9
31906.2
31871.6
31836
31799.5
31762
31723.6
31684.2
31643.9
31602.6
31560.3
31516.9
31472.6
31427.2
31380.7
31333
31284.2
31234.2
31182.8
31130.1
31075.9
31020.1
30962.7
30903.5
30842.5
30779.3
30714
30646.4
30576.6
30504.9
30432
30358.4
30285.1
30213.5
30144.6
30076.3
29998
29887.4
29686.5
29280.6
28408.5
26597.4
23547.7
19971.9
16707.5
14341.8
12871.8
11986.8
11407.5
10984.6
10657.8
10406
10221.4
10099.9
10035
10010.1
10002.7
10000.6
28615.4
28616.5
28622.3
28635.5
28656.1
28676.6
28695.1
28711.8
28727.3
28742
28756.2
28770.1
28783.7
28797
28810
28822.8
28835.3
28847.5
28859.5
28871.2
28882.7
28893.9
28904.9
28915.6
28926
28936.2
28946.1
28955.7
28965
28974.1
28982.9
28991.4
28999.6
29007.6
29015.3
29022.8
29030.1
29037.1
29044
29050.7
29057.1
29063.4
29069.4
29075.3
29081
29086.4
29091.7
29096.8
29101.6
29106.2
29110.7
29114.9
29118.9
29122.6
29126.2
29129.6
29132.8
29135.8
29138.6
29141.2
29143.6
29145.8
29147.8
29149.6
29151.2
29152.6
29153.8
29154.8
29155.5
29155.9
29156
29155.9
29155.7
29155.3
29154.8
29152.9
29151.7
29150.2
29148.3
29146.2
29143.8
29141.2
29138.4
29135.4
29132.2
29128.8
29125.1
29121.3
29117.2
29113
29108.5
29103.9
29099
29094
29088.8
29083.4
29077.9
29072.2
29066.3
29060.2
29054
29047.7
29041.1
29034.2
29027.2
29020.1
29012.7
29005.2
28997.6
28989.8
28981.9
28973.9
28965.7
28957.4
28948.9
28940.3
28931.5
28922.6
28913.5
28904.3
28895.1
28885.9
28876.7
28867.4
28858
28848.4
28838.4
28828.1
28817.1
28804.8
28790.6
28773.5
28752.9
28728.1
28699.5
28667.8
28634.4
28599.7
28562.7
28519.4
28460.2
28365.9
28187.5
27833.3
27081.8
25150.9
20110.1
14479.8
11494
10366.3
)
;

boundaryField
{
    inlet
    {
        type            zeroGradient;
    }
    outlet
    {
        type            zeroGradient;
    }
    bottom
    {
        type            symmetryPlane;
    }
    top
    {
        type            symmetryPlane;
    }
    obstacle
    {
        type            zeroGradient;
    }
    defaultFaces
    {
        type            empty;
    }
}


// ************************************************************************* //
