/*--------------------------------*- C++ -*----------------------------------*\
| =========                 |                                                 |
| \\      /  F ield         | OpenFOAM: The Open Source CFD Toolbox           |
|  \\    /   O peration     | Version:  5.x                                   |
|   \\  /    A nd           | Web:      www.OpenFOAM.org                      |
|    \\/     M anipulation  |                                                 |
\*---------------------------------------------------------------------------*/
/*   Windows 32 and 64 bit porting by blueCAPE: http://www.bluecape.com.pt   *\
|  Based on Windows porting (2.0.x v4) by Symscape: http://www.symscape.com   |
\*---------------------------------------------------------------------------*/
FoamFile
{
    version     2.0;
    format      ascii;
    class       surfaceScalarField;
    location    "0.009";
    object      phi;
}
// * * * * * * * * * * * * * * * * * * * * * * * * * * * * * * * * * * * * * //

dimensions      [1 0 -1 0 0 0 0];

internalField   nonuniform List<scalar> 
1447
(
-1.20792e-013
1.22014e-013
-1.66978e-013
1.2134e-013
-1.56319e-013
1.18662e-013
8.52651e-014
1.1937e-013
3.55271e-014
1.2091e-013
2.27374e-013
1.20071e-013
3.62377e-013
1.21278e-013
5.18696e-013
1.18919e-013
6.25278e-013
1.21188e-013
8.56204e-013
1.22048e-013
1.3749e-012
1.20848e-013
2.38387e-012
1.21729e-013
4.92761e-012
1.2567e-013
1.02958e-011
1.22291e-013
2.23785e-011
1.23734e-013
4.8562e-011
1.21861e-013
1.06308e-010
1.23811e-013
2.32582e-010
1.21916e-013
5.05459e-010
1.22763e-013
1.08993e-009
1.22007e-013
2.33e-009
1.24754e-013
4.93705e-009
1.19182e-013
1.03667e-008
1.21125e-013
2.15689e-008
1.15984e-013
4.44604e-008
1.16025e-013
9.07845e-008
1.10328e-013
1.83602e-007
1.11522e-013
3.67705e-007
1.08247e-013
7.2913e-007
1.07407e-013
1.43125e-006
1.02689e-013
2.78068e-006
1.0246e-013
5.34599e-006
9.7311e-014
1.01685e-005
9.48686e-014
1.91316e-005
9.18224e-014
3.55965e-005
9.03652e-014
6.54826e-005
8.58896e-014
0.000119069
8.26839e-014
0.000213952
8.03385e-014
0.000379799
7.74172e-014
0.000665865
7.46278e-014
0.0011526
7.24767e-014
0.0019692
7.00828e-014
0.00331944
6.6995e-014
0.00551881
6.55656e-014
0.009046
6.22835e-014
0.0146123
5.86198e-014
0.0232507
5.53307e-014
0.0364257
5.28952e-014
0.0561595
5.22082e-014
0.0851656
4.76424e-014
0.126973
4.59355e-014
0.186014
4.0537e-014
0.267647
3.73868e-014
0.378073
3.52079e-014
0.524116
3.36051e-014
0.712858
2.88242e-014
0.95114
2.98234e-014
1.24496
2.58266e-014
1.5989
2.48968e-014
2.01555
2.38559e-014
2.49524
2.28845e-014
3.03586
2.38906e-014
3.63297
2.08375e-014
4.28042
2.24057e-014
4.97129
2.04281e-014
5.69869
2.03657e-014
6.45609
2.21143e-014
7.23764
2.03795e-014
8.03818
2.23502e-014
8.85331
1.96024e-014
9.67931
1.89015e-014
10.5131
1.90334e-014
11.352
1.85615e-014
12.1939
1.93665e-014
13.0371
1.86864e-014
13.8801
1.64105e-014
14.7217
1.8055e-014
15.5608
1.72501e-014
16.3967
1.85546e-014
17.2285
1.71738e-014
18.0557
1.47105e-014
18.8777
1.68407e-014
19.6942
1.59664e-014
20.5047
1.64244e-014
21.3089
1.77219e-014
22.1065
1.74166e-014
22.8971
1.95885e-014
23.6807
1.91236e-014
24.457
1.90126e-014
25.2258
1.98799e-014
25.9868
1.91305e-014
26.7401
1.99285e-014
27.4854
2.10318e-014
28.2225
2.1233e-014
28.9515
2.17951e-014
29.6722
2.0782e-014
30.3844
2.01436e-014
31.0882
2.02893e-014
31.7834
1.97967e-014
32.4699
1.99354e-014
33.1478
1.95538e-014
33.817
1.89085e-014
34.4774
1.85546e-014
35.129
1.84019e-014
35.7718
1.87073e-014
36.4057
1.90334e-014
37.0308
1.93109e-014
37.647
1.89848e-014
38.2543
1.87281e-014
38.8528
1.85546e-014
39.4424
1.86864e-014
40.0232
1.8624e-014
40.5952
1.84089e-014
41.1583
1.83499e-014
41.7127
1.86101e-014
42.2584
1.90264e-014
42.7953
1.98973e-014
43.3236
2.03344e-014
43.8432
2.06987e-014
44.3542
2.14412e-014
44.8566
2.19651e-014
45.3506
2.26798e-014
45.8361
2.36408e-014
46.3131
2.47059e-014
46.7818
2.54831e-014
47.2421
2.54588e-014
47.6942
2.53617e-014
48.1381
2.49835e-014
48.5738
2.49072e-014
49.0013
2.51396e-014
49.4209
2.52853e-014
49.8324
2.51708e-014
50.2362
2.515e-014
50.6314
2.5261e-014
51.0204
2.52957e-014
51.3986
2.51951e-014
51.774
2.5497e-014
52.1346
2.58335e-014
52.4969
2.56808e-014
52.8418
2.57155e-014
53.1865
2.56357e-014
53.5232
2.56323e-014
53.8433
2.54172e-014
54.1748
2.52368e-014
54.4765
2.4817e-014
54.788
2.44041e-014
55.0899
2.42861e-014
55.3719
2.41647e-014
55.6652
2.43347e-014
55.9424
2.44943e-014
56.2057
2.47545e-014
56.4777
2.54345e-014
56.7352
2.59341e-014
56.9783
2.63053e-014
57.228
2.70825e-014
57.4685
2.79984e-014
57.6925
2.88485e-014
57.9183
2.94209e-014
58.1421
3.00558e-014
58.3505
3.06734e-014
58.5521
3.14748e-014
58.7559
3.19397e-014
58.9516
3.24671e-014
59.134
3.29216e-014
59.3137
3.3272e-014
59.4932
3.34316e-014
59.6632
3.33657e-014
59.8225
3.38861e-014
59.979
3.39173e-014
60.1345
3.42122e-014
60.2816
3.44794e-014
60.4186
3.46008e-014
60.5518
3.47153e-014
60.6836
3.46043e-014
60.8095
3.46424e-014
60.9258
3.46841e-014
61.0361
3.45557e-014
61.1446
3.46043e-014
61.2496
3.46667e-014
61.347
3.46528e-014
61.4365
3.4632e-014
61.5219
3.4743e-014
61.6053
3.47396e-014
61.6843
3.45782e-014
61.756
3.4554e-014
61.8209
3.44638e-014
61.8823
3.458e-014
61.9415
3.45089e-014
61.9966
3.40717e-014
62.0453
3.36328e-014
62.0879
3.3324e-014
62.1268
3.28123e-014
62.1637
3.22138e-014
62.1977
3.16379e-014
62.2266
3.11071e-014
62.2501
3.05502e-014
62.27
3.00905e-014
62.2879
2.9813e-014
62.3043
2.95198e-014
62.3183
2.91225e-014
62.3282
2.86195e-014
62.334
2.81771e-014
62.3383
2.79898e-014
62.3434
2.78874e-014
62.3479
2.78336e-014
62.3497
2.77122e-014
62.3493
2.76012e-014
62.3482
2.76446e-014
62.3468
2.74988e-014
62.3461
2.72456e-014
62.3465
2.68275e-014
62.3461
2.64493e-014
62.3433
2.60625e-014
62.3402
2.56791e-014
62.3388
2.50772e-014
62.3386
2.46331e-014
62.338
2.38993e-014
62.3371
2.32089e-014
62.3355
2.25011e-014
62.3334
2.17881e-014
62.3318
2.11411e-014
62.3308
2.0383e-014
62.3299
1.92641e-014
62.3293
2.09312e-014
62.3283
8.37524e-015
62.3265
2.93255e-014
62.3246
2.89872e-015
62.3229
-7.75126e-014
62.3217
2.55171e-013
62.3207
-2.88328e-014
62.3196
2.08051e-012
62.3178
-8.81017e-013
62.3155
-9.74691e-013
62.3133
-5.90859e-013
62.3116
-3.16707e-013
62.3103
-1.44766e-013
62.3089
-2.50494e-014
62.3069
-1.24761e-014
62.3043
-5.82e-014
62.3016
6.68909e-015
62.2994
2.34292e-014
62.2977
1.27077e-013
62.296
2.61756e-013
62.2937
3.32397e-013
62.2909
9.31134e-013
62.2879
2.16609e-012
62.2852
6.06376e-012
62.2829
1.57103e-011
62.2808
3.83155e-011
62.2781
8.78924e-011
62.2746
1.88886e-010
62.2707
3.81912e-010
62.2673
7.27737e-010
62.2646
1.31103e-009
62.262
2.23308e-009
62.2587
3.61831e-009
62.2543
5.58701e-009
62.2496
8.2986e-009
62.2453
1.20213e-008
62.2418
1.73778e-008
62.2383
2.59211e-008
62.2341
4.12529e-008
62.2288
7.10214e-008
62.2228
1.30534e-007
62.2171
2.49015e-007
62.2119
4.9277e-007
62.2069
9.31862e-007
62.2013
1.55198e-006
62.1947
2.39642e-006
62.1871
3.5609e-006
62.1791
5.24073e-006
62.1713
7.75142e-006
62.1639
1.18246e-005
62.1559
1.85053e-005
62.1467
2.91649e-005
62.1357
4.57477e-005
62.1225
7.08441e-005
62.1077
0.000107618
62.093
0.000159617
62.0787
0.000230878
62.0645
0.000325528
62.05
0.000447488
62.0344
0.000600063
62.0154
0.000785539
61.9903
0.00100497
61.9598
0.00125807
61.9261
0.00154381
61.8916
0.00186118
61.8563
0.00221205
61.8215
0.00259595
61.7912
0.00300915
61.7698
0.0034538
61.7583
0.0039357
61.7523
0.00447251
61.7542
0.00509729
61.7486
0.00584501
61.7207
0.00672306
61.4544
0.00782473
60.8362
0.0091802
0.0104888
-5.40012e-012
-4.46221e-012
-3.24007e-012
-1.73372e-012
-7.38964e-013
8.2423e-013
1.0516e-012
3.41061e-012
3.72324e-012
7.47491e-012
1.10845e-011
1.83604e-011
3.34239e-011
7.07416e-011
1.53989e-010
3.38218e-010
7.43171e-010
1.62655e-009
3.53728e-009
7.62896e-009
1.63069e-008
3.45542e-008
7.256e-008
1.50974e-007
3.11213e-007
6.35482e-007
1.28521e-006
2.57393e-006
5.1039e-006
1.00187e-005
1.94647e-005
3.74219e-005
7.11798e-005
0.000133921
0.000249175
0.000458378
0.000833485
0.00149766
0.00265859
0.00466105
0.00806821
0.0137844
0.0232361
0.0386316
0.063322
0.102286
0.162755
0.25498
0.393117
0.596159
0.888809
1.3021
1.87353
2.64651
3.66881
4.99001
6.65798
8.71475
11.1923
14.1089
17.4667
21.251
25.4308
29.9629
34.7991
39.8908
45.1927
50.6635
56.2673
61.9732
67.7552
73.5914
79.4639
85.3575
91.26
97.1609
103.052
108.926
114.777
120.599
126.39
132.144
137.859
143.533
149.162
154.745
160.28
165.765
171.199
176.58
181.908
187.181
192.398
197.558
202.661
207.705
212.691
217.617
222.484
227.29
232.035
236.719
241.342
245.903
250.402
254.84
259.215
263.529
267.78
271.969
276.097
280.162
284.166
288.108
291.989
295.809
299.567
303.265
306.902
310.479
313.997
317.454
320.852
324.192
327.472
330.695
333.859
336.966
340.016
343.009
345.947
348.827
351.654
354.42
357.143
359.79
362.418
364.942
367.478
369.893
372.305
374.662
376.903
379.224
381.336
383.516
385.629
387.603
389.657
391.597
393.44
395.344
397.146
398.848
400.596
402.28
403.848
405.428
406.995
408.454
409.865
411.291
412.661
413.938
415.196
416.453
417.643
418.757
419.853
420.941
421.971
422.93
423.862
424.785
425.666
426.481
427.253
428.012
428.747
429.429
430.055
430.653
431.237
431.79
432.292
432.747
433.176
433.59
433.976
434.317
434.615
434.887
435.146
435.384
435.586
435.751
435.89
436.015
436.13
436.228
436.297
436.338
436.368
436.404
436.435
436.448
436.445
436.437
436.428
436.423
436.426
436.423
436.403
436.381
436.372
436.371
436.366
436.36
436.348
436.334
436.323
436.315
436.31
436.305
436.298
436.286
436.272
436.261
436.252
436.245
436.237
436.225
436.209
436.193
436.181
436.172
436.162
436.148
436.13
436.111
436.096
436.084
436.072
436.056
436.036
436.015
435.996
435.98
435.966
435.947
435.922
435.895
435.871
435.852
435.834
435.811
435.78
435.747
435.717
435.692
435.668
435.639
435.601
435.56
435.52
435.484
435.449
435.41
435.364
435.312
435.257
435.204
435.153
435.101
435.042
434.971
434.889
434.799
434.709
434.624
434.545
434.463
434.371
434.254
434.103
433.912
433.69
433.464
433.248
433.049
432.885
432.789
432.745
432.736
432.788
432.746
432.658
431.929
428.867
418.847
417.184
415.572
414.037
412.559
411.117
409.693
408.274
406.847
405.402
403.933
402.436
400.911
399.358
397.782
396.184
394.568
392.939
391.299
389.65
387.997
386.341
384.683
383.024
381.368
379.713
378.061
376.412
374.768
373.129
371.496
369.869
368.249
366.637
365.033
363.438
361.853
360.279
358.715
357.163
355.623
354.095
352.58
351.079
349.591
348.117
346.657
345.212
343.781
342.365
340.964
339.577
338.206
336.85
335.509
334.183
332.871
331.575
330.294
329.028
327.776
326.539
325.317
324.11
322.917
321.739
320.576
319.427
318.294
317.176
316.072
314.985
313.913
312.857
311.818
310.796
309.79
308.804
307.835
306.886
305.956
305.047
304.158
303.29
302.444
301.62
300.819
300.04
299.284
298.55
297.84
297.151
296.486
295.841
295.218
294.614
294.031
293.466
292.92
292.391
291.878
23.8655
-0.133651
23.9198
-0.136234
23.9738
-0.135772
24.028
-0.13544
24.0825
-0.135205
24.1372
-0.135019
24.1923
-0.134874
24.248
-0.134771
24.3046
-0.134713
24.3615
-0.134699
24.4181
-0.134723
24.4748
-0.134785
24.5327
-0.134889
24.592
-0.135041
24.6519
-0.135241
24.711
-0.135483
24.7693
-0.135766
24.8284
-0.136094
24.8898
-0.136482
24.9536
-0.136936
25.0181
-0.137454
25.0814
-0.138026
25.1438
-0.138651
25.2076
-0.139336
25.2754
-0.140095
25.3485
-0.14094
25.426
-0.141871
25.505
-0.142876
25.5825
-0.143937
25.657
-0.145038
25.7295
-0.146174
25.8028
-0.147348
25.8813
-0.148577
25.9689
-0.149877
26.0689
-0.151263
26.1827
-0.15274
26.3104
-0.154312
26.4507
-0.155969
26.6016
-0.157704
26.7608
-0.1595
26.9262
-0.161349
27.0958
-0.163237
27.2684
-0.16516
27.4428
-0.167112
27.6186
-0.169093
27.7953
-0.171102
27.9728
-0.173143
28.151
-0.175216
28.3298
-0.177324
28.5091
-0.179466
28.689
-0.181644
28.8694
-0.183855
29.0501
-0.186099
29.2312
-0.188372
29.4126
-0.190675
29.5941
-0.193
29.7756
-0.195342
29.9572
-0.197689
30.1386
-0.200034
30.3199
-0.20236
30.5009
-0.204659
30.6815
-0.206917
30.8616
-0.209122
31.041
-0.211258
31.2193
-0.21331
31.3963
-0.215257
31.5716
-0.217079
31.7452
-0.218753
31.9166
-0.220258
32.0858
-0.221573
32.2528
-0.222681
32.4173
-0.22357
32.5793
-0.224229
32.7389
-0.224653
32.8959
-0.22484
33.0501
-0.224767
33.2017
-0.22446
33.3506
-0.223924
33.4964
-0.223165
33.6391
-0.222197
33.7784
-0.221032
33.9141
-0.219686
34.0459
-0.218174
34.1738
-0.216514
34.2976
-0.214725
34.4172
-0.212827
34.5326
-0.210838
34.6437
-0.208781
34.7505
-0.206671
34.853
-0.204529
34.9512
-0.20237
35.0451
-0.20021
35.1347
-0.198061
35.2202
-0.195936
35.3015
-0.193845
35.3787
-0.191795
35.4517
-0.189794
35.5208
-0.187847
35.5857
-0.185958
35.6466
-0.184129
35.7036
-0.182362
35.7566
-0.18066
35.8055
-0.179021
35.8505
-0.177444
35.8915
-0.175931
35.9284
-0.174478
35.9611
-0.173086
35.9897
-0.171752
36.0142
-0.170476
36.0342
-0.169255
36.0499
-0.168089
36.061
-0.166977
36.0673
-0.165914
36.069
-0.164902
36.0661
-0.16394
36.0583
-0.163028
36.0454
-0.162162
36.0274
-0.161345
36.0042
-0.160575
35.9755
-0.159852
35.9416
-0.159174
35.9034
-0.15854
35.8616
-0.157947
35.8174
-0.157389
35.772
-0.156863
35.7273
-0.15638
35.6828
-0.156019
35.6292
-0.156053
35.5348
-0.157246
35.3283
-0.161145
34.855
-0.16904
33.7738
-0.179623
31.3602
-0.193504
26.6286
-0.212021
20.2544
-0.233581
13.6737
-0.252948
8.47969
-0.264819
5.18678
-0.264955
3.33346
-0.253278
2.26803
-0.232949
1.57581
-0.207213
1.07305
-0.177952
0.691698
-0.146017
0.407092
-0.112093
0.208197
-0.0770512
0.0866755
-0.042884
0.0283275
-0.0159243
0.00785028
-0.00429422
0.00198986
-0.00104198
-0.00022347
288.965
286.375
284.075
282.094
280.438
279.088
278.002
277.135
276.445
275.895
275.458
275.112
274.836
274.617
274.439
274.294
274.172
274.067
273.973
273.886
273.802
273.719
273.633
273.544
273.45
273.351
273.247
273.138
273.024
272.906
272.784
272.66
272.533
272.405
272.275
272.145
272.014
271.883
271.752
271.621
271.49
271.359
271.225
271.09
270.953
270.818
270.686
270.557
270.428
270.294
270.153
270.003
269.85
269.701
269.57
269.457
269.359
269.266
269.171
269.069
268.967
268.876
268.811
268.785
268.8
268.85
268.919
268.984
269.02
269.005
268.927
268.783
268.579
268.345
268.056
267.649
267.218
266.788
266.374
265.985
265.624
265.288
264.971
264.67
264.379
264.093
263.81
263.529
263.249
262.97
262.692
262.415
262.139
261.863
261.588
261.315
261.045
260.776
260.509
260.242
259.978
259.721
259.467
259.217
258.969
258.722
258.477
258.233
257.989
257.746
257.502
257.257
257.012
256.767
256.523
256.278
256.034
255.791
255.547
255.303
255.059
254.813
254.566
254.321
254.075
253.825
253.574
253.315
253.039
252.741
252.413
252.036
251.593
251.075
250.475
249.806
249.1
248.373
247.605
246.719
245.562
243.751
240.504
234.126
217.701
169.825
89.0663
33.863
9.4194
)
;

boundaryField
{
    inlet
    {
        type            calculated;
        value           nonuniform List<scalar> 2(5.42495e-012 2.18279e-013);
    }
    outlet
    {
        type            calculated;
        value           nonuniform List<scalar> 2(2.47774 0.000524337);
    }
    bottom
    {
        type            symmetryPlane;
        value           uniform 0;
    }
    top
    {
        type            symmetryPlane;
        value           uniform 0;
    }
    obstacle
    {
        type            calculated;
        value           nonuniform List<scalar> 
102
(
59.1871
-23.8138
-0.000935359
-0.000930667
-0.000926008
-0.000921763
-0.000917779
-0.000913947
-0.000910193
-0.000906451
-0.000902682
-0.000898852
-0.000894958
-0.000890989
-0.000886967
-0.00088289
-0.000878788
-0.000874655
-0.000870524
-0.000866381
-0.00086226
-0.000858139
-0.000854054
-0.000849976
-0.000845942
-0.000841915
-0.000837938
-0.000833966
-0.000830046
-0.000826128
-0.000822262
-0.000818395
-0.000814581
-0.000810762
-0.000806995
-0.00080322
-0.000799496
-0.000795762
-0.000792078
-0.00078838
-0.000784731
-0.000781066
-0.000777449
-0.000773813
-0.000770222
-0.000766611
-0.000763043
-0.000759452
-0.000755902
-0.000752327
-0.00074879
-0.000745227
-0.0007417
-0.000738147
-0.000734627
-0.000731079
-0.000727563
-0.00072402
-0.000720507
-0.000716966
-0.000713456
-0.000709918
-0.00070641
-0.000702874
-0.000699369
-0.000695837
-0.000692335
-0.000688809
-0.000685313
-0.000681795
-0.000678306
-0.0006748
-0.000671321
-0.000667831
-0.000664367
-0.000660899
-0.000657453
-0.000654012
-0.000650591
-0.000647183
-0.000643793
-0.000640425
-0.000637073
-0.000633752
-0.000630445
-0.000627175
-0.00062392
-0.000620707
-0.00061751
-0.000614357
-0.000611224
-0.000608132
-0.000605065
-0.000602034
-0.000599035
-0.000596064
-0.000593132
-0.000590219
-0.000587351
-0.000584491
-0.000581683
-0.000578872
)
;
    }
    defaultFaces
    {
        type            empty;
        value           nonuniform 0();
    }
}


// ************************************************************************* //
