/*--------------------------------*- C++ -*----------------------------------*\
| =========                 |                                                 |
| \\      /  F ield         | OpenFOAM: The Open Source CFD Toolbox           |
|  \\    /   O peration     | Version:  5.x                                   |
|   \\  /    A nd           | Web:      www.OpenFOAM.org                      |
|    \\/     M anipulation  |                                                 |
\*---------------------------------------------------------------------------*/
/*   Windows 32 and 64 bit porting by blueCAPE: http://www.bluecape.com.pt   *\
|  Based on Windows porting (2.0.x v4) by Symscape: http://www.symscape.com   |
\*---------------------------------------------------------------------------*/
FoamFile
{
    version     2.0;
    format      ascii;
    class       volScalarField;
    location    "0.009";
    object      T;
}
// * * * * * * * * * * * * * * * * * * * * * * * * * * * * * * * * * * * * * //

dimensions      [0 0 0 1 0 0 0];

internalField   nonuniform List<scalar> 
1000
(
348.432
348.432
348.432
348.432
348.432
348.432
348.432
348.432
348.432
348.432
348.432
348.432
348.432
348.432
348.432
348.432
348.432
348.432
348.432
348.432
348.432
348.432
348.432
348.432
348.432
348.432
348.432
348.432
348.432
348.432
348.432
348.432
348.432
348.432
348.432
348.432
348.432
348.432
348.432
348.432
348.431
348.431
348.43
348.429
348.427
348.423
348.418
348.41
348.398
348.381
348.355
348.317
348.265
348.194
348.099
347.974
347.815
347.615
347.371
347.08
346.739
346.349
345.913
345.432
344.912
344.357
343.771
343.16
342.526
341.873
341.204
340.52
339.825
339.119
338.405
337.683
336.954
336.218
335.478
334.733
333.983
333.229
332.472
331.712
330.949
330.183
329.414
328.644
327.871
327.096
326.32
325.542
324.763
323.982
323.201
322.418
321.634
320.85
320.065
319.279
318.493
317.707
316.92
316.133
315.346
314.559
313.773
312.986
312.199
311.413
310.627
309.841
309.056
308.271
307.487
306.703
305.92
305.138
304.356
303.575
302.795
302.015
301.237
300.459
299.682
298.906
298.132
297.358
296.585
295.813
295.042
294.272
293.506
292.733
291.979
291.19
290.471
289.63
288.995
288.053
287.528
286.511
285.995
285.08
284.367
283.695
282.808
282.165
281.413
280.586
279.931
279.178
278.373
277.701
276.974
276.178
275.481
274.784
274.014
273.281
272.6
271.876
271.123
270.423
269.742
269.017
268.29
267.604
266.928
266.221
265.511
264.837
264.175
263.494
262.806
262.14
261.499
260.851
260.193
259.545
258.923
258.315
257.702
257.089
256.492
255.922
255.366
254.813
254.266
253.74
253.243
252.768
252.305
251.853
251.426
251.032
250.668
250.327
250.006
249.707
249.438
249.208
249.01
248.83
248.665
248.528
248.422
248.337
248.27
248.217
248.171
248.132
248.111
248.106
248.102
248.092
248.085
248.084
248.085
248.09
248.095
248.098
248.099
248.099
248.1
248.103
248.109
248.114
248.118
248.12
248.122
248.125
248.132
248.14
248.147
248.152
248.155
248.161
248.169
248.18
248.189
248.195
248.201
248.208
248.218
248.23
248.241
248.25
248.258
248.266
248.278
248.292
248.307
248.318
248.327
248.337
248.352
248.37
248.388
248.403
248.415
248.429
248.447
248.47
248.494
248.515
248.534
248.553
248.577
248.606
248.637
248.669
248.7
248.731
248.767
248.812
248.867
248.933
249.007
249.082
249.161
249.245
249.335
249.437
249.56
249.714
249.88
250.058
250.224
250.4
250.552
250.679
250.75
250.792
250.793
250.816
250.82
251.518
252.502
261.569
348.432
348.432
348.432
348.432
348.432
348.432
348.432
348.432
348.432
348.432
348.432
348.432
348.432
348.432
348.432
348.432
348.432
348.432
348.432
348.432
348.432
348.432
348.432
348.432
348.432
348.432
348.432
348.432
348.432
348.432
348.432
348.432
348.432
348.432
348.432
348.432
348.432
348.432
348.432
348.432
348.431
348.431
348.43
348.429
348.427
348.423
348.418
348.41
348.398
348.381
348.355
348.317
348.265
348.194
348.099
347.974
347.815
347.615
347.371
347.08
346.739
346.349
345.913
345.432
344.912
344.357
343.771
343.16
342.526
341.873
341.204
340.52
339.825
339.119
338.405
337.683
336.954
336.218
335.478
334.733
333.983
333.229
332.472
331.712
330.949
330.183
329.414
328.644
327.871
327.096
326.32
325.542
324.763
323.982
323.201
322.418
321.634
320.85
320.065
319.279
318.493
317.707
316.92
316.133
315.346
314.559
313.773
312.986
312.199
311.413
310.627
309.841
309.056
308.271
307.487
306.703
305.92
305.138
304.356
303.575
302.795
302.015
301.237
300.459
299.682
298.906
298.132
297.358
296.585
295.813
295.042
294.272
293.506
292.733
291.979
291.19
290.471
289.63
288.995
288.053
287.528
286.511
285.995
285.08
284.367
283.695
282.808
282.165
281.413
280.586
279.931
279.178
278.373
277.701
276.974
276.178
275.481
274.784
274.014
273.281
272.6
271.876
271.123
270.423
269.742
269.017
268.29
267.604
266.928
266.221
265.511
264.837
264.175
263.494
262.806
262.14
261.499
260.851
260.193
259.545
258.923
258.315
257.702
257.089
256.492
255.922
255.366
254.813
254.266
253.74
253.243
252.768
252.305
251.853
251.426
251.032
250.668
250.327
250.006
249.707
249.438
249.208
249.01
248.83
248.665
248.528
248.422
248.337
248.27
248.217
248.171
248.132
248.111
248.106
248.102
248.092
248.085
248.084
248.085
248.09
248.095
248.098
248.099
248.099
248.1
248.103
248.109
248.114
248.118
248.12
248.122
248.125
248.132
248.14
248.147
248.152
248.155
248.161
248.169
248.18
248.189
248.195
248.201
248.208
248.218
248.23
248.241
248.25
248.258
248.266
248.278
248.292
248.307
248.318
248.327
248.337
248.352
248.37
248.388
248.403
248.415
248.429
248.447
248.47
248.493
248.514
248.533
248.553
248.576
248.604
248.634
248.665
248.694
248.722
248.753
248.789
248.833
248.884
248.938
248.991
249.041
249.09
249.146
249.212
249.299
249.405
249.54
249.681
249.819
249.95
250.062
250.149
250.164
250.145
250.087
249.981
249.891
249.997
250.717
254.094
257.089
258.159
259.148
260.082
260.984
261.874
262.763
263.664
264.58
265.517
266.475
267.46
268.468
269.503
270.558
271.64
272.738
273.858
274.991
276.144
277.306
278.485
279.67
280.873
282.078
283.3
284.522
285.762
287
288.255
289.507
290.775
292.039
293.319
294.592
295.881
297.161
298.457
299.743
301.043
302.332
303.634
304.924
306.227
307.516
308.817
310.104
311.402
312.685
313.979
315.256
316.544
317.816
319.097
320.361
321.635
322.891
324.156
325.403
326.659
327.897
329.143
330.37
331.606
332.822
334.046
335.25
336.461
337.653
338.848
340.025
341.204
342.365
343.523
344.665
345.801
346.921
348.03
349.124
350.203
351.268
352.312
353.343
354.349
355.343
356.308
357.26
358.182
359.088
359.966
360.826
361.659
362.471
363.261
364.025
364.775
365.493
366.205
366.881
367.558
471.45
471.338
471.189
470.999
470.827
470.674
470.523
470.364
470.183
469.989
469.796
469.612
469.417
469.191
468.942
468.7
468.485
468.28
468.045
467.76
467.449
467.157
466.902
466.664
466.381
466.018
465.566
465.074
464.601
464.201
463.874
463.588
463.268
462.842
462.239
461.427
460.392
459.158
457.756
456.236
454.635
452.996
451.344
449.704
448.083
446.497
444.941
443.424
441.942
440.501
439.096
437.733
436.408
435.126
433.883
432.685
431.526
430.412
429.338
428.309
427.317
426.367
425.455
424.584
423.75
422.959
422.206
421.495
420.821
420.187
419.586
419.018
418.48
417.968
417.478
417.009
416.558
416.119
415.694
415.281
414.878
414.485
414.104
413.732
413.371
413.018
412.675
412.339
412.011
411.69
411.376
411.066
410.762
410.464
410.168
409.877
409.589
409.305
409.021
408.743
408.466
408.19
407.916
407.647
407.375
407.107
406.839
406.573
406.305
406.038
405.772
405.502
405.236
404.967
404.692
404.411
404.127
403.836
403.54
403.24
402.94
402.634
402.322
402.011
401.706
401.416
401.138
400.861
400.534
400.075
399.22
397.462
393.621
385.579
370.713
352.337
333.531
317.947
306.929
299.419
293.926
289.579
286.041
283.225
281.13
279.759
279.062
278.83
278.767
278.751
369.804
373.259
376.476
379.346
381.822
383.878
385.544
386.876
387.934
388.768
389.422
389.93
390.319
390.614
390.835
390.999
391.12
391.208
391.272
391.319
391.355
391.383
391.409
391.433
391.458
391.484
391.512
391.541
391.572
391.603
391.634
391.665
391.694
391.721
391.746
391.767
391.786
391.802
391.814
391.823
391.828
391.83
391.83
391.83
391.828
391.822
391.81
391.787
391.756
391.724
391.697
391.679
391.667
391.65
391.612
391.539
391.435
391.311
391.181
391.055
390.932
390.799
390.633
390.412
390.124
389.772
389.372
388.955
388.557
388.212
387.946
387.775
387.696
387.683
387.715
387.856
388.119
388.393
388.647
388.867
389.044
389.18
389.28
389.354
389.409
389.45
389.485
389.517
389.547
389.573
389.598
389.62
389.641
389.661
389.678
389.692
389.703
389.71
389.714
389.714
389.712
389.703
389.684
389.659
389.629
389.595
389.558
389.516
389.473
389.428
389.383
389.336
389.29
389.243
389.193
389.144
389.092
389.037
388.982
388.928
388.87
388.816
388.764
388.712
388.656
388.605
388.554
388.496
388.439
388.379
388.305
388.218
388.126
388.016
387.892
387.778
387.681
387.591
387.509
387.413
387.227
386.859
386.098
384.457
381.056
373.236
348.432
312.043
290.315
281.581
)
;

boundaryField
{
    inlet
    {
        type            zeroGradient;
    }
    outlet
    {
        type            zeroGradient;
    }
    bottom
    {
        type            symmetryPlane;
    }
    top
    {
        type            symmetryPlane;
    }
    obstacle
    {
        type            zeroGradient;
    }
    defaultFaces
    {
        type            empty;
    }
}


// ************************************************************************* //
