/*--------------------------------*- C++ -*----------------------------------*\
| =========                 |                                                 |
| \\      /  F ield         | OpenFOAM: The Open Source CFD Toolbox           |
|  \\    /   O peration     | Version:  5.x                                   |
|   \\  /    A nd           | Web:      www.OpenFOAM.org                      |
|    \\/     M anipulation  |                                                 |
\*---------------------------------------------------------------------------*/
/*   Windows 32 and 64 bit porting by blueCAPE: http://www.bluecape.com.pt   *\
|  Based on Windows porting (2.0.x v4) by Symscape: http://www.symscape.com   |
\*---------------------------------------------------------------------------*/
FoamFile
{
    version     2.0;
    format      ascii;
    class       volVectorField;
    location    "0.009";
    object      U;
}
// * * * * * * * * * * * * * * * * * * * * * * * * * * * * * * * * * * * * * //

dimensions      [0 1 -1 0 0 0 0];

internalField   nonuniform List<vector> 
1000
(
(-4.31784e-013 2.5856e-012 0)
(-1.86717e-013 2.57466e-012 0)
(-3.676e-013 2.5061e-012 0)
(-5.83492e-014 2.50902e-012 0)
(2.04222e-013 2.54403e-012 0)
(-1.75048e-014 2.5185e-012 0)
(8.34394e-013 2.53892e-012 0)
(7.76044e-013 2.48495e-012 0)
(1.237e-012 2.53236e-012 0)
(1.3362e-012 2.55059e-012 0)
(2.25811e-012 2.50172e-012 0)
(3.43093e-012 2.51485e-012 0)
(7.1011e-012 2.5856e-012 0)
(1.44939e-011 2.50829e-012 0)
(3.068e-011 2.53454e-012 0)
(6.72124e-011 2.4988e-012 0)
(1.45535e-010 2.53892e-012 0)
(3.19579e-010 2.4937e-012 0)
(6.96538e-010 2.51412e-012 0)
(1.50809e-009 2.4937e-012 0)
(3.23793e-009 2.54621e-012 0)
(6.89085e-009 2.43608e-012 0)
(1.45346e-008 2.49443e-012 0)
(3.03775e-008 2.39961e-012 0)
(6.29059e-008 2.42003e-012 0)
(1.29048e-007 2.31282e-012 0)
(2.62222e-007 2.34856e-012 0)
(5.27686e-007 2.28145e-012 0)
(1.05147e-006 2.26541e-012 0)
(2.07425e-006 2.17059e-012 0)
(4.05029e-006 2.17788e-012 0)
(7.82691e-006 2.07577e-012 0)
(1.49654e-005 2.03566e-012 0)
(2.83068e-005 1.98606e-012 0)
(5.29542e-005 1.96418e-012 0)
(9.79533e-005 1.87082e-012 0)
(0.000179119 1.81174e-012 0)
(0.000323711 1.76798e-012 0)
(0.00057803 1.70671e-012 0)
(0.00101952 1.64836e-012 0)
(0.00177568 1.59804e-012 0)
(0.00305291 1.55282e-012 0)
(0.00517964 1.4879e-012 0)
(0.0086689 1.46092e-012 0)
(0.0143067 1.3836e-012 0)
(0.023273 1.30629e-012 0)
(0.0373004 1.23262e-012 0)
(0.0588746 1.1852e-012 0)
(0.0914727 1.16768e-012 0)
(0.139828 1.07071e-012 0)
(0.210195 1.03417e-012 0)
(0.310574 9.21198e-013 0)
(0.450838 8.48172e-013 0)
(0.642697 8.10081e-013 0)
(0.89942 7.76359e-013 0)
(1.2353 6.70978e-013 0)
(1.66481 6.87233e-013 0)
(2.20156 6.05764e-013 0)
(2.85714 5.86811e-013 0)
(3.63999 5.62032e-013 0)
(4.55454 5.39383e-013 0)
(5.60068 5.66335e-013 0)
(6.77368 4.94987e-013 0)
(8.06491 5.26315e-013 0)
(9.46328 4.85481e-013 0)
(10.9568 4.9147e-013 0)
(12.5337 5.36256e-013 0)
(14.1829 4.98458e-013 0)
(15.8945 5.43235e-013 0)
(17.6598 4.77998e-013 0)
(19.4715 4.65961e-013 0)
(21.3233 4.7005e-013 0)
(23.2099 4.63051e-013 0)
(25.127 4.79527e-013 0)
(27.0709 4.69299e-013 0)
(29.0384 4.17515e-013 0)
(31.0273 4.5576e-013 0)
(33.0351 4.3602e-013 0)
(35.0603 4.70374e-013 0)
(37.1013 4.37175e-013 0)
(39.1567 3.8024e-013 0)
(41.2254 4.24661e-013 0)
(43.3065 4.04689e-013 0)
(45.3991 4.19363e-013 0)
(47.5024 4.54192e-013 0)
(49.6158 4.49077e-013 0)
(51.7385 4.97396e-013 0)
(53.8701 4.901e-013 0)
(56.01 4.93344e-013 0)
(58.1578 5.1617e-013 0)
(60.3128 5.02229e-013 0)
(62.4749 5.19935e-013 0)
(64.6434 5.47923e-013 0)
(66.8181 5.54379e-013 0)
(68.9985 5.66292e-013 0)
(71.1844 5.472e-013 0)
(73.3753 5.33743e-013 0)
(75.5711 5.40089e-013 0)
(77.7713 5.34025e-013 0)
(79.9757 5.39404e-013 0)
(82.184 5.3198e-013 0)
(84.3959 5.19419e-013 0)
(86.6113 5.14114e-013 0)
(88.8299 5.12543e-013 0)
(91.0514 5.25079e-013 0)
(93.2756 5.37204e-013 0)
(95.5024 5.46702e-013 0)
(97.7316 5.4379e-013 0)
(99.9629 5.37461e-013 0)
(102.196 5.36144e-013 0)
(104.431 5.42951e-013 0)
(106.668 5.46355e-013 0)
(108.907 5.44079e-013 0)
(111.146 5.46258e-013 0)
(113.388 5.55822e-013 0)
(115.63 5.71148e-013 0)
(117.873 5.99208e-013 0)
(120.117 6.16377e-013 0)
(122.362 6.31074e-013 0)
(124.608 6.53856e-013 0)
(126.854 6.74381e-013 0)
(129.101 6.9909e-013 0)
(131.348 7.25838e-013 0)
(133.596 7.55861e-013 0)
(135.843 7.78501e-013 0)
(138.091 7.85386e-013 0)
(140.339 7.87817e-013 0)
(142.587 7.85026e-013 0)
(144.835 7.83978e-013 0)
(147.083 7.90206e-013 0)
(149.33 7.98892e-013 0)
(151.577 8.01962e-013 0)
(153.824 8.07612e-013 0)
(156.07 8.12804e-013 0)
(158.316 8.17893e-013 0)
(160.56 8.20616e-013 0)
(162.805 8.30124e-013 0)
(165.048 8.42992e-013 0)
(167.291 8.46544e-013 0)
(169.531 8.50647e-013 0)
(171.772 8.53179e-013 0)
(174.01 8.55076e-013 0)
(176.248 8.55512e-013 0)
(178.485 8.51343e-013 0)
(180.719 8.45185e-013 0)
(182.953 8.37782e-013 0)
(185.184 8.39989e-013 0)
(187.413 8.43416e-013 0)
(189.642 8.52706e-013 0)
(191.866 8.64842e-013 0)
(194.09 8.78682e-013 0)
(196.311 9.03062e-013 0)
(198.528 9.26957e-013 0)
(200.744 9.49242e-013 0)
(202.956 9.79131e-013 0)
(205.165 1.01441e-012 0)
(207.371 1.04817e-012 0)
(209.573 1.07681e-012 0)
(211.771 1.10443e-012 0)
(213.965 1.13051e-012 0)
(216.154 1.16297e-012 0)
(218.339 1.19236e-012 0)
(220.518 1.2191e-012 0)
(222.692 1.24584e-012 0)
(224.86 1.27052e-012 0)
(227.021 1.2896e-012 0)
(229.175 1.30147e-012 0)
(231.322 1.32471e-012 0)
(233.461 1.34138e-012 0)
(235.591 1.36143e-012 0)
(237.711 1.38099e-012 0)
(239.821 1.396e-012 0)
(241.92 1.40854e-012 0)
(244.006 1.41588e-012 0)
(246.08 1.42514e-012 0)
(248.139 1.43521e-012 0)
(250.182 1.44025e-012 0)
(252.209 1.44711e-012 0)
(254.216 1.45655e-012 0)
(256.204 1.46382e-012 0)
(258.17 1.47107e-012 0)
(260.111 1.47964e-012 0)
(262.026 1.48692e-012 0)
(263.913 1.49207e-012 0)
(265.768 1.49695e-012 0)
(267.589 1.49835e-012 0)
(269.373 1.50619e-012 0)
(271.116 1.50894e-012 0)
(272.816 1.50266e-012 0)
(274.467 1.49313e-012 0)
(276.067 1.48311e-012 0)
(277.611 1.47053e-012 0)
(279.095 1.45412e-012 0)
(280.515 1.43907e-012 0)
(281.866 1.42308e-012 0)
(283.145 1.40593e-012 0)
(284.347 1.39108e-012 0)
(285.47 1.37942e-012 0)
(286.509 1.36827e-012 0)
(287.463 1.35595e-012 0)
(288.331 1.34022e-012 0)
(289.111 1.32535e-012 0)
(289.805 1.31771e-012 0)
(290.414 1.31377e-012 0)
(290.942 1.31364e-012 0)
(291.392 1.31135e-012 0)
(291.77 1.30724e-012 0)
(292.082 1.30432e-012 0)
(292.335 1.29825e-012 0)
(292.536 1.28538e-012 0)
(292.692 1.26661e-012 0)
(292.811 1.24626e-012 0)
(292.9 1.22286e-012 0)
(292.965 1.20177e-012 0)
(293.011 1.1747e-012 0)
(293.044 1.14972e-012 0)
(293.067 1.11739e-012 0)
(293.083 1.08229e-012 0)
(293.096 1.04701e-012 0)
(293.105 1.01136e-012 0)
(293.112 9.78922e-013 0)
(293.12 9.44253e-013 0)
(293.127 8.99856e-013 0)
(293.135 9.26344e-013 0)
(293.143 5.57317e-013 0)
(293.151 1.09688e-012 0)
(293.159 4.4767e-013 0)
(293.166 -2.77225e-012 0)
(293.174 7.81007e-012 0)
(293.181 1.00147e-012 0)
(293.187 6.58066e-011 0)
(293.192 -2.40334e-011 0)
(293.197 -3.48898e-011 0)
(293.201 -2.4277e-011 0)
(293.204 -1.39604e-011 0)
(293.207 -7.06478e-012 0)
(293.209 -1.60509e-012 0)
(293.211 -1.00295e-012 0)
(293.213 -2.12062e-012 0)
(293.214 6.40645e-013 0)
(293.215 1.8757e-012 0)
(293.216 6.41024e-012 0)
(293.217 1.06218e-011 0)
(293.218 1.25779e-011 0)
(293.219 3.41667e-011 0)
(293.22 7.67256e-011 0)
(293.22 2.184e-010 0)
(293.221 5.69079e-010 0)
(293.222 1.40177e-009 0)
(293.223 3.24867e-009 0)
(293.224 7.05347e-009 0)
(293.225 1.44045e-008 0)
(293.226 2.77431e-008 0)
(293.227 5.0505e-008 0)
(293.229 8.69544e-008 0)
(293.23 1.42412e-007 0)
(293.231 2.22162e-007 0)
(293.233 3.3296e-007 0)
(293.234 4.85088e-007 0)
(293.235 7.01046e-007 0)
(293.236 1.03687e-006 0)
(293.237 1.62424e-006 0)
(293.238 2.7509e-006 0)
(293.238 4.99438e-006 0)
(293.238 9.46992e-006 0)
(293.238 1.87205e-005 0)
(293.238 3.56412e-005 0)
(293.237 6.03735e-005 0)
(293.236 9.44625e-005 0)
(293.235 0.000141517 0)
(293.233 0.00020911 0)
(293.229 0.000309803 0)
(293.222 0.000471121 0)
(293.211 0.000734731 0)
(293.194 0.0011566 0)
(293.169 0.00181594 0)
(293.133 0.00281984 0)
(293.083 0.00430201 0)
(293.016 0.00641573 0)
(292.93 0.00933558 0)
(292.824 0.013245 0)
(292.698 0.0183236 0)
(292.554 0.0247298 0)
(292.396 0.0325839 0)
(292.23 0.0419572 0)
(292.062 0.0528655 0)
(291.899 0.0652824 0)
(291.746 0.0791685 0)
(291.609 0.0945659 0)
(291.487 0.111486 0)
(291.38 0.129801 0)
(291.287 0.149537 0)
(291.211 0.170883 0)
(291.152 0.194442 0)
(291.115 0.221455 0)
(291.108 0.253457 0)
(291.162 0.291084 0)
(291.254 0.337961 0)
(291.575 0.397303 0)
(291.828 0.468983 0)
(-1.54709e-012 2.57372e-012 0)
(-1.31369e-012 2.55392e-012 0)
(-1.4604e-012 2.52662e-012 0)
(-3.86772e-013 2.52433e-012 0)
(-6.20169e-013 2.52277e-012 0)
(1.20033e-013 2.50235e-012 0)
(3.73435e-013 2.52662e-012 0)
(4.86799e-013 2.49787e-012 0)
(1.1203e-012 2.51495e-012 0)
(1.36037e-012 2.49089e-012 0)
(2.64739e-012 2.52204e-012 0)
(4.12112e-012 2.50766e-012 0)
(7.03525e-012 2.53371e-012 0)
(1.40305e-011 2.50485e-012 0)
(3.01815e-011 2.52131e-012 0)
(6.64114e-011 2.48911e-012 0)
(1.45193e-010 2.50099e-012 0)
(3.19334e-010 2.48547e-012 0)
(6.95783e-010 2.4938e-012 0)
(1.50832e-009 2.45681e-012 0)
(3.23721e-009 2.50568e-012 0)
(6.88987e-009 2.44087e-012 0)
(1.45327e-008 2.46796e-012 0)
(3.03753e-008 2.40555e-012 0)
(6.29034e-008 2.41461e-012 0)
(1.29045e-007 2.33761e-012 0)
(2.62219e-007 2.33689e-012 0)
(5.27682e-007 2.26833e-012 0)
(1.05147e-006 2.26603e-012 0)
(2.07425e-006 2.18789e-012 0)
(4.05028e-006 2.16528e-012 0)
(7.82691e-006 2.0839e-012 0)
(1.49654e-005 2.0442e-012 0)
(2.83068e-005 1.97439e-012 0)
(5.29542e-005 1.92354e-012 0)
(9.79533e-005 1.8628e-012 0)
(0.000179119 1.78101e-012 0)
(0.000323711 1.73391e-012 0)
(0.00057803 1.68963e-012 0)
(0.00101952 1.63315e-012 0)
(0.00177568 1.59491e-012 0)
(0.00305291 1.53062e-012 0)
(0.00517964 1.48884e-012 0)
(0.0086689 1.43904e-012 0)
(0.0143067 1.39861e-012 0)
(0.023273 1.32254e-012 0)
(0.0373004 1.27284e-012 0)
(0.0588746 1.19261e-012 0)
(0.0914727 1.16466e-012 0)
(0.139828 1.07487e-012 0)
(0.210195 1.04427e-012 0)
(0.310574 9.26831e-013 0)
(0.450838 8.90604e-013 0)
(0.642697 7.90189e-013 0)
(0.89942 7.70856e-013 0)
(1.2353 6.77146e-013 0)
(1.66481 6.79693e-013 0)
(2.20156 6.00115e-013 0)
(2.85714 5.83664e-013 0)
(3.63999 5.60096e-013 0)
(4.55454 5.35e-013 0)
(5.60068 5.40809e-013 0)
(6.77368 5.14112e-013 0)
(8.06491 5.3393e-013 0)
(9.46328 5.0227e-013 0)
(10.9568 4.84633e-013 0)
(12.5337 5.07454e-013 0)
(14.1829 4.87667e-013 0)
(15.8945 5.17379e-013 0)
(17.6598 4.76086e-013 0)
(19.4715 4.74658e-013 0)
(21.3233 4.68275e-013 0)
(23.2099 4.53176e-013 0)
(25.127 4.75305e-013 0)
(27.0709 4.53677e-013 0)
(29.0384 4.16773e-013 0)
(31.0273 4.48371e-013 0)
(33.0351 4.44067e-013 0)
(35.0603 4.5821e-013 0)
(37.1013 4.32108e-013 0)
(39.1567 3.99591e-013 0)
(41.2254 4.55188e-013 0)
(43.3065 4.32145e-013 0)
(45.3991 4.3356e-013 0)
(47.5024 4.52724e-013 0)
(49.6158 4.45255e-013 0)
(51.7385 5.0161e-013 0)
(53.8701 5.00734e-013 0)
(56.01 4.97854e-013 0)
(58.1578 5.21812e-013 0)
(60.3128 5.12005e-013 0)
(62.4749 5.2935e-013 0)
(64.6434 5.52883e-013 0)
(66.8181 5.55803e-013 0)
(68.9985 5.64127e-013 0)
(71.1844 5.45461e-013 0)
(73.3753 5.30242e-013 0)
(75.5711 5.34451e-013 0)
(77.7713 5.28845e-013 0)
(79.9757 5.36574e-013 0)
(82.184 5.3347e-013 0)
(84.3959 5.19212e-013 0)
(86.6113 5.11892e-013 0)
(88.8299 5.105e-013 0)
(91.0514 5.19308e-013 0)
(93.2756 5.30522e-013 0)
(95.5024 5.40095e-013 0)
(97.7316 5.40295e-013 0)
(99.9629 5.38019e-013 0)
(102.196 5.37272e-013 0)
(104.431 5.43833e-013 0)
(106.668 5.4712e-013 0)
(108.907 5.47908e-013 0)
(111.146 5.51255e-013 0)
(113.388 5.61701e-013 0)
(115.63 5.77208e-013 0)
(117.873 6.0278e-013 0)
(120.117 6.18881e-013 0)
(122.362 6.3272e-013 0)
(124.608 6.5318e-013 0)
(126.854 6.72228e-013 0)
(129.101 6.95353e-013 0)
(131.348 7.22574e-013 0)
(133.596 7.50842e-013 0)
(135.843 7.74385e-013 0)
(138.091 7.81826e-013 0)
(140.339 7.85675e-013 0)
(142.587 7.82458e-013 0)
(144.835 7.83102e-013 0)
(147.083 7.90999e-013 0)
(149.33 7.99219e-013 0)
(151.577 8.0411e-013 0)
(153.824 8.09044e-013 0)
(156.07 8.1443e-013 0)
(158.316 8.18794e-013 0)
(160.56 8.21757e-013 0)
(162.805 8.32606e-013 0)
(165.048 8.45058e-013 0)
(167.291 8.47892e-013 0)
(169.531 8.51242e-013 0)
(171.772 8.53403e-013 0)
(174.01 8.54785e-013 0)
(176.248 8.52675e-013 0)
(178.485 8.50081e-013 0)
(180.719 8.42289e-013 0)
(182.953 8.35093e-013 0)
(185.184 8.35768e-013 0)
(187.413 8.39186e-013 0)
(189.642 8.49423e-013 0)
(191.866 8.59801e-013 0)
(194.09 8.73912e-013 0)
(196.311 8.99167e-013 0)
(198.528 9.24785e-013 0)
(200.744 9.47349e-013 0)
(202.956 9.75813e-013 0)
(205.165 1.00986e-012 0)
(207.371 1.04412e-012 0)
(209.573 1.07253e-012 0)
(211.771 1.10029e-012 0)
(213.965 1.12864e-012 0)
(216.154 1.1628e-012 0)
(218.339 1.191e-012 0)
(220.518 1.2181e-012 0)
(222.692 1.24432e-012 0)
(224.86 1.26719e-012 0)
(227.021 1.28567e-012 0)
(229.175 1.2979e-012 0)
(231.322 1.32038e-012 0)
(233.461 1.33562e-012 0)
(235.591 1.35379e-012 0)
(237.711 1.37174e-012 0)
(239.821 1.38677e-012 0)
(241.92 1.39959e-012 0)
(244.006 1.40671e-012 0)
(246.08 1.41493e-012 0)
(248.139 1.42379e-012 0)
(250.182 1.42827e-012 0)
(252.209 1.43556e-012 0)
(254.216 1.44515e-012 0)
(256.204 1.45248e-012 0)
(258.17 1.45993e-012 0)
(260.111 1.46968e-012 0)
(262.026 1.47698e-012 0)
(263.913 1.48113e-012 0)
(265.768 1.48557e-012 0)
(267.589 1.48852e-012 0)
(269.373 1.49486e-012 0)
(271.116 1.49694e-012 0)
(272.816 1.49006e-012 0)
(274.467 1.48016e-012 0)
(276.067 1.47086e-012 0)
(277.611 1.45776e-012 0)
(279.095 1.44108e-012 0)
(280.515 1.42502e-012 0)
(281.866 1.40909e-012 0)
(283.145 1.39214e-012 0)
(284.347 1.37694e-012 0)
(285.47 1.36617e-012 0)
(286.509 1.35527e-012 0)
(287.463 1.34242e-012 0)
(288.331 1.32719e-012 0)
(289.111 1.3132e-012 0)
(289.805 1.3055e-012 0)
(290.414 1.3029e-012 0)
(290.942 1.30372e-012 0)
(291.392 1.30268e-012 0)
(291.77 1.29938e-012 0)
(292.082 1.29792e-012 0)
(292.335 1.29136e-012 0)
(292.536 1.28005e-012 0)
(292.692 1.26175e-012 0)
(292.811 1.24125e-012 0)
(292.9 1.21948e-012 0)
(292.965 1.19897e-012 0)
(293.011 1.17144e-012 0)
(293.044 1.14648e-012 0)
(293.067 1.11344e-012 0)
(293.083 1.07923e-012 0)
(293.096 1.04427e-012 0)
(293.105 1.00884e-012 0)
(293.112 9.7614e-013 0)
(293.12 9.422e-013 0)
(293.127 8.98141e-013 0)
(293.135 9.23623e-013 0)
(293.143 5.54833e-013 0)
(293.151 1.09456e-012 0)
(293.159 4.46354e-013 0)
(293.166 -2.7732e-012 0)
(293.174 7.80895e-012 0)
(293.181 9.99939e-013 0)
(293.187 6.58052e-011 0)
(293.192 -2.40339e-011 0)
(293.197 -3.48899e-011 0)
(293.201 -2.42765e-011 0)
(293.204 -1.39591e-011 0)
(293.207 -7.06282e-012 0)
(293.209 -1.60251e-012 0)
(293.211 -9.99319e-013 0)
(293.213 -2.11823e-012 0)
(293.214 6.43232e-013 0)
(293.215 1.87748e-012 0)
(293.216 6.41261e-012 0)
(293.217 1.06237e-011 0)
(293.218 1.25794e-011 0)
(293.219 3.41678e-011 0)
(293.22 7.67272e-011 0)
(293.22 2.18402e-010 0)
(293.221 5.69081e-010 0)
(293.222 1.40177e-009 0)
(293.223 3.24868e-009 0)
(293.224 7.05348e-009 0)
(293.225 1.44045e-008 0)
(293.226 2.77431e-008 0)
(293.227 5.0505e-008 0)
(293.229 8.69545e-008 0)
(293.23 1.42412e-007 0)
(293.231 2.22162e-007 0)
(293.233 3.3296e-007 0)
(293.234 4.85088e-007 0)
(293.235 7.01046e-007 0)
(293.236 1.03687e-006 0)
(293.237 1.62424e-006 0)
(293.238 2.7509e-006 0)
(293.239 4.99438e-006 0)
(293.239 9.46992e-006 0)
(293.239 1.87205e-005 0)
(293.239 3.56412e-005 0)
(293.239 6.03735e-005 0)
(293.239 9.44626e-005 0)
(293.24 0.000141517 0)
(293.239 0.00020911 0)
(293.239 0.000309803 0)
(293.239 0.000471121 0)
(293.238 0.000734733 0)
(293.237 0.00115661 0)
(293.236 0.00181595 0)
(293.233 0.00281987 0)
(293.227 0.00430206 0)
(293.217 0.00641582 0)
(293.203 0.00933575 0)
(293.183 0.0132453 0)
(293.157 0.018324 0)
(293.123 0.0247303 0)
(293.084 0.0325844 0)
(293.04 0.0419575 0)
(292.993 0.0528652 0)
(292.949 0.0652811 0)
(292.915 0.079166 0)
(292.898 0.0945619 0)
(292.892 0.111479 0)
(292.896 0.12979 0)
(292.922 0.149519 0)
(292.993 0.170858 0)
(293.148 0.194409 0)
(293.424 0.221406 0)
(293.796 0.253377 0)
(294.36 0.290933 0)
(295.162 0.337647 0)
(296.22 0.396463 0)
(298.47 0.467613 0)
(298.696 0.467927 0)
(299.046 0.467989 0)
(299.471 0.467991 0)
(299.731 0.467944 0)
(299.918 0.467858 0)
(300.057 0.467743 0)
(300.168 0.46761 0)
(300.265 0.467465 0)
(300.361 0.467315 0)
(300.462 0.467166 0)
(300.57 0.46702 0)
(300.686 0.46688 0)
(300.809 0.466749 0)
(300.936 0.466627 0)
(301.066 0.466516 0)
(301.198 0.466417 0)
(301.331 0.46633 0)
(301.464 0.466256 0)
(301.596 0.466193 0)
(301.728 0.466144 0)
(301.86 0.466107 0)
(301.99 0.466081 0)
(302.119 0.466068 0)
(302.248 0.466065 0)
(302.375 0.466073 0)
(302.502 0.466089 0)
(302.627 0.466114 0)
(302.751 0.466146 0)
(302.875 0.466184 0)
(302.996 0.466226 0)
(303.117 0.466272 0)
(303.236 0.466319 0)
(303.354 0.466367 0)
(303.471 0.466414 0)
(303.587 0.466459 0)
(303.701 0.4665 0)
(303.813 0.466535 0)
(303.925 0.466565 0)
(304.034 0.466586 0)
(304.142 0.466597 0)
(304.249 0.466598 0)
(304.354 0.466587 0)
(304.458 0.466562 0)
(304.56 0.466522 0)
(304.661 0.466466 0)
(304.759 0.466392 0)
(304.857 0.4663 0)
(304.952 0.466188 0)
(305.046 0.466056 0)
(305.139 0.465901 0)
(305.229 0.465724 0)
(305.319 0.465524 0)
(305.406 0.4653 0)
(305.492 0.465051 0)
(305.577 0.464777 0)
(305.66 0.464478 0)
(305.741 0.464152 0)
(305.821 0.463801 0)
(305.9 0.463423 0)
(305.977 0.463019 0)
(306.053 0.462589 0)
(306.128 0.462133 0)
(306.202 0.46165 0)
(306.274 0.46114 0)
(306.346 0.460605 0)
(306.416 0.460044 0)
(306.485 0.459457 0)
(306.553 0.458845 0)
(306.621 0.458207 0)
(306.687 0.457545 0)
(306.752 0.456857 0)
(306.817 0.456145 0)
(306.881 0.455409 0)
(306.944 0.454648 0)
(307.006 0.453864 0)
(307.068 0.453057 0)
(307.128 0.452226 0)
(307.188 0.451373 0)
(307.247 0.450497 0)
(307.306 0.449599 0)
(307.364 0.448679 0)
(307.421 0.447737 0)
(307.477 0.446775 0)
(307.533 0.445791 0)
(307.588 0.444788 0)
(307.642 0.443765 0)
(307.696 0.442722 0)
(307.748 0.441661 0)
(307.801 0.440582 0)
(307.852 0.439485 0)
(307.903 0.438371 0)
(307.953 0.43724 0)
(308.002 0.436094 0)
(308.051 0.434933 0)
(308.098 0.433757 0)
(308.146 0.432567 0)
(308.192 0.431364 0)
(308.238 0.43015 0)
(308.284 0.428923 0)
(308.327 0.427686 0)
(190.972 -28.282 0)
(191.252 -28.2773 0)
(191.899 -28.2745 0)
(192.664 -28.2768 0)
(193.296 -28.2843 0)
(193.834 -28.2961 0)
(194.35 -28.3115 0)
(194.875 -28.3303 0)
(195.411 -28.3526 0)
(195.95 -28.3784 0)
(196.488 -28.4078 0)
(197.026 -28.4411 0)
(197.564 -28.4787 0)
(198.101 -28.521 0)
(198.639 -28.5686 0)
(199.177 -28.622 0)
(199.716 -28.6817 0)
(200.255 -28.7485 0)
(200.796 -28.8229 0)
(201.338 -28.9057 0)
(201.882 -28.9972 0)
(202.428 -29.0977 0)
(202.977 -29.2077 0)
(203.528 -29.3275 0)
(204.083 -29.4575 0)
(204.642 -29.5977 0)
(205.205 -29.748 0)
(205.773 -29.9075 0)
(206.346 -30.0755 0)
(206.925 -30.251 0)
(207.51 -30.433 0)
(208.102 -30.6209 0)
(208.7 -30.8141 0)
(209.305 -31.0118 0)
(209.918 -31.2133 0)
(210.539 -31.4177 0)
(211.169 -31.6239 0)
(211.808 -31.8309 0)
(212.456 -32.0377 0)
(213.114 -32.2435 0)
(213.783 -32.4476 0)
(214.462 -32.6496 0)
(215.152 -32.8495 0)
(215.853 -33.0472 0)
(216.565 -33.243 0)
(217.289 -33.4372 0)
(218.024 -33.6303 0)
(218.772 -33.8223 0)
(219.531 -34.0137 0)
(220.303 -34.2045 0)
(221.088 -34.3946 0)
(221.886 -34.5839 0)
(222.697 -34.7719 0)
(223.522 -34.958 0)
(224.361 -35.1415 0)
(225.213 -35.3213 0)
(226.079 -35.4964 0)
(226.959 -35.6654 0)
(227.853 -35.8269 0)
(228.76 -35.9793 0)
(229.68 -36.1207 0)
(230.612 -36.2495 0)
(231.557 -36.3637 0)
(232.513 -36.4614 0)
(233.48 -36.5407 0)
(234.457 -36.5996 0)
(235.442 -36.6366 0)
(236.434 -36.6498 0)
(237.432 -36.6379 0)
(238.435 -36.5996 0)
(239.442 -36.5341 0)
(240.451 -36.4406 0)
(241.46 -36.319 0)
(242.469 -36.1692 0)
(243.476 -35.9917 0)
(244.479 -35.7872 0)
(245.477 -35.5571 0)
(246.468 -35.3028 0)
(247.452 -35.026 0)
(248.425 -34.7287 0)
(249.388 -34.4134 0)
(250.337 -34.0822 0)
(251.273 -33.7378 0)
(252.193 -33.3825 0)
(253.097 -33.0191 0)
(253.985 -32.6498 0)
(254.854 -32.2771 0)
(255.704 -31.903 0)
(256.536 -31.5297 0)
(257.349 -31.1588 0)
(258.141 -30.7919 0)
(258.914 -30.4305 0)
(259.667 -30.0756 0)
(260.4 -29.7283 0)
(261.113 -29.3892 0)
(261.806 -29.0588 0)
(262.48 -28.7378 0)
(263.133 -28.4261 0)
(263.767 -28.1241 0)
(264.382 -27.8318 0)
(264.977 -27.549 0)
(265.554 -27.2757 0)
(266.111 -27.0116 0)
(266.649 -26.7565 0)
(267.168 -26.5102 0)
(267.667 -26.2723 0)
(268.147 -26.0425 0)
(268.608 -25.8204 0)
(269.049 -25.6059 0)
(269.47 -25.3984 0)
(269.87 -25.1977 0)
(270.25 -25.0033 0)
(270.608 -24.8151 0)
(270.945 -24.6326 0)
(271.259 -24.4556 0)
(271.551 -24.2836 0)
(271.82 -24.1164 0)
(272.068 -23.9536 0)
(272.294 -23.795 0)
(272.5 -23.6402 0)
(272.686 -23.4889 0)
(272.855 -23.3409 0)
(273.01 -23.196 0)
(273.157 -23.054 0)
(273.306 -22.9146 0)
(273.467 -22.7778 0)
(273.651 -22.6436 0)
(273.849 -22.5121 0)
(273.99 -22.3832 0)
(273.867 -22.256 0)
(272.991 -22.1276 0)
(270.33 -21.9894 0)
(263.587 -21.8236 0)
(248.05 -21.5871 0)
(218.355 -21.1846 0)
(174.685 -20.4798 0)
(126.123 -19.3867 0)
(85.0585 -17.9435 0)
(57.1391 -16.2735 0)
(39.7149 -14.4755 0)
(28.2638 -12.6032 0)
(19.9272 -10.6836 0)
(13.4581 -8.7318 0)
(8.42304 -6.76709 0)
(4.68589 -4.8202 0)
(2.18762 -2.97634 0)
(0.813567 -1.43363 0)
(0.247321 -0.526949 0)
(0.0669048 -0.153881 0)
(0.0138146 -0.0353807 0)
(308.464 0.884662 0)
(308.459 1.33986 0)
(308.379 1.78962 0)
(308.204 2.23006 0)
(307.979 2.65933 0)
(307.762 3.07655 0)
(307.562 3.48085 0)
(307.377 3.87139 0)
(307.198 4.24747 0)
(307.022 4.60853 0)
(306.844 4.95414 0)
(306.665 5.28394 0)
(306.485 5.59761 0)
(306.302 5.89485 0)
(306.119 6.17538 0)
(305.935 6.43892 0)
(305.75 6.68516 0)
(305.564 6.91381 0)
(305.378 7.12452 0)
(305.191 7.31691 0)
(305.003 7.49058 0)
(304.815 7.64506 0)
(304.625 7.77986 0)
(304.434 7.89439 0)
(304.242 7.98805 0)
(304.048 8.06012 0)
(303.853 8.10984 0)
(303.656 8.13637 0)
(303.458 8.13883 0)
(303.258 8.11624 0)
(303.058 8.06759 0)
(302.856 7.99182 0)
(302.653 7.88783 0)
(302.449 7.75447 0)
(302.244 7.59058 0)
(302.039 7.39497 0)
(301.833 7.16641 0)
(301.626 6.90367 0)
(301.419 6.60548 0)
(301.211 6.27058 0)
(301.003 5.89767 0)
(300.795 5.48544 0)
(300.585 5.03257 0)
(300.375 4.53772 0)
(300.164 3.99952 0)
(299.952 3.41663 0)
(299.74 2.78768 0)
(299.526 2.11135 0)
(299.311 1.38637 0)
(299.095 0.611518 0)
(298.878 -0.21438 0)
(298.659 -1.09241 0)
(298.439 -2.02352 0)
(298.218 -3.00845 0)
(297.995 -4.04764 0)
(297.771 -5.14101 0)
(297.545 -6.28798 0)
(297.317 -7.48737 0)
(297.088 -8.73738 0)
(296.857 -10.0355 0)
(296.625 -11.3784 0)
(296.39 -12.7619 0)
(296.154 -14.1804 0)
(295.915 -15.6275 0)
(295.675 -17.0952 0)
(295.433 -18.5743 0)
(295.189 -20.0546 0)
(294.943 -21.5251 0)
(294.696 -22.9741 0)
(294.446 -24.3897 0)
(294.194 -25.7599 0)
(293.941 -27.0732 0)
(293.688 -28.3182 0)
(293.438 -29.4845 0)
(293.192 -30.5624 0)
(292.938 -31.544 0)
(292.679 -32.4229 0)
(292.422 -33.1941 0)
(292.167 -33.8546 0)
(291.912 -34.4029 0)
(291.657 -34.8395 0)
(291.403 -35.167 0)
(291.149 -35.3892 0)
(290.897 -35.5117 0)
(290.645 -35.5414 0)
(290.395 -35.4861 0)
(290.146 -35.3543 0)
(289.898 -35.1549 0)
(289.651 -34.8973 0)
(289.406 -34.5903 0)
(289.162 -34.2429 0)
(288.92 -33.8632 0)
(288.678 -33.459 0)
(288.439 -33.0374 0)
(288.2 -32.6044 0)
(287.962 -32.1657 0)
(287.726 -31.7259 0)
(287.49 -31.2889 0)
(287.256 -30.8578 0)
(287.022 -30.4353 0)
(286.789 -30.0234 0)
(286.557 -29.6234 0)
(286.327 -29.2364 0)
(286.098 -28.863 0)
(285.87 -28.5036 0)
(285.643 -28.1582 0)
(285.416 -27.8267 0)
(285.19 -27.5089 0)
(284.965 -27.2043 0)
(284.739 -26.9124 0)
(284.514 -26.6328 0)
(284.289 -26.3648 0)
(284.065 -26.1079 0)
(283.841 -25.8614 0)
(283.618 -25.6247 0)
(283.396 -25.3971 0)
(283.174 -25.1782 0)
(282.953 -24.9673 0)
(282.732 -24.7639 0)
(282.512 -24.5673 0)
(282.292 -24.3772 0)
(282.072 -24.1931 0)
(281.851 -24.0145 0)
(281.631 -23.841 0)
(281.412 -23.6723 0)
(281.194 -23.5083 0)
(280.977 -23.3489 0)
(280.756 -23.1939 0)
(280.527 -23.0433 0)
(280.286 -22.8961 0)
(280.026 -22.7489 0)
(279.741 -22.5936 0)
(279.418 -22.4116 0)
(279.041 -22.1617 0)
(278.601 -21.7626 0)
(278.103 -21.1135 0)
(277.564 -20.153 0)
(276.996 -18.885 0)
(276.402 -17.3673 0)
(275.74 -15.6733 0)
(274.9 -13.863 0)
(273.659 -11.9769 0)
(271.558 -10.0407 0)
(267.737 -8.0735 0)
(259.663 -6.09557 0)
(239.032 -4.12547 0)
(186.62 -2.22048 0)
(102.922 -0.805608 0)
(37.3877 -0.194956 0)
(8.46114 -0.0381595 0)
)
;

boundaryField
{
    inlet
    {
        type            zeroGradient;
    }
    outlet
    {
        type            zeroGradient;
    }
    bottom
    {
        type            symmetryPlane;
    }
    top
    {
        type            symmetryPlane;
    }
    obstacle
    {
        type            zeroGradient;
    }
    defaultFaces
    {
        type            empty;
    }
}


// ************************************************************************* //
